date,ticker,close,hit_prob,target_label,t1_open_return,t1_high_return,t1_low_return,t1_close_return,gross_return,net_return,exit_reason,target_hit,stop_loss_hit,fold,test_month
2022-04-01,6291,73.53173065185547,0.7663577000130277,1,0.0942029282450676,0.09963767230510712,0.05434781312942505,0.09963767230510712,0.03,0.024,gap_take_profit,1,0,0,2022-04-01
2022-04-01,6220,18.46610450744629,0.7140822989183833,0,-0.0022422217298299074,-0.0022422217298299074,-0.017937272787094116,-0.013452897779643536,-0.013452897779643536,-0.019452897779643534,close,0,0,0,2022-04-01
2022-04-01,2597,65.31525421142578,0.7039893220401248,1,0.0035089876037091017,0.02456161007285118,-0.014034910127520561,0.02105279453098774,0.02105279453098774,0.01505279453098774,close,0,0,0,2022-04-01
2022-04-01,6763,56.30668258666992,0.6990250902261155,0,-0.0375375859439373,-0.012012097984552383,-0.06006013974547386,-0.049549609422683716,-0.0375375859439373,-0.0435375859439373,gap_stop,0,1,0,2022-04-01
2022-04-01,3444,41.15996551513672,0.6979918211798369,0,-0.005000015255063772,-0.0010000788606703281,-0.012000043876469135,-0.008000027388334274,-0.008000027388334274,-0.014000027388334274,close,0,0,0,2022-04-01
2022-04-01,8996,63.65884780883789,0.692513965187423,0,0.002958575263619423,0.04585789144039154,-0.025147954002022743,-0.01923077180981636,-0.02,-0.026000000000000002,ambiguous_stop_loss,1,1,0,2022-04-01
2022-04-01,4746,50.039493560791016,0.6887758446443892,1,0.008849626407027245,0.02123902179300785,6.866078194889269e-08,0.014159347862005234,0.014159347862005234,0.008159347862005234,close,0,0,0,2022-04-01
2022-04-01,6670,153.17010498046875,0.6874792835125413,1,1.0724511412263382e-07,0.004950603004544973,-0.00990088377147913,0.002475355053320527,0.002475355053320527,-0.003524644946679473,close,0,0,0,2022-04-01
2022-04-01,4416,77.84149169921875,0.6853708885269529,0,0.004975068848580122,0.004975068848580122,0.0,0.0,0.0,-0.006,close,0,0,0,2022-04-01
2022-04-01,5443,27.426368713378906,0.6844175149375565,0,0.0,0.0031249523162841797,-0.0015624761581420898,0.0,0.0,-0.006,close,0,0,0,2022-04-01
2022-04-01,2540,32.41634750366211,0.6806060522968367,1,-4.3359715817814504e-08,0.032128483057022095,-4.3359715817814504e-08,0.00803200714290142,0.03,0.024,take_profit,1,0,0,2022-04-01
2022-04-01,2317,89.18489837646484,0.6790732019701514,1,5.906734656946355e-08,0.004784748423844576,-0.0047846301458776,0.004784748423844576,0.004784748423844576,-0.0012152515761554242,close,0,0,0,2022-04-01
2022-04-01,2382,68.75965118408203,0.6785943566490792,1,-0.0046243141405284405,0.0069363792426884174,-0.008092469535768032,0.005780327599495649,0.005780327599495649,-0.0002196724005043508,close,0,0,0,2022-04-01
2022-04-01,9940,28.868860244750977,0.6782161350616749,0,-0.0027248580008745193,0.0,-0.01226160116493702,0.0,0.0,-0.006,close,0,0,0,2022-04-01
2022-04-01,9918,36.99755096435547,0.6766339767729087,1,0.003529447130858898,0.003529447130858898,0.003529447130858898,0.003529447130858898,0.003529447130858898,-0.002470552869141102,close,0,0,0,2022-04-01
2022-04-01,3543,19.565345764160156,0.6750959817845187,0,0.0,0.0,0.0,0.0,0.0,-0.006,close,0,0,0,2022-04-01
2022-04-01,4130,22.819536209106445,0.6731773631086359,1,-0.008080841973423958,0.008080798201262951,-0.008080841973423958,0.004040367901325226,0.004040367901325226,-0.0019596320986747743,close,0,0,0,2022-04-01
2022-04-01,6719,587.8665161132812,0.6727269523253078,0,-0.017515921965241432,-0.01592356525361538,-0.03980891406536102,-0.03184713423252106,-0.02,-0.026000000000000002,stop_loss,0,1,0,2022-04-01
2022-04-01,4971,73.35381317138672,0.6722693389674187,0,-0.0012870349455624819,-0.0012870349455624819,-0.024452999234199524,-0.02059205435216427,-0.02,-0.026000000000000002,stop_loss,0,1,0,2022-04-01
2022-04-01,3052,9.004813194274902,0.6720780972157326,1,1.9362502712283458e-08,0.004877978470176458,-0.004878133535385132,0.004877978470176458,0.004877978470176458,-0.0011220215298235418,close,0,0,0,2022-04-01
2022-04-06,6763,53.51670837402344,0.7652432104735153,0,-0.004739272873848677,0.03475517779588699,-0.03791463002562523,-0.03475508466362953,-0.02,-0.026000000000000002,ambiguous_stop_loss,1,1,0,2022-04-01
2022-04-06,3011,20.100000381469727,0.7509856310340685,1,0.019900478422641754,0.06965172290802002,-0.014925429597496986,0.0024875241797417402,0.03,0.024,take_profit,1,0,0,2022-04-01
2022-04-06,2031,55.76224136352539,0.7407748677205152,0,0.004237252287566662,0.018361546099185944,-0.04096044600009918,-0.04096044600009918,-0.02,-0.026000000000000002,stop_loss,0,1,0,2022-04-01
2022-04-06,6291,80.85826110839844,0.7359377330035709,0,3.178113328061727e-10,3.178113328061727e-10,-0.09719932824373245,-0.044481005519628525,-0.02,-0.026000000000000002,stop_loss,0,1,0,2022-04-01
2022-04-06,2543,5.414375305175781,0.7356131277443319,1,0.08695627748966217,0.09954214841127396,0.07208206504583359,0.09954214841127396,0.03,0.024,gap_take_profit,1,0,0,2022-04-01
2022-04-06,2344,26.88921546936035,0.68438676384913,0,0.0034246528521180153,0.01712329499423504,-0.0222602691501379,-0.02054797112941742,-0.02,-0.026000000000000002,stop_loss,0,1,0,2022-04-01
2022-04-06,3555,32.31715774536133,0.6832932802356708,1,0.04615384340286255,0.0876922607421875,0.01384617481380701,0.04153841361403465,0.03,0.024,gap_take_profit,1,0,0,2022-04-01
2022-04-06,6788,118.7787857055664,0.6662622384296786,0,0.003496578661724925,0.034965112805366516,-0.031468458473682404,-0.031468458473682404,-0.02,-0.026000000000000002,ambiguous_stop_loss,1,1,0,2022-04-01
2022-04-06,3008,1578.53173828125,0.6646050720888813,0,-0.01690155453979969,-0.008450851775705814,-0.05070436745882034,-0.05070436745882034,-0.02,-0.026000000000000002,stop_loss,0,1,0,2022-04-01
2022-04-06,2444,12.399999618530273,0.6634165009849926,1,0.04435485601425171,0.07258069515228271,0.0,0.04032258316874504,0.03,0.024,gap_take_profit,1,0,0,2022-04-01
2022-04-06,3230,19.216690063476562,0.6617794695685467,0,0.0051679727621376514,0.00775191280990839,-0.06718352437019348,-0.06459948420524597,-0.02,-0.026000000000000002,stop_loss,0,1,0,2022-04-01
2022-04-06,1432,13.0,0.6596878888998858,1,0.01538460049778223,0.09615384787321091,0.01538460049778223,0.0884615108370781,0.03,0.024,take_profit,1,0,0,2022-04-01
2022-04-06,2449,33.6229362487793,0.6560192331490631,0,-2.4851111390944425e-08,0.0024389622267335653,-0.015853719785809517,-0.01463413331657648,-0.01463413331657648,-0.02063413331657648,close,0,0,0,2022-04-01
2022-04-06,3034,282.0609436035156,0.6475243900554098,0,-0.018072299659252167,-0.006024107336997986,-0.03614458814263344,-0.03614458814263344,-0.02,-0.026000000000000002,stop_loss,0,1,0,2022-04-01
2022-04-06,5475,20.25,0.6435827112537746,0,-0.01728396862745285,0.0,-0.03209874778985977,-0.03209874778985977,-0.02,-0.026000000000000002,stop_loss,0,1,0,2022-04-01
2022-04-06,6573,20.600000381469727,0.6410630898699393,0,0.014563069678843021,0.04611644893884659,-0.05825246497988701,-0.0436892993748188,-0.02,-0.026000000000000002,ambiguous_stop_loss,1,1,0,2022-04-01
2022-04-06,6165,30.445920944213867,0.6410525696900291,0,-0.0016259985277429223,-0.0016259985277429223,-0.06666664779186249,-0.06504065543413162,-0.02,-0.026000000000000002,stop_loss,0,1,0,2022-04-01
2022-04-06,2305,9.050000190734863,0.6409827834965967,0,0.0,0.0044198851101100445,-0.028729306533932686,-0.027624309062957764,-0.02,-0.026000000000000002,stop_loss,0,1,0,2022-04-01
2022-04-06,2390,19.2759952545166,0.6389616085994426,0,0.002481394447386265,0.002481394447386265,-0.01240697130560875,-0.01240697130560875,-0.01240697130560875,-0.018406971305608748,close,0,0,0,2022-04-01
2022-04-06,5269,1734.321044921875,0.6316103369457422,0,-0.0026738899759948254,0.010695092380046844,-0.04010704159736633,-0.03743324428796768,-0.02,-0.026000000000000002,stop_loss,0,1,0,2022-04-01
2022-04-07,1722,66.19256591796875,0.6059254658401305,1,0.022636447101831436,0.07856183499097824,0.013315481133759022,0.06524625420570374,0.03,0.024,take_profit,1,0,0,2022-04-01
2022-04-07,8069,155.16232299804688,0.6040409211728668,1,0.011904614046216011,0.05059508606791496,0.0029760440811514854,0.03869032487273216,0.03,0.024,take_profit,1,0,0,2022-04-01
2022-04-07,2015,74.8721923828125,0.5948287799993647,1,0.005714287981390953,0.012571413069963455,2.302800172770958e-09,0.011428574100136757,0.011428574100136757,0.005428574100136757,close,0,0,0,2022-04-01
2022-04-07,4953,75.06867218017578,0.5896145658105825,1,0.04162098094820976,0.08105143159627914,0.036144573241472244,0.05038335174322128,0.03,0.024,gap_take_profit,1,0,0,2022-04-01
2022-04-07,6443,39.4247932434082,0.5685306978925999,1,0.019559787586331367,0.09046443551778793,0.018337296321988106,0.07090449333190918,0.03,0.024,take_profit,1,0,0,2022-04-01
2022-04-07,6138,189.14634704589844,0.5621802530222417,1,0.049250561743974686,0.053533218801021576,-0.010706611908972263,0.002141354139894247,0.03,0.024,gap_take_profit,1,0,0,2022-04-01
2022-04-07,3596,98.38019561767578,0.558515474646456,1,0.016736431047320366,0.0669456347823143,0.008368229493498802,0.04602513462305069,0.03,0.024,take_profit,1,0,0,2022-04-01
2022-04-07,4906,26.360044479370117,0.5583167153560895,1,0.009259307757019997,0.02469140663743019,0.006172817666083574,0.009259307757019997,0.009259307757019997,0.0032593077570199965,close,0,0,0,2022-04-01
2022-04-07,4739,135.58865356445312,0.5551580890309328,1,0.016666611656546593,0.04666661098599434,0.013333187438547611,0.043333183974027634,0.03,0.024,take_profit,1,0,0,2022-04-01
2022-04-07,8050,37.988624572753906,0.5548132990675276,1,0.013963410630822182,0.06337262690067291,0.013963410630822182,0.024704549461603165,0.03,0.024,take_profit,1,0,0,2022-04-01
2022-04-07,8046,443.8213806152344,0.5486434120528385,0,0.015717078000307083,0.015717078000307083,-0.022593334317207336,-0.021611016243696213,-0.02,-0.026000000000000002,stop_loss,0,1,0,2022-04-01
2022-04-07,2368,83.03489685058594,0.5439736660203283,1,0.020310599356889725,0.041815973818302155,1.6463177487935354e-09,0.007168433163315058,0.03,0.024,take_profit,1,0,0,2022-04-01
2022-04-07,3645,50.824893951416016,0.5376897505018213,1,0.034862373024225235,0.045871518552303314,0.00917427334934473,0.029357731342315674,0.03,0.024,gap_take_profit,1,0,0,2022-04-01
2022-04-07,3141,155.86236572265625,0.5353578148131591,1,0.02366868034005165,0.035503000020980835,0.002958619501441717,0.02366868034005165,0.03,0.024,take_profit,1,0,0,2022-04-01
2022-04-07,5519,17.436307907104492,0.5351020455103387,1,0.004175317473709583,0.01461373083293438,0.002087666653096676,0.012526080012321472,0.012526080012321472,0.006526080012321472,close,0,0,0,2022-04-01
2022-04-07,9958,106.02027130126953,0.5341178385614942,1,0.013392854481935501,0.0401785671710968,-2.7796347445985248e-09,0.0401785671710968,0.03,0.024,take_profit,1,0,0,2022-04-01
2022-04-07,1708,44.8759880065918,0.5324480469635411,1,0.04634596407413483,0.09982190281152725,0.033868227154016495,0.09982190281152725,0.03,0.024,gap_take_profit,1,0,0,2022-04-01
2022-04-07,6510,534.1126708984375,0.530573883320777,0,0.0,0.010507880710065365,-0.0035026269033551216,0.0,0.0,-0.006,close,0,0,0,2022-04-01
2022-04-07,3017,102.22015380859375,0.5296299127996118,1,0.013513574376702309,0.03603607788681984,-0.009008998982608318,0.009009045548737049,0.03,0.024,take_profit,1,0,0,2022-04-01
2022-04-07,2324,21.309375762939453,0.5280712513130023,1,0.005758226849138737,0.011516369879245758,-0.0019193459302186966,0.0038387970998883247,0.0038387970998883247,-0.0021612029001116754,close,0,0,0,2022-04-01
2022-04-08,3011,22.149999618530273,0.6211740846593351,1,0.07223477959632874,0.07223477959632874,-0.07449208199977875,0.02483075112104416,0.03,0.024,gap_take_profit,1,1,0,2022-04-01
2022-04-08,6285,60.93159484863281,0.6003224789574013,0,0.026352260261774063,0.026352260261774063,-0.0041609350591897964,-0.0041609350591897964,-0.0041609350591897964,-0.010160935059189797,close,0,0,0,2022-04-01
2022-04-08,3661,972.6835327148438,0.5990505530064686,0,-0.014000028371810913,0.01499997079372406,-0.046000026166439056,-0.046000026166439056,-0.02,-0.026000000000000002,stop_loss,0,1,0,2022-04-01
2022-04-08,6763,50.811279296875,0.5975105625987407,0,0.003327872371301055,0.00831960141658783,-0.038269445300102234,-0.004991564434021711,-0.02,-0.026000000000000002,stop_loss,0,1,0,2022-04-01
2022-04-08,3653,338.853271484375,0.59546634478967,0,0.012658238410949707,0.022784873843193054,-0.01645568013191223,-0.010126587003469467,-0.010126587003469467,-0.016126587003469466,close,0,0,0,2022-04-01
2022-04-08,6781,1077.0321044921875,0.5889084735214564,0,0.004328957758843899,0.004328957758843899,-0.05627709999680519,-0.05627709999680519,-0.02,-0.026000000000000002,stop_loss,0,1,0,2022-04-01
2022-04-08,6788,109.64197540283203,0.5886330150384087,0,-6.958461362671642e-09,0.011363629251718521,-0.09469697624444962,-0.09090909361839294,-0.02,-0.026000000000000002,stop_loss,0,1,0,2022-04-01
2022-04-08,3515,145.27508544921875,0.5378508003202438,0,-1.240229181576069e-07,0.002769958693534136,-0.030471034348011017,-0.019390704110264778,-0.02,-0.026000000000000002,stop_loss,0,1,0,2022-04-01
2022-04-08,8155,151.4085235595703,0.5370497609127004,1,-3.799861403308569e-08,0.05413101240992546,-0.011396048590540886,0.04273500293493271,0.03,0.024,take_profit,1,0,0,2022-04-01
2022-04-08,6239,74.01155090332031,0.5325548805581022,0,-1.6039645345244935e-07,0.005318987648934126,-0.009574643336236477,-0.0031916818115860224,-0.0031916818115860224,-0.009191681811586023,close,0,0,0,2022-04-01
2022-04-08,3623,20.0,0.5305606682932299,0,0.010000037960708141,0.010000037960708141,-0.0625,-0.05000000074505806,-0.02,-0.026000000000000002,stop_loss,0,1,0,2022-04-01
2022-04-08,3558,177.08961486816406,0.5292446939328859,1,0.05347586050629616,0.06951864063739777,-0.04278081655502319,0.032085489481687546,0.03,0.024,gap_take_profit,1,1,0,2022-04-01
2022-04-08,6176,76.45293426513672,0.5287799465187142,0,0.004877976141870022,0.009756024926900864,-0.014634217135608196,-0.009756169281899929,-0.009756169281899929,-0.015756169281899927,close,0,0,0,2022-04-01
2022-04-08,2379,340.5195617675781,0.5267580795695306,0,0.012284964323043823,0.013513465411961079,-0.03071257658302784,-0.0270270723849535,-0.02,-0.026000000000000002,stop_loss,0,1,0,2022-04-01
2022-04-08,6219,25.482839584350586,0.5233113206739622,0,0.008595946244895458,0.014326600357890129,-0.017191993072628975,-0.017191993072628975,-0.017191993072628975,-0.023191993072628973,close,0,0,0,2022-04-01
2022-04-08,2308,238.96388244628906,0.5193326788371143,0,0.007662811782211065,0.007662811782211065,-0.040229909121990204,-0.040229909121990204,-0.02,-0.026000000000000002,stop_loss,0,1,0,2022-04-01
2022-04-08,1476,416.4950256347656,0.518403334988062,1,0.008421039208769798,0.029473669826984406,-0.005263171624392271,0.021052617579698563,0.021052617579698563,0.015052617579698562,close,0,0,0,2022-04-01
2022-04-08,5245,63.56589126586914,0.5183003160244775,0,-2.8346316405247762e-09,0.016393503174185753,-0.045081909745931625,-0.04098360985517502,-0.02,-0.026000000000000002,stop_loss,0,1,0,2022-04-01
2022-04-08,3008,1476.2606201171875,0.5154631238131236,0,-0.0030120599549263716,0.0030120364390313625,-0.03915663808584213,-0.030120493844151497,-0.02,-0.026000000000000002,stop_loss,0,1,0,2022-04-01
2022-04-08,2383,232.2887725830078,0.5146692336824608,0,-0.005836562253534794,-0.003891036845743656,-0.08754862844944,-0.06614784896373749,-0.02,-0.026000000000000002,stop_loss,0,1,0,2022-04-01
2022-04-11,3228,310.8736267089844,0.7152055342813504,1,0.004680211655795574,0.026521172374486923,-0.023400884121656418,0.02028084173798561,-0.02,-0.026000000000000002,stop_loss,0,1,0,2022-04-01
2022-04-11,6411,129.6849822998047,0.6819157345170758,0,-0.006451555993407965,0.006451725028455257,-0.04838704317808151,-0.006451555993407965,-0.02,-0.026000000000000002,stop_loss,0,1,0,2022-04-01
2022-04-11,6531,261.3557434082031,0.6763591726390145,0,0.0017512469785287976,0.026269633322954178,-0.010507946833968163,-0.0017513796919956803,-0.0017513796919956803,-0.0077513796919956805,close,0,0,0,2022-04-01
2022-04-11,6568,154.02842712402344,0.669793935584391,1,1.0502567704406829e-08,0.05588236451148987,1.0502567704406829e-08,0.026470599696040154,0.03,0.024,take_profit,1,0,0,2022-04-01
2022-04-11,2340,41.42778015136719,0.6583941557700993,0,0.0,0.016393441706895828,-0.014207683503627777,0.0,0.0,-0.006,close,0,0,0,2022-04-01
2022-04-11,6788,99.67452239990234,0.6254369403802456,1,-0.008333399891853333,0.02499993145465851,-0.03750006482005119,0.020833265036344528,-0.02,-0.026000000000000002,stop_loss,0,1,0,2022-04-01
2022-04-11,3529,1439.3594970703125,0.6253714884508302,0,-0.0033445043954998255,0.010033422149717808,-0.05351172760128975,-0.040133800357580185,-0.02,-0.026000000000000002,stop_loss,0,1,0,2022-04-01
2022-04-11,8299,358.0859069824219,0.6164213069483193,1,0.010701561346650124,0.03567183390259743,0.002378137083724141,0.014268743805587292,0.03,0.024,take_profit,1,0,0,2022-04-01
2022-04-11,3443,439.3213806152344,0.6157564126145539,1,-0.004347756505012512,0.04130442067980766,-0.013043409213423729,0.031521812081336975,0.03,0.024,take_profit,1,0,0,2022-04-01
2022-04-11,6781,1016.4198608398438,0.6112688317659439,0,0.004587155766785145,0.04128440469503403,-0.004587155766785145,0.0,0.03,0.024,take_profit,1,0,0,2022-04-01
2022-04-11,6182,56.770530700683594,0.6038668203731106,0,-0.009584604762494564,0.019169379025697708,-0.033546268939971924,-0.027156466618180275,-0.02,-0.026000000000000002,stop_loss,0,1,0,2022-04-01
2022-04-11,6415,666.4270629882812,0.6020807385510151,1,-0.005514764226973057,0.02573523297905922,-0.005514764226973057,0.005514646880328655,0.005514646880328655,-0.0004853531196713449,close,0,0,0,2022-04-01
2022-04-11,3545,103.471435546875,0.601555500450828,1,-1.0368887082279343e-08,0.015873005613684654,-0.011904772371053696,0.015873005613684654,0.015873005613684654,0.009873005613684654,close,0,0,0,2022-04-01
2022-04-11,5475,17.899999618530273,0.5929514058694891,0,0.0,0.002793360035866499,-0.033519573509693146,0.0,-0.02,-0.026000000000000002,stop_loss,0,1,0,2022-04-01
2022-04-11,6150,101.03447723388672,0.5886099623434887,1,-0.020833317190408707,0.025000017136335373,-0.020833317190408707,0.025000017136335373,-0.020833317190408707,-0.026833317190408705,gap_stop,0,1,0,2022-04-01
2022-04-11,8104,51.43327713012695,0.5854044533189597,0,-0.0017856870545074344,0.01964282989501953,-0.01607145555317402,0.0,0.0,-0.006,close,0,0,0,2022-04-01
2022-04-11,1708,54.23515701293945,0.5806445352763083,0,0.053097356110811234,0.05457225814461708,-0.08997049927711487,-0.014749228954315186,0.03,0.024,gap_take_profit,1,1,0,2022-04-01
2022-04-11,6719,513.9151000976562,0.5643486991362828,1,0.0018216276075690985,0.05282345414161682,-0.012750322930514812,0.041894491761922836,0.03,0.024,take_profit,1,0,0,2022-04-01
2022-04-11,8255,197.2992706298828,0.5614629508208008,1,-0.0023309935349971056,0.013986059464514256,-0.02097899280488491,0.006993005983531475,-0.02,-0.026000000000000002,stop_loss,0,1,0,2022-04-01
2022-04-11,6683,207.96231079101562,0.5602584926196776,1,0.002123110694810748,0.03609338402748108,0.002123110694810748,0.02123139053583145,0.03,0.024,take_profit,1,0,0,2022-04-01
2022-04-12,3529,1381.592529296875,0.6495874449740697,1,0.0348433256149292,0.04529628902673721,-0.010452847927808762,0.010453077964484692,0.03,0.024,gap_take_profit,1,0,0,2022-04-01
2022-04-12,3628,41.1567497253418,0.636436240358645,1,0.021538542583584785,0.033846281468868256,0.015384710393846035,0.02358987182378769,0.03,0.024,take_profit,1,0,0,2022-04-01
2022-04-12,6205,67.18827056884766,0.6363738287029533,1,0.03906247764825821,0.05729156360030174,0.015624940395355225,0.041666604578495026,0.03,0.024,gap_take_profit,1,0,0,2022-04-01
2022-04-12,8436,150.21624755859375,0.6242362117764175,1,0.01739131286740303,0.028985515236854553,0.008695660158991814,0.026086963713169098,0.026086963713169098,0.0200869637131691,close,0,0,0,2022-04-01
2022-04-12,2324,20.736764907836914,0.6113243406550378,1,-0.0019725386518985033,0.013806612230837345,-0.0019725386518985033,0.013806612230837345,0.013806612230837345,0.007806612230837345,close,0,0,0,2022-04-01
2022-04-12,6182,55.228843688964844,0.5947029121199728,1,0.01806238852441311,0.024630557745695114,0.009852208197116852,0.024630557745695114,0.024630557745695114,0.018630557745695116,close,0,0,0,2022-04-01
2022-04-12,3372,15.0203218460083,0.5896679479146849,1,0.023880532011389732,0.03582087531685829,0.005970130208879709,0.026865674182772636,0.03,0.024,take_profit,1,0,0,2022-04-01
2022-04-12,2357,264.96759033203125,0.5837323254097102,1,0.0028653787449002266,0.02149002067744732,0.0014327139360830188,0.015759361907839775,0.015759361907839775,0.009759361907839775,close,0,0,0,2022-04-01
2022-04-12,6239,72.90924835205078,0.5672106650634979,1,0.007559305988252163,0.015118667855858803,0.005399429704993963,0.011878893710672855,0.011878893710672855,0.005878893710672855,close,0,0,0,2022-04-01
2022-04-12,6488,544.2282104492188,0.5643713580476584,1,0.014705958776175976,0.01797393336892128,-0.0016339118592441082,0.013071971945464611,0.013071971945464611,0.007071971945464611,close,0,0,0,2022-04-01
2022-04-12,2498,54.0,0.5630015488147184,1,0.02037034183740616,0.06296299397945404,0.018518518656492233,0.04814812168478966,0.03,0.024,take_profit,1,0,0,2022-04-01
2022-04-12,3661,894.8687744140625,0.5604510810206704,1,0.02826090157032013,0.09239133447408676,0.003260900266468525,0.06956525146961212,0.03,0.024,take_profit,1,0,0,2022-04-01
2022-04-12,1476,420.8791809082031,0.5527457631260245,0,0.008333333767950535,0.015625,-0.008333333767950535,0.0,0.0,-0.006,close,0,0,0,2022-04-01
2022-04-12,8150,37.46928405761719,0.5526232033103833,1,0.0020833504386246204,0.008333413861691952,-0.0020832528825849295,0.006250033155083656,0.006250033155083656,0.0002500331550836562,close,0,0,0,2022-04-01
2022-04-12,3390,16.19966697692871,0.5476595201792198,1,7.01686744264407e-08,0.010899190790951252,-0.005449542310088873,0.010899190790951252,0.010899190790951252,0.004899190790951252,close,0,0,0,2022-04-01
2022-04-12,6120,10.634967803955078,0.5462009538342655,1,0.0045250095427036285,0.03167426586151123,0.0045250095427036285,0.027149446308612823,0.03,0.024,take_profit,1,0,0,2022-04-01
2022-04-12,3532,223.1969451904297,0.5432151384796535,1,0.01596805639564991,0.06586825847625732,0.005988016724586487,0.03393212705850601,0.03,0.024,take_profit,1,0,0,2022-04-01
2022-04-12,4414,20.686674118041992,0.5419877691386267,1,-0.005504539702087641,0.03669733181595802,-0.005504539702087641,0.03302760794758797,0.03,0.024,take_profit,1,0,0,2022-04-01
2022-04-12,6533,369.0157470703125,0.5409238795965345,1,0.013368972577154636,0.028074854984879494,0.004010684322565794,0.018716566264629364,0.018716566264629364,0.012716566264629364,close,0,0,0,2022-04-01
2022-04-12,6243,40.87632369995117,0.5392203066513002,1,0.011061902157962322,0.05088489130139351,0.011061902157962322,0.02876099944114685,0.03,0.024,take_profit,1,0,0,2022-04-01
2022-04-13,5222,104.36738586425781,0.7121942609554769,0,0.013422773219645023,0.01677846722304821,-0.0033557615242898464,0.0,0.0,-0.006,close,0,0,0,2022-04-01
2022-04-13,5475,18.100000381469727,0.6915721951553436,0,0.005524883046746254,0.008287271484732628,-0.02486192062497139,-0.019337037578225136,-0.02,-0.026000000000000002,stop_loss,0,1,0,2022-04-01
2022-04-13,6719,531.700927734375,0.6849638740483054,1,0.010563427582383156,0.07570427656173706,0.010563427582383156,0.0510563887655735,0.03,0.024,take_profit,1,0,0,2022-04-01
2022-04-13,2385,66.70951843261719,0.6765397167555507,1,0.005793738178908825,0.010428661480545998,0.0023174574598670006,0.005793738178908825,0.005793738178908825,-0.0002062618210911752,close,0,0,0,2022-04-01
2022-04-13,6206,62.95558547973633,0.6746836563719806,1,0.014084335416555405,0.03201008960604668,0.0038411172572523355,0.012803944759070873,0.03,0.024,take_profit,1,0,0,2022-04-01
2022-04-13,6104,233.04971313476562,0.6737365195857777,0,0.032258082181215286,0.03427421301603317,-0.0645161122083664,-0.0645161122083664,0.03,0.024,gap_take_profit,1,1,0,2022-04-01
2022-04-13,2618,30.31670570373535,0.6665644205587997,1,0.026950392872095108,0.06666664034128189,0.019858194515109062,0.059574443846940994,0.03,0.024,take_profit,1,0,0,2022-04-01
2022-04-13,3005,39.8499641418457,0.6653830222468552,1,0.0032223977614194155,0.010741162113845348,-0.0010740741854533553,0.006444690283387899,0.006444690283387899,0.0004446902833878993,close,0,0,0,2022-04-01
2022-04-13,3354,15.925080299377441,0.6643662886047009,1,0.011904831044375896,0.03869059309363365,0.011904831044375896,0.023809639737010002,0.03,0.024,take_profit,1,0,0,2022-04-01
2022-04-13,6270,19.857322692871094,0.6641462800823814,0,0.001957081025466323,0.001957081025466323,-0.007827656343579292,-0.005870738532394171,-0.005870738532394171,-0.011870738532394171,close,0,0,0,2022-04-01
2022-04-13,3406,395.68792724609375,0.6605510766665109,1,0.004504549782723188,0.0247748214751482,0.001126171206124127,0.011261306703090668,0.011261306703090668,0.005261306703090668,close,0,0,0,2022-04-01
2022-04-13,1605,29.48806381225586,0.6578588163845124,1,0.03644300624728203,0.09037894010543823,0.029154429212212563,0.08454792201519012,0.03,0.024,gap_take_profit,1,0,0,2022-04-01
2022-04-13,6213,93.25382232666016,0.6555384310679537,1,0.013953488320112228,0.0325581394135952,0.004651162773370743,0.013953488320112228,0.03,0.024,take_profit,1,0,0,2022-04-01
2022-04-13,5347,93.98051452636719,0.6526650379067688,0,0.008771931752562523,0.017543861642479897,-0.021929822862148285,-0.017543857917189598,-0.02,-0.026000000000000002,stop_loss,0,1,0,2022-04-01
2022-04-13,2031,56.0772819519043,0.6509298607193317,1,0.009831521660089493,0.07162930071353912,-0.007022475358098745,0.05056188255548477,0.03,0.024,take_profit,1,0,0,2022-04-01
2022-04-13,6245,47.11753845214844,0.6484136644462961,1,0.021164091303944588,0.06172846630215645,0.01763676479458809,0.051146410405635834,0.03,0.024,take_profit,1,0,0,2022-04-01
2022-04-13,6515,349.8800048828125,0.6473760463441133,0,0.020942438393831253,0.020942438393831253,-0.023560181260108948,-0.022251281887292862,-0.02,-0.026000000000000002,stop_loss,0,1,0,2022-04-01
2022-04-13,2891,25.011253356933594,0.645451620799719,0,1.359314705240422e-08,1.359314705240422e-08,-0.029654009267687798,-0.029654009267687798,-0.02,-0.026000000000000002,stop_loss,0,1,0,2022-04-01
2022-04-13,2884,27.62995719909668,0.6451558179055992,0,0.0014184183673933148,0.0014184183673933148,-0.06382981687784195,-0.05390073359012604,-0.02,-0.026000000000000002,stop_loss,0,1,0,2022-04-01
2022-04-13,1476,420.8791809082031,0.6433551799238317,1,0.014583330601453781,0.014583330601453781,-0.004166669212281704,0.0041666640900075436,0.0041666640900075436,-0.0018333359099924566,close,0,0,0,2022-04-01
2022-04-14,6492,86.9000015258789,0.7119984978734384,1,0.021864229813218117,0.09896431118249893,0.0,0.09896431118249893,0.03,0.024,take_profit,1,0,0,2022-04-01
2022-04-14,6411,120.06319427490234,0.6848428924287723,0,-0.013937233947217464,0.0034843620378524065,-0.034843191504478455,0.0,-0.02,-0.026000000000000002,stop_loss,0,1,0,2022-04-01
2022-04-14,1506,20.149999618530273,0.5823387916654884,0,-0.00992550142109394,0.062034741044044495,-0.04466499388217926,-0.024813896045088768,-0.02,-0.026000000000000002,ambiguous_stop_loss,1,1,0,2022-04-01
2022-04-14,3046,33.83671569824219,0.5671152315080743,1,0.0237154271453619,0.06719370186328888,-0.0421607568860054,0.04347824305295944,-0.02,-0.026000000000000002,ambiguous_stop_loss,1,1,0,2022-04-01
2022-04-14,6104,218.01425170898438,0.5657075668551808,0,-0.00646557193249464,0.023706840351223946,-0.05172419175505638,-0.02801729552447796,-0.02,-0.026000000000000002,stop_loss,0,1,0,2022-04-01
2022-04-14,6231,72.99822235107422,0.563998309967697,0,0.009708661586046219,0.014563089236617088,-0.029126228764653206,-0.0242718905210495,-0.02,-0.026000000000000002,stop_loss,0,1,0,2022-04-01
2022-04-14,8908,54.37495040893555,0.5584416323639234,1,-1.5930501362504401e-09,0.01658165268599987,-1.5930501362504401e-09,0.01658165268599987,0.01658165268599987,0.01058165268599987,close,0,0,0,2022-04-01
2022-04-14,5493,45.280033111572266,0.5391077143196606,0,0.03636366128921509,0.08909095823764801,-0.03999997675418854,-0.018181804567575455,0.03,0.024,gap_take_profit,1,1,0,2022-04-01
2022-04-14,3260,59.90287399291992,0.5371669902622658,0,-0.006711394991725683,-0.001342287054285407,-0.018791940063238144,-0.017449714243412018,-0.017449714243412018,-0.023449714243412016,close,0,0,0,2022-04-01
2022-04-14,2884,26.140682220458984,0.5306596124485625,0,-0.01049470528960228,0.016491789370775223,-0.01049470528960228,-0.001499206991866231,-0.001499206991866231,-0.007499206991866231,close,0,0,0,2022-04-01
2022-04-14,3434,21.701580047607422,0.5261264834986552,0,-0.007272755261510611,0.06000002101063728,-0.04545453190803528,-0.018181772902607918,-0.02,-0.026000000000000002,ambiguous_stop_loss,1,1,0,2022-04-01
2022-04-14,4121,21.575586318969727,0.5206385787774337,1,0.030800852924585342,0.09856264293193817,0.01848047785460949,0.09856264293193817,0.03,0.024,gap_take_profit,1,0,0,2022-04-01
2022-04-14,5475,17.75,0.5159981546002622,1,0.0028168584685772657,0.028169013559818268,-0.0028168584685772657,0.008450682274997234,0.008450682274997234,0.0024506822749972342,close,0,0,0,2022-04-01
2022-04-14,2886,34.855857849121094,0.5155662075869012,0,-0.004640309605747461,0.015081292018294334,-0.016241174191236496,-0.00580032030120492,-0.00580032030120492,-0.01180032030120492,close,0,0,0,2022-04-01
2022-04-14,6274,62.00642395019531,0.5137725832448311,0,-0.005665780045092106,-3.6294650840318354e-08,-0.0354107990860939,-0.02691223844885826,-0.02,-0.026000000000000002,stop_loss,0,1,0,2022-04-01
2022-04-14,6235,38.929718017578125,0.5010835353242119,0,-0.007117392960935831,0.04270464554429054,-0.039145905524492264,-0.00948987528681755,-0.02,-0.026000000000000002,ambiguous_stop_loss,1,1,0,2022-04-01
2022-04-14,6426,66.90522766113281,0.49863692724214614,0,-0.002766238758340478,-0.002766238758340478,-0.030428756028413773,-0.029045652598142624,-0.02,-0.026000000000000002,stop_loss,0,1,0,2022-04-01
2022-04-14,4551,128.15261840820312,0.49378428121701406,0,0.003412968013435602,0.01706484518945217,-0.020477816462516785,-0.01706484705209732,-0.02,-0.026000000000000002,stop_loss,0,1,0,2022-04-01
2022-04-14,2880,19.89130401611328,0.4937084243857761,0,-0.010245989076793194,0.0040982626378536224,-0.016393478959798813,-0.006147607695311308,-0.006147607695311308,-0.012147607695311308,close,0,0,0,2022-04-01
2022-04-14,6781,1035.06982421875,0.4916805236066831,0,-4.240989781578719e-08,-4.240989781578719e-08,-0.09909913688898087,-0.08558562397956848,-0.02,-0.026000000000000002,stop_loss,0,1,0,2022-04-01
2022-04-15,6531,242.5894012451172,0.8231974539404817,1,0.003773496253415942,0.05283009633421898,-0.005660464987158775,0.035848964005708694,0.03,0.024,take_profit,1,0,0,2022-04-01
2022-04-15,6182,52.96165084838867,0.7829780033449915,1,0.015410908497869968,0.03595886752009392,0.006849265191704035,0.010273936204612255,0.03,0.024,take_profit,1,0,0,2022-04-01
2022-04-15,3532,203.14930725097656,0.773044148093413,0,2.5260115776859493e-08,0.024122832342982292,-0.019736817106604576,-0.01535085216164589,-0.01535085216164589,-0.021350852161645888,close,0,0,0,2022-04-01
2022-04-15,6568,146.78004455566406,0.7689080429398087,1,6.536208019269907e-08,0.04320994392037392,-0.012345614843070507,0.03086426481604576,0.03,0.024,take_profit,1,0,0,2022-04-01
2022-04-15,6781,946.4827270507812,0.759986145406681,1,-0.004926057532429695,0.06896556913852692,-0.009852166287600994,0.05418724566698074,0.03,0.024,take_profit,1,0,0,2022-04-01
2022-04-15,6104,211.9060821533203,0.7167403468036003,1,-0.0022172422613948584,0.013303822837769985,-0.019955601543188095,0.004434642847627401,0.004434642847627401,-0.0015653571523725988,close,0,0,0,2022-04-01
2022-04-15,2481,73.52369689941406,0.711731593076985,0,-0.02941167913377285,0.003529535373672843,-0.043529290705919266,-0.03529403358697891,-0.02941167913377285,-0.03541167913377285,gap_stop,0,1,0,2022-04-01
2022-04-15,2455,83.08110046386719,0.6973260184669797,0,-0.015118912793695927,0.006479357834905386,-0.020518479868769646,-0.015118912793695927,-0.02,-0.026000000000000002,stop_loss,0,1,0,2022-04-01
2022-04-15,8996,51.51092529296875,0.6932332968477012,1,0.025594178587198257,0.04021946340799332,0.005484515801072121,0.01645340956747532,0.03,0.024,take_profit,1,0,0,2022-04-01
2022-04-15,4966,1269.492431640625,0.6871764185377195,1,-0.01798541657626629,0.03597142919898033,-0.01798541657626629,0.003597321454435587,0.03,0.024,take_profit,1,0,0,2022-04-01
2022-04-15,3081,140.49085998535156,0.6780961672770459,0,0.0,0.01666666753590107,-0.0533333346247673,0.0,-0.02,-0.026000000000000002,stop_loss,0,1,0,2022-04-01
2022-04-15,5269,1372.6177978515625,0.6751315899852802,1,0.003378291381523013,0.03716207295656204,0.003378291381523013,0.027026938274502754,0.03,0.024,take_profit,1,0,0,2022-04-01
2022-04-15,8054,48.94187545776367,0.6669156012156747,0,-0.0076923370361328125,0.01538460049778223,-0.03076920099556446,0.0,-0.02,-0.026000000000000002,stop_loss,0,1,0,2022-04-01
2022-04-15,3588,91.7462158203125,0.6643019290188473,1,-0.013274388387799263,0.03982297331094742,-0.035398270934820175,0.004424732178449631,-0.02,-0.026000000000000002,ambiguous_stop_loss,1,1,0,2022-04-01
2022-04-15,2504,23.678264617919922,0.6548246840904796,1,0.0048939804546535015,0.03425781801342964,-0.004893923178315163,0.0048939804546535015,0.03,0.024,take_profit,1,0,0,2022-04-01
2022-04-15,3545,100.59723663330078,0.6547707017690505,0,-0.016326529905200005,0.01224489789456129,-0.03265305981040001,0.0,-0.02,-0.026000000000000002,stop_loss,0,1,0,2022-04-01
2022-04-15,3324,163.46377563476562,0.652377131081584,1,-0.008450789377093315,0.05633793771266937,-0.014084591530263424,0.028168926015496254,0.03,0.024,take_profit,1,0,0,2022-04-01
2022-04-15,5351,60.40007781982422,0.6446818935155333,1,-0.02595418319106102,0.022900786250829697,-0.039694685488939285,0.007633616216480732,-0.02595418319106102,-0.03195418319106102,gap_stop,0,1,0,2022-04-01
2022-04-15,6202,82.44703674316406,0.640460783317429,1,-0.0030518544372171164,0.010172998532652855,-0.015259351581335068,0.0071210856549441814,0.0071210856549441814,0.0011210856549441813,close,0,0,0,2022-04-01
2022-04-15,8227,50.65409469604492,0.63809323342133,0,-0.005758153740316629,-0.0019193675834685564,-0.053742799907922745,-0.019193869084119797,-0.02,-0.026000000000000002,stop_loss,0,1,0,2022-04-01
2022-04-18,3508,38.150001525878906,0.863407610985846,1,0.05635642632842064,0.05635642632842064,0.0,0.0013105958933010697,0.03,0.024,gap_take_profit,1,0,0,2022-04-01
2022-04-18,3338,39.75081253051758,0.8585169902445938,1,0.014176729135215282,0.028353426605463028,0.011995736509561539,0.022900862619280815,0.022900862619280815,0.016900862619280817,close,0,0,0,2022-04-01
2022-04-18,2455,81.82500457763672,0.8567589256373429,0,0.029605314135551453,0.032894738018512726,-0.002192949177697301,0.0,0.03,0.024,take_profit,1,0,0,2022-04-01
2022-04-18,6233,23.335145950317383,0.8544409235479774,1,0.010287990793585777,0.039094604551792145,0.010287990793585777,0.014403232373297215,0.03,0.024,take_profit,1,0,0,2022-04-01
2022-04-18,2108,48.459537506103516,0.8526103869345234,1,0.01663585752248764,0.03512014448642731,0.005545312073081732,0.025878001004457474,0.03,0.024,take_profit,1,0,0,2022-04-01
2022-04-18,6491,368.97332763671875,0.8458881240294687,1,0.0072550661861896515,0.022974517196416855,-3.628776568120884e-08,0.00604589469730854,0.00604589469730854,4.589469730854022e-05,close,0,0,0,2022-04-01
2022-04-18,4414,19.396129608154297,0.8444576447882318,1,0.003913893364369869,0.041095931082963943,0.003913893364369869,0.033268142491579056,0.03,0.024,take_profit,1,0,0,2022-04-01
2022-04-18,3167,51.440887451171875,0.8410910581005892,1,0.0016666774172335863,0.030000021681189537,2.4493358452559733e-09,0.011666662059724331,0.03,0.024,take_profit,1,0,0,2022-04-01
2022-04-18,4961,209.40023803710938,0.837703337964013,1,0.013440944254398346,0.02956998534500599,0.0026882141828536987,0.008064632304012775,0.008064632304012775,0.0020646323040127753,close,0,0,0,2022-04-01
2022-04-18,3532,200.03079223632812,0.8371956072109824,0,0.026726054027676582,0.037861913442611694,-0.013363032601773739,-0.004454346373677254,0.03,0.024,take_profit,1,0,0,2022-04-01
2022-04-18,3041,48.75,0.8321601008891563,0,0.015384615398943424,0.03589743748307228,-0.001709453877992928,0.0,0.03,0.024,take_profit,1,0,0,2022-04-01
2022-04-18,3094,27.811676025390625,0.8279615714074685,1,0.03606550768017769,0.04918024688959122,0.01967206597328186,0.03606550768017769,0.03,0.024,gap_take_profit,1,0,0,2022-04-01
2022-04-18,3322,19.31532859802246,0.8267332106832562,1,0.01699024811387062,0.033980462700128555,0.0024270873982459307,0.007281474769115448,0.03,0.024,take_profit,1,0,0,2022-04-01
2022-04-18,3526,129.82965087890625,0.8239984082051134,1,0.017910461872816086,0.026865685358643532,0.008955237455666065,0.02089553512632847,0.02089553512632847,0.014895535126328468,close,0,0,0,2022-04-01
2022-04-18,1316,17.707735061645508,0.8228446902312935,1,0.03672322630882263,0.059322088956832886,0.025423793122172356,0.04519777372479439,0.03,0.024,gap_take_profit,1,0,0,2022-04-01
2022-04-18,3339,16.649999618530273,0.8219541870475815,1,0.0030030717607587576,0.039039015769958496,0.0030030717607587576,0.012012057937681675,0.03,0.024,take_profit,1,0,0,2022-04-01
2022-04-18,6425,19.453651428222656,0.8159973958371525,1,0.023309871554374695,0.025640837848186493,-0.011655157431960106,0.025640837848186493,0.025640837848186493,0.019640837848186495,close,0,0,0,2022-04-01
2022-04-18,2376,88.9968032836914,0.8152103932181882,1,0.018018105998635292,0.040540628135204315,0.013513600453734398,0.022522609680891037,0.03,0.024,take_profit,1,0,0,2022-04-01
2022-04-18,2375,74.5533447265625,0.8141568031750213,1,0.011816918849945068,0.02954217791557312,0.004431393928825855,0.005908499006181955,0.005908499006181955,-9.150099381804479e-05,close,0,0,0,2022-04-01
2022-04-18,3260,57.73189926147461,0.8136826998352933,1,0.009749144315719604,0.01810576766729355,-6.792366491481516e-08,0.0027854368090629578,0.0027854368090629578,-0.0032145631909370424,close,0,0,0,2022-04-01
2022-04-19,6237,55.803855895996094,0.7951345861658364,1,0.005172385834157467,0.015517252497375011,-0.025862082839012146,0.005172385834157467,-0.02,-0.026000000000000002,stop_loss,0,1,0,2022-04-01
2022-04-19,2324,20.614059448242188,0.7803343749031575,0,0.007936461828649044,0.007936461828649044,-0.0019841722678393126,0.0,0.0,-0.006,close,0,0,0,2022-04-01
2022-04-19,2455,81.82500457763672,0.7774423007948342,1,0.017544036731123924,0.025219442322850227,0.01315805409103632,0.015351003035902977,0.015351003035902977,0.009351003035902977,close,0,0,0,2022-04-01
2022-04-19,2885,19.840879440307617,0.7492417668731,1,0.003824076382443309,0.01720835268497467,-0.005736121442168951,0.005736115854233503,0.005736115854233503,-0.0002638841457664968,close,0,0,0,2022-04-01
2022-04-19,2881,53.97079086303711,0.7392933405517024,1,0.004081703256815672,0.01904776133596897,0.0027211580891162157,0.01904776133596897,0.01904776133596897,0.013047761335968971,close,0,0,0,2022-04-01
2022-04-19,2353,22.573654174804688,0.7363788549971537,0,0.00709215784445405,0.00709215784445405,-0.001773090218193829,0.0,0.0,-0.006,close,0,0,0,2022-04-01
2022-04-19,3005,39.421932220458984,0.7356050821465828,1,-1.7606622293442342e-07,0.006514464505016804,-1.7606622293442342e-07,0.00217142584733665,0.00217142584733665,-0.0038285741526633502,close,0,0,0,2022-04-01
2022-04-19,2382,67.5672836303711,0.7294115597901596,1,-6.610020619746138e-08,0.009411733597517014,-0.008235324174165726,0.009411733597517014,0.009411733597517014,0.0034117335975170134,close,0,0,0,2022-04-01
2022-04-19,2409,17.14752769470215,0.7288057186299283,1,0.0026953336782753468,0.018867839127779007,-0.013477171771228313,0.016172422096133232,0.016172422096133232,0.010172422096133232,close,0,0,0,2022-04-01
2022-04-19,1303,73.79257202148438,0.725177656320985,1,-1.4550295190929319e-08,0.01022727508097887,-0.002272707177326083,0.007954495958983898,0.007954495958983898,0.001954495958983898,close,0,0,0,2022-04-01
2022-04-19,1476,405.09619140625,0.7245568738001249,1,0.0010823149932548404,0.02272733859717846,-0.0064934431575238705,0.01731608249247074,0.01731608249247074,0.011316082492470741,close,0,0,0,2022-04-01
2022-04-19,2354,53.886009216308594,0.723237091794341,1,0.004991639871150255,0.013311106711626053,-9.103246867425696e-08,0.006655508186668158,0.006655508186668158,0.0006555081866681575,close,0,0,0,2022-04-01
2022-04-19,6291,95.37812805175781,0.7213391228392205,0,0.009776411578059196,0.01675965078175068,-0.050279419869184494,-0.011173306964337826,-0.02,-0.026000000000000002,stop_loss,0,1,0,2022-04-01
2022-04-19,2404,137.63499450683594,0.7205493822711219,1,0.005665704142302275,0.033994317054748535,0.0028328432235866785,0.011331426911056042,0.03,0.024,take_profit,1,0,0,2022-04-01
2022-04-19,3017,97.61564636230469,0.7172842613898791,1,0.018867889419198036,0.03773576766252518,0.004716944880783558,0.014150884002447128,0.03,0.024,take_profit,1,0,0,2022-04-01
2022-04-19,3006,106.21280670166016,0.7172388457789183,1,0.01632644422352314,0.028571341186761856,-0.004081717226654291,0.01632644422352314,0.01632644422352314,0.01032644422352314,close,0,0,0,2022-04-01
2022-04-19,2882,51.51004409790039,0.7154374535152381,1,0.007974408566951752,0.01913871429860592,0.001594831352122128,0.01913871429860592,0.01913871429860592,0.013138714298605919,close,0,0,0,2022-04-01
2022-04-19,3532,199.13978576660156,0.7151939771748317,1,0.020134231075644493,0.031319912523031235,-0.02684563398361206,0.004474276676774025,-0.02,-0.026000000000000002,ambiguous_stop_loss,1,1,0,2022-04-01
2022-04-19,1216,57.163185119628906,0.7127123263504446,1,-0.004490935709327459,0.010479125194251537,-0.004490935709327459,0.007485158741474152,0.007485158741474152,0.0014851587414741515,close,0,0,0,2022-04-01
2022-04-19,3628,40.69241714477539,0.7121188652951288,1,0.007261455990374088,0.015560243278741837,7.660596423875177e-08,0.005186798982322216,0.005186798982322216,-0.0008132010176777841,close,0,0,0,2022-04-01
2022-04-20,3044,104.388916015625,0.7789159250592892,1,0.019455255940556526,0.0233463067561388,0.0038910536095499992,0.0233463067561388,0.0233463067561388,0.017346306756138803,close,0,0,0,2022-04-01
2022-04-20,6269,84.33497619628906,0.7672913993021461,1,0.010152265429496765,0.020304549485445023,0.007106549106538296,0.014213195070624352,0.014213195070624352,0.008213195070624351,close,0,0,0,2022-04-01
2022-04-20,2404,139.19459533691406,0.7612949101226621,1,0.011204519309103489,0.044817965477705,0.0028011573012918234,0.044817965477705,0.03,0.024,take_profit,1,0,0,2022-04-01
2022-04-20,3596,102.90815734863281,0.7454800302896378,1,0.02000003680586815,0.04000003635883331,-0.0079999640583992,0.004000036045908928,0.03,0.024,take_profit,1,0,0,2022-04-01
2022-04-20,4938,56.55232620239258,0.7416103834984468,1,0.005657792557030916,0.016973255202174187,0.004243386909365654,0.016973255202174187,0.016973255202174187,0.010973255202174187,close,0,0,0,2022-04-01
2022-04-20,2855,17.21881866455078,0.7386880037866015,1,0.002330957679077983,0.006992908660322428,-1.7951908404256756e-08,0.002330957679077983,0.002330957679077983,-0.0036690423209220172,close,0,0,0,2022-04-01
2022-04-20,5388,71.01374816894531,0.7268263987022888,1,0.017478151246905327,0.09238451719284058,0.004993756767362356,0.06866414844989777,0.03,0.024,take_profit,1,0,0,2022-04-01
2022-04-20,2618,29.92967987060547,0.7249902667198164,1,0.010057657957077026,0.025862235575914383,0.0028737487737089396,0.024425476789474487,0.024425476789474487,0.01842547678947449,close,0,0,0,2022-04-01
2022-04-20,3653,337.5665283203125,0.7248148433756436,1,0.008894515223801136,0.015247736126184464,7.463531126461476e-09,0.015247736126184464,0.015247736126184464,0.009247736126184463,close,0,0,0,2022-04-01
2022-04-20,8155,137.60488891601562,0.7230881271463176,1,0.009404408745467663,0.02194359339773655,-0.015673961490392685,0.0031348157208412886,0.0031348157208412886,-0.0028651842791587116,close,0,0,0,2022-04-01
2022-04-20,2023,20.731304168701172,0.7226841979258014,0,0.004219389520585537,0.012658186256885529,-0.014767945744097233,-0.010548547841608524,-0.010548547841608524,-0.016548547841608523,close,0,0,0,2022-04-01
2022-04-20,2885,19.954689025878906,0.7221897603941191,1,0.00950573105365038,0.00950573105365038,-0.001901076058857143,0.00950573105365038,0.00950573105365038,0.003505731053650379,close,0,0,0,2022-04-01
2022-04-20,2014,38.607120513916016,0.7199038709345139,0,0.004587095230817795,0.01261467020958662,-0.013761510141193867,-0.011467967182397842,-0.011467967182397842,-0.01746796718239784,close,0,0,0,2022-04-01
2022-04-20,6199,22.600000381469727,0.7151002632491552,1,0.09955751895904541,0.09955751895904541,0.09955751895904541,0.09955751895904541,0.03,0.024,gap_take_profit,1,0,0,2022-04-01
2022-04-20,6257,44.68967056274414,0.7149681760926989,1,0.006992981769144535,0.013986015692353249,0.0017482397379353642,0.005244756583124399,0.005244756583124399,-0.0007552434168756009,close,0,0,0,2022-04-01
2022-04-20,2059,409.1614990234375,0.7084522413947095,0,0.003460208186879754,0.019607843831181526,-0.017301037907600403,-0.017301037907600403,-0.017301037907600403,-0.0233010379076004,close,0,0,0,2022-04-01
2022-04-20,5522,51.6407470703125,0.707569275292988,1,0.0015082962345331907,0.018099524080753326,2.3624229683605336e-08,0.015082979574799538,0.015082979574799538,0.009082979574799538,close,0,0,0,2022-04-01
2022-04-20,1528,9.278085708618164,0.7058402097739028,1,0.005257729906588793,0.011566822417080402,0.002103083301335573,0.004206181038171053,0.004206181038171053,-0.0017938189618289472,close,0,0,0,2022-04-01
2022-04-20,6005,12.056452751159668,0.7054706622800236,1,0.00928792916238308,0.00928792916238308,0.0030960734002292156,0.00928792916238308,0.00928792916238308,0.0032879291623830794,close,0,0,0,2022-04-01
2022-04-20,2420,33.356693267822266,0.7012224125936815,0,0.0011682289186865091,0.0035047312267124653,-0.0023363905493170023,-0.0023363905493170023,-0.0023363905493170023,-0.008336390549317002,close,0,0,0,2022-04-01
2022-04-21,6199,24.850000381469727,0.810988883489852,0,0.09859149903059006,0.09859149903059006,0.0,0.0,0.03,0.024,gap_take_profit,1,0,0,2022-04-01
2022-04-21,8176,12.699999809265137,0.6221929944091006,0,-0.03937007859349251,-0.00787397101521492,-0.09842519462108612,-0.04724404960870743,-0.03937007859349251,-0.045370078593492506,gap_stop,0,1,0,2022-04-01
2022-04-21,6461,22.607030868530273,0.6167596721085948,1,0.03232760354876518,0.08620694279670715,0.012931092642247677,0.060344845056533813,0.03,0.024,gap_take_profit,1,0,0,2022-04-01
2022-04-21,9955,27.549999237060547,0.5985244211708596,0,0.010889333672821522,0.02540837600827217,-0.009074410423636436,-0.0018148544477298856,-0.0018148544477298856,-0.007814854447729886,close,0,0,0,2022-04-01
2022-04-21,2634,30.00436019897461,0.5889061398961831,1,0.004573071375489235,0.0579267218708992,0.00152422150131315,0.0579267218708992,0.03,0.024,take_profit,1,0,0,2022-04-01
2022-04-21,4171,104.78865814208984,0.5870944866803147,1,0.018750043585896492,0.06875000149011612,0.009375019930303097,0.025000037625432014,0.03,0.024,take_profit,1,0,0,2022-04-01
2022-04-21,5014,18.063419342041016,0.5836519911617265,0,-0.011520870961248875,0.023041334003210068,-0.032258231192827225,-0.004608447663486004,-0.02,-0.026000000000000002,stop_loss,0,1,0,2022-04-01
2022-04-21,3011,22.200000762939453,0.579903629597027,1,-0.01801808550953865,0.0923423022031784,-0.02702704258263111,0.08333326131105423,-0.02,-0.026000000000000002,ambiguous_stop_loss,1,1,0,2022-04-01
2022-04-21,6541,183.33799743652344,0.5567898267010177,0,-0.02243584208190441,-0.009615372866392136,-0.04647431522607803,-0.03525639325380325,-0.02243584208190441,-0.02843584208190441,gap_stop,0,1,0,2022-04-01
2022-04-21,6122,14.073441505432129,0.5519989692196692,0,0.0028985030949115753,0.02318834885954857,-0.031884122639894485,-0.023188406601548195,-0.02,-0.026000000000000002,stop_loss,0,1,0,2022-04-01
2022-04-21,3708,111.1681137084961,0.5389475222338154,1,-0.003906289581209421,0.04687495902180672,-0.019531289115548134,0.031249959021806717,0.03,0.024,take_profit,1,0,0,2022-04-01
2022-04-21,4130,28.58204460144043,0.5388819683797509,1,0.03225797042250633,0.05967731028795242,-0.02580653317272663,0.0048386333510279655,0.03,0.024,gap_take_profit,1,1,0,2022-04-01
2022-04-21,1605,38.4720344543457,0.5218077848424858,1,-0.010055861435830593,0.07597765326499939,-0.011173224076628685,0.030167533084750175,0.03,0.024,take_profit,1,0,0,2022-04-01
2022-04-21,1506,16.700000762939453,0.5189342483374636,1,-0.011976093053817749,0.04790414497256279,-0.02694615162909031,0.023952072486281395,-0.02,-0.026000000000000002,ambiguous_stop_loss,1,1,0,2022-04-01
2022-04-21,2603,137.24908447265625,0.5093540184669811,1,-0.006872880272567272,0.024054953828454018,-0.013745732605457306,0.013745675794780254,0.013745675794780254,0.007745675794780254,close,0,0,0,2022-04-01
2022-04-21,9904,27.158008575439453,0.501936310419912,1,4.478214066239161e-08,0.006172790192067623,-0.015432112850248814,0.006172790192067623,0.006172790192067623,0.000172790192067623,close,0,0,0,2022-04-01
2022-04-21,3596,103.31979370117188,0.4960580058128564,1,-0.007968171499669552,0.04780871793627739,-0.011952235363423824,0.03585652634501457,0.03,0.024,take_profit,1,0,0,2022-04-01
2022-04-21,6443,46.31690216064453,0.48755065062078146,0,-0.017689939588308334,0.015608702786266804,-0.019771099090576172,-0.005202978849411011,-0.005202978849411011,-0.01120297884941101,close,0,0,0,2022-04-01
2022-04-21,3548,57.87289810180664,0.48379355238291805,0,4.271297626701198e-08,0.010852709412574768,-0.03875964879989624,-0.031007710844278336,-0.02,-0.026000000000000002,stop_loss,0,1,0,2022-04-01
2022-04-21,4128,50.72622299194336,0.4834923139198098,0,0.010903412476181984,0.03738315775990486,-0.031152717769145966,-0.02959509566426277,-0.02,-0.026000000000000002,ambiguous_stop_loss,1,1,0,2022-04-01
2022-04-22,1584,20.652517318725586,0.6427871923364027,1,-0.002057570032775402,0.04320988804101944,-0.053497906774282455,0.002057653618976474,-0.02,-0.026000000000000002,ambiguous_stop_loss,1,1,0,2022-04-01
2022-04-22,6781,890.5330200195312,0.6121566409591593,0,-0.016753921285271645,5.300451633161174e-09,-0.03874345123767853,-0.02513088472187519,-0.02,-0.026000000000000002,stop_loss,0,1,0,2022-04-01
2022-04-22,8489,38.77006912231445,0.5675866136964215,0,0.040973227471113205,0.07554425299167633,-0.07810492813587189,-0.07810492813587189,0.03,0.024,gap_take_profit,1,1,0,2022-04-01
2022-04-22,2417,32.96660614013672,0.5520868341716507,0,0.017751622945070267,0.07988175749778748,-0.04881643131375313,-0.04881643131375313,-0.02,-0.026000000000000002,ambiguous_stop_loss,1,1,0,2022-04-01
2022-04-22,3624,68.18168640136719,0.5423269530681949,0,-0.04430391266942024,-0.020253261551260948,-0.07215197384357452,-0.06962036341428757,-0.04430391266942024,-0.05030391266942024,gap_stop,0,1,0,2022-04-01
2022-04-22,8155,129.4089813232422,0.5304026252885155,0,-0.019999932497739792,0.010000068694353104,-0.0433332696557045,-0.03666660189628601,-0.02,-0.026000000000000002,stop_loss,0,1,0,2022-04-01
2022-04-22,3532,189.7842254638672,0.52755110925476,0,-0.0469483956694603,-0.0023474600166082382,-0.05633806809782982,-0.0023474600166082382,-0.0469483956694603,-0.052948395669460295,gap_stop,0,1,0,2022-04-01
2022-04-22,2340,39.43562316894531,0.5208645996085921,0,-0.06314578652381897,-0.01722155697643757,-0.06314578652381897,-0.033295053988695145,-0.06314578652381897,-0.06914578652381898,gap_stop,0,1,0,2022-04-01
2022-04-22,5274,2388.900146484375,0.5158106058980124,0,-0.02898559346795082,-0.021739190444350243,-0.08514495193958282,-0.0634058341383934,-0.02898559346795082,-0.03498559346795082,gap_stop,0,1,0,2022-04-01
2022-04-22,3548,56.078392028808594,0.5121071530185999,0,-0.01599997468292713,-0.007999975234270096,-0.030400000512599945,-0.025599950924515724,-0.02,-0.026000000000000002,stop_loss,0,1,0,2022-04-01
2022-04-22,3434,28.922286987304688,0.5107170356903926,0,-0.012278378941118717,-0.012278378941118717,-0.0995907410979271,-0.09413373470306396,-0.02,-0.026000000000000002,stop_loss,0,1,0,2022-04-01
2022-04-22,3508,36.150001525878906,0.4988144320770887,0,-0.041493773460388184,-0.012448153458535671,-0.06362386792898178,-0.04840940237045288,-0.041493773460388184,-0.04749377346038818,gap_stop,0,1,0,2022-04-01
2022-04-22,6515,334.3094177246094,0.49535545523587904,0,-0.024657439440488815,-0.021917713806033134,-0.06575333327054977,-0.03698620945215225,-0.024657439440488815,-0.030657439440488814,gap_stop,0,1,0,2022-04-01
2022-04-22,6122,13.747100830078125,0.4940474090852474,0,-0.020771438255906105,-0.011869356967508793,-0.05341248959302902,-0.03264092281460762,-0.020771438255906105,-0.026771438255906103,gap_stop,0,1,0,2022-04-01
2022-04-22,6469,150.82919311523438,0.49298821205256915,0,0.03353653848171234,0.09146338701248169,-0.09908539056777954,-0.0853659138083458,0.03,0.024,gap_take_profit,1,1,0,2022-04-01
2022-04-22,5009,27.57006072998047,0.490980846339169,1,-0.010819105431437492,0.030911916866898537,-0.061823733150959015,0.030911916866898537,-0.02,-0.026000000000000002,ambiguous_stop_loss,1,1,0,2022-04-01
2022-04-22,3016,94.21391296386719,0.48240756560493064,0,-0.0396040640771389,-0.0227724127471447,-0.055445633828639984,-0.05445554852485657,-0.0396040640771389,-0.0456040640771389,gap_stop,0,1,0,2022-04-01
2022-04-22,3628,38.91950988769531,0.4665772880197903,0,-0.0021690428256988525,1.2173120467195986e-07,-0.042299166321754456,-0.04013000428676605,-0.02,-0.026000000000000002,stop_loss,0,1,0,2022-04-01
2022-04-22,2608,40.01537322998047,0.4597107107146033,0,0.03199177607893944,0.09391128271818161,-0.06707941740751266,-0.06707941740751266,0.03,0.024,gap_take_profit,1,1,0,2022-04-01
2022-04-22,2611,19.733592987060547,0.45844445986037285,0,-0.011194047518074512,-0.009328396990895271,-0.09328360110521317,-0.08955222368240356,-0.02,-0.026000000000000002,stop_loss,0,1,0,2022-04-01
2022-04-25,6233,21.4145565032959,0.8306324810167272,1,0.011210739612579346,0.04035878926515579,-0.013452903367578983,0.004484299570322037,0.03,0.024,take_profit,1,0,0,2022-04-01
2022-04-25,6237,51.66667175292969,0.8268761085153318,1,0.01489758025854826,0.029795145615935326,-0.005586563143879175,0.003724423935636878,0.003724423935636878,-0.002275576064363122,close,0,0,0,2022-04-01
2022-04-25,6182,49.15276336669922,0.817572993893395,1,0.029520247131586075,0.04243538901209831,0.007380011957138777,0.009225072339177132,0.03,0.024,take_profit,1,0,0,2022-04-01
2022-04-25,3141,122.66092681884766,0.8138937725407767,0,0.018796980381011963,0.022556377574801445,-0.011278207413852215,-0.007518809288740158,-0.007518809288740158,-0.013518809288740158,close,0,0,0,2022-04-01
2022-04-25,6531,230.2310791015625,0.8057553864611045,0,0.02385685406625271,0.02385685406625271,-0.021868791431188583,-0.01590457744896412,-0.02,-0.026000000000000002,stop_loss,0,1,0,2022-04-01
2022-04-25,3324,149.189453125,0.8054059072509311,0,0.030864214524626732,0.030864214524626732,-0.02160492166876793,-0.012345662340521812,0.03,0.024,gap_take_profit,1,1,0,2022-04-01
2022-04-25,3628,37.357669830322266,0.8022507710714702,1,0.022598814219236374,0.06892647594213486,0.00790951494127512,0.042937830090522766,0.03,0.024,take_profit,1,0,0,2022-04-01
2022-04-25,4114,17.30268669128418,0.796358976431214,0,0.010988987050950527,0.018315013498067856,-0.007326025981456041,0.0,0.0,-0.006,close,0,0,0,2022-04-01
2022-04-25,3529,1083.130126953125,0.7960735239267697,0,0.017777808010578156,0.017777808010578156,-0.053333304822444916,-0.01777774840593338,-0.02,-0.026000000000000002,stop_loss,0,1,0,2022-04-01
2022-04-25,3583,69.57855987548828,0.789297106343949,1,0.013280164450407028,0.02390427328646183,-0.010624256916344166,0.021248269826173782,0.021248269826173782,0.015248269826173782,close,0,0,0,2022-04-01
2022-04-25,5530,46.113136291503906,0.7873722049200288,1,0.017894724383950233,0.026315810158848763,1.9628576097829864e-08,0.009473719634115696,0.009473719634115696,0.003473719634115696,close,0,0,0,2022-04-01
2022-04-25,8255,160.50686645507812,0.7870488376147654,0,0.014326652511954308,0.022922609001398087,-0.028653310611844063,-0.02578796073794365,-0.02,-0.026000000000000002,stop_loss,0,1,0,2022-04-01
2022-04-25,2476,38.793155670166016,0.7859803737356946,1,0.030701788142323494,0.0416666716337204,0.012061387300491333,0.027412256225943565,0.03,0.024,gap_take_profit,1,0,0,2022-04-01
2022-04-25,5475,15.550000190734863,0.785839231412418,1,0.012861724011600018,0.032154280692338943,0.0032154463697224855,0.01607717014849186,0.03,0.024,take_profit,1,0,0,2022-04-01
2022-04-25,2338,68.66890716552734,0.7825854412395447,1,0.018791940063238144,0.020134201273322105,-0.010738322511315346,0.0026844963431358337,0.0026844963431358337,-0.0033155036568641664,close,0,0,0,2022-04-01
2022-04-25,3508,34.400001525878906,0.782230042486856,1,0.011627839878201485,0.03488362953066826,-0.007267441600561142,0.004360398277640343,0.03,0.024,take_profit,1,0,0,2022-04-01
2022-04-25,1590,764.4227294921875,0.7798286162319514,1,0.018633529543876648,0.03726707026362419,-0.004968955181539059,0.0012422249419614673,0.03,0.024,take_profit,1,0,0,2022-04-01
2022-04-25,6438,86.42597961425781,0.7772894250033867,1,0.014354287646710873,0.052631791681051254,0.014354287646710873,0.03827771916985512,0.03,0.024,take_profit,1,0,0,2022-04-01
2022-04-25,3504,65.0999984741211,0.7762341786061423,1,0.04454687610268593,0.04454687610268593,0.015360983088612556,0.02764981798827648,0.03,0.024,gap_take_profit,1,0,0,2022-04-01
2022-04-25,4760,57.390037536621094,0.7701220646990945,0,-3.3966681911579144e-08,0.013966504484415054,-0.036312855780124664,-0.026536356657743454,-0.02,-0.026000000000000002,stop_loss,0,1,0,2022-04-01
2022-04-26,3434,28.80391502380371,0.7049536744218824,1,-0.004109663423150778,0.10000001639127731,-0.005479506682604551,0.10000001639127731,0.03,0.024,take_profit,1,0,0,2022-04-01
2022-04-26,3708,125.93262481689453,0.6944628689904466,0,-0.010344844311475754,0.003448258386924863,-0.06551725417375565,-0.03448277711868286,-0.02,-0.026000000000000002,stop_loss,0,1,0,2022-04-01
2022-04-26,4162,70.2952880859375,0.6533880416953052,1,-0.017072975635528564,0.0317075215280056,-0.020731456577777863,0.0317075215280056,-0.02,-0.026000000000000002,ambiguous_stop_loss,1,1,0,2022-04-01
2022-04-26,6719,439.9637756347656,0.6347059098345527,0,-0.053191423416137695,-0.01382971741259098,-0.0563829131424427,-0.021276526153087616,-0.053191423416137695,-0.059191423416137694,gap_stop,0,1,0,2022-04-01
2022-04-26,8255,156.3677215576172,0.6322653930655917,0,-0.05882355198264122,-0.026470577344298363,-0.09705882519483566,-0.03235296905040741,-0.05882355198264122,-0.06482355198264123,gap_stop,0,1,0,2022-04-01
2022-04-26,6488,472.1981506347656,0.6273244706004983,0,-0.03954820707440376,-0.03013201430439949,-0.07438812404870987,-0.062147073447704315,-0.03954820707440376,-0.04554820707440376,gap_stop,0,1,0,2022-04-01
2022-04-26,3324,147.3476104736328,0.6255724381542769,1,-0.03124997392296791,0.03125002607703209,-0.03124997392296791,0.01875002682209015,-0.03124997392296791,-0.03724997392296791,gap_stop,1,1,0,2022-04-01
2022-04-26,2032,27.372451782226562,0.619530624066004,0,-0.021630581468343735,-0.004991644527763128,-0.048252854496240616,-0.03327784687280655,-0.021630581468343735,-0.027630581468343733,gap_stop,0,1,0,2022-04-01
2022-04-26,2030,27.450653076171875,0.6163440037403476,0,-0.04052094370126724,-0.014471804723143578,-0.044862519949674606,-0.030390741303563118,-0.04052094370126724,-0.04652094370126724,gap_stop,0,1,0,2022-04-01
2022-04-26,1795,107.60956573486328,0.5993978463026549,1,-0.03030301444232464,0.03463205322623253,-0.0389610230922699,0.008658025413751602,-0.03030301444232464,-0.03630301444232464,gap_stop,1,1,0,2022-04-01
2022-04-26,6492,88.0999984741211,0.5926208159387554,1,-0.046538010239601135,0.049943264573812485,-0.046538010239601135,0.049943264573812485,-0.046538010239601135,-0.052538010239601134,gap_stop,1,1,0,2022-04-01
2022-04-26,3701,48.309749603271484,0.5888122864241965,0,-0.03514053300023079,-0.002008008537814021,-0.05622486025094986,-0.01907626911997795,-0.03514053300023079,-0.04114053300023079,gap_stop,0,1,0,2022-04-01
2022-04-26,6531,226.56935119628906,0.5881580503616439,0,-0.06262629479169846,-0.012121244333684444,-0.08282831311225891,-0.022222254425287247,-0.06262629479169846,-0.06862629479169846,gap_stop,0,1,0,2022-04-01
2022-04-26,4912,102.81063842773438,0.5765847722451821,0,-0.035555556416511536,-0.01777777448296547,-0.07555554807186127,-0.031111128628253937,-0.035555556416511536,-0.041555556416511534,gap_stop,0,1,0,2022-04-01
2022-04-26,2606,49.861236572265625,0.5733953201642713,1,-0.02547762542963028,0.04458603635430336,-0.033439408987760544,0.02707013674080372,-0.02547762542963028,-0.03147762542963028,gap_stop,1,1,0,2022-04-01
2022-04-26,3588,82.40921020507812,0.5722736341368958,1,-0.06206908077001572,0.014778202399611473,-0.06206908077001572,0.009852114133536816,-0.06206908077001572,-0.06806908077001572,gap_stop,0,1,0,2022-04-01
2022-04-26,3712,27.590614318847656,0.5679600914353784,1,-0.03550296649336815,0.0310650821775198,-0.03550296649336815,0.026627279818058014,-0.03550296649336815,-0.04150296649336815,gap_stop,1,1,0,2022-04-01
2022-04-26,9945,48.642120361328125,0.5661364977451622,1,0.06308712810277939,0.06711402535438538,0.013422750867903233,0.059060294181108475,0.03,0.024,gap_take_profit,1,0,0,2022-04-01
2022-04-26,6150,93.45689392089844,0.5647620816007699,0,-0.05405406281352043,0.004504495300352573,-0.07207208126783371,-0.01351352222263813,-0.05405406281352043,-0.06005406281352043,gap_stop,0,1,0,2022-04-01
2022-04-26,6118,27.104766845703125,0.5600955148658874,0,-0.06043950840830803,-0.021977927535772324,-0.07692298293113708,-0.0329669788479805,-0.06043950840830803,-0.06643950840830803,gap_stop,0,1,0,2022-04-01
2022-04-27,6199,22.950000762939453,0.6627495411288566,1,0.04575159773230553,0.09803920984268188,0.04575159773230553,0.07407402247190475,0.03,0.024,gap_take_profit,1,0,0,2022-04-01
2022-04-27,2330,493.6726989746094,0.5124034299933048,1,0.007604772690683603,0.011407054960727692,-0.005703215021640062,0.009505913592875004,0.009505913592875004,0.0035059135928750037,close,0,0,0,2022-04-01
2022-04-27,3322,17.861989974975586,0.5076169905857292,0,0.023622088134288788,0.028871452435851097,-0.007873996160924435,0.0,0.0,-0.006,close,0,0,0,2022-04-01
2022-04-27,6488,442.8524169921875,0.48934734279816927,1,0.018072357401251793,0.056224968284368515,0.008032195270061493,0.036144647747278214,0.03,0.024,take_profit,1,0,0,2022-04-01
2022-04-27,3630,29.899999618530273,0.4714360665519032,1,0.008361204527318478,0.01839468814432621,-0.0066889249719679356,0.005016709677875042,0.005016709677875042,-0.0009832903221249582,close,0,0,0,2022-04-01
2022-04-27,3527,112.46342468261719,0.4672144326227724,1,0.011320644989609718,0.09811308979988098,0.011320644989609718,0.09811308979988098,0.03,0.024,take_profit,1,0,0,2022-04-01
2022-04-27,3691,140.54615783691406,0.4546070303763662,1,0.017006821930408478,0.023809464648365974,-0.0034013211261481047,0.006802750751376152,0.006802750751376152,0.0008027507513761519,close,0,0,0,2022-04-01
2022-04-27,2548,63.33897018432617,0.45353343920452643,1,4.870142333857075e-08,0.006593421567231417,4.870142333857075e-08,0.005494542419910431,0.005494542419910431,-0.0005054575800895692,close,0,0,0,2022-04-01
2022-04-27,6509,42.47617721557617,0.45278657448222975,0,0.014433145523071289,0.01752588339149952,-0.010309141129255295,-0.010309141129255295,-0.010309141129255295,-0.016309141129255293,close,0,0,0,2022-04-01
2022-04-27,1402,24.840316772460938,0.44732989656294353,1,5.7129735608896226e-08,0.008417565375566483,-0.0016834831330925226,0.008417565375566483,0.008417565375566483,0.0024175653755664824,close,0,0,0,2022-04-01
2022-04-27,2207,502.732177734375,0.43868919466441414,1,0.0017605973407626152,0.017605699598789215,-0.003521067090332508,0.017605699598789215,0.017605699598789215,0.011605699598789215,close,0,0,0,2022-04-01
2022-04-27,3540,26.667999267578125,0.43862108780735504,1,0.005119410343468189,0.01706475019454956,-9.528969968641832e-08,0.003412886755540967,0.003412886755540967,-0.002587113244459033,close,0,0,0,2022-04-01
2022-04-27,4744,25.74958038330078,0.42735289414173505,1,2.312016889050028e-08,0.025996532291173935,2.312016889050028e-08,0.008665503934025764,0.008665503934025764,0.0026655039340257643,close,0,0,0,2022-04-01
2022-04-27,1326,69.9568862915039,0.4174018813517182,1,-0.001264045713469386,0.010113977827131748,-0.0037924526259303093,0.010113977827131748,0.010113977827131748,0.004113977827131748,close,0,0,0,2022-04-01
2022-04-27,6175,28.695276260375977,0.41623407753365643,1,0.032070085406303406,0.0349854901432991,0.004373266827315092,0.021865934133529663,0.03,0.024,gap_take_profit,1,0,0,2022-04-01
2022-04-27,3044,101.54563903808594,0.4153100787932349,0,-5.1502230036248875e-08,-5.1502230036248875e-08,-0.012000051327049732,-0.00800005067139864,-0.00800005067139864,-0.01400005067139864,close,0,0,0,2022-04-01
2022-04-27,4931,29.492116928100586,0.41529519183490754,0,0.026073675602674484,0.039877381175756454,-0.007668727543205023,-0.004601172637194395,0.03,0.024,take_profit,1,0,0,2022-04-01
2022-04-27,4123,45.058170318603516,0.4125586350748826,0,0.007974440231919289,0.011164232157170773,0.0,0.0,0.0,-0.006,close,0,0,0,2022-04-01
2022-04-27,2412,113.39210510253906,0.41211576597196675,0,-3.632786160778778e-08,0.003787842346355319,-0.015151550993323326,-0.003787914989516139,-0.003787914989516139,-0.00978791498951614,close,0,0,0,2022-04-01
2022-04-27,2347,60.292518615722656,0.4115068246922056,1,-6.326983026383459e-08,0.013244968838989735,-0.0052980962209403515,0.013244968838989735,0.013244968838989735,0.0072449688389897345,close,0,0,0,2022-04-01
2022-04-28,4414,17.68805694580078,0.903466470708984,1,0.006437712348997593,0.09871241450309753,-0.00214597606100142,0.09871241450309753,0.03,0.024,take_profit,1,0,0,2022-04-01
2022-04-28,2027,30.70321273803711,0.9032800910669041,0,0.01126123871654272,0.012387415394186974,-0.0022522478830069304,0.0,0.0,-0.006,close,0,0,0,2022-04-01
2022-04-28,1727,39.7029914855957,0.898037666757244,0,0.02380954846739769,0.02380954846739769,-0.009523821994662285,-0.009523821994662285,-0.009523821994662285,-0.015523821994662285,close,0,0,0,2022-04-01
2022-04-28,2455,74.82682037353516,0.897981334692967,1,0.03956823796033859,0.07434043288230896,0.03117498941719532,0.040767353028059006,0.03,0.024,gap_take_profit,1,0,0,2022-04-01
2022-04-28,2491,16.172155380249023,0.8972143280511518,1,0.04294483736157417,0.04907982796430588,0.015337426215410233,0.015337426215410233,0.03,0.024,gap_take_profit,1,0,0,2022-04-01
2022-04-28,8112,31.83625030517578,0.8947527966600094,1,0.012181590311229229,0.024363256990909576,0.009966827929019928,0.024363256990909576,0.024363256990909576,0.018363256990909578,close,0,0,0,2022-04-01
2022-04-28,2032,26.4160099029541,0.893890694349589,0,0.00344830728136003,0.010344820097088814,-0.006896560080349445,-0.0017240934539586306,-0.0017240934539586306,-0.007724093453958631,close,0,0,0,2022-04-01
2022-04-28,6138,148.6439208984375,0.8933486029078654,1,0.04359675571322441,0.08174389600753784,0.02724798209965229,0.035422369837760925,0.03,0.024,gap_take_profit,1,0,0,2022-04-01
2022-04-28,3532,175.08262634277344,0.8924676696106258,0,0.027989860624074936,0.053435154259204865,-0.007633550558239222,-0.007633550558239222,0.03,0.024,take_profit,1,0,0,2022-04-01
2022-04-28,3540,26.759014129638672,0.8920867402819467,1,0.013605487532913685,0.04081641137599945,0.013605487532913685,0.030612291768193245,0.03,0.024,take_profit,1,0,0,2022-04-01
2022-04-28,2723,76.941162109375,0.891596701781064,1,0.004519923124462366,0.04858774319291115,0.004519923124462366,0.045197878032922745,0.03,0.024,take_profit,1,0,0,2022-04-01
2022-04-28,2328,29.271480560302734,0.8908645916326391,0,0.013513537123799324,0.022522522136569023,0.0,0.0,0.0,-0.006,close,0,0,0,2022-04-01
2022-04-28,5439,41.815120697021484,0.88983194204496,1,0.004044474568217993,0.01112229935824871,-0.0010111371520906687,0.0010110766161233187,0.0010110766161233187,-0.0049889233838766815,close,0,0,0,2022-04-01
2022-04-28,8086,79.7987060546875,0.8886018676586708,1,0.005959543865174055,0.029797447845339775,-0.003575654001906514,0.0011919449316337705,0.0011919449316337705,-0.00480805506836623,close,0,0,0,2022-04-01
2022-04-28,2451,54.41942596435547,0.8883762407974916,1,0.0070521715097129345,0.009873002767562866,0.0014104011934250593,0.002820816822350025,0.002820816822350025,-0.003179183177649975,close,0,0,0,2022-04-01
2022-04-28,4989,32.52738952636719,0.8881118678147402,0,0.00573890283703804,0.018651407212018967,-0.004304095171391964,0.0,0.0,-0.006,close,0,0,0,2022-04-01
2022-04-28,2028,30.362470626831055,0.8871501720055267,1,0.02564106322824955,0.02564106322824955,0.0013495227321982384,0.0040486399084329605,0.0040486399084329605,-0.0019513600915670396,close,0,0,0,2022-04-01
2022-04-28,9921,210.36231994628906,0.8871116258035062,1,0.006276052910834551,0.050209108740091324,0.006276052910834551,0.039748866111040115,0.03,0.024,take_profit,1,0,0,2022-04-01
2022-04-28,2337,32.99131393432617,0.8869812254954946,1,0.018543114885687828,0.037086181342601776,0.007947048172354698,0.011920598335564137,0.03,0.024,take_profit,1,0,0,2022-04-01
2022-04-28,1529,17.86587142944336,0.8867818843558611,0,0.026252999901771545,0.026252999901771545,-0.011933120898902416,-0.009546526707708836,-0.009546526707708836,-0.015546526707708836,close,0,0,0,2022-04-01
2022-04-29,3308,17.553199768066406,0.6665527819349527,1,0.09731540083885193,0.09731540083885193,0.09731540083885193,0.09731540083885193,0.03,0.024,gap_take_profit,1,0,0,2022-04-01
2022-04-29,6470,50.67694091796875,0.5718994601328197,0,-0.012638264335691929,0.015797771513462067,-0.033175352960824966,-0.012638264335691929,-0.02,-0.026000000000000002,stop_loss,0,1,0,2022-04-01
2022-04-29,8114,102.92562103271484,0.5622401017314201,0,0.033613476902246475,0.06722692400217056,-0.016806691884994507,-0.012605010531842709,0.03,0.024,gap_take_profit,1,0,0,2022-04-01
2022-04-29,1605,38.515018463134766,0.5163574907004871,0,0.004464258905500174,0.0089286332949996,-0.03794638812541962,-0.03794638812541962,-0.02,-0.026000000000000002,stop_loss,0,1,0,2022-04-01
2022-04-29,1506,17.75,0.5161806446342871,1,0.0,0.09577468782663345,-0.0056338245049119,0.08169018477201462,0.03,0.024,take_profit,1,0,0,2022-04-01
2022-04-29,6719,438.0916442871094,0.5013813836595494,0,-0.017094066366553307,-0.004273555241525173,-0.03311970829963684,-0.016025690361857414,-0.02,-0.026000000000000002,stop_loss,0,1,0,2022-04-01
2022-04-29,4931,32.25135040283203,0.4995348984253922,0,-0.009817712008953094,0.01823277771472931,-0.040673207491636276,-0.007012598682194948,-0.02,-0.026000000000000002,stop_loss,0,1,0,2022-04-01
2022-04-29,8938,67.45530700683594,0.47538275705038624,1,0.009389515034854412,0.031689997762441635,-1.9063597278545785e-07,0.030516307801008224,0.03,0.024,take_profit,1,0,0,2022-04-01
2022-04-29,3374,128.179443359375,0.46479109312363937,0,0.02898559719324112,0.050724729895591736,-0.014492667280137539,-0.0072462898679077625,0.03,0.024,take_profit,1,0,0,2022-04-01
2022-04-29,5388,73.93940734863281,0.46340247830413034,0,0.013189440593123436,0.025179848074913025,-0.015587556175887585,-0.008393329568207264,-0.008393329568207264,-0.014393329568207264,close,0,0,0,2022-04-01
2022-04-29,2351,118.07411193847656,0.46319175788244643,1,0.0037878123112022877,0.03030296228826046,0.0037878123112022877,0.026515083387494087,0.03,0.024,take_profit,1,0,0,2022-04-01
2022-04-29,4171,110.68302917480469,0.4618622938577406,0,0.011834239587187767,0.029585763812065125,-0.062130216509103775,-0.053254514932632446,-0.02,-0.026000000000000002,stop_loss,0,1,0,2022-04-01
2022-04-29,4414,19.4340877532959,0.46184625350499486,1,0.0058593242429196835,0.046874985098838806,0.0,0.025390569120645523,0.03,0.024,take_profit,1,0,0,2022-04-01
2022-04-29,3596,105.3779525756836,0.4609487335364507,0,-0.01562507078051567,-7.126013201741443e-08,-0.02734381891787052,-0.00781257078051567,-0.02,-0.026000000000000002,stop_loss,0,1,0,2022-04-01
2022-04-29,3434,32.51291275024414,0.4527337779357103,1,0.025485403835773468,0.06796114146709442,0.025485403835773468,0.06067958101630211,0.03,0.024,take_profit,1,0,0,2022-04-01
2022-04-29,3499,17.5,0.447174575733179,1,0.0,0.014285714365541935,-0.01714281365275383,0.01142861507833004,0.01142861507833004,0.00542861507833004,close,0,0,0,2022-04-01
2022-04-29,3017,96.23428344726562,0.4407173005447848,1,0.004784810356795788,0.04306230694055557,9.553873070444752e-08,0.014354166574776173,0.03,0.024,take_profit,1,0,0,2022-04-01
2022-04-29,2230,11.717870712280273,0.4393288255729931,1,0.006211256142705679,0.05590066686272621,0.006211256142705679,0.037267036736011505,0.03,0.024,take_profit,1,0,0,2022-04-01
2022-04-29,6285,64.81904602050781,0.4390817858795753,0,0.0039113289676606655,0.014341527596116066,-0.013037819415330887,-0.009126571007072926,-0.009126571007072926,-0.015126571007072926,close,0,0,0,2022-04-01
2022-04-29,2641,21.810815811157227,0.4381766560175733,0,0.011278193444013596,0.015037556178867817,-0.022556371986865997,-0.013157851994037628,-0.02,-0.026000000000000002,stop_loss,0,1,0,2022-04-01
2022-05-03,3308,19.261396408081055,0.8404611257420689,1,0.04281340539455414,0.08562691509723663,0.015290559269487858,0.05810396373271942,0.03,0.024,gap_take_profit,1,0,1,2022-05-01
2022-05-03,4912,95.95659637451172,0.8189569485194083,1,-0.009523842483758926,0.028571324422955513,-0.014285804703831673,0.01428566500544548,0.01428566500544548,0.00828566500544548,close,0,0,1,2022-05-01
2022-05-03,6741,122.28797149658203,0.8153086753144739,1,0.07450983673334122,0.09803925454616547,0.043137289583683014,0.09803925454616547,0.03,0.024,gap_take_profit,1,0,1,2022-05-01
2022-05-03,1325,32.38426208496094,0.8107765907124462,0,0.0068026878871023655,0.01088436134159565,-0.009523800574243069,-0.00408170698210597,-0.00408170698210597,-0.01008170698210597,close,0,0,1,2022-05-01
2022-05-03,4164,37.9878044128418,0.8105814536837187,0,0.006771985907107592,0.014672715216875076,-0.013543989509344101,-0.0056433468125760555,-0.0056433468125760555,-0.011643346812576056,close,0,0,1,2022-05-01
2022-05-03,3701,46.32109451293945,0.8037413096381096,0,-0.003141272347420454,0.02198963053524494,-0.018848106265068054,-0.017801005393266678,-0.017801005393266678,-0.023801005393266676,close,0,0,1,2022-05-01
2022-05-03,2428,102.3366470336914,0.802537547479656,1,0.01680670492351055,0.05042015016078949,-1.677418381973439e-08,0.008403344079852104,0.03,0.024,take_profit,1,0,1,2022-05-01
2022-05-03,2034,26.116579055786133,0.8011060383713335,0,0.0015748273581266403,0.007874064147472382,-0.012598365545272827,-0.009448747150599957,-0.009448747150599957,-0.015448747150599957,close,0,0,1,2022-05-01
2022-05-03,2030,25.861614227294922,0.7884803331538837,0,0.013824929483234882,0.013824929483234882,-0.013824887573719025,-0.007680471055209637,-0.007680471055209637,-0.013680471055209637,close,0,0,1,2022-05-01
2022-05-03,2069,24.74346160888672,0.7883034549462203,0,0.0016313934465870261,0.009788000956177711,-0.004893917124718428,-0.0032626206520944834,-0.0032626206520944834,-0.009262620652094484,close,0,0,1,2022-05-01
2022-05-03,2885,19.651195526123047,0.7879688106649362,1,0.003861054079607129,0.0057915495708584785,-0.0019305137684568763,0.003861054079607129,0.003861054079607129,-0.002138945920392871,close,0,0,1,2022-05-01
2022-05-03,4167,18.272266387939453,0.7852938167362852,0,-0.00795754138380289,0.018567657098174095,-0.03448273986577988,-0.023872721940279007,-0.02,-0.026000000000000002,stop_loss,0,1,1,2022-05-01
2022-05-03,2010,18.057126998901367,0.7852863352396098,1,0.009478552266955376,0.018957260996103287,-0.004739420022815466,0.0023695658892393112,0.0023695658892393112,-0.003630434110760689,close,0,0,1,2022-05-01
2022-05-03,3483,67.30156707763672,0.7838736739191277,1,0.016712989658117294,0.033426038920879364,0.011141939088702202,0.03203330188989639,0.03,0.024,take_profit,1,0,1,2022-05-01
2022-05-03,2324,19.623350143432617,0.783058710341002,1,0.009049723856151104,0.031674157828092575,0.006787314545363188,0.02488684467971325,0.03,0.024,take_profit,1,0,1,2022-05-01
2022-05-03,2383,194.32717895507812,0.7796466605884393,1,-0.002325640292838216,0.04418598487973213,-0.004651221446692944,0.032558079808950424,0.03,0.024,take_profit,1,0,1,2022-05-01
2022-05-03,3217,75.152099609375,0.7796160774013619,1,0.009677456691861153,0.03655917942523956,2.0629606467537087e-08,0.005376365035772324,0.03,0.024,take_profit,1,0,1,2022-05-01
2022-05-03,8454,470.26385498046875,0.7786586590746849,0,0.0038708632346242666,0.021935464814305305,-0.01161301601678133,-0.007741989102214575,-0.007741989102214575,-0.013741989102214575,close,0,0,1,2022-05-01
2022-05-03,1712,25.285015106201172,0.7779514832244815,0,0.008116883225739002,0.01948053203523159,-0.0032467038836330175,0.0,0.0,-0.006,close,0,0,1,2022-05-01
2022-05-03,5475,15.25,0.7774229115314827,1,0.006557402200996876,0.08196721225976944,0.006557402200996876,0.07540981471538544,0.03,0.024,take_profit,1,0,1,2022-05-01
2022-05-04,2015,69.31025695800781,0.8337895099680567,1,0.002469100756570697,0.014814780093729496,0.002469100756570697,0.01234568189829588,0.01234568189829588,0.006345681898295879,close,0,0,1,2022-05-01
2022-05-04,2028,30.1575927734375,0.8316914715233781,1,0.02445654198527336,0.029891345649957657,0.008152132853865623,0.014945611357688904,0.014945611357688904,0.008945611357688904,close,0,0,1,2022-05-01
2022-05-04,2023,18.45698356628418,0.8314390058328537,1,0.016587724909186363,0.0260663740336895,0.0047393664717674255,0.007108979858458042,0.007108979858458042,0.001108979858458042,close,0,0,1,2022-05-01
2022-05-04,2034,25.869810104370117,0.8312058768653968,1,0.011128704063594341,0.03497608006000519,0.011128704063594341,0.019077828153967857,0.03,0.024,take_profit,1,0,1,2022-05-01
2022-05-04,8261,84.35596466064453,0.8311262515204091,1,0.09999986737966537,0.09999986737966537,0.06499987095594406,0.08999986946582794,0.03,0.024,gap_take_profit,1,0,1,2022-05-01
2022-05-04,6719,423.1141357421875,0.8294207851944404,1,0.029867282137274742,0.09181418269872665,0.029867282137274742,0.07632745802402496,0.03,0.024,take_profit,1,0,1,2022-05-01
2022-05-04,2069,24.66273307800293,0.8256808630490184,1,0.016366533935070038,0.027823174372315407,0.011456563137471676,0.0212765671312809,0.0212765671312809,0.015276567131280899,close,0,0,1,2022-05-01
2022-05-04,9958,114.06645202636719,0.825357375379216,1,0.012448132038116455,0.037344396114349365,0.012448132038116455,0.012448132038116455,0.03,0.024,take_profit,1,0,1,2022-05-01
2022-05-04,3701,45.49653244018555,0.8227860996277594,1,0.047974422574043274,0.098081074655056,0.04584226757287979,0.098081074655056,0.03,0.024,gap_take_profit,1,0,1,2022-05-01
2022-05-04,4130,23.603235244750977,0.8220814467616357,1,0.013671928085386753,0.035156287252902985,0.007812593132257462,0.007812593132257462,0.03,0.024,take_profit,1,0,1,2022-05-01
2022-05-04,8046,347.47113037109375,0.821589404865728,1,0.04140530526638031,0.05897117778658867,0.03387707099318504,0.04893353581428528,0.03,0.024,gap_take_profit,1,0,1,2022-05-01
2022-05-04,4551,112.40689849853516,0.8210150590896206,1,0.02723739854991436,0.04280159994959831,0.01556424517184496,0.023346347734332085,0.03,0.024,take_profit,1,0,1,2022-05-01
2022-05-04,6284,46.39603805541992,0.8200155611704116,1,0.019047673791646957,0.03238099813461304,0.0038096096832305193,0.02476196549832821,0.03,0.024,take_profit,1,0,1,2022-05-01
2022-05-04,2892,21.656633377075195,0.8198920614731077,0,0.0072991736233234406,0.0072991736233234406,-0.012773777358233929,-0.010949055664241314,-0.010949055664241314,-0.016949055664241312,close,0,0,1,2022-05-01
2022-05-04,5880,21.8092098236084,0.8143577255953499,0,0.010695317760109901,0.012477838434278965,-0.008912564255297184,-0.008912564255297184,-0.008912564255297184,-0.014912564255297184,close,0,0,1,2022-05-01
2022-05-04,1303,72.61859893798828,0.8132928641713415,1,0.005773636046797037,0.008083158172667027,-3.56844331861339e-08,0.005773636046797037,0.005773636046797037,-0.000226363953202963,close,0,0,1,2022-05-01
2022-05-04,4513,17.360157012939453,0.8130025557401539,0,0.04838717356324196,0.04838717356324196,-0.01881713606417179,-0.0026880628429353237,0.03,0.024,gap_take_profit,1,0,1,2022-05-01
2022-05-04,2010,18.09991455078125,0.8123248429287999,1,0.018912596628069878,0.026004867628216743,0.009456383995711803,0.009456383995711803,0.009456383995711803,0.0034563839957118033,close,0,0,1,2022-05-01
2022-05-04,6509,42.12586212158203,0.8118760596401023,1,0.01247401349246502,0.056133024394512177,0.01247401349246502,0.049896035343408585,0.03,0.024,take_profit,1,0,1,2022-05-01
2022-05-04,2451,54.87995910644531,0.8105299272053129,1,0.006993040442466736,0.012587468139827251,0.004195880610495806,0.012587468139827251,0.012587468139827251,0.006587468139827251,close,0,0,1,2022-05-01
2022-05-05,3434,38.549896240234375,0.6126861864576703,0,-0.02047077566385269,0.05220072716474533,-0.08904807269573212,-0.04401222616434097,-0.02047077566385269,-0.02647077566385269,gap_stop,1,1,1,2022-05-01
2022-05-05,3532,196.9122772216797,0.5442913140572674,0,-0.022624459117650986,-0.013574685901403427,-0.04524889215826988,-0.031674232333898544,-0.022624459117650986,-0.028624459117650984,gap_stop,0,1,1,2022-05-01
2022-05-05,3265,39.28323745727539,0.5431834162986467,1,-0.04483836144208908,0.02189783938229084,-0.04900939017534256,0.02189783938229084,-0.04483836144208908,-0.05083836144208908,gap_stop,0,1,1,2022-05-01
2022-05-05,2368,84.3245620727539,0.5188753988585842,0,-0.015294037759304047,-0.00823524035513401,-0.04352930560708046,-0.03764701634645462,-0.02,-0.026000000000000002,stop_loss,0,1,1,2022-05-01
2022-05-05,4171,97.2569808959961,0.5016479422971998,0,0.0033669855911284685,0.03703705966472626,-0.07070709019899368,-0.05387205258011818,-0.02,-0.026000000000000002,ambiguous_stop_loss,1,1,1,2022-05-01
2022-05-05,6446,338.9717102050781,0.48765181120401674,1,-0.011627919040620327,0.07558142393827438,-0.03197675570845604,0.05668604373931885,-0.02,-0.026000000000000002,ambiguous_stop_loss,1,1,1,2022-05-01
2022-05-05,3665,313.75946044921875,0.4847070958264704,0,-0.03633702173829079,-0.010174284689128399,-0.04069756716489792,-0.02616262435913086,-0.03633702173829079,-0.042337021738290785,gap_stop,0,1,1,2022-05-01
2022-05-05,1584,21.07746696472168,0.4827013147186342,1,-0.03629036992788315,0.09879029542207718,-0.06451615691184998,0.04032255709171295,-0.03629036992788315,-0.04229036992788315,gap_stop,1,1,1,2022-05-01
2022-05-05,6423,93.46324920654297,0.4792961411458205,1,-0.024896280840039253,0.037344399839639664,-0.09854774177074432,0.016597477719187737,-0.024896280840039253,-0.03089628084003925,gap_stop,1,1,1,2022-05-01
2022-05-05,3037,197.2877197265625,0.47193920242428744,0,-0.03440375253558159,-0.022935863584280014,-0.050458796322345734,-0.04587164148688316,-0.03440375253558159,-0.04040375253558159,gap_stop,0,1,1,2022-05-01
2022-05-05,1524,11.226341247558594,0.46145261291602696,1,-0.046511564403772354,0.09689924865961075,-0.06976739317178726,0.07751940190792084,-0.046511564403772354,-0.05251156440377235,gap_stop,1,1,1,2022-05-01
2022-05-05,6781,901.7229614257812,0.4568890149193849,0,-0.04239915683865547,-0.03619439899921417,-0.08583245426416397,-0.07652532309293747,-0.04239915683865547,-0.04839915683865547,gap_stop,0,1,1,2022-05-01
2022-05-05,3661,919.1859130859375,0.44720489819142045,0,-0.0497354157269001,-0.031745996326208115,-0.08994705975055695,-0.07936504483222961,-0.0497354157269001,-0.0557354157269001,gap_stop,0,1,1,2022-05-01
2022-05-05,8050,41.62019348144531,0.44543639436706095,1,-0.025490283966064453,0.011764569208025932,-0.025490283966064453,0.0058822319842875,-0.025490283966064453,-0.03149028396606445,gap_stop,0,1,1,2022-05-01
2022-05-05,3704,29.716955184936523,0.4441463849938931,0,-0.029605364426970482,0.02138150855898857,-0.029605364426970482,0.0,-0.029605364426970482,-0.03560536442697048,gap_stop,0,1,1,2022-05-01
2022-05-05,6122,13.583930969238281,0.44276861396593614,0,-0.02102109044790268,0.018017945811152458,-0.02702712081372738,-0.0030030643101781607,-0.02102109044790268,-0.027021090447902678,gap_stop,0,1,1,2022-05-01
2022-05-05,4931,33.83451843261719,0.4405451815935237,0,-0.024064211174845695,0.056149691343307495,-0.0374331958591938,0.0,-0.024064211174845695,-0.030064211174845694,gap_stop,1,1,1,2022-05-01
2022-05-05,3443,466.06268310546875,0.43839290676250886,1,-0.03381146863102913,0.017418039962649345,-0.03688523918390274,0.0061475480906665325,-0.03381146863102913,-0.03981146863102913,gap_stop,0,1,1,2022-05-01
2022-05-05,3092,58.774497985839844,0.43486924586754416,0,-0.02070068195462227,-0.004777154419571161,-0.02547774650156498,-0.02229301445186138,-0.02070068195462227,-0.026700681954622267,gap_stop,0,1,1,2022-05-01
2022-05-05,3583,73.82903289794922,0.43296702939464227,0,-0.01752176322042942,-0.007509208284318447,-0.025031132623553276,-0.007509208284318447,-0.02,-0.026000000000000002,stop_loss,0,1,1,2022-05-01
2022-05-06,4171,92.01754760742188,0.8516537026860714,1,0.01779363304376602,0.03202849626541138,-0.024911029264330864,0.007117447908967733,-0.02,-0.026000000000000002,ambiguous_stop_loss,1,1,1,2022-05-01
2022-05-06,2023,17.844667434692383,0.8274691374151489,0,-0.009803916327655315,-0.007352892309427261,-0.039215605705976486,-0.036764681339263916,-0.02,-0.026000000000000002,stop_loss,0,1,1,2022-05-01
2022-05-06,4912,94.12884521484375,0.825920771483225,0,-0.004854267463088036,-0.004854267463088036,-0.05242713913321495,-0.04854357987642288,-0.02,-0.026000000000000002,stop_loss,0,1,1,2022-05-01
2022-05-06,6510,435.89581298828125,0.8208434128290966,0,0.019313307479023933,0.019313307479023933,-0.04184548929333687,-0.030042914673686028,-0.02,-0.026000000000000002,stop_loss,0,1,1,2022-05-01
2022-05-06,3073,24.0,0.8134545750373343,0,-0.0416666679084301,-0.0416666679084301,-0.0416666679084301,-0.0416666679084301,-0.0416666679084301,-0.0476666679084301,gap_stop,0,1,1,2022-05-01
2022-05-06,2015,68.28343200683594,0.812988335345643,0,-0.008771802298724651,-0.008771802298724651,-0.03508757799863815,-0.033834461122751236,-0.02,-0.026000000000000002,stop_loss,0,1,1,2022-05-01
2022-05-06,8454,456.91436767578125,0.8101450339010461,0,-0.009296114556491375,-0.009296114556491375,-0.03984058275818825,-0.03984058275818825,-0.02,-0.026000000000000002,stop_loss,0,1,1,2022-05-01
2022-05-06,6465,19.549999237060547,0.8072504659066896,1,0.0,0.04092077538371086,0.0,0.03069055825471878,0.03,0.024,take_profit,1,0,1,2022-05-01
2022-05-06,2031,47.5711784362793,0.8025438339535574,0,-0.0066225565969944,-0.0066225565969944,-0.04139074310660362,-0.03973513841629028,-0.02,-0.026000000000000002,stop_loss,0,1,1,2022-05-01
2022-05-06,3555,30.378128051757812,0.8020901559730403,1,0.03436989337205887,0.039279863238334656,0.03436989337205887,0.039279863238334656,0.03,0.024,gap_take_profit,1,0,1,2022-05-01
2022-05-06,1229,41.272132873535156,0.799217787119727,0,-0.003623261349275708,-0.0018116373103111982,-0.03623196482658386,-0.03442034125328064,-0.02,-0.026000000000000002,stop_loss,0,1,1,2022-05-01
2022-05-06,3046,27.015878677368164,0.7991062313856183,0,-1.5291561794583686e-08,-1.5291561794583686e-08,-0.06930692493915558,-0.04950501397252083,-0.02,-0.026000000000000002,stop_loss,0,1,1,2022-05-01
2022-05-06,2406,21.100000381469727,0.7988546082153869,0,-0.0047393543645739555,-0.0047393543645739555,-0.054502349346876144,-0.049763087183237076,-0.02,-0.026000000000000002,stop_loss,0,1,1,2022-05-01
2022-05-06,4167,17.157514572143555,0.7972275443961175,0,-5.1470951945020715e-08,-5.1470951945020715e-08,-0.05649721994996071,-0.05367240682244301,-0.02,-0.026000000000000002,stop_loss,0,1,1,2022-05-01
2022-05-06,6781,832.7183227539062,0.7926848385126766,0,-0.006718925200402737,0.012318029068410397,-0.03919373080134392,0.0,-0.02,-0.026000000000000002,stop_loss,0,1,1,2022-05-01
2022-05-06,5228,24.647518157958984,0.7914021253904115,1,0.019607894122600555,0.019607894122600555,0.019607894122600555,0.019607894122600555,0.019607894122600555,0.013607894122600555,close,0,0,1,2022-05-01
2022-05-06,2030,25.345178604125977,0.7906693496581805,0,-0.012539228424429893,-0.0109718544408679,-0.0658307895064354,-0.06269598007202148,-0.02,-0.026000000000000002,stop_loss,0,1,1,2022-05-01
2022-05-06,5371,46.69451141357422,0.7898054746292026,0,8.193903511255485e-08,8.193903511255485e-08,-0.03163442015647888,-0.03163442015647888,-0.02,-0.026000000000000002,stop_loss,0,1,1,2022-05-01
2022-05-06,2399,16.628528594970703,0.7873535939175328,0,-0.002785666845738888,0.0055708568543195724,-0.03621186688542366,-0.03342628851532936,-0.02,-0.026000000000000002,stop_loss,0,1,1,2022-05-01
2022-05-06,1732,39.232357025146484,0.7836419944682664,0,0.015151574276387691,0.029040444642305374,-0.05808079242706299,-0.04419191926717758,-0.02,-0.026000000000000002,stop_loss,0,1,1,2022-05-01
2022-05-09,2497,65.72167205810547,0.7055562209001591,1,-0.012604807503521442,0.08403383940458298,-0.012604807503521442,0.06582657992839813,0.03,0.024,take_profit,1,0,1,2022-05-01
2022-05-09,3691,126.2047119140625,0.6739221416579729,1,-0.015151520259678364,0.05303029343485832,-0.022727251052856445,0.05303029343485832,-0.02,-0.026000000000000002,ambiguous_stop_loss,1,1,1,2022-05-01
2022-05-09,3535,18.828731536865234,0.6516613724862402,1,0.0980391576886177,0.0980391576886177,0.03676465153694153,0.0980391576886177,0.03,0.024,gap_take_profit,1,0,1,2022-05-01
2022-05-09,6199,27.25,0.6465625720534985,0,-0.023853197693824768,-0.023853197693824768,-0.0990825966000557,-0.0532110370695591,-0.023853197693824768,-0.029853197693824766,gap_stop,0,1,1,2022-05-01
2022-05-09,2465,43.09114456176758,0.642215729956512,1,-0.057377032935619354,0.030737750232219696,-0.057377032935619354,0.02049187757074833,-0.057377032935619354,-0.06337703293561936,gap_stop,1,1,1,2022-05-01
2022-05-09,6510,422.80023193359375,0.638285052205721,1,-0.014380467124283314,0.04646024480462074,-0.02323002554476261,0.04646024480462074,-0.02,-0.026000000000000002,ambiguous_stop_loss,1,1,1,2022-05-01
2022-05-09,8183,49.29431915283203,0.6299601465516856,0,-0.04363004490733147,0.001745211542584002,-0.047120459377765656,-0.013961621560156345,-0.04363004490733147,-0.049630044907331465,gap_stop,0,1,1,2022-05-01
2022-05-09,2406,20.049999237060547,0.6295014342375408,1,-0.007481277920305729,0.017456378787755966,-0.019950106739997864,0.014962650835514069,0.014962650835514069,0.008962650835514068,close,0,0,1,2022-05-01
2022-05-09,2069,21.635393142700195,0.6293022284220002,1,-0.01119403075426817,0.026119401678442955,-0.01119403075426817,0.026119401678442955,0.026119401678442955,0.020119401678442957,close,0,0,1,2022-05-01
2022-05-09,6104,173.37771606445312,0.6271259943322088,1,-0.024390261620283127,0.06775065511465073,-0.029810314998030663,0.06504063308238983,-0.024390261620283127,-0.030390261620283125,gap_stop,1,1,1,2022-05-01
2022-05-09,4912,89.55949401855469,0.6227289296376507,1,-0.012244964949786663,0.05612236261367798,-0.01938779465854168,0.0408162996172905,0.03,0.024,take_profit,1,0,1,2022-05-01
2022-05-09,4414,17.118698120117188,0.6136135516335154,1,-0.008869176730513573,0.03991129621863365,-0.022172942757606506,0.02882477082312107,-0.02,-0.026000000000000002,ambiguous_stop_loss,1,1,1,2022-05-01
2022-05-09,6187,97.08458709716797,0.6085213656225379,0,-0.04245276004076004,0.004717054311186075,-0.04245276004076004,-0.004716909024864435,-0.04245276004076004,-0.04845276004076004,gap_stop,0,1,1,2022-05-01
2022-05-09,9955,23.549999237060547,0.6068446485820548,1,-0.004246219992637634,0.008492602035403252,-0.023354532197117805,0.008492602035403252,-0.02,-0.026000000000000002,stop_loss,0,1,1,2022-05-01
2022-05-09,3532,179.98313903808594,0.6056703453656468,1,-0.014851358719170094,0.054455582052469254,-0.02475235052406788,0.054455582052469254,-0.02,-0.026000000000000002,ambiguous_stop_loss,1,1,1,2022-05-01
2022-05-09,2030,23.75613784790039,0.605301150425777,1,-0.02842821553349495,0.015050078742206097,-0.03010043129324913,0.005016596522182226,-0.02842821553349495,-0.03442821553349495,gap_stop,0,1,1,2022-05-01
2022-05-09,1732,37.49860382080078,0.600109632531826,0,-0.019815023988485336,0.009247125126421452,-0.036988016217947006,-0.02245699241757393,-0.02,-0.026000000000000002,stop_loss,0,1,1,2022-05-01
2022-05-09,3051,15.881913185119629,0.5940849048806331,1,-0.03825133293867111,0.027322376146912575,-0.03825133293867111,0.016393475234508514,-0.03825133293867111,-0.04425133293867111,gap_stop,0,1,1,2022-05-01
2022-05-09,6443,37.49692916870117,0.5890492348389451,0,-0.011568144895136356,0.010282798670232296,-0.026992270722985268,-0.014138832688331604,-0.02,-0.026000000000000002,stop_loss,0,1,1,2022-05-01
2022-05-09,8044,66.51050567626953,0.5889056607841494,1,-0.013235381804406643,0.04852931201457977,-0.02352953515946865,0.04558812454342842,-0.02,-0.026000000000000002,ambiguous_stop_loss,1,1,1,2022-05-01
2022-05-10,2207,490.3409118652344,0.6988906150462332,1,-0.0054151201620697975,0.02346564270555973,-0.01985555700957775,0.02346564270555973,0.02346564270555973,0.017465642705559732,close,0,0,1,2022-05-01
2022-05-10,6861,97.06982421875,0.6885214675657972,0,-9.996314531690587e-08,0.004784588702023029,-0.014354165643453598,-0.014354165643453598,-0.014354165643453598,-0.020354165643453596,close,0,0,1,2022-05-01
2022-05-10,8489,30.92670249938965,0.6771398493852091,0,-0.011235998012125492,0.0016051422571763396,-0.012841110117733479,-0.009630824439227581,-0.009630824439227581,-0.01563082443922758,close,0,0,1,2022-05-01
2022-05-10,4162,69.35231018066406,0.6643961552622675,0,0.0037083385977894068,0.014833204448223114,-0.03337448462843895,-0.017305223271250725,-0.02,-0.026000000000000002,stop_loss,0,1,1,2022-05-01
2022-05-10,4167,16.285097122192383,0.6627754651563101,0,0.0029762410558760166,0.011904790066182613,-0.01785711571574211,-0.01785711571574211,-0.01785711571574211,-0.02385711571574211,close,0,0,1,2022-05-01
2022-05-10,2412,106.94937896728516,0.6624025075971459,1,-3.3100135965469235e-08,0.01204815972596407,-0.004016097169369459,0.0040160310454666615,0.0040160310454666615,-0.0019839689545333387,close,0,0,1,2022-05-01
2022-05-10,4164,34.128997802734375,0.6605426677784677,0,-0.006281367037445307,0.006281447596848011,-0.01005015429109335,-0.007537629455327988,-0.007537629455327988,-0.013537629455327988,close,0,0,1,2022-05-01
2022-05-10,1907,26.392492294311523,0.659442863180095,0,-0.0048780255019664764,-0.0048780255019664764,-0.03089432418346405,-0.03089432418346405,-0.02,-0.026000000000000002,stop_loss,0,1,1,2022-05-01
2022-05-10,1216,57.24876403808594,0.65553472347409,0,-0.007473884616047144,0.005979051813483238,-0.011958234943449497,-0.008968629874289036,-0.008968629874289036,-0.014968629874289036,close,0,0,1,2022-05-01
2022-05-10,5228,24.164234161376953,0.6550801492813693,1,0.003999987151473761,0.023999987170100212,-2.7858606088670967e-08,0.019999971613287926,0.019999971613287926,0.013999971613287926,close,0,0,1,2022-05-01
2022-05-10,4157,15.5,0.6544807711714496,1,0.009677394293248653,0.01935485191643238,-0.009677394293248653,0.0032258187420666218,0.0032258187420666218,-0.0027741812579333783,close,0,0,1,2022-05-01
2022-05-10,9910,134.25982666015625,0.6543984414784099,0,-0.011627850122749805,0.008720987476408482,-0.011627850122749805,0.0,0.0,-0.006,close,0,0,1,2022-05-01
2022-05-10,4171,83.83094024658203,0.653324514838758,1,-0.011718827299773693,0.04687490314245224,-0.046875081956386566,0.019531140103936195,-0.02,-0.026000000000000002,ambiguous_stop_loss,1,1,1,2022-05-01
2022-05-10,1101,35.74577331542969,0.6530154200534519,0,-0.030786804854869843,-0.0205245204269886,-0.030786804854869843,-0.027365978807210922,-0.030786804854869843,-0.03678680485486984,gap_stop,0,1,1,2022-05-01
2022-05-10,6505,80.99634552001953,0.6526865946234595,1,-0.006659126840531826,0.00443965382874012,-0.0077689881436526775,0.0011099857510998845,0.0011099857510998845,-0.004890014248900116,close,0,0,1,2022-05-01
2022-05-10,1325,29.43222999572754,0.6495558395642766,0,-0.011976120062172413,-0.0029941080138087273,-0.04191623628139496,-0.04191623628139496,-0.02,-0.026000000000000002,stop_loss,0,1,1,2022-05-01
2022-05-10,4130,22.635133743286133,0.6473417276037724,1,0.004073471296578646,0.01833002269268036,1.2420824191394786e-07,0.008146735839545727,0.008146735839545727,0.0021467358395457267,close,0,0,1,2022-05-01
2022-05-10,2881,49.27128982543945,0.6457219402367759,0,-0.0044709001667797565,-0.0044709001667797565,-0.017883727326989174,-0.013412718661129475,-0.013412718661129475,-0.019412718661129473,close,0,0,1,2022-05-01
2022-05-10,5534,58.548439025878906,0.6453503392312726,1,-0.004291909281164408,0.02002861350774765,-0.004291909281164408,0.018597910180687904,0.018597910180687904,0.012597910180687904,close,0,0,1,2022-05-01
2022-05-10,2885,18.778654098510742,0.6430980045673002,0,-0.004040485713630915,-0.0020202903542667627,-0.014141461811959743,-0.012121266685426235,-0.012121266685426235,-0.018121266685426234,close,0,0,1,2022-05-01
2022-05-11,6113,17.392539978027344,0.5166886234247494,0,0.02374674193561077,0.07124006748199463,-0.03693925589323044,-0.03693925589323044,-0.02,-0.026000000000000002,ambiguous_stop_loss,1,1,1,2022-05-01
2022-05-11,6509,38.972991943359375,0.44833141479774147,0,0.0022470923140645027,0.01910102367401123,-0.013483175076544285,-0.006741619668900967,-0.006741619668900967,-0.012741619668900967,close,0,0,1,2022-05-01
2022-05-11,2230,12.445690155029297,0.4380427956979812,1,0.017543768510222435,0.09941509366035461,0.0029239049181342125,0.09941509366035461,0.03,0.024,take_profit,1,0,1,2022-05-01
2022-05-11,8114,89.9518051147461,0.4112095930857443,1,0.02403850667178631,0.07211542874574661,0.004807736724615097,0.004807736724615097,0.03,0.024,take_profit,1,0,1,2022-05-01
2022-05-11,1325,28.19854164123535,0.4107973915431757,0,0.004687565844506025,0.010937470011413097,-0.04999999329447746,-0.0484374575316906,-0.02,-0.026000000000000002,stop_loss,0,1,1,2022-05-01
2022-05-11,1605,31.379425048828125,0.4008865854215845,1,0.024657651782035828,0.0547945499420166,0.013698636554181576,0.02739727310836315,0.03,0.024,take_profit,1,0,1,2022-05-01
2022-05-11,3623,18.049999237060547,0.39762647873640083,0,0.0,0.0,-0.06925208121538162,-0.06925208121538162,-0.02,-0.026000000000000002,stop_loss,0,1,1,2022-05-01
2022-05-11,6245,42.962547302246094,0.3900979852389678,0,0.00386856310069561,0.007737025152891874,-0.03288194164633751,-0.015473824925720692,-0.02,-0.026000000000000002,stop_loss,0,1,1,2022-05-01
2022-05-11,2449,35.222076416015625,0.3817329484157068,0,3.106312007616907e-08,0.005820753052830696,-0.01862626150250435,-0.015133881010115147,-0.015133881010115147,-0.021133881010115145,close,0,0,1,2022-05-01
2022-05-11,5272,31.116849899291992,0.378930473153202,0,0.009174288250505924,0.058103904128074646,0.0,0.0,0.03,0.024,take_profit,1,0,1,2022-05-01
2022-05-11,1612,16.9458065032959,0.3761419532174624,0,7.122850576024575e-08,0.019396575167775154,-0.01939651370048523,-0.01939651370048523,-0.01939651370048523,-0.025396513700485228,close,0,0,1,2022-05-01
2022-05-11,4162,68.15215301513672,0.3756288521333559,0,-0.003773551667109132,0.013836531899869442,-0.059119392186403275,-0.059119392186403275,-0.02,-0.026000000000000002,stop_loss,0,1,1,2022-05-01
2022-05-11,2368,81.54681396484375,0.37159712068980705,0,-0.008515824563801289,0.026763970032334328,-0.009732406586408615,0.0,0.0,-0.006,close,0,0,1,2022-05-01
2022-05-11,6285,53.07217788696289,0.37129333668395353,1,-0.012738807126879692,0.03343953937292099,-0.012738807126879692,0.015923604369163513,0.03,0.024,take_profit,1,0,1,2022-05-01
2022-05-11,1522,16.89218521118164,0.37063432903756316,1,0.0024999596644192934,0.03749999776482582,0.0024999596644192934,0.005000017117708921,0.03,0.024,take_profit,1,0,1,2022-05-01
2022-05-11,3624,66.88709259033203,0.36645489624626765,0,0.01290317066013813,0.020645085722208023,-0.043871037662029266,-0.043871037662029266,-0.02,-0.026000000000000002,stop_loss,0,1,1,2022-05-01
2022-05-11,6781,941.8202514648438,0.3652504015467933,0,-0.024752473458647728,0.024752477183938026,-0.03465346246957779,-0.013861383311450481,-0.024752473458647728,-0.030752473458647726,gap_stop,0,1,1,2022-05-01
2022-05-11,6806,82.2433853149414,0.36461352467770614,1,1.8439552107452073e-09,0.014752380549907684,-0.004215001594275236,0.0021074593532830477,0.0021074593532830477,-0.0038925406467169524,close,0,0,1,2022-05-01
2022-05-11,6465,24.350000381469727,0.36351663122150546,0,0.05544149503111839,0.07597537338733673,-0.09856261312961578,-0.09856261312961578,0.03,0.024,gap_take_profit,1,1,1,2022-05-01
2022-05-11,2903,16.586013793945312,0.3609765440296905,0,-1.5105653616842574e-08,-1.5105653616842574e-08,-0.00735293747857213,-0.004901994485408068,-0.004901994485408068,-0.010901994485408068,close,0,0,1,2022-05-01
2022-05-12,1325,26.83267593383789,0.8212288499230458,1,0.004926132503896952,0.02791460044682026,-0.01149422861635685,0.02791460044682026,0.02791460044682026,0.02191460044682026,close,0,0,1,2022-05-01
2022-05-12,2915,65.76284790039062,0.8052231411863342,1,0.012195159681141376,0.018292685970664024,-0.007317076902836561,0.010975596494972706,0.010975596494972706,0.004975596494972706,close,0,0,1,2022-05-01
2022-05-12,2614,37.381744384765625,0.798140281664075,1,0.012295128777623177,0.032786983996629715,0.010246030986309052,0.028688592836260796,0.03,0.024,take_profit,1,0,1,2022-05-01
2022-05-12,6226,10.504361152648926,0.7976884918233922,1,0.009433981962502003,0.09905660897493362,0.009433981962502003,0.09905660897493362,0.03,0.024,take_profit,1,0,1,2022-05-01
2022-05-12,8436,121.91463470458984,0.7957734049792239,1,-0.0035714188124984503,0.035714294761419296,-0.0035714188124984503,0.032142866402864456,0.03,0.024,take_profit,1,0,1,2022-05-01
2022-05-12,2486,32.150299072265625,0.7941864515797966,1,0.016516409814357758,0.04354348033666611,0.015014930628240108,0.03453449532389641,0.03,0.024,take_profit,1,0,1,2022-05-01
2022-05-12,2465,39.73568344116211,0.7935791294029777,1,0.011111185885965824,0.055555593222379684,0.011111185885965824,0.03444448858499527,0.03,0.024,take_profit,1,0,1,2022-05-01
2022-05-12,2038,22.342817306518555,0.7900091901677773,1,0.01599997654557228,0.035999979823827744,0.005999933462589979,0.024000024423003197,0.03,0.024,take_profit,1,0,1,2022-05-01
2022-05-12,8114,90.38426971435547,0.7857996469301585,1,0.06220082938671112,0.09569364786148071,0.04784676432609558,0.09569364786148071,0.03,0.024,gap_take_profit,1,0,1,2022-05-01
2022-05-12,3339,14.300000190734863,0.7855127186676566,0,0.013986000791192055,0.020979033783078194,-0.013986000791192055,-0.013986000791192055,-0.013986000791192055,-0.019986000791192053,close,0,0,1,2022-05-01
2022-05-12,2017,12.089447021484375,0.7825213523378912,1,0.00668899342417717,0.030100364238023758,0.00668899342417717,0.02341136895120144,0.03,0.024,take_profit,1,0,1,2022-05-01
2022-05-12,2009,29.730791091918945,0.7805397024439594,1,-0.004724330734461546,0.03307091072201729,-0.004724330734461546,0.029921352863311768,0.03,0.024,take_profit,1,0,1,2022-05-01
2022-05-12,6165,23.069591522216797,0.7805032165529207,1,-3.972559881049165e-08,0.04721027612686157,-0.002145929727703333,0.023605158552527428,0.03,0.024,take_profit,1,0,1,2022-05-01
2022-05-12,5475,12.149999618530273,0.7778478534890194,1,0.03703710064291954,0.09876549988985062,0.020576132461428642,0.09876549988985062,0.03,0.024,gap_take_profit,1,0,1,2022-05-01
2022-05-12,5871,157.88955688476562,0.7777514449499632,0,0.00250637112185359,0.00250637112185359,-0.04010014981031418,-0.03508767858147621,-0.02,-0.026000000000000002,stop_loss,0,1,1,2022-05-01
2022-05-12,4164,32.84273147583008,0.7760256673446654,1,0.0039163148030638695,0.030025972053408623,-1.7356229875531426e-07,0.022193094715476036,0.03,0.024,take_profit,1,0,1,2022-05-01
2022-05-12,8183,45.33700942993164,0.775387268767876,1,0.017077714204788208,0.02656537853181362,0.005692543927580118,0.018975289538502693,0.018975289538502693,0.012975289538502693,close,0,0,1,2022-05-01
2022-05-12,1618,10.845301628112793,0.7752931027757799,1,0.0204917099326849,0.024590084329247475,0.00819665938615799,0.016393333673477173,0.016393333673477173,0.010393333673477173,close,0,0,1,2022-05-01
2022-05-12,2497,66.0898666381836,0.7746943292957429,1,0.02367692068219185,0.05571030452847481,0.011142147704958916,0.03760448470711708,0.03,0.024,take_profit,1,0,1,2022-05-01
2022-05-12,3346,25.72065544128418,0.773550118424667,1,5.905768762914931e-09,0.05494506284594536,5.905768762914931e-09,0.04761909693479538,0.03,0.024,take_profit,1,0,1,2022-05-01
2022-05-13,2537,8.566340446472168,0.892886681703416,0,0.009463666006922722,0.009463666006922722,-0.028391284868121147,-0.021030543372035027,-0.02,-0.026000000000000002,stop_loss,0,1,1,2022-05-01
2022-05-13,2002,28.112777709960938,0.8914267723432139,0,0.008995608426630497,0.008995608426630497,-0.007496238220483065,-0.004497668705880642,-0.004497668705880642,-0.010497668705880642,close,0,0,1,2022-05-01
2022-05-13,2915,66.48463439941406,0.8887543443509499,0,0.0012064430629834533,0.010856551118195057,-0.0229190643876791,-0.0229190643876791,-0.02,-0.026000000000000002,stop_loss,0,1,1,2022-05-01
2022-05-13,2347,56.21977615356445,0.8860368969222039,1,0.012784061022102833,0.029829470440745354,0.0014203821774572134,0.017045360058546066,0.017045360058546066,0.011045360058546066,close,0,0,1,2022-05-01
2022-05-13,2015,62.63593673706055,0.885600821349248,1,0.013661125674843788,0.027322327718138695,0.004098326433449984,0.010928927920758724,0.010928927920758724,0.004928927920758724,close,0,0,1,2022-05-01
2022-05-13,6015,11.398881912231445,0.8834774605277098,0,0.0033333708997815847,0.009999952279031277,-0.010000062175095081,-0.006666670087724924,-0.006666670087724924,-0.012666670087724924,close,0,0,1,2022-05-01
2022-05-13,2030,22.56435775756836,0.8834204701764784,1,0.017605766654014587,0.028169188648462296,1.2997624310173705e-07,0.02112690731883049,0.02112690731883049,0.01512690731883049,close,0,0,1,2022-05-01
2022-05-13,2332,14.213654518127441,0.880593107536418,0,-4.610057047216287e-08,0.01320132426917553,-0.009901010431349277,-0.0066006681881845,-0.0066006681881845,-0.0126006681881845,close,0,0,1,2022-05-01
2022-05-13,1219,18.164522171020508,0.8803195301245275,1,0.038461506366729736,0.05656107887625694,0.004524834919720888,0.004524834919720888,0.03,0.024,gap_take_profit,1,0,1,2022-05-01
2022-05-13,1216,55.79400634765625,0.878106799433354,0,0.012269958853721619,0.012269958853721619,-0.016871169209480286,-0.010736175812780857,-0.010736175812780857,-0.016736175812780855,close,0,0,1,2022-05-01
2022-05-13,2489,11.322004318237305,0.8778684496562544,1,0.012145775370299816,0.028340062126517296,0.0040485612116754055,0.01619434729218483,0.01619434729218483,0.01019434729218483,close,0,0,1,2022-05-01
2022-05-13,2028,26.428871154785156,0.8765092327244034,1,0.007751883938908577,0.020155031234025955,-0.0015504176262766123,0.0046511562541127205,0.0046511562541127205,-0.0013488437458872796,close,0,0,1,2022-05-01
2022-05-13,3712,24.407081604003906,0.8708327538465073,0,0.005016797222197056,0.008361292071640491,-0.011705612763762474,-0.011705612763762474,-0.011705612763762474,-0.017705612763762472,close,0,0,1,2022-05-01
2022-05-13,9919,19.6256160736084,0.8703657203327204,1,-7.134663526642271e-09,0.03631960600614548,-7.134663526642271e-09,0.016949163749814034,0.03,0.024,take_profit,1,0,1,2022-05-01
2022-05-13,3044,95.45288848876953,0.8701747900870829,1,0.012766093015670776,0.025532051920890808,1.342257149872239e-07,0.008510774001479149,0.008510774001479149,0.0025107740014791487,close,0,0,1,2022-05-01
2022-05-13,5521,7.179999828338623,0.8686401591930988,0,0.002785512711852789,0.01392763014882803,-0.004178235772997141,0.0,0.0,-0.006,close,0,0,1,2022-05-01
2022-05-13,3339,14.100000381469727,0.868477721467526,0,0.00709215784445405,0.01773049682378769,-0.03900710493326187,-0.028368834406137466,-0.02,-0.026000000000000002,stop_loss,0,1,1,2022-05-01
2022-05-13,5871,152.34957885742188,0.8683741407587869,1,0.012986930087208748,0.02857133559882641,-0.007792305666953325,0.0025973564479500055,0.0025973564479500055,-0.0034026435520499946,close,0,0,1,2022-05-01
2022-05-13,4927,84.94047546386719,0.868348115644478,1,0.015053797513246536,0.026881737634539604,0.004301109351217747,0.007526866625994444,0.007526866625994444,0.0015268666259944438,close,0,0,1,2022-05-01
2022-05-13,8163,32.515716552734375,0.8678753244060767,0,0.004728150554001331,0.024822676554322243,-0.007092180661857128,0.0,0.0,-0.006,close,0,0,1,2022-05-01
2022-05-16,2915,64.96086883544922,0.8025111121643737,1,0.003703553695231676,0.03580238297581673,-0.011111194267868996,0.03456776589155197,0.03,0.024,take_profit,1,0,1,2022-05-01
2022-05-16,5904,227.5994873046875,0.7827973324350906,1,0.0017986407037824392,0.048561204224824905,0.0017986407037824392,0.048561204224824905,0.03,0.024,take_profit,1,0,1,2022-05-01
2022-05-16,2352,22.279319763183594,0.747081265284379,1,0.0018485067412257195,0.011090651154518127,-0.0018483652966096997,0.0018485067412257195,0.0018485067412257195,-0.004151493258774281,close,0,0,1,2022-05-01
2022-05-16,3540,23.48240089416504,0.7416557474730143,1,0.009689860977232456,0.04457363858819008,0.009689860977232456,0.019379783421754837,0.03,0.024,take_profit,1,0,1,2022-05-01
2022-05-16,3339,13.699999809265137,0.7270548284267827,1,0.0,0.09854017198085785,0.0,0.09854017198085785,0.03,0.024,take_profit,1,0,1,2022-05-01
2022-05-16,4171,82.8485336303711,0.7246239296163167,0,-0.007905070669949055,6.058758827975907e-08,-0.04743080958724022,-0.04743080958724022,-0.02,-0.026000000000000002,stop_loss,0,1,1,2022-05-01
2022-05-16,4164,33.142860412597656,0.7230195171940706,1,1.9132937012500406e-08,0.01034924853593111,-0.00388100347481668,0.002587301656603813,0.002587301656603813,-0.003412698343396187,close,0,0,1,2022-05-01
2022-05-16,1219,18.246713638305664,0.7134868854680029,0,0.013513466343283653,0.022522535175085068,-0.006756778806447983,0.0,0.0,-0.006,close,0,0,1,2022-05-01
2022-05-16,3693,40.97609329223633,0.7113393562660925,0,0.01149434968829155,0.016092069447040558,-0.010344750247895718,-0.0045976233668625355,-0.0045976233668625355,-0.010597623366862536,close,0,0,1,2022-05-01
2022-05-16,3036,55.29012680053711,0.7101559922335174,1,0.013215708546340466,0.04992646723985672,0.00881041307002306,0.042584385722875595,0.03,0.024,take_profit,1,0,1,2022-05-01
2022-05-16,2537,8.386185646057129,0.7075996345203784,1,-0.0010741560254245996,0.009666920639574528,-0.006444745231419802,0.006444607861340046,0.006444607861340046,0.0004446078613400458,close,0,0,1,2022-05-01
2022-05-16,2351,118.96862030029297,0.704776299967209,1,0.007518727798014879,0.037593912333250046,0.003759329440072179,0.037593912333250046,0.03,0.024,take_profit,1,0,1,2022-05-01
2022-05-16,6461,19.099044799804688,0.7043142006034755,0,0.0,0.007653045002371073,-0.025510316714644432,-0.01530618965625763,-0.02,-0.026000000000000002,stop_loss,0,1,1,2022-05-01
2022-05-16,6415,666.4270629882812,0.7029980083461584,1,-0.007353036664426327,0.03860284015536308,-0.02022068202495575,0.03492636978626251,-0.02,-0.026000000000000002,ambiguous_stop_loss,1,1,1,2022-05-01
2022-05-16,2031,38.51374816894531,0.7023247411177569,1,8.88667130993781e-08,0.012269997037947178,-0.010224860161542892,0.001022568205371499,0.001022568205371499,-0.004977431794628501,close,0,0,1,2022-05-01
2022-05-16,4414,16.511383056640625,0.6986751033327305,1,0.002298792125657201,0.025287291035056114,0.002298792125657201,0.022988498210906982,0.022988498210906982,0.016988498210906984,close,0,0,1,2022-05-01
2022-05-16,6443,33.73759841918945,0.6982809742766861,1,0.028571361675858498,0.061428532004356384,0.024285659193992615,0.055714260786771774,0.03,0.024,take_profit,1,0,1,2022-05-01
2022-05-16,4746,45.0798225402832,0.6956983718261998,0,0.007858606055378914,0.007858606055378914,-0.020628640428185463,-0.020628640428185463,-0.02,-0.026000000000000002,stop_loss,0,1,1,2022-05-01
2022-05-16,5285,67.92129516601562,0.692984830579286,1,0.009925528429448605,0.0347394235432148,0.004962730221450329,0.031017299741506577,0.03,0.024,take_profit,1,0,1,2022-05-01
2022-05-16,5864,10.132121086120605,0.6927739308260598,1,0.010909074917435646,0.01818181201815605,0.003636338049545884,0.01818181201815605,0.01818181201815605,0.012181812018156052,close,0,0,1,2022-05-01
2022-05-17,2352,22.32050323486328,0.7899486480371312,1,0.0036899473052471876,0.014760028570890427,0.0036899473052471876,0.011069977656006813,0.011069977656006813,0.005069977656006813,close,0,0,1,2022-05-01
2022-05-17,3227,94.62274932861328,0.7870076257019134,1,0.017699141055345535,0.017699141055345535,-0.004424754064530134,0.008849582634866238,0.008849582634866238,0.0028495826348662375,close,0,0,1,2022-05-01
2022-05-17,2031,38.553131103515625,0.7860509659945657,1,0.0020428397692739964,0.02757910080254078,-0.0030644123908132315,0.021450413390994072,0.021450413390994072,0.015450413390994072,close,0,0,1,2022-05-01
2022-05-17,3483,65.42687225341797,0.7837969962302217,1,0.008595927618443966,0.038681864738464355,0.008595927618443966,0.034383825957775116,0.03,0.024,take_profit,1,0,1,2022-05-01
2022-05-17,3372,14.258095741271973,0.7806926306842712,1,0.018868008628487587,0.025157222524285316,0.006289344746619463,0.025157222524285316,0.025157222524285316,0.019157222524285318,close,0,0,1,2022-05-01
2022-05-17,6603,15.956114768981934,0.7799962786374961,1,0.0057144551537930965,0.020000150427222252,0.0057144551537930965,0.014285826124250889,0.014285826124250889,0.008285826124250889,close,0,0,1,2022-05-01
2022-05-17,1102,35.28944396972656,0.7770797703907403,0,-0.0011173962848260999,-9.506222653499208e-08,-0.005586686544120312,-0.002234697574749589,-0.002234697574749589,-0.008234697574749589,close,0,0,1,2022-05-01
2022-05-17,4171,78.91896057128906,0.7767783912858368,1,-1.7067630642131348e-09,0.05394190177321434,-0.01659749634563923,0.03734440729022026,0.03,0.024,take_profit,1,0,1,2022-05-01
2022-05-17,2357,252.44044494628906,0.7757528139109483,0,0.003007646417245269,0.009022684767842293,-0.00150363240391016,-0.00150363240391016,-0.00150363240391016,-0.00750363240391016,close,0,0,1,2022-05-01
2022-05-17,4974,41.9613151550293,0.7723853304594152,1,0.008960633538663387,0.014336965046823025,0.001792215509340167,0.0035843029618263245,0.0035843029618263245,-0.0024156970381736757,close,0,0,1,2022-05-01
2022-05-17,5392,19.54473304748535,0.7720667568236204,1,0.0074073844589293,0.039506129920482635,0.0074073844589293,0.014814772643148899,0.03,0.024,take_profit,1,0,1,2022-05-01
2022-05-17,5452,15.612314224243164,0.7687036032577501,0,0.008797744289040565,0.017595374956727028,-0.002932506613433361,0.0,0.0,-0.006,close,0,0,1,2022-05-01
2022-05-17,4909,15.618067741394043,0.7684818177560532,1,6.701478838522235e-08,0.023391857743263245,6.701478838522235e-08,0.014619951136410236,0.014619951136410236,0.008619951136410236,close,0,0,1,2022-05-01
2022-05-17,4164,33.22861099243164,0.7662415380343558,1,-0.001290343701839447,0.019354797899723053,-0.001290343701839447,0.007741874549537897,0.007741874549537897,0.001741874549537897,close,0,0,1,2022-05-01
2022-05-17,2301,53.53859329223633,0.766078542750525,1,-1.0013911833084421e-07,0.020766720175743103,-0.004792419727891684,0.01277950033545494,0.01277950033545494,0.006779500335454941,close,0,0,1,2022-05-01
2022-05-17,2337,33.99634552001953,0.7659606210764178,1,0.010282781906425953,0.016709517687559128,0.006426799576729536,0.007712127175182104,0.007712127175182104,0.001712127175182104,close,0,0,1,2022-05-01
2022-05-17,1216,54.93826675415039,0.7641572955844803,1,-0.001557599171064794,0.020249279215931892,-0.001557599171064794,0.014018725603818893,0.014018725603818893,0.008018725603818893,close,0,0,1,2022-05-01
2022-05-17,6164,12.541631698608398,0.7629235615435597,1,0.012195082381367683,0.02032516337931156,-3.8633576338042985e-08,0.008130042813718319,0.008130042813718319,0.002130042813718319,close,0,0,1,2022-05-01
2022-05-17,3545,94.43821716308594,0.7628107235587672,1,0.013043477199971676,0.043478261679410934,0.008695651777088642,0.030434781685471535,0.03,0.024,take_profit,1,0,1,2022-05-01
2022-05-17,4938,51.59299850463867,0.7618279677210851,1,-0.001550296787172556,0.015503943897783756,-0.003100660862401128,0.010852733626961708,0.010852733626961708,0.004852733626961708,close,0,0,1,2022-05-01
2022-05-18,1524,13.92414379119873,0.5972505566558637,1,8.41748430957523e-08,0.10000011324882507,-0.01562491711229086,0.10000011324882507,0.03,0.024,take_profit,1,0,1,2022-05-01
2022-05-18,2543,5.637392520904541,0.5586475636467435,1,-0.02747267112135887,0.0714285597205162,-0.06483519822359085,0.05494503676891327,-0.02747267112135887,-0.03347267112135887,gap_stop,1,1,1,2022-05-01
2022-05-18,4303,24.275869369506836,0.5547304316969924,1,-0.0018975199200212955,0.0986718013882637,-0.01328269112855196,0.0986718013882637,0.03,0.024,take_profit,1,0,1,2022-05-01
2022-05-18,3081,130.1881866455078,0.5440979366281674,1,-0.01798565499484539,0.010791321285068989,-0.02158277854323387,0.00719419913366437,-0.02,-0.026000000000000002,stop_loss,0,1,1,2022-05-01
2022-05-18,1795,120.18730926513672,0.5127902225684451,1,-0.0155038395896554,0.034883759915828705,-0.03875965252518654,0.019379884004592896,-0.02,-0.026000000000000002,ambiguous_stop_loss,1,1,1,2022-05-01
2022-05-18,3596,100.8499984741211,0.5101435296109982,0,-0.02448979578912258,0.02448979578912258,-0.02448979578912258,0.0,-0.02448979578912258,-0.03048979578912258,gap_stop,0,1,1,2022-05-01
2022-05-18,6573,17.25,0.509481891724509,0,-0.017391260713338852,-0.014492753893136978,-0.04637676849961281,-0.03768113628029823,-0.02,-0.026000000000000002,stop_loss,0,1,1,2022-05-01
2022-05-18,2383,205.62527465820312,0.5054841336690344,0,-0.02197803556919098,-0.0021978162694722414,-0.030769243836402893,-0.006593420635908842,-0.02197803556919098,-0.027978035569190977,gap_stop,0,1,1,2022-05-01
2022-05-18,3339,16.549999237060547,0.49756156172645544,1,0.01510574109852314,0.021148059517145157,-0.05135948583483696,0.01812695898115635,-0.02,-0.026000000000000002,stop_loss,0,1,1,2022-05-01
2022-05-18,3207,27.128185272216797,0.49647874654591884,0,-0.0016891277628019452,0.03209466114640236,-0.028716200962662697,-0.028716200962662697,-0.02,-0.026000000000000002,ambiguous_stop_loss,1,1,1,2022-05-01
2022-05-18,3526,132.15496826171875,0.49024206345931903,1,-0.023460276424884796,0.01466289721429348,-0.026392826810479164,0.01466289721429348,-0.023460276424884796,-0.029460276424884795,gap_stop,0,1,1,2022-05-01
2022-05-18,4919,151.29896545410156,0.48983205992006235,1,-0.026239164173603058,0.014577159658074379,-0.03207006677985191,0.011661707423627377,-0.026239164173603058,-0.032239164173603056,gap_stop,0,1,1,2022-05-01
2022-05-18,3037,201.3601837158203,0.48923863542017576,0,-0.024719184264540672,-0.013483230024576187,-0.038202330470085144,-0.015730420127511024,-0.024719184264540672,-0.03071918426454067,gap_stop,0,1,1,2022-05-01
2022-05-18,2344,26.88921546936035,0.48808308115217813,1,-0.023972611874341965,0.003424673806875944,-0.029109571129083633,0.003424673806875944,-0.023972611874341965,-0.029972611874341963,gap_stop,0,1,1,2022-05-01
2022-05-18,4714,13.179923057556152,0.48791828108708535,1,-0.014705889858305454,0.018382402136921883,-0.018382305279374123,0.014705917797982693,0.014705917797982693,0.008705917797982693,close,0,0,1,2022-05-01
2022-05-18,3003,65.69955444335938,0.4795195528560319,0,-0.016620375216007233,-0.005539999809116125,-0.02631562575697899,-0.005539999809116125,-0.02,-0.026000000000000002,stop_loss,0,1,1,2022-05-01
2022-05-18,8044,71.89002227783203,0.4758824651057369,0,-0.020408058539032936,-0.006802671123296022,-0.02857135236263275,-0.006802671123296022,-0.020408058539032936,-0.026408058539032934,gap_stop,0,1,1,2022-05-01
2022-05-18,3689,37.5020637512207,0.4646324973053593,1,-0.026077035814523697,0.010204109363257885,-0.031745970249176025,0.010204109363257885,-0.026077035814523697,-0.032077035814523695,gap_stop,0,1,1,2022-05-01
2022-05-18,8071,16.849977493286133,0.4626382137259284,0,-0.03252047300338745,-1.340710866770678e-07,-0.04065053164958954,-0.008130297064781189,-0.03252047300338745,-0.03852047300338745,gap_stop,0,1,1,2022-05-01
2022-05-18,3680,204.0926513671875,0.4625898555775548,1,-0.020270155742764473,0.036036115139722824,-0.020270155742764473,0.022522589191794395,-0.020270155742764473,-0.02627015574276447,gap_stop,1,1,1,2022-05-01
2022-05-19,4171,76.62671661376953,0.840297715883902,1,0.0042733969166874886,0.021367397159337997,-0.021367602050304413,0.017093941569328308,-0.02,-0.026000000000000002,stop_loss,0,1,1,2022-05-01
2022-05-19,1325,27.317338943481445,0.794538077067492,1,0.012903157621622086,0.02419349178671837,0.006451582070440054,0.012903157621622086,0.012903157621622086,0.0069031576216220854,close,0,0,1,2022-05-01
2022-05-19,3073,22.299999237060547,0.7681440404266043,1,0.004484322387725115,0.07174889743328094,0.004484322387725115,0.013452966697514057,0.03,0.024,take_profit,1,0,1,2022-05-01
2022-05-19,1225,44.50730514526367,0.7673817943654141,1,0.027027014642953873,0.027027014642953873,0.0010009279940277338,0.0030030023772269487,0.0030030023772269487,-0.0029969976227730514,close,0,0,1,2022-05-01
2022-05-19,9919,19.910734176635742,0.7616276928874065,1,0.002386606764048338,0.021479666233062744,0.002386606764048338,0.01193318236619234,0.01193318236619234,0.005933182366192341,close,0,0,1,2022-05-01
2022-05-19,3685,22.649999618530273,0.7581206923645194,0,0.00220755604095757,0.0044150277972221375,-0.00882997177541256,-0.0066224997863173485,-0.0066224997863173485,-0.012622499786317349,close,0,0,1,2022-05-01
2022-05-19,6461,19.099044799804688,0.7556225520630218,1,0.0,0.010204026475548744,-0.005102163180708885,0.007653045002371073,0.007653045002371073,0.0016530450023710726,close,0,0,1,2022-05-01
2022-05-19,4974,42.03651428222656,0.7542367848949988,1,0.00894464086741209,0.012522404082119465,0.0017889783484861255,0.007155691273510456,0.007155691273510456,0.001155691273510456,close,0,0,1,2022-05-01
2022-05-19,4121,20.866735458374023,0.7529749123553453,0,0.008492580614984035,0.01910829171538353,-0.023354554548859596,-0.023354554548859596,-0.02,-0.026000000000000002,stop_loss,0,1,1,2022-05-01
2022-05-19,2465,41.19266128540039,0.7513662472679691,1,0.011789905838668346,0.03215440362691879,0.0010718245757743716,0.0010718245757743716,0.03,0.024,take_profit,1,0,1,2022-05-01
2022-05-19,3596,100.8499984741211,0.7496333781104094,0,0.012244823388755322,0.012244823388755322,-0.012244971469044685,-0.008163338527083397,-0.008163338527083397,-0.014163338527083397,close,0,0,1,2022-05-01
2022-05-19,9914,205.89430236816406,0.7495337531358027,1,-1.001484051244006e-08,0.047008536756038666,-0.00854701828211546,0.027777766808867455,0.03,0.024,take_profit,1,0,1,2022-05-01
2022-05-19,2885,17.716426849365234,0.7470146243543242,1,-3.833483219750633e-08,0.008565333671867847,-0.008565320633351803,0.0042826030403375626,0.0042826030403375626,-0.0017173969596624376,close,0,0,1,2022-05-01
2022-05-19,2634,29.68419075012207,0.746823816716304,1,0.007704069372266531,0.043143130838871,0.007704069372266531,0.026194004341959953,0.03,0.024,take_profit,1,0,1,2022-05-01
2022-05-19,4164,32.58547592163086,0.7448137432317592,1,0.0013157888315618038,0.00526319770142436,-0.007894697599112988,0.0026315583381801844,0.0026315583381801844,-0.0033684416618198158,close,0,0,1,2022-05-01
2022-05-19,5388,68.7973403930664,0.7445891034536872,0,0.006443168502300978,0.019329765811562538,-0.01030934788286686,-0.006443427875638008,-0.006443427875638008,-0.012443427875638008,close,0,0,1,2022-05-01
2022-05-19,1449,15.578008651733398,0.7445070930043867,1,-0.01702135242521763,0.012765959836542606,-0.01702135242521763,0.004255351610481739,0.004255351610481739,-0.001744648389518261,close,0,0,1,2022-05-01
2022-05-19,2881,45.232662200927734,0.7443954495774172,1,0.004870191682130098,0.00974032562226057,0.001623435877263546,0.003246813779696822,0.003246813779696822,-0.002753186220303178,close,0,0,1,2022-05-01
2022-05-19,4746,43.529930114746094,0.7381277081276654,0,-0.003051913809031248,0.004069112706929445,-0.010172940790653229,-0.004069192335009575,-0.004069192335009575,-0.010069192335009575,close,0,0,1,2022-05-01
2022-05-19,6108,16.85755729675293,0.7368466073328004,0,0.007957539521157742,0.010610018856823444,-0.0026525806169956923,0.0,0.0,-0.006,close,0,0,1,2022-05-01
2022-05-20,3623,16.899999618530273,0.7700393301182077,1,-0.002958534751087427,0.017751546576619148,-0.002958534751087427,0.008875717408955097,0.008875717408955097,0.002875717408955097,close,0,0,1,2022-05-01
2022-05-20,2382,59.220733642578125,0.7644217816982896,1,0.012080513872206211,0.022818706929683685,0.0067113665863871574,0.013422776013612747,0.013422776013612747,0.007422776013612747,close,0,0,1,2022-05-01
2022-05-20,9958,111.22662353515625,0.756147330248937,1,0.012765956111252308,0.021276595070958138,-1.1480039141531506e-09,0.01702127605676651,0.01702127605676651,0.01102127605676651,close,0,0,1,2022-05-01
2022-05-20,6719,482.0879821777344,0.74209883119423,0,0.023301010951399803,0.04077674075961113,-0.009708699770271778,-0.007766952272504568,0.03,0.024,take_profit,1,0,1,2022-05-01
2022-05-20,2031,38.31684875488281,0.7363390000599573,1,0.004110993817448616,0.01952723227441311,5.930257884756429e-08,0.006166539154946804,0.006166539154946804,0.00016653915494680392,close,0,0,1,2022-05-01
2022-05-20,2465,41.236812591552734,0.7354591377286566,1,0.010706637054681778,0.02783733233809471,0.0021413343492895365,0.003212030977010727,0.003212030977010727,-0.002787969022989273,close,0,0,1,2022-05-01
2022-05-20,4912,90.9302978515625,0.7317726495758666,1,0.010050254873931408,0.04522616043686867,-3.8829860216083034e-08,0.02512565441429615,0.03,0.024,take_profit,1,0,1,2022-05-01
2022-05-20,2882,43.45902633666992,0.7316457754362727,0,0.009451819583773613,0.009451819583773613,-0.01701314002275467,-0.011342087760567665,-0.011342087760567665,-0.017342087760567663,close,0,0,1,2022-05-01
2022-05-20,2915,66.00344848632812,0.7312476475486719,1,0.00850542914122343,0.015795748680830002,-0.003645264310762286,0.010935472324490547,0.010935472324490547,0.004935472324490547,close,0,0,1,2022-05-01
2022-05-20,2881,45.37952423095703,0.7291453410304383,0,0.0016181267565116286,0.003236250951886177,-0.025889983400702477,-0.021035611629486084,-0.02,-0.026000000000000002,stop_loss,0,1,1,2022-05-01
2022-05-20,4162,64.808837890625,0.7234804570561407,1,-0.019841428846120834,0.017195643857121468,-0.019841428846120834,0.006613594479858875,0.006613594479858875,0.0006135944798588751,close,0,0,1,2022-05-01
2022-05-20,3685,22.5,0.7234495386325517,1,0.0,0.10000000149011612,-0.0022221882827579975,0.10000000149011612,0.03,0.024,take_profit,1,0,1,2022-05-01
2022-05-20,4164,32.671226501464844,0.7221866774314823,1,0.001312362146563828,0.02099740132689476,-0.0013123698299750686,0.011810990050435066,0.011810990050435066,0.005810990050435066,close,0,0,1,2022-05-01
2022-05-20,2352,22.485227584838867,0.7218764329343891,1,0.009157468564808369,0.021977994590997696,0.0036629769019782543,0.02014652080833912,0.02014652080833912,0.014146520808339119,close,0,0,1,2022-05-01
2022-05-20,2368,80.95158386230469,0.7214255305918623,1,0.011029370129108429,0.020833339542150497,0.002450929954648018,0.003676457330584526,0.003676457330584526,-0.002323542669415474,close,0,0,1,2022-05-01
2022-05-20,2030,23.358877182006836,0.7190906289488315,1,0.008503345772624016,0.023809492588043213,0.003401318099349737,0.013605372980237007,0.013605372980237007,0.007605372980237007,close,0,0,1,2022-05-01
2022-05-20,2611,15.941503524780273,0.7173893411751786,1,0.013856718316674232,0.06697457283735275,0.013856718316674232,0.039260875433683395,0.03,0.024,take_profit,1,0,1,2022-05-01
2022-05-20,4121,20.37940216064453,0.7159572297064964,1,0.006521816831082106,0.02826094999909401,-0.01739119552075863,0.01304354052990675,0.01304354052990675,0.00704354052990675,close,0,0,1,2022-05-01
2022-05-20,5011,28.339786529541016,0.7133461766199307,0,0.0030769805889576674,0.006153828930109739,-0.0061538005247712135,-0.0030769521836191416,-0.0030769521836191416,-0.009076952183619142,close,0,0,1,2022-05-01
2022-05-20,1216,55.28056716918945,0.7130452546347913,1,0.012383873574435711,0.012383873574435711,-0.0015480375150218606,0.007739863824099302,0.007739863824099302,0.0017398638240993022,close,0,0,1,2022-05-01
2022-05-23,2882,42.96611022949219,0.8416798377147321,0,0.005736165679991245,0.013384340330958366,-0.005736059043556452,-0.005736059043556452,-0.005736059043556452,-0.011736059043556452,close,0,0,1,2022-05-01
2022-05-23,2881,44.4249382019043,0.8398023427922728,0,0.0016528612468391657,0.009917329996824265,-0.006611607503145933,-0.006611607503145933,-0.006611607503145933,-0.012611607503145933,close,0,0,1,2022-05-01
2022-05-23,2891,20.973194122314453,0.8128887499377493,1,-1.4518180080358434e-07,0.017681535333395004,-0.0019648263696581125,0.003929067403078079,0.003929067403078079,-0.002070932596921921,close,0,0,1,2022-05-01
2022-05-23,5011,28.252586364746094,0.809749072172718,0,0.003086463548243046,0.016975311562418938,-0.012345615774393082,-0.009259211830794811,-0.009259211830794811,-0.015259211830794811,close,0,0,1,2022-05-01
2022-05-23,1476,400.2736511230469,0.8091320878134972,1,0.0186198391020298,0.05038325488567352,0.01642925851047039,0.02847745083272457,0.03,0.024,take_profit,1,0,1,2022-05-01
2022-05-23,8071,16.484664916992188,0.8062356960271949,0,0.005540105514228344,0.011080292984843254,-0.027700912207365036,-0.027700912207365036,-0.02,-0.026000000000000002,stop_loss,0,1,1,2022-05-01
2022-05-23,2031,38.553131103515625,0.8045051338702746,0,0.008171658962965012,0.011236041784286499,-0.020428908988833427,-0.016343092545866966,-0.02,-0.026000000000000002,stop_loss,0,1,1,2022-05-01
2022-05-23,2324,19.712142944335938,0.803979611250258,0,0.002252217847853899,0.011261261068284512,0.0,0.0,0.0,-0.006,close,0,0,1,2022-05-01
2022-05-23,6667,68.02599334716797,0.8023228482334575,0,0.013089028187096119,0.013089028187096119,-0.02486909180879593,-0.02225126326084137,-0.02,-0.026000000000000002,stop_loss,0,1,1,2022-05-01
2022-05-23,4746,43.44136047363281,0.8001563351340337,0,0.003058116417378187,0.006116173695772886,-0.016309890896081924,-0.015290538780391216,-0.015290538780391216,-0.021290538780391215,close,0,0,1,2022-05-01
2022-05-23,2357,245.60748291015625,0.7993105620801578,0,0.0015456142136827111,0.007727994583547115,-0.004636765923351049,-0.004636765923351049,-0.004636765923351049,-0.01063676592335105,close,0,0,1,2022-05-01
2022-05-23,2049,200.03118896484375,0.7974172436106896,0,0.01157399546355009,0.013888799585402012,-0.011574123054742813,-0.011574123054742813,-0.011574123054742813,-0.01757412305474281,close,0,0,1,2022-05-01
2022-05-23,3645,46.908111572265625,0.7963616044116513,1,0.011928441934287548,0.04572559893131256,0.001988084753975272,0.009940325282514095,0.03,0.024,take_profit,1,0,1,2022-05-01
2022-05-23,1308,23.613542556762695,0.7959334913462905,0,0.003472224110737443,0.010416694916784763,-0.008680567145347595,-0.008680567145347595,-0.008680567145347595,-0.014680567145347595,close,0,0,1,2022-05-01
2022-05-23,2356,21.849035263061523,0.795492604328331,0,-0.001953170634806156,0.003906263969838619,-0.011718795634806156,-0.007812530733644962,-0.007812530733644962,-0.013812530733644962,close,0,0,1,2022-05-01
2022-05-23,3152,193.28443908691406,0.7938048472630124,0,0.009049835614860058,0.009049835614860058,-0.06561080366373062,-0.054298583418130875,-0.02,-0.026000000000000002,stop_loss,0,1,1,2022-05-01
2022-05-23,3661,917.2406005859375,0.7935595897976483,0,0.010604407638311386,0.01590663380920887,-0.05302231386303902,-0.04347830265760422,-0.02,-0.026000000000000002,stop_loss,0,1,1,2022-05-01
2022-05-23,1303,68.92896270751953,0.7934980155590062,0,-0.0024330602027475834,0.0012166120577603579,-0.010948838666081429,-0.010948838666081429,-0.010948838666081429,-0.016948838666081427,close,0,0,1,2022-05-01
2022-05-23,5274,2021.0443115234375,0.7930632884007192,0,-0.0021413625217974186,0.002141250530257821,-0.09850113838911057,-0.0792292058467865,-0.02,-0.026000000000000002,stop_loss,0,1,1,2022-05-01
2022-05-23,9904,24.55955696105957,0.7928162944605978,0,-2.1754079426727913e-08,0.0034129605628550053,-0.01023890357464552,-0.01023890357464552,-0.01023890357464552,-0.016238903574645518,close,0,0,1,2022-05-01
2022-05-24,9958,108.38680267333984,0.8041138657821355,1,0.008733623661100864,0.017467249184846878,-0.004366812761873007,0.004366811830550432,0.004366811830550432,-0.001633188169449568,close,0,0,1,2022-05-01
2022-05-24,5274,1860.9185791015625,0.8001311771732379,0,0.004651180002838373,0.0325581356883049,-0.009302297607064247,0.0,0.03,0.024,take_profit,1,0,1,2022-05-01
2022-05-24,6411,115.46147155761719,0.7999466550722385,1,0.014492746442556381,0.050724614411592484,0.003623164026066661,0.047101493924856186,0.03,0.024,take_profit,1,0,1,2022-05-01
2022-05-24,6488,480.2014465332031,0.7964990266188369,1,0.001851830049417913,0.02222220040857792,-2.1726055621229534e-08,0.012962941080331802,0.012962941080331802,0.006962941080331802,close,0,0,1,2022-05-01
2022-05-24,5483,128.26747131347656,0.7898123672131833,1,0.012779551558196545,0.03514377027750015,-1.1083295392566583e-09,0.028753992170095444,0.03,0.024,take_profit,1,0,1,2022-05-01
2022-05-24,8183,49.12226104736328,0.7875398060056646,1,0.005253985058516264,0.05078810825943947,0.005253985058516264,0.047285471111536026,0.03,0.024,take_profit,1,0,1,2022-05-01
2022-05-24,3532,197.35777282714844,0.7861512614213491,1,0.006771962624043226,0.04063200578093529,-0.006772054824978113,0.03611733391880989,0.03,0.024,take_profit,1,0,1,2022-05-01
2022-05-24,3059,34.68488311767578,0.7845364192220454,1,0.012129475362598896,0.025606565177440643,0.005390929989516735,0.020215708762407303,0.020215708762407303,0.014215708762407303,close,0,0,1,2022-05-01
2022-05-24,8155,135.4480743408203,0.7829936138451291,1,0.009554112330079079,0.03821653127670288,-2.712044633312871e-08,0.03184710443019867,0.03,0.024,take_profit,1,0,1,2022-05-01
2022-05-24,3707,113.73238372802734,0.7827872011602007,1,0.008657986298203468,0.05627703294157982,-2.22678799843834e-08,0.043290019035339355,0.03,0.024,take_profit,1,0,1,2022-05-01
2022-05-24,4931,38.99111557006836,0.7804633578773312,1,0.030162328854203224,0.09976788610219955,0.004640237428247929,0.027842091396450996,0.03,0.024,gap_take_profit,1,0,1,2022-05-01
2022-05-24,6104,182.3050079345703,0.7798339504122772,1,0.010309409350156784,0.041237249970436096,-0.010309149511158466,0.018041368573904037,0.03,0.024,take_profit,1,0,1,2022-05-01
2022-05-24,1712,27.5426082611084,0.7748028331192363,1,0.019374065101146698,0.019374065101146698,-0.0014903382398188114,0.011922501027584076,0.011922501027584076,0.005922501027584076,close,0,0,1,2022-05-01
2022-05-24,8027,69.59553527832031,0.7737741392716462,1,0.010752679780125618,0.06720435619354248,0.006720482837408781,0.0537634938955307,0.03,0.024,take_profit,1,0,1,2022-05-01
2022-05-24,3529,1314.197998046875,0.7728251317628939,1,0.018314940854907036,0.02930395118892193,-0.010989086702466011,0.018314940854907036,0.018314940854907036,0.012314940854907036,close,0,0,1,2022-05-01
2022-05-24,3017,100.37834930419922,0.7659776282795586,1,0.01834859885275364,0.09174305200576782,0.013761418871581554,0.08256876468658447,0.03,0.024,take_profit,1,0,1,2022-05-01
2022-05-24,6470,47.07431411743164,0.7631134432246166,1,0.005102106835693121,0.0425170436501503,-0.001700633205473423,0.01700686849653721,0.03,0.024,take_profit,1,0,1,2022-05-01
2022-05-24,3037,184.61785888671875,0.7628796941243603,1,0.014705920591950417,0.04656866565346718,-0.007352904416620731,0.04411768540740013,0.03,0.024,take_profit,1,0,1,2022-05-01
2022-05-24,3675,246.0289764404297,0.7622304353418484,1,-2.663148279680172e-08,0.03947368264198303,-0.00822375901043415,0.03947368264198303,0.03,0.024,take_profit,1,0,1,2022-05-01
2022-05-24,1584,18.782743453979492,0.7596309418897178,1,0.018099477514624596,0.029411640018224716,-0.004524939227849245,0.027149243280291557,0.027149243280291557,0.02114924328029156,close,0,0,1,2022-05-01
2022-05-25,4171,73.67953491210938,0.8068661263459035,0,0.004444339778274298,0.03555546700954437,-0.022222299128770828,-0.017777906730771065,-0.02,-0.026000000000000002,ambiguous_stop_loss,1,1,1,2022-05-01
2022-05-25,6134,22.519107818603516,0.7822786887253272,1,0.09846828877925873,0.09846828877925873,0.01969362050294876,0.03282277286052704,0.03,0.024,gap_take_profit,1,0,1,2022-05-01
2022-05-25,2474,127.24987030029297,0.7692811136779488,1,0.009287998080253601,0.021671900525689125,0.009287998080253601,0.01238397415727377,0.01238397415727377,0.006383974157273769,close,0,0,1,2022-05-01
2022-05-25,2634,30.964860916137695,0.7430120809705743,1,0.016248293220996857,0.017725374549627304,4.711683487812479e-08,0.002954324707388878,0.002954324707388878,-0.0030456752926111223,close,0,0,1,2022-05-01
2022-05-25,3702,44.9122200012207,0.7404386645190819,0,0.0035649489145725965,0.01426017563790083,-0.008912782184779644,-0.0035651344805955887,-0.0035651344805955887,-0.009565134480595589,close,0,0,1,2022-05-01
2022-05-25,4534,11.100000381469727,0.7400450788611209,1,0.06306304037570953,0.08108104020357132,-0.004504521377384663,0.031531479209661484,0.03,0.024,gap_take_profit,1,0,1,2022-05-01
2022-05-25,2889,12.314571380615234,0.7377426072101969,0,-0.0032679277937859297,0.006535994354635477,-0.0032679277937859297,0.0,0.0,-0.006,close,0,0,1,2022-05-01
2022-05-25,5522,49.69350814819336,0.7371528438717876,1,0.0015673553571105003,0.015673961490392685,0.0015673553571105003,0.010971719399094582,0.010971719399094582,0.0049717193990945815,close,0,0,1,2022-05-01
2022-05-25,6239,75.58625793457031,0.7329828624179772,1,0.005208300892263651,0.01145828515291214,0.0031249993480741978,0.01145828515291214,0.01145828515291214,0.00545828515291214,close,0,0,1,2022-05-01
2022-05-25,3044,94.2343521118164,0.7288141254171091,0,0.004310344811528921,0.008620689623057842,0.0,0.0,0.0,-0.006,close,0,0,1,2022-05-01
2022-05-25,6664,79.3026123046875,0.72571832219662,1,-0.003147929208353162,0.08604409545660019,-0.006295915227383375,0.031479597091674805,0.03,0.024,take_profit,1,0,1,2022-05-01
2022-05-25,3653,289.0976257324219,0.7243219372393203,0,0.014836756512522697,0.028189828619360924,-0.053412485867738724,-0.04302676022052765,-0.02,-0.026000000000000002,stop_loss,0,1,1,2022-05-01
2022-05-25,1101,33.952369689941406,0.721629151410662,1,0.0036014842335134745,0.01920768991112709,0.0012005064636468887,0.0012005064636468887,0.0012005064636468887,-0.004799493536353111,close,0,0,1,2022-05-01
2022-05-25,6823,100.26014709472656,0.7198707977606101,0,0.0,0.0,0.0,0.0,0.0,-0.006,close,0,0,1,2022-05-01
2022-05-25,3014,71.06454467773438,0.7142784156208098,0,0.007345348130911589,0.010493334382772446,-0.015739617869257927,-0.01469031535089016,-0.01469031535089016,-0.020690315350890158,close,0,0,1,2022-05-01
2022-05-25,2382,60.174625396728516,0.7126539003219403,1,0.007926061749458313,0.014531081542372704,0.005283993203192949,0.013209996744990349,0.013209996744990349,0.007209996744990349,close,0,0,1,2022-05-01
2022-05-25,1526,40.87936019897461,0.7123060749114445,0,0.006249979604035616,0.008333360776305199,-0.007291639223694801,-0.005208337679505348,-0.005208337679505348,-0.011208337679505348,close,0,0,1,2022-05-01
2022-05-25,3484,51.292057037353516,0.7114029497904543,1,0.00993376038968563,0.00993376038968563,-0.006622513756155968,0.0049668652936816216,0.0049668652936816216,-0.0010331347063183786,close,0,0,1,2022-05-01
2022-05-25,2881,43.690643310546875,0.7098693296712051,1,0.006722653284668922,0.016806619241833687,0.0016805590130388737,0.0033612323459237814,0.0033612323459237814,-0.0026387676540762187,close,0,0,1,2022-05-01
2022-05-25,6727,60.8084831237793,0.7092977534415437,0,0.006896533537656069,0.00827582273632288,-0.022068962454795837,-0.011034542694687843,-0.02,-0.026000000000000002,stop_loss,0,1,1,2022-05-01
2022-05-26,6150,75.94424438476562,0.7927505921447612,1,0.023281734436750412,0.045454684644937515,0.0066520217806100845,0.02993360348045826,0.03,0.024,take_profit,1,0,1,2022-05-01
2022-05-26,2481,68.24729919433594,0.7741977010147435,1,0.019011367112398148,0.03041823022067547,0.011406823992729187,0.016476456075906754,0.03,0.024,take_profit,1,0,1,2022-05-01
2022-05-26,6781,955.8076782226562,0.7712490532713573,1,0.019512182101607323,0.09756096452474594,0.019512182101607323,0.06829266995191574,0.03,0.024,take_profit,1,0,1,2022-05-01
2022-05-26,6206,60.29549026489258,0.7618961623881678,1,0.009358231909573078,0.02540097013115883,0.005347495898604393,0.020053459331393242,0.020053459331393242,0.014053459331393242,close,0,0,1,2022-05-01
2022-05-26,1101,33.99312973022461,0.7611918784173379,1,-0.003597147762775421,0.016786644235253334,-0.003597147762775421,0.011990445666015148,0.011990445666015148,0.005990445666015148,close,0,0,1,2022-05-01
2022-05-26,2885,17.374996185302734,0.7555339296595961,1,0.006550264079123735,0.017467258498072624,0.002183465985581279,0.010917061939835548,0.010917061939835548,0.004917061939835548,close,0,0,1,2022-05-01
2022-05-26,2474,128.8257293701172,0.7514843745420304,1,0.006116187199950218,0.015290498733520508,0.0030580833554267883,0.009174291044473648,0.009174291044473648,0.003174291044473648,close,0,0,1,2022-05-01
2022-05-26,3152,181.91477966308594,0.748118108579906,1,0.02403845824301243,0.03365384414792061,0.009615381248295307,0.03365384414792061,0.03,0.024,take_profit,1,0,1,2022-05-01
2022-05-26,1605,36.70962905883789,0.7438622854327257,1,0.029273876920342445,0.09836050868034363,0.02693195641040802,0.05971885100007057,0.03,0.024,take_profit,1,0,1,2022-05-01
2022-05-26,8110,13.794050216674805,0.7422184884952432,1,0.010380660183727741,0.02076125703752041,0.0069204396568238735,0.0069204396568238735,0.0069204396568238735,0.0009204396568238734,close,0,0,1,2022-05-01
2022-05-26,6505,84.41239929199219,0.7395972983782817,1,0.015974510461091995,0.018104402348399162,0.007454775273799896,0.011714642867445946,0.011714642867445946,0.005714642867445946,close,0,0,1,2022-05-01
2022-05-26,2353,22.493606567382812,0.7381695621518712,1,0.008896785788238049,0.021352315321564674,0.008896785788238049,0.017793582752346992,0.017793582752346992,0.011793582752346992,close,0,0,1,2022-05-01
2022-05-26,4121,20.113584518432617,0.7355019100400723,1,0.00881048385053873,0.01762108877301216,-3.815486238067933e-08,0.004405180457979441,0.004405180457979441,-0.0015948195420205594,close,0,0,1,2022-05-01
2022-05-26,3675,246.83827209472656,0.7328968392992592,1,0.022950701415538788,0.0639343187212944,0.019672038033604622,0.059016209095716476,0.03,0.024,take_profit,1,0,1,2022-05-01
2022-05-26,3354,16.20945930480957,0.7295174495267007,1,0.011695770546793938,0.014619814231991768,0.0029238639399409294,0.005847907159477472,0.005847907159477472,-0.00015209284052252782,close,0,0,1,2022-05-01
2022-05-26,2609,61.83017349243164,0.727970821098093,1,0.015936214476823807,0.01992027647793293,0.003984022885560989,0.01992027647793293,0.01992027647793293,0.01392027647793293,close,0,0,1,2022-05-01
2022-05-26,8114,106.8177719116211,0.7271400695366724,1,0.0161943007260561,0.020242882892489433,-3.0569641040756323e-08,0.01214571762830019,0.01214571762830019,0.00614571762830019,close,0,0,1,2022-05-01
2022-05-26,5443,24.512319564819336,0.725177034719531,1,0.022727226838469505,0.022727226838469505,0.005244709551334381,0.00874122604727745,0.00874122604727745,0.0027412260472774504,close,0,0,1,2022-05-01
2022-05-26,2603,133.9475555419922,0.7245438858532124,1,0.017605626955628395,0.024647880345582962,0.0035211192443966866,0.017605626955628395,0.017605626955628395,0.011605626955628395,close,0,0,1,2022-05-01
2022-05-26,1201,18.960268020629883,0.7231320284704644,1,0.007281550206243992,0.01456308551132679,0.004854402970522642,0.012135937809944153,0.012135937809944153,0.006135937809944153,close,0,0,1,2022-05-01
2022-05-27,6026,10.287949562072754,0.8495958425835253,1,0.00917441863566637,0.03058117814362049,0.006116330157965422,0.027523020282387733,0.03,0.024,take_profit,1,0,1,2022-05-01
2022-05-27,2352,23.308862686157227,0.8385735000534804,1,0.01060071587562561,0.014134298078715801,0.0070671336725354195,0.014134298078715801,0.014134298078715801,0.008134298078715801,close,0,0,1,2022-05-01
2022-05-27,5471,59.9838981628418,0.8374089334180106,1,0.013458910398185253,0.02826373465359211,0.013458910398185253,0.025571882724761963,0.025571882724761963,0.019571882724761965,close,0,0,1,2022-05-01
2022-05-27,3714,58.02619552612305,0.8371045849515704,1,0.020635012537240982,0.025396844372153282,0.007936550304293633,0.017460336908698082,0.017460336908698082,0.011460336908698082,close,0,0,1,2022-05-01
2022-05-27,2385,64.54512786865234,0.8336585170399564,1,0.011976111680269241,0.02155698835849762,0.007185674272477627,0.01676655001938343,0.01676655001938343,0.01076655001938343,close,0,0,1,2022-05-01
2022-05-27,4989,31.080690383911133,0.8330689038659338,1,0.0030031464993953705,0.027027150616049767,0.0030031464993953705,0.02252259850502014,0.02252259850502014,0.016522598505020143,close,0,0,1,2022-05-01
2022-05-27,2392,28.800148010253906,0.8325273078589112,1,0.010279211215674877,0.011747618205845356,0.004405472427606583,0.011747618205845356,0.011747618205845356,0.005747618205845356,close,0,0,1,2022-05-01
2022-05-27,6239,76.45234680175781,0.8305968356110632,1,0.0041194697842001915,0.008238949812948704,0.003089619567617774,0.006179170683026314,0.006179170683026314,0.00017917068302631366,close,0,0,1,2022-05-01
2022-05-27,4908,27.800724029541016,0.8295402665401614,1,0.004636840894818306,0.02627519704401493,0.0030912694055587053,0.017001649364829063,0.017001649364829063,0.011001649364829063,close,0,0,1,2022-05-01
2022-05-27,1611,15.894547462463379,0.8283016522748371,1,0.0137362414970994,0.021977977827191353,0.005494399461895227,0.0137362414970994,0.0137362414970994,0.0077362414970993994,close,0,0,1,2022-05-01
2022-05-27,8163,33.32284164428711,0.8281015211270809,1,0.004613756202161312,0.010380770079791546,0.004613756202161312,0.010380770079791546,0.010380770079791546,0.004380770079791546,close,0,0,1,2022-05-01
2022-05-27,6237,52.82123565673828,0.8271142071741513,1,0.01639336720108986,0.038251303136348724,0.009107435122132301,0.038251303136348724,0.03,0.024,take_profit,1,0,1,2022-05-01
2022-05-27,2850,40.50303649902344,0.8270346855805019,1,0.013645182363688946,0.044834233820438385,0.013645182363688946,0.03898629546165466,0.03,0.024,take_profit,1,0,1,2022-05-01
2022-05-27,4121,20.20218849182129,0.8262169378445052,1,0.02412300556898117,0.037280868738889694,0.013158091343939304,0.03508792072534561,0.03,0.024,take_profit,1,0,1,2022-05-01
2022-05-27,2618,28.29559326171875,0.8256219445681025,1,0.03039509430527687,0.054711177945137024,0.021276460960507393,0.03951361030340195,0.03,0.024,gap_take_profit,1,0,1,2022-05-01
2022-05-27,4721,117.25670623779297,0.8247794961311287,1,0.01872655563056469,0.04119846597313881,0.01498123724013567,0.03370782732963562,0.03,0.024,take_profit,1,0,1,2022-05-01
2022-05-27,2889,12.395058631896973,0.8246410131701443,1,0.006493523251265287,0.01948055997490883,0.0032468161080032587,0.01623385213315487,0.01623385213315487,0.010233852133154869,close,0,0,1,2022-05-01
2022-05-27,1101,34.40072250366211,0.8239441586423665,1,0.008293823339045048,0.020142151042819023,0.008293823339045048,0.014217987656593323,0.014217987656593323,0.008217987656593323,close,0,0,1,2022-05-01
2022-05-27,2038,23.236530303955078,0.8233809726512696,1,0.011538464576005936,0.02500002831220627,0.009615395218133926,0.015384604223072529,0.015384604223072529,0.009384604223072529,close,0,0,1,2022-05-01
2022-05-27,5011,27.903791427612305,0.8221216201836751,1,0.0031249462626874447,0.020312387496232986,0.0031249462626874447,0.0156249413266778,0.0156249413266778,0.009624941326677799,close,0,0,1,2022-05-01
2022-05-30,6285,54.25531768798828,0.7983427734251,1,0.00155760464258492,0.010903354734182358,-0.003115361090749502,0.009345760568976402,0.009345760568976402,0.003345760568976402,close,0,0,1,2022-05-01
2022-05-30,1612,17.93187713623047,0.7896953166281863,1,0.004073332063853741,0.006110038608312607,-0.008146596141159534,0.002036703284829855,0.002036703284829855,-0.003963296715170145,close,0,0,1,2022-05-01
2022-05-30,4958,99.59120178222656,0.7896808676777133,1,0.012658243998885155,0.025316473096609116,-0.004219393245875835,0.021097062155604362,0.021097062155604362,0.015097062155604362,close,0,0,1,2022-05-01
2022-05-30,6239,76.92475891113281,0.789524676107817,1,4.3645414393722604e-08,0.002047173446044326,-0.00409406004473567,0.002047173446044326,0.002047173446044326,-0.003952826553955674,close,0,0,1,2022-05-01
2022-05-30,6147,51.20924377441406,0.7872163023307958,1,0.0028944076038897038,0.005788719281554222,-0.004341482650488615,0.004341563675552607,0.004341563675552607,-0.0016584363244473935,close,0,0,1,2022-05-01
2022-05-30,2441,59.28824234008789,0.7857897347687702,1,0.004207472316920757,0.009817590937018394,-3.689099514758709e-08,0.007012585178017616,0.007012585178017616,0.0010125851780176161,close,0,0,1,2022-05-01
2022-05-30,4142,35.20000076293945,0.7844767312445415,1,0.0,0.0071022724732756615,-0.0014204328181222081,0.0028408656362444162,0.0028408656362444162,-0.003159134363755584,close,0,0,1,2022-05-01
2022-05-30,3213,38.246089935302734,0.7826241176702267,0,0.001016229740343988,0.0020324743818491697,-0.003048826241865754,-0.0010162594262510538,-0.0010162594262510538,-0.007016259426251054,close,0,0,1,2022-05-01
2022-05-30,5876,42.819549560546875,0.781218562003056,0,-5.39468523186315e-08,0.023668590933084488,-0.001972491852939129,-0.001972491852939129,-0.001972491852939129,-0.007972491852939129,close,0,0,1,2022-05-01
2022-05-30,2363,27.27879524230957,0.7808327219697303,1,0.002164321020245552,0.008657915517687798,-0.0043291556648910046,0.002164321020245552,0.002164321020245552,-0.003835678979754448,close,0,0,1,2022-05-01
2022-05-30,2537,8.413208961486816,0.7788999982374615,1,0.0010706165339797735,0.010706503875553608,-0.0021414482034742832,0.009635917842388153,0.009635917842388153,0.003635917842388153,close,0,0,1,2022-05-01
2022-05-30,2324,20.378093719482422,0.7786569067163464,1,6.437505817302736e-08,0.004357296507805586,-0.006535950116813183,0.002178680384531617,0.002178680384531617,-0.003821319615468383,close,0,0,1,2022-05-01
2022-05-30,6207,26.635894775390625,0.7774993788859647,1,0.00513708358630538,0.010274113155901432,-0.001712206401862204,0.006849468220025301,0.006849468220025301,0.0008494682200253009,close,0,0,1,2022-05-01
2022-05-30,2323,8.314026832580566,0.7770036057130186,0,0.0011074134381487966,0.005537067074328661,0.0,0.0,0.0,-0.006,close,0,0,1,2022-05-01
2022-05-30,6525,65.54634094238281,0.7769563662407286,0,0.0023724574130028486,0.0023724574130028486,-0.004744962323457003,-0.002372519113123417,-0.002372519113123417,-0.008372519113123417,close,0,0,1,2022-05-01
2022-05-30,1904,26.095773696899414,0.7740424599464766,0,-0.0016639012610539794,0.0016638983506709337,-0.008319500833749771,-0.0016639012610539794,-0.0016639012610539794,-0.0076639012610539795,close,0,0,1,2022-05-01
2022-05-30,2020,19.72153091430664,0.7723161361495686,0,0.004807657096534967,0.004807657096534967,-0.0032051876187324524,-0.0016026480589061975,-0.0016026480589061975,-0.007602648058906198,close,0,0,1,2022-05-01
2022-05-30,6170,27.43927574157715,0.7705779772364083,1,-4.842422907103128e-09,0.018978141248226166,-0.0014598366105929017,0.016058366745710373,0.016058366745710373,0.010058366745710373,close,0,0,1,2022-05-01
2022-05-30,8926,29.55154800415039,0.7700898381381249,1,-7.010816460706337e-08,0.0026040561497211456,-0.010416795499622822,0.0026040561497211456,0.0026040561497211456,-0.0033959438502788545,close,0,0,1,2022-05-01
2022-05-30,1325,28.374784469604492,0.7696570553903275,0,0.004658246412873268,0.004658246412873268,-0.02173922024667263,-0.009316871874034405,-0.02,-0.026000000000000002,stop_loss,0,1,1,2022-05-01
2022-05-31,3466,28.600000381469727,0.8468110481340614,1,0.020979033783078194,0.02622377499938011,-0.019230809062719345,0.02622377499938011,0.02622377499938011,0.020223774999380113,close,0,0,1,2022-05-01
2022-05-31,6609,30.246906280517578,0.8396735884703226,1,0.008368334732949734,0.043235842138528824,0.005578870419412851,0.02092055231332779,0.03,0.024,take_profit,1,0,1,2022-05-01
2022-05-31,3702,42.27032470703125,0.8097693009954395,1,0.009469743818044662,0.05871221423149109,0.009469743818044662,0.049242518842220306,0.03,0.024,take_profit,1,0,1,2022-05-01
2022-05-31,1569,23.270782470703125,0.8041192225779727,1,0.0071556163020431995,0.019677991047501564,-0.001788927474990487,0.008944566361606121,0.008944566361606121,0.002944566361606121,close,0,0,1,2022-05-01
2022-05-31,4966,1374.5224609375,0.8009414747520873,1,0.02325584553182125,0.036544881761074066,0.00664454884827137,0.01661132648587227,0.03,0.024,take_profit,1,0,1,2022-05-01
2022-05-31,8054,43.95357131958008,0.7977971576022045,1,0.010706652887165546,0.039614543318748474,0.004282686393707991,0.01820126734673977,0.03,0.024,take_profit,1,0,1,2022-05-01
2022-05-31,6418,13.222100257873535,0.795600036815742,1,0.019802019000053406,0.0990099310874939,0.019802019000053406,0.0990099310874939,0.03,0.024,take_profit,1,0,1,2022-05-01
2022-05-31,1219,18.8631591796875,0.7953536828063572,0,-0.004357327241450548,0.006535924505442381,-0.008714699186384678,-0.008714699186384678,-0.008714699186384678,-0.014714699186384678,close,0,0,1,2022-05-01
2022-05-31,3665,284.11651611328125,0.7951673461494916,1,2.928907782973056e-08,0.04173358529806137,2.928907782973056e-08,0.011235959827899933,0.03,0.024,take_profit,1,0,1,2022-05-01
2022-05-31,5351,63.535343170166016,0.7948252628947214,1,0.01306245382875204,0.023222126066684723,0.004354230128228664,0.005805561318993568,0.005805561318993568,-0.0001944386810064317,close,0,0,1,2022-05-01
2022-05-31,2474,129.21969604492188,0.7911835439711136,1,0.006097397301346064,0.04878031834959984,0.003048617159947753,0.03963397815823555,0.03,0.024,take_profit,1,0,1,2022-05-01
2022-05-31,3322,19.03403663635254,0.7879078185291608,1,0.009852215647697449,0.03201974183320999,0.002463072072714567,0.004926088731735945,0.03,0.024,take_profit,1,0,1,2022-05-01
2022-05-31,6605,58.413516998291016,0.7854057234295383,1,0.008784681558609009,0.08784765005111694,0.004392251372337341,0.0761345773935318,0.03,0.024,take_profit,1,0,1,2022-05-01
2022-05-31,6261,61.33269119262695,0.7830291145904794,1,-2.689884581741353e-08,0.01717306487262249,-0.0026419945061206818,0.0105680450797081,0.0105680450797081,0.004568045079708099,close,0,0,1,2022-05-01
2022-05-31,3374,136.53897094726562,0.7789762484952005,1,0.0068025835789740086,0.017006663605570793,-0.006802856922149658,0.0068025835789740086,0.0068025835789740086,0.0008025835789740084,close,0,0,1,2022-05-01
2022-05-31,6202,83.87287139892578,0.7777149870324391,1,1.2202460197840992e-07,0.040000125765800476,1.2202460197840992e-07,0.02500012516975403,0.03,0.024,take_profit,1,0,1,2022-05-01
2022-05-31,2634,31.193553924560547,0.7768496006646658,0,0.002932606963440776,0.020527871325612068,-0.008797643706202507,-0.005865024868398905,-0.005865024868398905,-0.011865024868398905,close,0,0,1,2022-05-01
2022-05-31,3128,16.66627311706543,0.7716935330835049,0,0.0,0.007389094214886427,-0.004926097113639116,0.0,0.0,-0.006,close,0,0,1,2022-05-01
2022-05-31,4974,42.86370849609375,0.7697165290436296,1,0.003508817870169878,0.031578969210386276,0.003508817870169878,0.024561462923884392,0.03,0.024,take_profit,1,0,1,2022-05-01
2022-05-31,8081,167.3460235595703,0.7661559050044315,1,0.0044843656942248344,0.022421587258577347,0.002242213347926736,0.006726518739014864,0.006726518739014864,0.0007265187390148638,close,0,0,1,2022-05-01
2022-06-01,4927,82.0177993774414,0.7177713560899216,0,0.002227120567113161,0.006681480444967747,-0.02227173000574112,-0.01893102377653122,-0.02,-0.026000000000000002,stop_loss,0,1,2,2022-06-01
2022-06-01,2049,229.20237731933594,0.7101829541766752,1,-0.018181778490543365,0.03232330456376076,-0.020201971754431725,0.01010105386376381,-0.02,-0.026000000000000002,ambiguous_stop_loss,1,1,2,2022-06-01
2022-06-01,1785,42.69899368286133,0.7089881634640502,0,-3.9448877942049876e-08,0.003191482275724411,-0.025531969964504242,-0.022340448573231697,-0.02,-0.026000000000000002,stop_loss,0,1,2,2022-06-01
2022-06-01,6603,16.18406105041504,0.7013609512057349,0,0.008450718596577644,0.008450718596577644,-0.008450686931610107,-0.008450686931610107,-0.008450686931610107,-0.014450686931610108,close,0,0,2,2022-06-01
2022-06-01,2102,23.850000381469727,0.7003836808988082,0,0.0,0.03563942760229111,-0.006289292126893997,0.0,0.03,0.024,take_profit,1,0,2,2022-06-01
2022-06-01,4303,23.032135009765625,0.6983145244729936,0,0.004000069573521614,0.012000024318695068,-0.019999947398900986,-0.005999931134283543,-0.005999931134283543,-0.011999931134283543,close,0,0,2,2022-06-01
2022-06-01,3661,898.759521484375,0.6980525961658369,0,-0.007575650233775377,0.01623387634754181,-0.04978344589471817,-0.04978344589471817,-0.02,-0.026000000000000002,stop_loss,0,1,2,2022-06-01
2022-06-01,1471,7.480000019073486,0.6960784098693105,1,0.005347588565200567,0.09625665843486786,0.005347588565200567,0.09224599599838257,0.03,0.024,take_profit,1,0,2,2022-06-01
2022-06-01,4551,136.0254669189453,0.6933424086037828,0,0.0032154785003513098,0.041800688952207565,-0.009646258316934109,-0.006430824287235737,0.03,0.024,take_profit,1,0,2,2022-06-01
2022-06-01,2368,80.3563461303711,0.692062246246939,1,-0.004938294645398855,0.011111068539321423,-0.00740742078050971,0.0012345635332167149,0.0012345635332167149,-0.004765436466783285,close,0,0,2,2022-06-01
2022-06-01,6781,1067.70703125,0.6880120943062987,0,-0.00873350165784359,0.017467373982071877,-0.03930119052529335,-0.03930119052529335,-0.02,-0.026000000000000002,stop_loss,0,1,2,2022-06-01
2022-06-01,6147,51.505680084228516,0.684811887864255,0,0.0,0.005755417514592409,-0.002877654042094946,0.0,0.0,-0.006,close,0,0,2,2022-06-01
2022-06-01,1319,34.462711334228516,0.6836236939712285,1,0.010012284852564335,0.03879829868674278,-0.0025033578276634216,0.028785748407244682,0.03,0.024,take_profit,1,0,2,2022-06-01
2022-06-01,8213,41.927799224853516,0.6778632301598858,1,1.0553145557423704e-07,0.00747677031904459,-0.0037382268346846104,0.0018692361190915108,0.0018692361190915108,-0.004130763880908489,close,0,0,2,2022-06-01
2022-06-01,5258,44.8552131652832,0.6778261936972484,1,0.035514120012521744,0.09906549006700516,0.02616826631128788,0.09906549006700516,0.03,0.024,gap_take_profit,1,0,2,2022-06-01
2022-06-01,3217,73.29350280761719,0.676850557004003,0,0.005512573756277561,0.005512573756277561,-0.012127981521189213,-0.0077178217470645905,-0.0077178217470645905,-0.01371782174706459,close,0,0,2,2022-06-01
2022-06-01,4960,11.450704574584961,0.6743930347726819,0,4.8570345967391404e-08,0.004273613914847374,-0.008546942844986916,-0.004273447208106518,-0.004273447208106518,-0.010273447208106518,close,0,0,2,2022-06-01
2022-06-01,3322,19.12779998779297,0.6743867957727737,0,0.007352882996201515,0.012254862114787102,-0.00735296169295907,-0.00735296169295907,-0.00735296169295907,-0.01335296169295907,close,0,0,2,2022-06-01
2022-06-01,8215,30.62722396850586,0.67366326634672,0,-0.005555539857596159,3.731511100113494e-08,-0.008333275094628334,-0.005555539857596159,-0.005555539857596159,-0.011555539857596159,close,0,0,2,2022-06-01
2022-06-01,3047,10.772709846496582,0.672230472118689,0,0.004347887821495533,0.008695730939507484,-0.008695640601217747,-0.008695640601217747,-0.008695640601217747,-0.014695640601217747,close,0,0,2,2022-06-01
2022-06-02,2351,128.80812072753906,0.7924804633563,1,0.0138888880610466,0.0138888880610466,-0.006944445427507162,0.010416665114462376,0.010416665114462376,0.0044166651144623755,close,0,0,2,2022-06-01
2022-06-02,3680,230.75341796875,0.771017043569479,0,-5.428006932817198e-10,0.011952201835811138,-0.0039840885438025,-0.0039840885438025,-0.0039840885438025,-0.0099840885438025,close,0,0,2,2022-06-01
2022-06-02,6261,62.06188201904297,0.7550647575297581,1,-0.003916461020708084,0.006527342833578587,-0.003916461020708084,0.0026109537575393915,0.0026109537575393915,-0.0033890462424606086,close,0,0,2,2022-06-01
2022-06-02,3374,135.61012268066406,0.7472614943275746,1,0.013698717579245567,0.04452063888311386,0.0034247443545609713,0.006849402096122503,0.03,0.024,take_profit,1,0,2,2022-06-01
2022-06-02,2382,62.8773193359375,0.7409705895972856,1,0.011378001421689987,0.013906407169997692,0.0025284821167588234,0.006321091670542955,0.006321091670542955,0.0003210916705429553,close,0,0,2,2022-06-01
2022-06-02,5386,27.08470916748047,0.7393864327837942,0,-0.006234440486878157,-3.490105626724471e-08,-0.006234440486878157,-0.0024937698617577553,-0.0024937698617577553,-0.008493769861757755,close,0,0,2,2022-06-01
2022-06-02,2489,12.055413246154785,0.7390471715670286,0,0.0,0.0038022708613425493,-0.007604607846587896,0.0,0.0,-0.006,close,0,0,2,2022-06-01
2022-06-02,6223,92.73726654052734,0.737950290151343,1,0.004854260012507439,0.01941736601293087,-0.009708845056593418,0.014562997035682201,0.014562997035682201,0.008562997035682201,close,0,0,2,2022-06-01
2022-06-02,6613,63.176971435546875,0.737656865706626,1,0.008875714614987373,0.008875714614987373,-0.005917184520512819,0.0029585547745227814,0.0029585547745227814,-0.0030414452254772188,close,0,0,2,2022-06-01
2022-06-02,3162,38.758304595947266,0.7369248294558327,0,0.013767272233963013,0.01752193085849285,-0.005006209947168827,0.0,0.0,-0.006,close,0,0,2,2022-06-01
2022-06-02,3533,694.8539428710938,0.7359390311380664,0,-1.4748685828180896e-08,0.006443238817155361,-0.024484552443027496,-0.009020696394145489,-0.02,-0.026000000000000002,stop_loss,0,1,2,2022-06-01
2022-06-02,2611,16.530567169189453,0.7336466436922396,1,0.01781727373600006,0.046770546585321426,0.004454304929822683,0.01336298231035471,0.03,0.024,take_profit,1,0,2,2022-06-01
2022-06-02,2328,34.28191375732422,0.7331635032156014,0,-0.002563991816714406,7.181739647421637e-08,-0.017948666587471962,-0.01025637798011303,-0.01025637798011303,-0.016256377980113028,close,0,0,2,2022-06-01
2022-06-02,1529,17.524755477905273,0.7326422545484861,1,0.007299382705241442,0.012165478430688381,-0.017031628638505936,0.004866228438913822,0.004866228438913822,-0.001133771561086178,close,0,0,2,2022-06-01
2022-06-02,8936,18.8046875,0.7318627203132156,1,0.002456994028761983,0.012285041622817516,2.9052680261543173e-08,0.004914052784442902,0.004914052784442902,-0.0010859472155570985,close,0,0,2,2022-06-01
2022-06-02,2367,16.22420883178711,0.7318343633167846,0,0.0059881084598600864,0.0059881084598600864,-0.014970097690820694,0.0,0.0,-0.006,close,0,0,2,2022-06-01
2022-06-02,3490,25.163267135620117,0.7305082096079012,1,0.01221639197319746,0.01221639197319746,-0.0017451997846364975,0.003490388859063387,0.003490388859063387,-0.002509611140936613,close,0,0,2,2022-06-01
2022-06-02,5876,43.833030700683594,0.7290909853498091,1,-8.372926352251397e-09,0.01734096184372902,-0.007707189302891493,0.011560614220798016,0.011560614220798016,0.0055606142207980155,close,0,0,2,2022-06-01
2022-06-02,5519,15.980249404907227,0.7283019696855003,0,0.0045557389967143536,0.006833695340901613,0.0,0.0,0.0,-0.006,close,0,0,2,2022-06-01
2022-06-02,4991,36.599998474121094,0.7279610727551352,1,0.0013662036508321762,0.043715912848711014,0.0,0.006830601487308741,0.03,0.024,take_profit,1,0,2,2022-06-01
2022-06-06,6290,50.42296600341797,0.707940094494082,1,0.0017824622336775064,0.007130041718482971,-0.007130193058401346,0.003564966144040227,0.003564966144040227,-0.002435033855959773,close,0,0,2,2022-06-01
2022-06-06,3374,136.53897094726562,0.7031336098193716,0,0.003401360474526882,0.006802720949053764,-0.013605441898107529,0.0,0.0,-0.006,close,0,0,2,2022-06-01
2022-06-06,6125,23.844825744628906,0.6936181379722217,1,-2.513075614274385e-08,0.01879696734249592,-2.513075614274385e-08,0.005639058072119951,0.005639058072119951,-0.0003609419278800489,close,0,0,2,2022-06-01
2022-06-06,2472,53.4676628112793,0.6886284290700635,0,0.0046295588836073875,0.018518470227718353,-0.003086490323767066,0.0,0.0,-0.006,close,0,0,2,2022-06-01
2022-06-06,3546,60.54194259643555,0.6874095773380671,1,2.6446263845514295e-08,0.006211187690496445,2.6446263845514295e-08,0.0037266770377755165,0.0037266770377755165,-0.0022733229622244836,close,0,0,2,2022-06-01
2022-06-06,2615,108.40380096435547,0.681951593242357,1,0.006309270393103361,0.015773022547364235,-0.006308955606073141,0.0031546861864626408,0.0031546861864626408,-0.0028453138135373594,close,0,0,2,2022-06-01
2022-06-06,1569,23.104265213012695,0.6799907716842712,1,0.0054054404608905315,0.009009057655930519,-0.003603569231927395,0.0018018228001892567,0.0018018228001892567,-0.0041981771998107435,close,0,0,2,2022-06-01
2022-06-06,6147,51.57978820800781,0.6779207293422783,1,-5.783830081540486e-10,0.011494296602904797,-0.002873519901186228,0.007183907553553581,0.007183907553553581,0.0011839075535535811,close,0,0,2,2022-06-01
2022-06-06,4915,49.111541748046875,0.677722194951418,1,0.009933756664395332,0.03311258926987648,0.008278152905404568,0.029801318421959877,0.03,0.024,take_profit,1,0,2,2022-06-01
2022-06-06,6414,184.46624755859375,0.6771731886599783,0,0.006960568483918905,0.006960568483918905,-0.00696054520085454,-0.0023201738949865103,-0.0023201738949865103,-0.00832017389498651,close,0,0,2,2022-06-01
2022-06-06,3543,17.124935150146484,0.6758193295099145,1,0.02948426455259323,0.034398194402456284,0.027027204632759094,0.027027204632759094,0.03,0.024,take_profit,1,0,2,2022-06-01
2022-06-06,6015,11.74084758758545,0.6747504864878756,1,0.0032363547943532467,0.012945068068802357,-0.006472358945757151,0.006472657900303602,0.006472657900303602,0.0004726579003036021,close,0,0,2,2022-06-01
2022-06-06,2382,63.27477264404297,0.6722839373810324,1,-0.0012562377378344536,0.0075376941822469234,-0.010050169192254543,0.005025169346481562,0.005025169346481562,-0.0009748306535184385,close,0,0,2,2022-06-01
2022-06-06,5014,16.481826782226562,0.6720642199914328,1,0.010100958868861198,0.010100958868861198,0.0025252208579331636,0.0025252208579331636,0.0025252208579331636,-0.0034747791420668365,close,0,0,2,2022-06-01
2022-06-06,6122,15.093255996704102,0.6715921753250945,1,0.008108194917440414,0.016216307878494263,-0.002702660160139203,0.005405453033745289,0.005405453033745289,-0.0005945469662547113,close,0,0,2,2022-06-01
2022-06-06,3088,47.63729476928711,0.6709125025660868,0,0.0016807036008685827,0.008403373882174492,-0.005041966214776039,-0.0016805961495265365,-0.0016805961495265365,-0.007680596149526537,close,0,0,2,2022-06-01
2022-06-06,2355,27.12708282470703,0.6686281675344835,1,0.0016206845175474882,0.011345194652676582,-0.0016208187444135547,0.004862187895923853,0.004862187895923853,-0.0011378121040761472,close,0,0,2,2022-06-01
2022-06-06,5478,68.06736755371094,0.6668839971664268,0,-0.00243305298499763,0.002433145884424448,-0.00486610596999526,0.0,0.0,-0.006,close,0,0,2,2022-06-01
2022-06-06,6206,62.95558547973633,0.66635549320149,0,0.007682495750486851,0.011523764580488205,-0.017925700172781944,-0.005121602211147547,-0.005121602211147547,-0.011121602211147547,close,0,0,2,2022-06-01
2022-06-06,2607,31.3471736907959,0.6655400475591532,1,5.022720372949152e-08,0.012552374042570591,-0.002789307851344347,0.004184193443506956,0.004184193443506956,-0.001815806556493044,close,0,0,2,2022-06-01
2022-06-07,6126,20.583105087280273,0.768412944480705,0,0.008421084843575954,0.010526316240429878,-0.0021052309311926365,0.0,0.0,-0.006,close,0,0,2,2022-06-01
2022-06-07,6175,33.38022232055664,0.7630158198493294,0,0.005012480542063713,0.022556358948349953,-0.007518847938627005,-0.006265638396143913,-0.006265638396143913,-0.012265638396143913,close,0,0,2,2022-06-01
2022-06-07,8390,31.638582229614258,0.7556755802605118,1,0.007849215529859066,0.020408084616065025,0.007849215529859066,0.017268367111682892,0.017268367111682892,0.011268367111682892,close,0,0,2,2022-06-01
2022-06-07,3042,76.7236099243164,0.7510878413249437,1,0.009081830270588398,0.024218058213591576,0.007063697557896376,0.01412723958492279,0.01412723958492279,0.00812723958492279,close,0,0,2,2022-06-01
2022-06-07,3066,27.200000762939453,0.7496432424027696,1,0.011029383167624474,0.06249995529651642,0.011029383167624474,0.023897044360637665,0.03,0.024,take_profit,1,0,2,2022-06-01
2022-06-07,3055,24.604429244995117,0.7491312362877657,1,0.036328867077827454,0.09942636638879776,0.036328867077827454,0.038240883499383926,0.03,0.024,gap_take_profit,1,0,2,2022-06-01
2022-06-07,3289,47.14759826660156,0.7420336685449427,1,0.0116958636790514,0.02144245244562626,-8.611519319856598e-08,0.0019492760766297579,0.0019492760766297579,-0.004050723923370242,close,0,0,2,2022-06-01
2022-06-07,4171,70.07742309570312,0.7414671869651936,0,0.009345784783363342,0.018691569566726685,-0.004672941751778126,0.0,0.0,-0.006,close,0,0,2,2022-06-01
2022-06-07,3211,64.50518798828125,0.7378982488299575,1,0.0012627721298485994,0.012626332230865955,0.0012627721298485994,0.0063132005743682384,0.0063132005743682384,0.0003132005743682383,close,0,0,2,2022-06-01
2022-06-07,2206,26.19367027282715,0.7350021693987504,1,0.018121939152479172,0.018121939152479172,0.006589801050722599,0.016474517062306404,0.016474517062306404,0.010474517062306404,close,0,0,2,2022-06-01
2022-06-07,1219,18.328907012939453,0.7310386879392279,0,0.004484289325773716,0.011210769414901733,0.0,0.0,0.0,-0.006,close,0,0,2,2022-06-01
2022-06-07,6669,787.8960571289062,0.730330958991446,0,0.0022497475147247314,0.032620951533317566,-0.004499408882111311,-0.002249690005555749,0.03,0.024,take_profit,1,0,2,2022-06-01
2022-06-07,6279,111.84593963623047,0.7289564386192563,0,0.011811109259724617,0.01968511939048767,-0.007873944006860256,-0.007873944006860256,-0.007873944006860256,-0.013873944006860256,close,0,0,2,2022-06-01
2022-06-07,6683,224.2990264892578,0.7256821311497764,0,0.015748104080557823,0.015748104080557823,-0.013779456727206707,-0.011810952797532082,-0.011810952797532082,-0.01781095279753208,close,0,0,2,2022-06-01
2022-06-07,8044,72.28126525878906,0.7253827460211185,0,0.014884941279888153,0.014884941279888153,-0.010825465433299541,-0.010825465433299541,-0.010825465433299541,-0.01682546543329954,close,0,0,2,2022-06-01
2022-06-07,3702,45.55268096923828,0.7251993514972267,1,0.010544740594923496,0.014059692621231079,0.0017573949880897999,0.005272346548736095,0.005272346548736095,-0.0007276534512639047,close,0,0,2,2022-06-01
2022-06-07,1536,68.79320526123047,0.7250882119986773,0,-3.477993359979337e-08,0.01075259130448103,-0.005376399029046297,-0.004032333847135305,-0.004032333847135305,-0.010032333847135306,close,0,0,2,2022-06-01
2022-06-07,3712,25.223373413085938,0.722982928126907,1,0.021035565063357353,0.021035565063357353,0.0032362365163862705,0.0032362365163862705,0.0032362365163862705,-0.0027637634836137296,close,0,0,2,2022-06-01
2022-06-07,3537,30.035011291503906,0.7223054775588014,0,4.956345733830858e-08,0.0049262382090091705,-0.002462995471432805,-0.0012314729392528534,-0.0012314729392528534,-0.0072314729392528535,close,0,0,2,2022-06-01
2022-06-07,3484,54.09443664550781,0.7203835442736937,0,0.0031397021375596523,0.006279464811086655,-0.0015698206843808293,0.0,0.0,-0.006,close,0,0,2,2022-06-01
2022-06-08,6510,459.2807922363281,0.7191067657026945,0,0.008146640844643116,0.008146640844643116,-0.009164968505501747,-0.007128308527171612,-0.007128308527171612,-0.013128308527171612,close,0,0,2,2022-06-01
2022-06-08,1312,21.154682159423828,0.7161897476588186,1,0.002032484859228134,0.00813005119562149,-8.991049327278233e-08,0.006097476463764906,0.006097476463764906,9.74764637649058e-05,close,0,0,2,2022-06-01
2022-06-08,5478,68.48140716552734,0.7136914457266852,1,3.078629973174429e-08,0.019347144290804863,3.078629973174429e-08,0.01692870818078518,0.01692870818078518,0.010928708180785179,close,0,0,2,2022-06-01
2022-06-08,8464,282.5534362792969,0.7135498246873266,1,0.006153734400868416,0.033846039324998856,-0.003077033907175064,0.018461424857378006,0.03,0.024,take_profit,1,0,2,2022-06-01
2022-06-08,6279,110.96527099609375,0.7090490861805857,1,0.00793648324906826,0.0476190485060215,0.00793648324906826,0.03571426495909691,0.03,0.024,take_profit,1,0,2,2022-06-01
2022-06-08,6126,20.583105087280273,0.7075299610691804,1,-5.068098829497103e-08,0.012631495483219624,-5.068098829497103e-08,0.00210518017411232,0.00210518017411232,-0.00389481982588768,close,0,0,2,2022-06-01
2022-06-08,1219,18.328907012939453,0.7058435394221008,1,0.004484253469854593,0.004484253469854593,-3.570860940271814e-08,0.004484253469854593,0.004484253469854593,-0.0015157465301454068,close,0,0,2,2022-06-01
2022-06-08,3094,28.35879135131836,0.7021911228981399,1,0.001607704907655716,0.006430843845009804,-0.006430880166590214,0.003215458709746599,0.003215458709746599,-0.002784541290253401,close,0,0,2,2022-06-01
2022-06-08,3483,69.92613220214844,0.7015716025340557,0,2.1851022324881342e-08,0.005361972842365503,-0.008042853325605392,-0.005361929070204496,-0.005361929070204496,-0.011361929070204497,close,0,0,2,2022-06-01
2022-06-08,3211,64.91242218017578,0.7004613512460569,0,-0.003764029825106263,2.853360392407467e-08,-0.005018715746700764,-0.002509343670681119,-0.002509343670681119,-0.008509343670681119,close,0,0,2,2022-06-01
2022-06-08,4157,15.899999618530273,0.6967356908384625,1,0.01886799745261669,0.07547175139188766,0.012578664347529411,0.056603752076625824,0.03,0.024,take_profit,1,0,2,2022-06-01
2022-06-08,6127,22.138195037841797,0.6940904051477687,0,0.004454274661839008,0.00668149720877409,-0.002227222314104438,0.0,0.0,-0.006,close,0,0,2,2022-06-01
2022-06-08,4551,128.15261840820312,0.6913829192575234,0,0.006825938355177641,0.013651876710355282,-0.013651876710355282,0.0,0.0,-0.006,close,0,0,2,2022-06-01
2022-06-08,2027,30.184579849243164,0.6900733866411451,0,-5.208048214910832e-09,0.0011455208295956254,-0.006872843950986862,-0.003436371684074402,-0.003436371684074402,-0.009436371684074402,close,0,0,2,2022-06-01
2022-06-08,6175,33.17107391357422,0.6892535542716233,1,-8.219328861969188e-08,0.021437454968690872,-8.219328861969188e-08,0.013871271163225174,0.013871271163225174,0.007871271163225174,close,0,0,2,2022-06-01
2022-06-08,3042,77.80750274658203,0.6887449767097827,1,-0.004975213669240475,0.02487552911043167,-0.008955327793955803,0.019900405779480934,0.019900405779480934,0.013900405779480934,close,0,0,2,2022-06-01
2022-06-08,1419,37.11944580078125,0.6880820177288453,0,-0.003614494577050209,0.0060240961611270905,-0.003614494577050209,0.0,0.0,-0.006,close,0,0,2,2022-06-01
2022-06-08,4123,43.18972396850586,0.6874354607128377,1,8.569754683662723e-09,0.013311153277754784,-0.0016638444503769279,0.006655580829828978,0.006655580829828978,0.0006555808298289775,close,0,0,2,2022-06-01
2022-06-08,6664,80.71724700927734,0.6873555191987836,1,0.00927841104567051,0.00927841104567051,-0.016494786366820335,0.007216508034616709,0.007216508034616709,0.0012165080346167086,close,0,0,2,2022-06-01
2022-06-08,5388,70.03852844238281,0.6871407978729673,1,-3.141730431366341e-08,0.012658195570111275,-0.006329145282506943,0.010126588866114616,0.010126588866114616,0.004126588866114616,close,0,0,2,2022-06-01
2022-06-09,6446,413.86083984375,0.6558986607131542,1,0.023809516802430153,0.09404759854078293,0.004761878866702318,0.07619047909975052,0.03,0.024,take_profit,1,0,2,2022-06-01
2022-06-09,5272,45.0099983215332,0.6352077318227817,0,0.006342429202049971,0.027484077960252762,-0.038054998964071274,-0.028541242703795433,-0.02,-0.026000000000000002,stop_loss,0,1,2,2022-06-01
2022-06-09,8937,14.850000381469727,0.6345991056105832,1,0.0,0.08417508006095886,-0.016835017129778862,0.053872000426054,0.03,0.024,take_profit,1,0,2,2022-06-01
2022-06-09,2347,52.884521484375,0.6292645353992152,0,-0.003252097638323903,-5.2861647503732456e-08,-0.02601628750562668,-0.003252097638323903,-0.02,-0.026000000000000002,stop_loss,0,1,2,2022-06-01
2022-06-09,5285,75.8426284790039,0.6226999140017692,1,0.011111251078546047,0.03333347663283348,0.0033335064072161913,0.02777791954576969,0.03,0.024,take_profit,1,0,2,2022-06-01
2022-06-09,5426,11.757231712341309,0.6113356527472557,0,0.008230481296777725,0.028806613758206367,-0.024691298604011536,-0.024691298604011536,-0.02,-0.026000000000000002,stop_loss,0,1,2,2022-06-01
2022-06-09,3073,25.799999237060547,0.6066558202631618,1,-0.03100772388279438,0.005814012605696917,-0.03100772388279438,0.005814012605696917,-0.03100772388279438,-0.03700772388279438,gap_stop,0,1,2,2022-06-01
2022-06-09,3689,38.9902458190918,0.5925328875638634,1,-0.005452738609164953,0.014176517724990845,-0.011995796114206314,0.01308602187782526,0.01308602187782526,0.00708602187782526,close,0,0,2,2022-06-01
2022-06-09,5438,13.710610389709473,0.5916274733593025,0,0.02287582866847515,0.03267978876829147,-0.03594767674803734,-0.03594767674803734,-0.02,-0.026000000000000002,ambiguous_stop_loss,1,1,2,2022-06-01
2022-06-09,6180,52.36965560913086,0.5866402501585668,0,-0.004273369442671537,-0.002848889445886016,-0.017093906179070473,-0.015669425949454308,-0.015669425949454308,-0.021669425949454306,close,0,0,2,2022-06-01
2022-06-09,3189,151.56251525878906,0.5841687652692795,1,-0.011940313503146172,0.008955208584666252,-0.02388061210513115,0.0029850592836737633,-0.02,-0.026000000000000002,stop_loss,0,1,2,2022-06-01
2022-06-09,9802,152.6119384765625,0.5800798606624049,1,0.002898567356169224,0.031884074211120605,-0.008695635944604874,0.031884074211120605,0.03,0.024,take_profit,1,0,2,2022-06-01
2022-06-09,6515,412.1623229980469,0.5772096242707463,0,-0.011111038736999035,0.02222229726612568,-0.02666659466922283,-0.008888816460967064,-0.02,-0.026000000000000002,stop_loss,0,1,2,2022-06-01
2022-06-09,5245,59.83183670043945,0.576163184329377,0,-0.005805583205074072,0.00870820414274931,-0.010159763507544994,-0.005805583205074072,-0.005805583205074072,-0.011805583205074072,close,0,0,2,2022-06-01
2022-06-09,3661,812.1907348632812,0.5761376996496965,1,-0.029940074309706688,0.014371305704116821,-0.029940074309706688,0.014371305704116821,-0.029940074309706688,-0.035940074309706686,gap_stop,0,1,2,2022-06-01
2022-06-09,9935,16.188739776611328,0.5745963534918187,1,0.025706961750984192,0.05141397938132286,0.007712118327617645,0.033419135957956314,0.03,0.024,take_profit,1,0,2,2022-06-01
2022-06-09,3466,26.700000762939453,0.5741864730863068,1,-0.029962588101625443,0.08614229410886765,-0.029962588101625443,0.04681647941470146,-0.029962588101625443,-0.03596258810162544,gap_stop,1,1,2,2022-06-01
2022-06-09,6669,797.6450805664062,0.5726441298121674,0,-0.009999999776482582,0.006666666828095913,-0.011111111380159855,0.0,0.0,-0.006,close,0,0,2,2022-06-01
2022-06-09,3645,54.36864471435547,0.5701084352397211,1,-0.013722100295126438,0.01715267263352871,-0.015437339432537556,0.01715267263352871,0.01715267263352871,0.01115267263352871,close,0,0,2,2022-06-01
2022-06-09,4915,51.306922912597656,0.569234018931498,1,-0.007923919707536697,0.014263109304010868,-0.0110934441909194,0.014263109304010868,0.014263109304010868,0.008263109304010868,close,0,0,2,2022-06-01
2022-06-10,3663,27.695064544677734,0.6850809702546032,1,0.10000006854534149,0.10000006854534149,0.08833345025777817,0.10000006854534149,0.03,0.024,gap_take_profit,1,0,2,2022-06-01
2022-06-10,2615,102.5903549194336,0.5876589652120969,0,-0.033333372324705124,-0.026666684076189995,-0.05000003054738045,-0.04666668549180031,-0.033333372324705124,-0.03933337232470512,gap_stop,0,1,2,2022-06-01
2022-06-10,3434,25.331661224365234,0.5790792654856219,0,-0.03426787257194519,0.010903395712375641,-0.04517136141657829,-0.04361375421285629,-0.03426787257194519,-0.04026787257194519,gap_stop,0,1,2,2022-06-01
2022-06-10,2618,28.252588272094727,0.5515954080891169,0,-0.02587512880563736,0.013698670081794262,-0.03196343407034874,-0.006088171619921923,-0.02587512880563736,-0.03187512880563736,gap_stop,0,1,2,2022-06-01
2022-06-10,6233,26.119998931884766,0.5489569014630179,0,-0.01838233321905136,0.016544094309210777,-0.044117655605077744,-0.0036764657124876976,-0.02,-0.026000000000000002,stop_loss,0,1,2,2022-06-01
2022-06-10,5258,55.75461196899414,0.5477828327473928,1,-0.006015090737491846,0.06165412813425064,-0.01954890787601471,0.00902253482490778,0.03,0.024,take_profit,1,0,2,2022-06-01
2022-06-10,2474,132.37139892578125,0.5441007878000275,0,-0.017857318744063377,0.005952200386673212,-0.023809699341654778,-0.005952559411525726,-0.02,-0.026000000000000002,stop_loss,0,1,2,2022-06-01
2022-06-10,2636,87.744384765625,0.5344806890896472,0,-0.03004312701523304,-0.012875747866928577,-0.07725341618061066,-0.06866972893476486,-0.03004312701523304,-0.03604312701523304,gap_stop,0,1,2,2022-06-01
2022-06-10,5608,36.35690689086914,0.5244000477602389,0,-0.03309676796197891,-0.026004545390605927,-0.05437333509325981,-0.053191330283880234,-0.03309676796197891,-0.03909676796197891,gap_stop,0,1,2,2022-06-01
2022-06-10,6285,56.53708267211914,0.5197852005658213,0,-0.016442427411675453,-0.010463381186127663,-0.019432006403803825,-0.019432006403803825,-0.019432006403803825,-0.025432006403803824,close,0,0,2,2022-06-01
2022-06-10,6823,107.54399871826172,0.5135578648710015,1,0.011952143162488937,0.051792748272418976,-0.019920354709029198,0.003984035924077034,0.03,0.024,take_profit,1,0,2,2022-06-01
2022-06-10,6719,486.7684631347656,0.5126790201305801,0,-0.03461544215679169,-0.025000058114528656,-0.07596158981323242,-0.07596158981323242,-0.03461544215679169,-0.040615442156791685,gap_stop,0,1,2,2022-06-01
2022-06-10,3078,30.124977111816406,0.5113689265528726,0,-0.017735349014401436,-0.005457019433379173,-0.0231923945248127,-0.017735349014401436,-0.02,-0.026000000000000002,stop_loss,0,1,2,2022-06-01
2022-06-10,5438,13.217745780944824,0.5094736274602298,1,-0.016949115321040154,0.030508501455187798,-0.027118580415844917,0.013559347949922085,-0.02,-0.026000000000000002,ambiguous_stop_loss,1,1,2,2022-06-01
2022-06-10,4991,36.70000076293945,0.5094302465778299,0,-0.025885578244924545,0.0,-0.0272479560226202,-0.023160824552178383,-0.025885578244924545,-0.031885578244924544,gap_stop,0,1,2,2022-06-01
2022-06-10,2538,11.18200397491455,0.5086735083414593,0,-0.014925421215593815,-0.007462733890861273,-0.03731348365545273,-0.029850797727704048,-0.02,-0.026000000000000002,stop_loss,0,1,2,2022-06-01
2022-06-10,3294,21.543344497680664,0.5085224348502321,0,-0.013574675656855106,0.0067873504012823105,-0.01809949427843094,-0.004524867050349712,-0.004524867050349712,-0.010524867050349712,close,0,0,2,2022-06-01
2022-06-10,6180,51.54905319213867,0.5074034720016167,0,-0.011577347293496132,-0.005788723006844521,-0.01881323754787445,-0.014471769332885742,-0.014471769332885742,-0.02047176933288574,close,0,0,2,2022-06-01
2022-06-10,4971,75.24193572998047,0.505531000666044,0,-0.022584564983844757,-0.011292198672890663,-0.06398987770080566,-0.05018813908100128,-0.022584564983844757,-0.028584564983844755,gap_stop,0,1,2,2022-06-01
2022-06-10,6257,48.59611511230469,0.5050789547584714,0,-0.008038665167987347,-0.006430972833186388,-0.01446955744177103,-0.008038665167987347,-0.008038665167987347,-0.014038665167987347,close,0,0,2,2022-06-01
2022-06-13,4768,126.1644058227539,0.5827663362590839,0,-0.03125,-0.003124989802017808,-0.06249995902180672,-0.012499953620135784,-0.03125,-0.03725,gap_stop,0,1,2,2022-06-01
2022-06-13,4543,22.44707489013672,0.5417987975925669,0,0.039215657860040665,0.0666666105389595,-0.0843137577176094,-0.0843137577176094,0.03,0.024,gap_take_profit,1,1,2,2022-06-01
2022-06-13,1524,20.407573699951172,0.5274510218907089,0,0.04477609694004059,0.06396589428186417,-0.09594881534576416,-0.0746268555521965,0.03,0.024,gap_take_profit,1,1,2,2022-06-01
2022-06-13,3663,30.46457290649414,0.5199184355604977,1,0.003030119463801384,0.0999998226761818,0.001514991163276136,0.03333314508199692,0.03,0.024,take_profit,1,0,2,2022-06-01
2022-06-13,2636,81.71900177001953,0.5197944334632809,0,-2.0314733006898678e-08,0.009216569364070892,-0.0230414941906929,-0.004608314950019121,-0.02,-0.026000000000000002,stop_loss,0,1,2,2022-06-01
2022-06-13,6533,296.49530029296875,0.4915734926835915,1,-0.01497507281601429,0.008319435641169548,-0.028286220505833626,0.003327755257487297,-0.02,-0.026000000000000002,stop_loss,0,1,2,2022-06-01
2022-06-13,6531,250.82826232910156,0.47633918033722517,0,-0.0036496156826615334,0.012773741967976093,-0.03284669667482376,-0.009124068543314934,-0.02,-0.026000000000000002,stop_loss,0,1,2,2022-06-01
2022-06-13,2338,86.08961486816406,0.4747077399085975,0,0.0010705833556130528,0.008565196767449379,-0.026766657829284668,-0.0032120877876877785,-0.02,-0.026000000000000002,stop_loss,0,1,2,2022-06-01
2022-06-13,3374,135.61012268066406,0.4681356494486091,0,0.006849340628832579,0.010273998603224754,-0.04109586402773857,-0.006849289406090975,-0.02,-0.026000000000000002,stop_loss,0,1,2,2022-06-01
2022-06-13,6609,32.103065490722656,0.4675895809580915,0,0.014454714953899384,0.019710978493094444,-0.03810770809650421,-0.03153740614652634,-0.02,-0.026000000000000002,stop_loss,0,1,2,2022-06-01
2022-06-13,6719,449.7927551269531,0.4673581542039521,0,-0.003121626563370228,0.003121870569884777,-0.04578552395105362,-0.026014449074864388,-0.02,-0.026000000000000002,stop_loss,0,1,2,2022-06-01
2022-06-13,3073,24.5,0.45965449257198876,1,-0.010204081423580647,0.026530597358942032,-0.018367378041148186,0.026530597358942032,0.026530597358942032,0.020530597358942033,close,0,0,2,2022-06-01
2022-06-13,6742,94.2185287475586,0.4565702650767773,0,4.917000850923614e-08,0.00917438417673111,-0.05045867711305618,-0.02293574996292591,-0.02,-0.026000000000000002,stop_loss,0,1,2,2022-06-01
2022-06-13,3607,12.461037635803223,0.4552689239393861,0,-0.013937409967184067,-0.006968743167817593,-0.03832761198282242,-0.006968743167817593,-0.02,-0.026000000000000002,stop_loss,0,1,2,2022-06-01
2022-06-13,8046,300.82196044921875,0.4546368115919004,0,-3.549176952333255e-09,0.011594199575483799,-0.0260869599878788,-0.00579710491001606,-0.02,-0.026000000000000002,stop_loss,0,1,2,2022-06-01
2022-06-13,3530,103.35152435302734,0.4546112998866225,0,-0.004629668779671192,-3.932459691213808e-08,-0.03703707456588745,-0.00925929844379425,-0.02,-0.026000000000000002,stop_loss,0,1,2,2022-06-01
2022-06-13,3708,112.90510559082031,0.45347063452084424,0,0.0076923007145524025,0.011538454331457615,-0.05384616181254387,-0.05000000819563866,-0.02,-0.026000000000000002,stop_loss,0,1,2,2022-06-01
2022-06-13,3686,20.478271484375,0.4451902213687247,0,0.0,0.010869544930756092,-0.03260872885584831,-0.0036232436541467905,-0.02,-0.026000000000000002,stop_loss,0,1,2,2022-06-01
2022-06-13,2723,88.24325561523438,0.4438641175479448,1,-3.8991164075241613e-08,0.00985217746347189,-0.027586275711655617,0.004926069173961878,-0.02,-0.026000000000000002,stop_loss,0,1,2,2022-06-01
2022-06-13,6130,44.762359619140625,0.4438112143483197,0,-0.10572688281536102,-0.08590306341648102,-0.11784140765666962,-0.01651976816356182,-0.10572688281536102,-0.11172688281536103,gap_stop,0,1,2,2022-06-01
2022-06-14,2383,206.0771942138672,0.6989467375085552,0,0.008771941997110844,0.01315790694206953,-0.02192981354892254,-0.017543848603963852,-0.02,-0.026000000000000002,stop_loss,0,1,2,2022-06-01
2022-06-14,2038,21.09161949157715,0.6962848542546569,1,0.021186398342251778,0.06779664754867554,0.021186398342251778,0.02542375586926937,0.03,0.024,take_profit,1,0,2,2022-06-01
2022-06-14,3702,45.47262191772461,0.6948642085954037,0,0.0035211036447435617,0.008802779950201511,-0.005281712859869003,-0.005281712859869003,-0.005281712859869003,-0.011281712859869003,close,0,0,2,2022-06-01
2022-06-14,1732,31.10848617553711,0.6930595223822732,1,0.0047770896926522255,0.04936312884092331,-0.00955408439040184,0.03662422299385071,0.03,0.024,take_profit,1,0,2,2022-06-01
2022-06-14,2301,52.08466720581055,0.6929431278076699,1,0.004926058929413557,0.013136238791048527,-0.0032841209322214127,0.001641974551603198,0.001641974551603198,-0.004358025448396802,close,0,0,2,2022-06-01
2022-06-14,4171,64.3795394897461,0.6894966007524612,0,0.010172831825911999,0.02746686525642872,-0.007121094968169928,-0.006103855557739735,-0.006103855557739735,-0.012103855557739735,close,0,0,2,2022-06-01
2022-06-14,8996,62.152122497558594,0.6880657026865303,1,0.007575828116387129,0.09393942356109619,0.007575828116387129,0.060606133192777634,0.03,0.024,take_profit,1,0,2,2022-06-01
2022-06-14,6781,983.7825927734375,0.6753253991489001,0,0.00473928265273571,0.023696627467870712,-0.04739341512322426,-0.04265407845377922,-0.02,-0.026000000000000002,stop_loss,0,1,2,2022-06-01
2022-06-14,3529,1266.058837890625,0.6588191966045692,0,0.003802234772592783,0.01520907785743475,-0.03041829541325569,-0.03041829541325569,-0.02,-0.026000000000000002,stop_loss,0,1,2,2022-06-01
2022-06-14,2324,20.244901657104492,0.6587216712102589,1,0.0021931082010269165,0.008772039785981178,0.0021931082010269165,0.0021931082010269165,0.0021931082010269165,-0.0038068917989730836,close,0,0,2,2022-06-01
2022-06-14,2230,14.119669914245605,0.6512120794735138,1,0.020618632435798645,0.05670110508799553,-0.0051545994356274605,0.03865983337163925,0.03,0.024,take_profit,1,0,2,2022-06-01
2022-06-14,1727,39.560909271240234,0.6502195496695892,0,0.006045985501259565,0.020556319504976273,-0.018137812614440918,-0.018137812614440918,-0.018137812614440918,-0.024137812614440916,close,0,0,2,2022-06-01
2022-06-14,2882,43.86979675292969,0.6446287076495634,1,-1.1181698766904447e-07,0.011235864832997322,-0.0018727141432464123,0.0037452378310263157,0.0037452378310263157,-0.0022547621689736844,close,0,0,2,2022-06-01
2022-06-14,9902,10.78597640991211,0.6445349222694039,0,0.0,0.008547041565179825,0.0,0.0,0.0,-0.006,close,0,0,2,2022-06-01
2022-06-14,2382,63.51325225830078,0.6420546125391197,1,-0.005006321705877781,0.011264053173363209,-0.007509412243962288,0.0012515002163127065,0.0012515002163127065,-0.004748499783687294,close,0,0,2,2022-06-01
2022-06-14,2528,17.638553619384766,0.6418240655013271,1,0.005290978122502565,0.047618962824344635,0.005290978122502565,0.03174601122736931,0.03,0.024,take_profit,1,0,2,2022-06-01
2022-06-14,2069,20.061176300048828,0.6408613344538837,1,0.0060361591167747974,0.02615688182413578,0.0020119992550462484,0.004024117719382048,0.004024117719382048,-0.0019758822806179525,close,0,0,2,2022-06-01
2022-06-14,8045,10.041729927062988,0.6389098176995829,1,0.00877184234559536,0.00877184234559536,0.004385861102491617,0.004385861102491617,0.004385861102491617,-0.001614138897508383,close,0,0,2,2022-06-01
2022-06-14,8926,28.512624740600586,0.6388190285039834,1,0.018893420696258545,0.018893420696258545,0.0013495447346940637,0.006747686769813299,0.006747686769813299,0.000747686769813299,close,0,0,2,2022-06-01
2022-06-14,9914,222.61221313476562,0.6387255676159406,1,0.007905213162302971,0.03557319939136505,0.003952643368393183,0.023715490475296974,0.03,0.024,take_profit,1,0,2,2022-06-01
2022-06-15,2466,34.366455078125,0.5914769418593673,0,0.023192329332232475,0.06412005424499512,0.0,0.0,0.03,0.024,take_profit,1,0,2,2022-06-01
2022-06-15,2006,55.33232879638672,0.5872335499887996,0,0.022900797426700592,0.022900797426700592,-0.013740448281168938,-0.007633554749190807,-0.007633554749190807,-0.013633554749190807,close,0,0,2,2022-06-01
2022-06-15,2313,42.74257278442383,0.5746757963118578,0,0.017616605386137962,0.0217617005109787,-0.02072533406317234,-0.013471478596329689,-0.02,-0.026000000000000002,stop_loss,0,1,2,2022-06-01
2022-06-15,2330,477.7174987792969,0.5710774933752815,1,0.01728413999080658,0.01925944909453392,0.0014816686743870378,0.0034569776616990566,0.0034569776616990566,-0.0025430223383009435,close,0,0,2,2022-06-01
2022-06-15,3596,102.08489227294922,0.5704935328295931,0,0.012096814811229706,0.04838714003562927,-0.016128992661833763,-0.012096733786165714,0.03,0.024,take_profit,1,0,2,2022-06-01
2022-06-15,2353,21.773170471191406,0.56757696843953,0,0.014705972746014595,0.014705972746014595,-0.011029351502656937,-0.007352866232395172,-0.007352866232395172,-0.013352866232395172,close,0,0,2,2022-06-01
2022-06-15,2385,65.47272491455078,0.56447180991306,0,-0.02671762928366661,-0.006361415609717369,-0.0292621199041605,-0.0292621199041605,-0.02671762928366661,-0.03271762928366661,gap_stop,0,1,2,2022-06-01
2022-06-15,2377,107.16510009765625,0.5578922744161259,0,0.019230755046010017,0.026923062279820442,-0.015384629368782043,-0.007692322134971619,-0.007692322134971619,-0.013692322134971619,close,0,0,2,2022-06-01
2022-06-15,2603,120.74147033691406,0.5566371601295234,0,0.015624914318323135,0.019531164318323135,-0.07031257450580597,-0.06640633195638657,-0.02,-0.026000000000000002,stop_loss,0,1,2,2022-06-01
2022-06-15,2301,52.170188903808594,0.5529337650678348,0,0.008196724578738213,0.009836044162511826,-0.01147541869431734,-0.01147541869431734,-0.01147541869431734,-0.01747541869431734,close,0,0,2,2022-06-01
2022-06-15,2885,17.488805770874023,0.5518642979901593,1,0.008676796220242977,0.017353558912873268,0.002169225597754121,0.002169225597754121,0.002169225597754121,-0.0038307744022458793,close,0,0,2,2022-06-01
2022-06-15,6550,99.0,0.5508658696228459,1,0.02525252476334572,0.09595959633588791,0.020202020183205605,0.09595959633588791,0.03,0.024,take_profit,1,0,2,2022-06-01
2022-06-15,3529,1227.5474853515625,0.5504468529297399,0,0.03921564295887947,0.05882348492741585,-0.003921611700206995,-0.003921611700206995,0.03,0.024,gap_take_profit,1,0,2,2022-06-01
2022-06-15,3019,57.653350830078125,0.5490355309969089,0,0.019345346838235855,0.020833417773246765,-0.02083318494260311,-0.017857039347290993,-0.02,-0.026000000000000002,stop_loss,0,1,2,2022-06-01
2022-06-15,6698,36.349998474121094,0.5488920781614727,0,0.01375515852123499,0.01925724372267723,-0.037138886749744415,-0.030261307954788208,-0.02,-0.026000000000000002,stop_loss,0,1,2,2022-06-01
2022-06-15,9911,52.72859573364258,0.5484291992522581,1,0.0030628605745732784,0.007657088339328766,-0.0015313673065975308,0.0015314901247620583,0.0015314901247620583,-0.004468509875237942,close,0,0,2,2022-06-01
2022-06-15,1303,69.93522644042969,0.5473273115980521,0,0.009592452086508274,0.010791566222906113,-0.003596980357542634,-0.0023979577235877514,-0.0023979577235877514,-0.008397957723587752,close,0,0,2,2022-06-01
2022-06-15,6271,176.380859375,0.5467688164778938,0,0.023157857358455658,0.03789471089839935,-0.031578999012708664,-0.031578999012708664,-0.02,-0.026000000000000002,ambiguous_stop_loss,1,1,2,2022-06-01
2022-06-15,3702,45.23244857788086,0.5465321235681033,1,0.00707970978692174,0.014159315265715122,3.644609947173194e-08,0.005309757776558399,0.005309757776558399,-0.0006902422234416009,close,0,0,2,2022-06-01
2022-06-15,3705,34.94013595581055,0.5461892478613708,1,0.009512572549283504,0.009512572549283504,0.0023782262578606606,0.0023782262578606606,0.0023782262578606606,-0.0036217737421393396,close,0,0,2,2022-06-01
2022-06-16,2305,18.850000381469727,0.6348153851822979,0,0.007957539521157742,0.05305039510130882,-0.07692311704158783,-0.07692311704158783,-0.02,-0.026000000000000002,ambiguous_stop_loss,1,1,2,2022-06-01
2022-06-16,8937,15.600000381469727,0.5950691966431437,1,0.006410219706594944,0.03846156224608421,-0.028846202418208122,0.03525635972619057,-0.02,-0.026000000000000002,ambiguous_stop_loss,1,1,2,2022-06-01
2022-06-16,5011,25.375009536743164,0.5900906286352051,0,-0.034364379942417145,-0.012027563527226448,-0.05498289689421654,-0.018900446593761444,-0.034364379942417145,-0.04036437994241714,gap_stop,0,1,2,2022-06-01
2022-06-16,8046,275.5354919433594,0.5842170268057746,0,0.0,0.018987340852618217,-0.022151898592710495,0.0,-0.02,-0.026000000000000002,stop_loss,0,1,2,2022-06-01
2022-06-16,3189,129.39366149902344,0.5815748681715845,1,0.010489682666957378,0.03846171498298645,-0.006992837879806757,0.034965209662914276,0.03,0.024,take_profit,1,0,2,2022-06-01
2022-06-16,6411,103.32964324951172,0.5762168698082231,1,-0.016194233670830727,0.02024301141500473,-0.02024286612868309,0.008097242563962936,-0.02,-0.026000000000000002,stop_loss,0,1,2,2022-06-01
2022-06-16,3228,412.71990966796875,0.5753014402509186,1,-0.01997649297118187,0.005875485949218273,-0.01997649297118187,0.004700382240116596,0.004700382240116596,-0.001299617759883404,close,0,0,2,2022-06-01
2022-06-16,3533,692.167724609375,0.5728864597387082,0,0.01034910324960947,0.01681744121015072,-0.046571988612413406,-0.03234167769551277,-0.02,-0.026000000000000002,stop_loss,0,1,2,2022-06-01
2022-06-16,3141,138.80052185058594,0.5706239433752597,1,-0.0365447998046875,0.01661135070025921,-0.0365447998046875,0.01661135070025921,-0.0365447998046875,-0.0425447998046875,gap_stop,0,1,2,2022-06-01
2022-06-16,5425,70.01078033447266,0.5696582014068949,1,-0.0036990693770349026,0.023427898064255714,-0.013563472777605057,0.023427898064255714,0.023427898064255714,0.017427898064255716,close,0,0,2,2022-06-01
2022-06-16,6531,235.26596069335938,0.5685452909603503,0,-0.02918296866118908,0.01556411013007164,-0.031128492206335068,-0.005836666561663151,-0.02918296866118908,-0.03518296866118908,gap_stop,0,1,2,2022-06-01
2022-06-16,6138,138.92333984375,0.5658171148737373,0,-0.0029153721407055855,0.008746436797082424,-0.043731700628995895,-0.020408084616065025,-0.02,-0.026000000000000002,stop_loss,0,1,2,2022-06-01
2022-06-16,1727,36.83422088623047,0.5644346514507788,0,-0.007792103569954634,0.010389735922217369,-0.02597394399344921,-0.014285610988736153,-0.02,-0.026000000000000002,stop_loss,0,1,2,2022-06-01
2022-06-16,2436,53.75733947753906,0.5621082120208173,0,-0.009835970588028431,0.01803283393383026,-0.016393372789025307,-0.0032786305528134108,-0.0032786305528134108,-0.009278630552813411,close,0,0,2,2022-06-01
2022-06-16,6485,89.74734497070312,0.5618501043707418,0,-0.035121843218803406,-0.0048779514618217945,-0.03902429714798927,-0.03902429714798927,-0.035121843218803406,-0.041121843218803404,gap_stop,0,1,2,2022-06-01
2022-06-16,6781,900.7904663085938,0.5612610958170905,0,-0.01552794873714447,0.007246378809213638,-0.03933747112751007,-0.009316768497228622,-0.02,-0.026000000000000002,stop_loss,0,1,2,2022-06-01
2022-06-16,3545,87.86859893798828,0.5597827545368422,0,-0.02336449921131134,0.004672883544117212,-0.056074779480695724,-0.04672898352146149,-0.02336449921131134,-0.02936449921131134,gap_stop,0,1,2,2022-06-01
2022-06-16,3163,45.488216400146484,0.5590931882072834,0,-0.0019193837651982903,0.009596901945769787,-0.04798467084765434,-0.02879081480205059,-0.02,-0.026000000000000002,stop_loss,0,1,2,2022-06-01
2022-06-16,5388,70.57046508789062,0.5583049705448487,0,-0.006281435489654541,-0.002512553008273244,-0.04899502173066139,-0.03517584875226021,-0.02,-0.026000000000000002,stop_loss,0,1,2,2022-06-01
2022-06-16,5608,32.23130416870117,0.5557114669147145,1,-0.010666740126907825,0.017333339899778366,-0.01600005477666855,0.004000003449618816,0.004000003449618816,-0.0019999965503811837,close,0,0,2,2022-06-01
2022-06-17,6679,234.75059509277344,0.6891902169124193,0,0.017475679516792297,0.017475679516792297,-0.09708742052316666,-0.0660194605588913,-0.02,-0.026000000000000002,stop_loss,0,1,2,2022-06-01
2022-06-17,2451,53.65187454223633,0.6872010793251291,0,0.008583737537264824,0.010014330968260765,-0.007153008133172989,-0.005722414702177048,-0.005722414702177048,-0.011722414702177048,close,0,0,2,2022-06-01
2022-06-17,1477,130.98533630371094,0.6784818769784057,0,0.021943701431155205,0.021943701431155205,-0.012539119459688663,-0.012539119459688663,-0.012539119459688663,-0.018539119459688662,close,0,0,2,2022-06-01
2022-06-17,3036,62.759578704833984,0.6748742968411505,0,0.00020553343347273767,0.0015889108180999756,-0.07034842669963837,-0.05928119644522667,-0.02,-0.026000000000000002,stop_loss,0,1,2,2022-06-01
2022-06-17,2454,624.995361328125,0.6690859422756393,1,0.00842351745814085,0.02527068927884102,0.0012033013626933098,0.010830256156623363,0.010830256156623363,0.004830256156623363,close,0,0,2,2022-06-01
2022-06-17,2006,54.4875602722168,0.6673853845150977,0,3.452947261450845e-09,0.004651213530451059,-0.09922482818365097,-0.08682167530059814,-0.02,-0.026000000000000002,stop_loss,0,1,2,2022-06-01
2022-06-17,3045,90.07749938964844,0.6592723287519886,1,0.004717118106782436,0.014151081442832947,0.004717118106782436,0.009434099309146404,0.009434099309146404,0.003434099309146404,close,0,0,2,2022-06-01
2022-06-17,3034,239.2420654296875,0.6585365483820492,0,0.00142042082734406,0.004261329770088196,-0.038352303206920624,-0.02982957847416401,-0.02,-0.026000000000000002,stop_loss,0,1,2,2022-06-01
2022-06-17,3163,44.17857360839844,0.6545071291934045,0,0.021739237010478973,0.021739237010478973,-0.0454544760286808,-0.0454544760286808,-0.02,-0.026000000000000002,stop_loss,0,1,2,2022-06-01
2022-06-17,2377,103.45552825927734,0.6521262113370745,1,0.003984108567237854,0.011952236294746399,-0.01992027461528778,0.003984108567237854,0.003984108567237854,-0.002015891432762146,close,0,0,2,2022-06-01
2022-06-17,3665,271.80328369140625,0.651890172179375,0,0.013422731310129166,0.013422731310129166,-0.048657771199941635,-0.048657771199941635,-0.02,-0.026000000000000002,stop_loss,0,1,2,2022-06-01
2022-06-17,3532,183.99269104003906,0.6518578725734295,0,0.021791735664010048,0.024213042110204697,-0.04116225987672806,-0.03874095156788826,-0.02,-0.026000000000000002,stop_loss,0,1,2,2022-06-01
2022-06-17,1303,69.59980773925781,0.6496977085012924,0,-0.001204715110361576,0.002409687964245677,-0.01084330677986145,-0.01084330677986145,-0.01084330677986145,-0.01684330677986145,close,0,0,2,2022-06-01
2022-06-17,2106,25.672931671142578,0.648650899655272,1,0.013114626519382,0.013114626519382,-0.008196846581995487,0.013114626519382,0.013114626519382,0.007114626519382,close,0,0,2,2022-06-01
2022-06-17,2536,19.803482055664062,0.64521929034937,1,5.582454498664902e-09,0.014388457871973515,5.582454498664902e-09,0.009592276997864246,0.009592276997864246,0.0035922769978642462,close,0,0,2,2022-06-01
2022-06-17,3339,14.399999618530273,0.6393317874615829,0,0.020833346992731094,0.020833346992731094,-0.041666626930236816,-0.041666626930236816,-0.02,-0.026000000000000002,stop_loss,0,1,2,2022-06-01
2022-06-17,6510,409.2369689941406,0.6360358709210949,0,0.014857071451842785,0.0159999281167984,-0.05600006505846977,-0.05600006505846977,-0.02,-0.026000000000000002,stop_loss,0,1,2,2022-06-01
2022-06-17,2316,26.29833984375,0.6353736298041938,0,0.001766814268194139,0.010600736364722252,-0.017667856067419052,-0.014134272933006287,-0.014134272933006287,-0.020134272933006285,close,0,0,2,2022-06-01
2022-06-17,3051,15.447981834411621,0.6340868321813348,0,0.002808942459523678,0.019662830978631973,-0.061797771602869034,-0.061797771602869034,-0.02,-0.026000000000000002,stop_loss,0,1,2,2022-06-01
2022-06-17,6237,46.423030853271484,0.6333968480258162,0,-0.01036264467984438,-0.0010362035827711225,-0.09948180615901947,-0.09844554960727692,-0.02,-0.026000000000000002,stop_loss,0,1,2,2022-06-01
2022-06-20,3508,26.0,0.5858809397850406,1,0.013461553491652012,0.10000001639127731,0.009615384973585606,0.10000001639127731,0.03,0.024,take_profit,1,0,2,2022-06-01
2022-06-20,6118,20.700895309448242,0.5710092913631697,1,0.028776925057172775,0.09832122921943665,0.021582607179880142,0.09832122921943665,0.03,0.024,take_profit,1,0,2,2022-06-01
2022-06-20,3434,21.346464157104492,0.5668171488209092,1,0.033271681517362595,0.03881688788533211,0.003696728963404894,0.03696848452091217,0.03,0.024,gap_take_profit,1,0,2,2022-06-01
2022-06-20,6182,45.52525329589844,0.5538793662464101,1,0.017928265035152435,0.04382473975419998,0.005976105108857155,0.04382473975419998,0.03,0.024,take_profit,1,0,2,2022-06-01
2022-06-20,2009,25.891538619995117,0.5463706885280257,1,0.012658285908401012,0.08860766887664795,0.012658285908401012,0.07414113730192184,0.03,0.024,take_profit,1,0,2,2022-06-01
2022-06-20,2006,49.756858825683594,0.5462197188187733,0,0.01528010331094265,0.018675701692700386,-0.02886248379945755,-0.010186789557337761,-0.02,-0.026000000000000002,stop_loss,0,1,2,2022-06-01
2022-06-20,2023,14.695608139038086,0.5450225185253792,1,0.020833294838666916,0.06547621637582779,0.020833294838666916,0.06249997392296791,0.03,0.024,take_profit,1,0,2,2022-06-01
2022-06-20,6213,73.47533416748047,0.5444431858988887,1,0.00708390586078167,0.03541913628578186,0.00708390586078167,0.03187727555632591,0.03,0.024,take_profit,1,0,2,2022-06-01
2022-06-20,1515,25.793485641479492,0.5407415122718044,1,0.010948948562145233,0.06934305280447006,0.007299299817532301,0.06204382702708244,0.03,0.024,take_profit,1,0,2,2022-06-01
2022-06-20,6411,97.05458068847656,0.5397812463376498,1,0.021551629528403282,0.06034472584724426,0.017241301015019417,0.05172406882047653,0.03,0.024,take_profit,1,0,2,2022-06-01
2022-06-20,4961,164.93084716796875,0.5393623071560139,1,0.030716750770807266,0.0477815605700016,0.006825975142419338,0.04095566272735596,0.03,0.024,gap_take_profit,1,0,2,2022-06-01
2022-06-20,3035,185.93772888183594,0.5393393080356897,1,0.02233251929283142,0.03722085803747177,-0.01240693498402834,0.027295298874378204,0.03,0.024,take_profit,1,0,2,2022-06-01
2022-06-20,5009,22.115707397460938,0.5384880952415768,1,0.013487400487065315,0.046242713928222656,-0.005780421197414398,0.04238913208246231,0.03,0.024,take_profit,1,0,2,2022-06-01
2022-06-20,2069,17.80076026916504,0.5384758765045733,1,0.018140720203518867,0.05895703285932541,0.013605554588139057,0.05215432867407799,0.03,0.024,take_profit,1,0,2,2022-06-01
2022-06-20,3545,76.86449432373047,0.5369599498769073,1,0.02029908448457718,0.049145203083753586,0.01068368460983038,0.041666604578495026,0.03,0.024,take_profit,1,0,2,2022-06-01
2022-06-20,5011,22.71542739868164,0.5304393763837182,1,0.02495211362838745,0.0844530314207077,0.021113287657499313,0.08253362029790878,0.03,0.024,take_profit,1,0,2,2022-06-01
2022-06-20,1732,28.58216094970703,0.5302764729396889,1,0.012131760828197002,0.06412483006715775,0.005199324805289507,0.05372617393732071,0.03,0.024,take_profit,1,0,2,2022-06-01
2022-06-20,6491,386.1105651855469,0.5292386514652231,1,0.014150857925415039,0.09905652701854706,0.014150857925415039,0.053065937012434006,0.03,0.024,take_profit,1,0,2,2022-06-01
2022-06-20,5272,34.257080078125,0.5253744309609552,1,0.02022446319460869,0.058643024414777756,0.007418384775519371,0.045836836099624634,0.03,0.024,take_profit,1,0,2,2022-06-01
2022-06-20,2030,19.46573257446289,0.5239514922041337,1,0.012244758196175098,0.05918359011411667,0.012244758196175098,0.04081621393561363,0.03,0.024,take_profit,1,0,2,2022-06-01
2022-06-21,2006,49.249996185302734,0.8480794277741155,0,-0.0017151766223832965,-0.0017151766223832965,-0.07204112410545349,-0.05831894278526306,-0.02,-0.026000000000000002,stop_loss,0,1,2,2022-06-01
2022-06-21,2609,53.94743728637695,0.8407809651209155,0,0.0045661781914532185,0.009132388047873974,-0.08219181001186371,-0.07762560248374939,-0.02,-0.026000000000000002,stop_loss,0,1,2,2022-06-01
2022-06-21,6274,53.926265716552734,0.8379326820946356,0,-0.006514606531709433,7.664688439490419e-08,-0.03908789902925491,-0.03908789902925491,-0.02,-0.026000000000000002,stop_loss,0,1,2,2022-06-01
2022-06-21,3071,20.561460494995117,0.8360474732074027,0,0.010162610560655594,0.010162610560655594,-0.028455307707190514,-0.02439025044441223,-0.02,-0.026000000000000002,stop_loss,0,1,2,2022-06-01
2022-06-21,2371,32.75407409667969,0.835769185201827,0,0.0014640947338193655,0.004392341244965792,-0.021961983293294907,-0.002928274916484952,-0.02,-0.026000000000000002,stop_loss,0,1,2,2022-06-01
2022-06-21,4953,65.28424835205078,0.8351135143188819,0,-2.6805652808548075e-08,-2.6805652808548075e-08,-0.01889166049659252,-0.017632244154810905,-0.017632244154810905,-0.023632244154810904,close,0,0,2,2022-06-01
2022-06-21,6188,31.5979061126709,0.8335588983918137,0,0.0013192328624427319,0.0026384738739579916,-0.015831202268600464,-0.014511961489915848,-0.014511961489915848,-0.020511961489915846,close,0,0,2,2022-06-01
2022-06-21,2603,103.76219177246094,0.8327427209350179,0,2.8834388210441375e-09,2.8834388210441375e-09,-0.08181817829608917,-0.072727270424366,-0.02,-0.026000000000000002,stop_loss,0,1,2,2022-06-01
2022-06-21,8390,30.595550537109375,0.8313658294827762,0,0.003246804466471076,0.003246804466471076,-0.034090857952833176,-0.03246748447418213,-0.02,-0.026000000000000002,stop_loss,0,1,2,2022-06-01
2022-06-21,3323,31.07676887512207,0.8300347666942389,0,0.001410560216754675,0.011283665895462036,-0.03808164596557617,-0.03808164596557617,-0.02,-0.026000000000000002,stop_loss,0,1,2,2022-06-01
2022-06-21,3594,22.554895401000977,0.828880134081776,0,0.0042827073484659195,0.012847969308495522,-0.027837207540869713,-0.008565307594835758,-0.02,-0.026000000000000002,stop_loss,0,1,2,2022-06-01
2022-06-21,3260,51.46018600463867,0.8269510374588288,0,-3.74958952775728e-10,0.0015624938532710075,-0.0625000149011612,-0.05468748137354851,-0.02,-0.026000000000000002,stop_loss,0,1,2,2022-06-01
2022-06-21,5347,73.70050811767578,0.826348155337809,0,-0.0022371679078787565,-0.0011185314506292343,-0.0648769736289978,-0.06375841796398163,-0.02,-0.026000000000000002,stop_loss,0,1,2,2022-06-01
2022-06-21,6669,696.0426025390625,0.8227746965432611,0,0.0013140990631654859,0.011826583184301853,-0.02759523130953312,-0.01971086859703064,-0.02,-0.026000000000000002,stop_loss,0,1,2,2022-06-01
2022-06-21,3625,17.75,0.8227593086844341,0,0.0056338245049119,0.03661969676613808,-0.028169013559818268,-0.028169013559818268,-0.02,-0.026000000000000002,ambiguous_stop_loss,1,1,2,2022-06-01
2022-06-21,2542,28.8649845123291,0.822293301281351,0,0.0034602333325892687,0.005766997113823891,-0.013840845786035061,-0.0023067928850650787,-0.0023067928850650787,-0.008306792885065079,close,0,0,2,2022-06-01
2022-06-21,2606,38.070804595947266,0.819968087032646,0,0.004171010572463274,0.0052137477323412895,-0.06047971174120903,-0.05109491944313049,-0.02,-0.026000000000000002,stop_loss,0,1,2,2022-06-01
2022-06-21,2347,47.209110260009766,0.8169009053886147,0,0.001821423415094614,0.0072858901694417,-0.027322445064783096,-0.01821497641503811,-0.02,-0.026000000000000002,stop_loss,0,1,2,2022-06-01
2022-06-21,3313,11.25,0.815654030251122,0,0.017777761444449425,0.017777761444449425,-0.03111114539206028,-0.03111114539206028,-0.02,-0.026000000000000002,stop_loss,0,1,2,2022-06-01
2022-06-21,8936,17.557201385498047,0.8150351365087639,0,0.007894686423242092,0.007894686423242092,-0.04210525006055832,-0.03421053662896156,-0.02,-0.026000000000000002,stop_loss,0,1,2,2022-06-01
2022-06-22,4961,158.17599487304688,0.8650708181178581,1,0.017793703824281693,0.03202856332063675,-0.014234785921871662,0.00711754010990262,0.03,0.024,take_profit,1,0,2,2022-06-01
2022-06-22,5608,28.36354637145996,0.8407830005083665,0,6.26087910404749e-08,0.012121232226490974,-0.03939385712146759,-0.033333271741867065,-0.02,-0.026000000000000002,stop_loss,0,1,2,2022-06-01
2022-06-22,2609,49.759735107421875,0.8341845084122216,0,1.2320784037456178e-07,0.01485161017626524,-0.05346524342894554,-0.04752466455101967,-0.02,-0.026000000000000002,stop_loss,0,1,2,2022-06-01
2022-06-22,6533,252.72080993652344,0.8317603019905815,1,0.033530496060848236,0.07100583612918854,0.00591708580031991,0.01577901840209961,0.03,0.024,gap_take_profit,1,0,2,2022-06-01
2022-06-22,6104,146.1259307861328,0.8263315476356267,1,0.016077173873782158,0.05466238409280777,3.2429250396148745e-09,0.03536977991461754,0.03,0.024,take_profit,1,0,2,2022-06-01
2022-06-22,2603,96.21585083007812,0.8241722757542504,0,0.004901927430182695,0.014705848880112171,-0.057843167334795,-0.057843167334795,-0.02,-0.026000000000000002,stop_loss,0,1,2,2022-06-01
2022-06-22,3661,648.7799072265625,0.8217459302072085,1,0.011994028463959694,0.04497753828763962,-0.005996976513415575,0.03598203510046005,0.03,0.024,take_profit,1,0,2,2022-06-01
2022-06-22,2612,34.0340461730957,0.8185492170176351,1,0.015757594257593155,0.026666611433029175,-0.010909127071499825,0.0012120844330638647,0.0012120844330638647,-0.004787915566936135,close,0,0,2,2022-06-01
2022-06-22,3624,52.646610260009766,0.8175827035033171,1,0.036065686494112015,0.036065686494112015,-0.004917924292385578,0.006557499058544636,0.03,0.024,gap_take_profit,1,0,2,2022-06-01
2022-06-22,5269,1043.3748779296875,0.8153197043867139,0,0.004444444552063942,0.02222222276031971,-0.017777778208255768,0.0,0.0,-0.006,close,0,0,2,2022-06-01
2022-06-22,2636,62.96505355834961,0.8146053500818051,0,0.019138872623443604,0.0203351192176342,-0.019138608127832413,-0.007176883518695831,-0.007176883518695831,-0.013176883518695831,close,0,0,2,2022-06-01
2022-06-22,6643,176.0237274169922,0.8117500975216884,0,0.004219463560730219,0.023206759244203568,-0.025316394865512848,-0.004219353199005127,-0.02,-0.026000000000000002,stop_loss,0,1,2,2022-06-01
2022-06-22,2617,22.35211181640625,0.8116954595251199,0,0.005235425196588039,0.01919708214700222,-0.038394585251808167,-0.013961752876639366,-0.02,-0.026000000000000002,stop_loss,0,1,2,2022-06-01
2022-06-22,8155,103.0958251953125,0.8114621212602383,1,0.008368205279111862,0.029288707301020622,-0.012552297674119473,0.01255230512470007,0.01255230512470007,0.006552305124700069,close,0,0,2,2022-06-01
2022-06-22,3443,458.3608093261719,0.8061253948487874,1,0.011603406630456448,0.029535897076129913,-0.017932459712028503,0.013713112100958824,0.013713112100958824,0.007713112100958824,close,0,0,2,2022-06-01
2022-06-22,3532,167.06356811523438,0.8045463599108336,1,0.021333474665880203,0.02933347597718239,-0.015999862924218178,0.0026668058708310127,0.0026668058708310127,-0.0033331941291689874,close,0,0,2,2022-06-01
2022-06-22,6515,340.26287841796875,0.8023748766040696,1,0.0013458646135404706,0.034993238747119904,-0.01615077070891857,0.012113024480640888,0.03,0.024,take_profit,1,0,2,2022-06-01
2022-06-22,1316,15.456751823425293,0.801010234177347,1,0.012945003807544708,0.029126256704330444,-0.003236249787732959,0.009708729572594166,0.009708729572594166,0.0037087295725941657,close,0,0,2,2022-06-01
2022-06-22,3545,75.30420684814453,0.8008239027078766,0,0.0,0.026172317564487457,-0.010905126109719276,0.0,0.0,-0.006,close,0,0,2,2022-06-01
2022-06-22,6213,72.60785675048828,0.7999974496701718,0,0.002389549510553479,0.013142256066203117,-0.025089580565690994,-0.021505314856767654,-0.02,-0.026000000000000002,stop_loss,0,1,2,2022-06-01
2022-06-23,2609,47.394920349121094,0.7398848223449532,1,0.027027076110243797,0.06029107794165611,0.01143455971032381,0.021829569712281227,0.03,0.024,take_profit,1,0,2,2022-06-01
2022-06-23,5608,27.4180965423584,0.7349169448287384,1,0.020376142114400864,0.0595611073076725,0.009404364041984081,0.012539148330688477,0.03,0.024,take_profit,1,0,2,2022-06-01
2022-06-23,2641,17.3341007232666,0.7284103337485986,1,0.022005029022693634,0.058679744601249695,0.017115002498030663,0.03178488835692406,0.03,0.024,take_profit,1,0,2,2022-06-01
2022-06-23,2611,13.474803924560547,0.725545238953034,1,0.016393451020121574,0.0655737891793251,0.01366124115884304,0.0382513552904129,0.03,0.024,take_profit,1,0,2,2022-06-01
2022-06-23,2613,25.418397903442383,0.6969235140798948,1,0.01779354363679886,0.05160133168101311,-0.0017794497543945909,0.0035586825106292963,0.03,0.024,take_profit,1,0,2,2022-06-01
2022-06-23,2006,45.195106506347656,0.6951316469356474,0,0.0,0.016822459176182747,-0.005607462488114834,0.0,0.0,-0.006,close,0,0,2,2022-06-01
2022-06-23,8046,249.8130340576172,0.6868070567011522,0,0.022687604650855064,0.02617800608277321,-0.012216408737003803,-0.006980806589126587,-0.006980806589126587,-0.012980806589126587,close,0,0,2,2022-06-01
2022-06-23,2605,17.44717788696289,0.6816708327874548,1,0.012345668859779835,0.059259288012981415,0.012345668859779835,0.02716044709086418,0.03,0.024,take_profit,1,0,2,2022-06-01
2022-06-23,6213,71.04640197753906,0.6811902405744537,1,0.007325979880988598,0.020756974816322327,-0.006105014588683844,0.0036629391834139824,0.0036629391834139824,-0.0023370608165860177,close,0,0,2,2022-06-01
2022-06-23,2606,34.81553268432617,0.6604206084626373,1,0.00912193488329649,0.05245149880647659,0.004560914821922779,0.013682955875992775,0.03,0.024,take_profit,1,0,2,2022-06-01
2022-06-23,6219,19.42245101928711,0.6600202427796588,1,0.011278153397142887,0.04135331138968468,-0.003759425599128008,0.026315731927752495,0.03,0.024,take_profit,1,0,2,2022-06-01
2022-06-23,3051,14.189579010009766,0.6580736328248139,1,0.012232303619384766,0.055045802146196365,0.012232303619384766,0.027522822842001915,0.03,0.024,take_profit,1,0,2,2022-06-01
2022-06-23,6150,63.6517219543457,0.6577882320025865,1,0.015873027965426445,0.04232805222272873,0.009259271435439587,0.01719575934112072,0.03,0.024,take_profit,1,0,2,2022-06-01
2022-06-23,2637,52.60068893432617,0.6531966570515368,1,0.022590337321162224,0.060240939259529114,0.001505978754721582,0.006024096626788378,0.03,0.024,take_profit,1,0,2,2022-06-01
2022-06-23,2032,19.447649002075195,0.650789816008538,1,0.021077295765280724,0.02810312807559967,0.002341949613764882,0.014051551930606365,0.014051551930606365,0.008051551930606365,close,0,0,2,2022-06-01
2022-06-23,3092,42.72381591796875,0.649893774120283,1,0.01861993968486786,0.03723982349038124,0.0021905158646404743,0.004381152801215649,0.03,0.024,take_profit,1,0,2,2022-06-01
2022-06-23,3434,20.675687789916992,0.6485199803519869,1,0.011450310237705708,0.04770977050065994,0.007633482106029987,0.022900614887475967,0.03,0.024,take_profit,1,0,2,2022-06-01
2022-06-23,2603,90.65042114257812,0.6469893523897143,1,0.029136396944522858,0.06659737974405289,0.015608820132911205,0.027055229991674423,0.03,0.024,take_profit,1,0,2,2022-06-01
2022-06-23,4739,112.53858184814453,0.6461108613955919,1,0.008230334147810936,0.04115215688943863,-1.5258198970968806e-07,0.016460757702589035,0.03,0.024,take_profit,1,0,2,2022-06-01
2022-06-23,2615,75.57489013671875,0.6440982474513223,1,0.018099606037139893,0.09502268582582474,0.018099606037139893,0.054298654198646545,0.03,0.024,take_profit,1,0,2,2022-06-01
2022-06-24,3265,41.53618621826172,0.832255446577687,1,0.025641031563282013,0.0414201095700264,0.013806741684675217,0.03155817463994026,0.03,0.024,take_profit,1,0,2,2022-06-01
2022-06-24,6485,79.15279388427734,0.8302729523287063,1,0.027654804289340973,0.03761057183146477,0.022123832255601883,0.028760982677340508,0.03,0.024,take_profit,1,0,2,2022-06-01
2022-06-24,2603,93.10298919677734,0.827500203778927,1,0.03343459218740463,0.09929072111845016,0.03343459218740463,0.09929072111845016,0.03,0.024,gap_take_profit,1,0,2,2022-06-01
2022-06-24,8081,129.82449340820312,0.8229180093683958,1,0.014450855553150177,0.04046241566538811,0.014450855553150177,0.02890172228217125,0.03,0.024,take_profit,1,0,2,2022-06-01
2022-06-24,8046,248.0691375732422,0.8211934214225612,1,0.03163432329893112,0.09841814637184143,0.03163432329893112,0.09841814637184143,0.03,0.024,gap_take_profit,1,0,2,2022-06-01
2022-06-24,6438,75.677978515625,0.8206609038153413,1,0.01040466409176588,0.060115646570920944,0.01040466409176588,0.04393067955970764,0.03,0.024,take_profit,1,0,2,2022-06-01
2022-06-24,6257,42.9708366394043,0.8205278205390845,1,0.010909096337854862,0.029090914875268936,0.0054545640014112,0.020000005140900612,0.020000005140900612,0.014000005140900612,close,0,0,2,2022-06-01
2022-06-24,8112,30.39075469970703,0.8188560124871396,1,0.010440832003951073,0.0278422050178051,0.009280734695494175,0.0278422050178051,0.0278422050178051,0.0218422050178051,close,0,0,2,2022-06-01
2022-06-24,6488,437.516845703125,0.8153450517497063,1,0.028455421328544617,0.06707331538200378,0.02235785871744156,0.05487818643450737,0.03,0.024,take_profit,1,0,2,2022-06-01
2022-06-24,2383,169.0194549560547,0.8151256553091648,1,0.01604277640581131,0.06951871514320374,0.01604277640581131,0.04010694846510887,0.03,0.024,take_profit,1,0,2,2022-06-01
2022-06-24,3028,24.779348373413086,0.8143990949550722,1,0.010218889452517033,0.027737203985452652,0.010218889452517033,0.01605832763016224,0.01605832763016224,0.010058327630162239,close,0,0,2,2022-06-01
2022-06-24,2375,61.66893768310547,0.8137947538428314,1,0.028571387752890587,0.030357101932168007,0.017857102677226067,0.026785673573613167,0.03,0.024,take_profit,1,0,2,2022-06-01
2022-06-24,2351,120.31036376953125,0.8132470706696381,1,0.022304702550172806,0.05204447731375694,0.022304702550172806,0.03345711901783943,0.03,0.024,take_profit,1,0,2,2022-06-01
2022-06-24,3294,19.008834838867188,0.8128199959449944,1,0.030769212171435356,0.06410252302885056,0.030769212171435356,0.05897429957985878,0.03,0.024,gap_take_profit,1,0,2,2022-06-01
2022-06-24,3530,90.14549255371094,0.8121105859864258,1,0.029724011197686195,0.04352446645498276,0.024416154250502586,0.040339723229408264,0.03,0.024,take_profit,1,0,2,2022-06-01
2022-06-24,6127,18.390972137451172,0.8115617609960057,1,0.016085859388113022,0.04289551079273224,0.016085859388113022,0.03217161074280739,0.03,0.024,take_profit,1,0,2,2022-06-01
2022-06-24,2404,131.78648376464844,0.8101622224054926,1,0.008875676430761814,0.017751416191458702,0.002958517288789153,0.002958517288789153,0.002958517288789153,-0.003041482711210847,close,0,0,2,2022-06-01
2022-06-24,2354,47.251121520996094,0.8095468046765618,1,0.011385307647287846,0.020872974768280983,0.0018976404098793864,0.017077893018722534,0.017077893018722534,0.011077893018722534,close,0,0,2,2022-06-01
2022-06-24,8150,35.595821380615234,0.8091935468135819,1,0.010964766144752502,0.015350746922194958,0.0076753427274525166,0.01206132397055626,0.01206132397055626,0.006061323970556259,close,0,0,2,2022-06-01
2022-06-24,5347,68.50684356689453,0.808465180660152,1,0.016847221180796623,0.03730446472764015,0.012033725157380104,0.022864069789648056,0.03,0.024,take_profit,1,0,2,2022-06-01
2022-06-27,3529,1227.5474853515625,0.7557372079915369,0,0.003921678755432367,0.01960795558989048,-0.0705881342291832,-0.06274499744176865,-0.02,-0.026000000000000002,stop_loss,0,1,2,2022-06-01
2022-06-27,1303,71.02534484863281,0.7450127670690964,1,-0.0035419375635683537,0.003541869344189763,-0.005903266835957766,0.001180630293674767,0.001180630293674767,-0.004819369706325233,close,0,0,2,2022-06-01
2022-06-27,2885,17.678489685058594,0.7403177918911844,0,-0.04357803240418434,-0.0206422321498394,-0.04357803240418434,-0.0412844642996788,-0.04357803240418434,-0.04957803240418434,gap_stop,0,1,2,2022-06-01
2022-06-27,6669,699.701171875,0.7394067765646956,0,0.0052287522703409195,0.015686267986893654,-0.030065365135669708,-0.018300659954547882,-0.02,-0.026000000000000002,stop_loss,0,1,2,2022-06-01
2022-06-27,8046,272.483642578125,0.7222066226507816,0,6.750819636636152e-08,6.750819636636152e-08,-0.08639993518590927,-0.0735999345779419,-0.02,-0.026000000000000002,stop_loss,0,1,2,2022-06-01
2022-06-27,2882,43.95195007324219,0.721228511728214,1,-0.0018692984012886882,0.007476501632481813,-0.003738400526344776,0.005607399623841047,0.005607399623841047,-0.00039260037615895284,close,0,0,2,2022-06-01
2022-06-27,1216,56.99203872680664,0.718574496827417,1,0.004504545591771603,0.007507502567023039,0.0015014737145975232,0.007507502567023039,0.007507502567023039,0.0015075025670230387,close,0,0,2,2022-06-01
2022-06-27,2301,48.66366958618164,0.717099375989911,1,0.012302216142416,0.01581716723740101,0.005272379145026207,0.012302216142416,0.012302216142416,0.006302216142416,close,0,0,2,2022-06-01
2022-06-27,6485,81.42930603027344,0.7166290783200042,0,0.0032258981373161077,0.0032258981373161077,-0.04516120254993439,-0.036559101194143295,-0.02,-0.026000000000000002,stop_loss,0,1,2,2022-06-01
2022-06-27,4973,17.31268310546875,0.7134640988374602,0,-2.228632922651741e-08,0.014705915935337543,-0.019607847556471825,-0.0024509653449058533,-0.0024509653449058533,-0.008450965344905853,close,0,0,2,2022-06-01
2022-06-27,2474,133.1593017578125,0.7118150298435378,0,-0.0029584139119833708,0.002958746859803796,-0.014792735688388348,-0.005916994530707598,-0.005916994530707598,-0.011916994530707598,close,0,0,2,2022-06-01
2022-06-27,3596,102.49652099609375,0.711507294383415,0,-0.008032085373997688,0.004016107879579067,-0.04016060009598732,-0.02811240777373314,-0.02,-0.026000000000000002,stop_loss,0,1,2,2022-06-01
2022-06-27,2881,45.45294952392578,0.7098273863019933,0,0.0016155490884557366,0.003231059294193983,-0.011308531276881695,-0.004846491385251284,-0.004846491385251284,-0.010846491385251284,close,0,0,2,2022-06-01
2022-06-27,2324,20.244901657104492,0.7096669023116443,1,0.004386122338473797,0.006579155568033457,-0.0065787918865680695,0.004386122338473797,0.004386122338473797,-0.0016138776615262033,close,0,0,2,2022-06-01
2022-06-27,1326,72.07948303222656,0.7095105766396559,1,0.003911345265805721,0.014341632835566998,-3.7626911364441185e-08,0.0013038229662925005,0.0013038229662925005,-0.0046961770337075,close,0,0,2,2022-06-01
2022-06-27,6239,75.03511810302734,0.7086593569615414,0,0.005246476270258427,0.005246476270258427,-0.010493290610611439,-0.006296083331108093,-0.006296083331108093,-0.012296083331108093,close,0,0,2,2022-06-01
2022-06-27,2353,20.892635345458984,0.7072157741103335,0,0.007662937510758638,0.009578689932823181,-0.007662720512598753,-0.0038312878459692,-0.0038312878459692,-0.0098312878459692,close,0,0,2,2022-06-01
2022-06-27,1584,17.029212951660156,0.7044191305759603,0,0.007556607481092215,0.007556607481092215,-0.05793462693691254,-0.04785896837711334,-0.02,-0.026000000000000002,stop_loss,0,1,2,2022-06-01
2022-06-27,8096,12.508913040161133,0.7041134215173162,1,2.536808807462876e-08,0.05639101564884186,-0.01127815805375576,0.03759404271841049,0.03,0.024,take_profit,1,0,2,2022-06-01
2022-06-27,2451,54.34267044067383,0.7038319185135623,0,3.893589806125419e-08,0.0014124467270448804,-0.007062107790261507,-0.007062107790261507,-0.007062107790261507,-0.013062107790261507,close,0,0,2,2022-06-01
2022-06-28,1584,16.21421241760254,0.7285205542344851,0,-0.005291076377034187,0.0026454797480255365,-0.01851852610707283,-0.005291076377034187,-0.005291076377034187,-0.011291076377034187,close,0,0,2,2022-06-01
2022-06-28,3034,214.0944366455078,0.7112280399085649,0,-0.044444404542446136,0.007936551235616207,-0.044444404542446136,-0.015872973948717117,-0.044444404542446136,-0.050444404542446135,gap_stop,0,1,2,2022-06-01
2022-06-28,6541,197.14710998535156,0.7073023822205707,1,-0.0134128388017416,0.09239941835403442,-0.0134128388017416,0.08196724951267242,0.03,0.024,take_profit,1,0,2,2022-06-01
2022-06-28,8454,486.0404357910156,0.7019405151012196,0,0.0037452406249940395,0.004993773065507412,-0.06367041915655136,-0.04744071513414383,-0.02,-0.026000000000000002,stop_loss,0,1,2,2022-06-01
2022-06-28,8068,28.448551177978516,0.7010085665756439,0,0.008576331660151482,0.03945114091038704,-0.06518007069826126,-0.06346484273672104,-0.02,-0.026000000000000002,ambiguous_stop_loss,1,1,2,2022-06-01
2022-06-28,6461,26.21246337890625,0.6987616114609366,1,0.02973976358771324,0.09851297736167908,0.00557619659230113,0.09851297736167908,0.03,0.024,take_profit,1,0,2,2022-06-01
2022-06-28,8016,135.46595764160156,0.6919024499626191,1,-0.01724153757095337,0.017241215333342552,-0.01970459148287773,0.014778162352740765,0.014778162352740765,0.008778162352740764,close,0,0,2,2022-06-01
2022-06-28,6679,208.31265258789062,0.6912989403925991,1,-0.04595179855823517,0.01750553585588932,-0.04595179855823517,0.006564616691321135,-0.04595179855823517,-0.05195179855823517,gap_stop,0,1,2,2022-06-01
2022-06-28,8150,34.97132873535156,0.6848514236520185,0,1.5926489993489668e-07,0.0024692576844245195,-0.03580233454704285,-0.034567784518003464,-0.02,-0.026000000000000002,stop_loss,0,1,2,2022-06-01
2022-06-28,6435,101.6244125366211,0.6797379909730239,0,-0.015151547268033028,0.00378785259090364,-0.02651514858007431,-0.022727280855178833,-0.02,-0.026000000000000002,stop_loss,0,1,2,2022-06-01
2022-06-28,2038,19.03607940673828,0.6764564103432447,0,-0.009389604441821575,3.215458477257016e-08,-0.021126743406057358,-0.014084422029554844,-0.02,-0.026000000000000002,stop_loss,0,1,2,2022-06-01
2022-06-28,2454,538.31298828125,0.6751455709425122,1,-0.010752751491963863,0.02611360512673855,-0.01689714379608631,0.015360918827354908,0.015360918827354908,0.009360918827354908,close,0,0,2,2022-06-01
2022-06-28,6138,123.53241729736328,0.6727291393236791,0,-0.016393419355154037,0.009836089797317982,-0.026229484006762505,-0.013114729896187782,-0.02,-0.026000000000000002,stop_loss,0,1,2,2022-06-01
2022-06-28,3711,72.816162109375,0.668307411261148,0,-0.013142455369234085,-0.013142455369234085,-0.059568822383880615,-0.058378420770168304,-0.02,-0.026000000000000002,stop_loss,0,1,2,2022-06-01
2022-06-28,3558,171.40757751464844,0.6661769626567536,0,-0.011049598455429077,-0.005524735432118177,-0.049723636358976364,-0.01657446101307869,-0.02,-0.026000000000000002,stop_loss,0,1,2,2022-06-01
2022-06-28,5351,54.68281555175781,0.663800351629519,0,-0.016863400116562843,-0.008431699126958847,-0.038785792887210846,-0.023608746007084846,-0.02,-0.026000000000000002,stop_loss,0,1,2,2022-06-01
2022-06-28,4543,17.64956283569336,0.6636748607992566,1,0.0024936827830970287,0.06733163446187973,-0.014962708577513695,0.05486275628209114,0.03,0.024,take_profit,1,0,2,2022-06-01
2022-06-28,4961,158.17599487304688,0.6622914126857002,0,-0.017793556675314903,0.02135232463479042,-0.03202841803431511,0.0,-0.02,-0.026000000000000002,stop_loss,0,1,2,2022-06-01
2022-06-28,6546,105.55331420898438,0.6610189522704892,1,-4.313484325280115e-08,0.041322268545627594,-4.313484325280115e-08,0.024793343618512154,0.03,0.024,take_profit,1,0,2,2022-06-01
2022-06-28,3527,104.82439422607422,0.6576982439298893,1,-0.01214570365846157,0.02024296298623085,-0.02024286985397339,0.008097212761640549,-0.02,-0.026000000000000002,stop_loss,0,1,2,2022-06-01
2022-06-29,8068,26.643068313598633,0.8689167855254393,0,0.0018315310589969158,0.010989042930305004,-0.032966986298561096,-0.025641005486249924,-0.02,-0.026000000000000002,stop_loss,0,1,2,2022-06-01
2022-06-29,3675,190.9961700439453,0.8567740129308091,0,-0.004237321205437183,6.4900014251634275e-09,-0.06355932354927063,-0.02330511249601841,-0.02,-0.026000000000000002,stop_loss,0,1,2,2022-06-01
2022-06-29,8150,33.762447357177734,0.8515036707645006,0,-0.0025574956089258194,-0.0025574956089258194,-0.06521736830472946,-0.05498714745044708,-0.02,-0.026000000000000002,stop_loss,0,1,2,2022-06-01
2022-06-29,4938,53.43275833129883,0.8491253487153834,0,-0.030722906813025475,-0.021013978868722916,-0.07926766574382782,-0.07764953374862671,-0.030722906813025475,-0.03672290681302547,gap_stop,0,1,2,2022-06-01
2022-06-29,2408,51.790470123291016,0.8459997294767684,0,-0.048638973385095596,-0.03552965447306633,-0.09171239286661148,-0.07485754042863846,-0.048638973385095596,-0.054638973385095595,gap_stop,0,1,2,2022-06-01
2022-06-29,2347,46.69316101074219,0.8423019759098234,0,-0.0036833230406045914,-0.0036833230406045914,-0.022099528461694717,-0.020257866010069847,-0.02,-0.026000000000000002,stop_loss,0,1,2,2022-06-01
2022-06-29,2353,20.252248764038086,0.8410270800675502,0,-0.020416991785168648,-0.018244918435811996,-0.06168540567159653,-0.05734134092926979,-0.020416991785168648,-0.026416991785168646,gap_stop,0,1,2,2022-06-01
2022-06-29,8358,39.465789794921875,0.8315189778864289,0,-1.6001894920236737e-08,0.003188114147633314,-0.04038253799080849,-0.0382571741938591,-0.02,-0.026000000000000002,stop_loss,0,1,2,2022-06-01
2022-06-29,3645,45.182865142822266,0.8287581440010963,0,1.5336491188122636e-08,0.0010319913271814585,-0.05779150500893593,-0.052631549537181854,-0.02,-0.026000000000000002,stop_loss,0,1,2,2022-06-01
2022-06-29,3152,165.29757690429688,0.8274016367498056,0,-0.01058203261345625,-2.207437610479701e-08,-0.034391555935144424,-0.026455048471689224,-0.02,-0.026000000000000002,stop_loss,0,1,2,2022-06-01
2022-06-29,2330,463.3270263671875,0.8261894850946645,0,-0.013238240964710712,-0.009164921008050442,-0.030549850314855576,-0.030549850314855576,-0.02,-0.026000000000000002,stop_loss,0,1,2,2022-06-01
2022-06-29,3711,68.56526947021484,0.8249426202562202,0,6.239675087726937e-08,0.0037927688099443913,-0.04424772784113884,-0.0341339111328125,-0.02,-0.026000000000000002,stop_loss,0,1,2,2022-06-01
2022-06-29,1732,28.03726577758789,0.8237806144181615,0,0.007067214231938124,0.03710256516933441,-0.03180205821990967,-0.03003523498773575,-0.02,-0.026000000000000002,ambiguous_stop_loss,1,1,2,2022-06-01
2022-06-29,2230,14.483579635620117,0.8176610727077228,0,0.002512578386813402,0.015075377188622952,-0.020100433379411697,-0.015075325965881348,-0.02,-0.026000000000000002,stop_loss,0,1,2,2022-06-01
2022-06-29,1303,70.94149780273438,0.8166201788521118,0,-1.1702950786229849e-07,0.0011818979401141405,-0.018912626430392265,-0.018912626430392265,-0.018912626430392265,-0.024912626430392264,close,0,0,2,2022-06-01
2022-06-29,2886,28.871326446533203,0.8157921419280421,0,-0.005602180026471615,6.7012981830316676e-09,-0.014005517587065697,-0.01120448112487793,-0.01120448112487793,-0.017204481124877928,close,0,0,2,2022-06-01
2022-06-29,2492,82.288330078125,0.814558172931229,0,-0.009667097590863705,-0.006444723345339298,-0.03974223509430885,-0.036519940942525864,-0.02,-0.026000000000000002,stop_loss,0,1,2,2022-06-01
2022-06-29,4303,21.005306243896484,0.8128440384804745,0,0.0043860371224582195,0.0043860371224582195,-0.0307016521692276,-0.02631567046046257,-0.02,-0.026000000000000002,stop_loss,0,1,2,2022-06-01
2022-06-29,1476,383.1754150390625,0.8125937509263442,0,0.009153435938060284,0.014874259941279888,-0.05377563461661339,-0.049198973923921585,-0.02,-0.026000000000000002,stop_loss,0,1,2,2022-06-01
2022-06-29,1304,21.34294319152832,0.8114965236160998,0,0.007952188141644001,0.007952188141644001,-0.02385699935257435,-0.015904683619737625,-0.02,-0.026000000000000002,stop_loss,0,1,2,2022-06-01
2022-06-30,6138,115.43193054199219,0.9321955041376822,0,0.017543889582157135,0.021052662283182144,-0.028070146217942238,-0.024561375379562378,-0.02,-0.026000000000000002,stop_loss,0,1,2,2022-06-01
2022-06-30,6488,402.83563232421875,0.9239666237251654,0,0.004415011033415794,0.013245033100247383,-0.040838852524757385,-0.03642383962869644,-0.02,-0.026000000000000002,stop_loss,0,1,2,2022-06-01
2022-06-30,6435,94.69548034667969,0.9208670643466189,0,0.004064942244440317,0.012194997631013393,-0.04065050184726715,-0.04065050184726715,-0.02,-0.026000000000000002,stop_loss,0,1,2,2022-06-01
2022-06-30,3006,76.99344635009766,0.9162506348077089,0,-0.009901128709316254,0.006188015919178724,-0.08292093873023987,-0.08292093873023987,-0.02,-0.026000000000000002,stop_loss,0,1,2,2022-06-01
2022-06-30,6485,72.76102447509766,0.915670620363556,0,0.01083020493388176,0.02888074517250061,-0.07460899651050568,-0.07460899651050568,-0.02,-0.026000000000000002,stop_loss,0,1,2,2022-06-01
2022-06-30,3624,51.43832778930664,0.9091100422553491,0,0.010067161172628403,0.013422878459095955,-0.09395970404148102,-0.09395970404148102,-0.02,-0.026000000000000002,stop_loss,0,1,2,2022-06-01
2022-06-30,3588,66.57689666748047,0.9069753901901377,0,-0.0012193683069199324,0.019512301310896873,-0.0658535435795784,-0.062194954603910446,-0.02,-0.026000000000000002,stop_loss,0,1,2,2022-06-01
2022-06-30,8358,37.95594024658203,0.9069284170754454,0,0.009944820776581764,0.014364726841449738,-0.026519304141402245,-0.026519304141402245,-0.02,-0.026000000000000002,stop_loss,0,1,2,2022-06-01
2022-06-30,8068,25.95991325378418,0.9035246136839842,0,0.0037593848537653685,0.07142861187458038,-0.04135338217020035,-0.016917269676923752,-0.02,-0.026000000000000002,ambiguous_stop_loss,1,1,2,2022-06-01
2022-06-30,3016,78.16956329345703,0.9025023054461374,0,-6.745016634113199e-08,0.02267288789153099,-0.06682591140270233,-0.06443922221660614,-0.02,-0.026000000000000002,stop_loss,0,1,2,2022-06-01
2022-06-30,6213,66.40970611572266,0.9016980315016189,0,9.040213910793682e-08,0.009749352000653744,-0.04874642938375473,-0.04735369235277176,-0.02,-0.026000000000000002,stop_loss,0,1,2,2022-06-01
2022-06-30,2383,161.3367462158203,0.8992793268316635,0,0.008403428830206394,0.028011273592710495,-0.030812259763479233,-0.02801113948225975,-0.02,-0.026000000000000002,stop_loss,0,1,2,2022-06-01
2022-06-30,6770,38.92750549316406,0.8968349608092749,0,-0.0012468636268749833,0.014962651766836643,-0.057356592267751694,-0.056109726428985596,-0.02,-0.026000000000000002,stop_loss,0,1,2,2022-06-01
2022-06-30,1727,30.37627410888672,0.8965926807019047,0,2.6162807031937518e-08,0.05039368197321892,-0.05511808395385742,-0.05511808395385742,-0.02,-0.026000000000000002,ambiguous_stop_loss,1,1,2,2022-06-01
2022-06-30,2327,49.62717056274414,0.8964333296313433,0,-0.0016234149225056171,-0.0016234149225056171,-0.08441561460494995,-0.08441561460494995,-0.02,-0.026000000000000002,stop_loss,0,1,2,2022-06-01
2022-06-30,3051,13.451894760131836,0.8952448855566435,0,0.016128959134221077,0.035483747720718384,-0.07419358938932419,-0.07096783071756363,-0.02,-0.026000000000000002,ambiguous_stop_loss,1,1,2,2022-06-01
2022-06-30,2637,51.491634368896484,0.8951026371269019,0,0.010769188404083252,0.021538490429520607,-0.05538458749651909,-0.049230776727199554,-0.02,-0.026000000000000002,stop_loss,0,1,2,2022-06-01
2022-06-30,8046,235.26910400390625,0.8946927126595129,0,0.005758208222687244,0.01343575119972229,-0.0690978392958641,-0.06333968043327332,-0.02,-0.026000000000000002,stop_loss,0,1,2,2022-06-01
2022-06-30,4966,1050.299560546875,0.8941803043559363,0,6.510712324825363e-08,0.02173919603228569,-0.060869503766298294,-0.060869503766298294,-0.02,-0.026000000000000002,stop_loss,0,1,2,2022-06-01
2022-06-30,6170,21.711076736450195,0.8930647724897024,0,1.1010547495970968e-07,0.022140348330140114,-0.04243530333042145,-0.04243530333042145,-0.02,-0.026000000000000002,stop_loss,0,1,2,2022-06-01
2022-07-01,2025,8.793572425842285,0.4766769516750689,0,0.0,0.0,-0.02222210355103016,-0.001851697452366352,-0.02,-0.026000000000000002,stop_loss,0,1,3,2022-07-01
2022-07-01,3349,16.73076820373535,0.4766769516750689,0,-0.03448266535997391,-0.02586202695965767,-0.04022986814379692,-0.02586202695965767,-0.03448266535997391,-0.040482665359973906,gap_stop,0,1,3,2022-07-01
2022-07-01,8932,11.770503044128418,0.4766769516750689,0,5.274899184115611e-09,0.008385762572288513,-0.002096454380080104,-0.002096454380080104,-0.002096454380080104,-0.008096454380080104,close,0,0,3,2022-07-01
2022-07-01,3311,31.4853515625,0.4766769516750689,0,-0.007645285688340664,0.004587059840559959,-0.009174314327538013,-0.009174314327538013,-0.009174314327538013,-0.015174314327538014,close,0,0,3,2022-07-01
2022-07-01,3135,26.36079978942871,0.4766769516750689,0,-9.069535877870294e-08,-9.069535877870294e-08,-0.03879857435822487,-0.005006348714232445,-0.02,-0.026000000000000002,stop_loss,0,1,3,2022-07-01
2022-07-01,2431,9.963733673095703,0.4766769516750689,0,-0.009523851796984673,-6.3392944227302905e-09,-0.019047606736421585,-0.014285684563219547,-0.014285684563219547,-0.020285684563219546,close,0,0,3,2022-07-01
2022-07-01,2723,99.04544830322266,0.4766769516750689,1,-0.01382493320852518,0.032258015125989914,-0.01382493320852518,0.027649719268083572,0.03,0.024,take_profit,1,0,3,2022-07-01
2022-07-01,3623,15.0,0.4766769516750689,0,0.0,0.0,-0.023333359509706497,0.0,-0.02,-0.026000000000000002,stop_loss,0,1,3,2022-07-01
2022-07-01,8431,52.63409423828125,0.4766769516750689,0,0.01814878173172474,0.03992737829685211,-0.00725952535867691,-0.005444671027362347,0.03,0.024,take_profit,1,0,3,2022-07-01
2022-07-01,3147,32.16271209716797,0.4766769516750689,0,0.0078475596383214,0.008968650363385677,-0.010089593008160591,-0.010089593008160591,-0.010089593008160591,-0.01608959300816059,close,0,0,3,2022-07-01
2022-07-01,2231,105.02778625488281,0.4766769516750689,1,-0.026922989636659622,0.023077037185430527,-0.026922989636659622,0.0038462316151708364,-0.026922989636659622,-0.03292298963665962,gap_stop,0,1,3,2022-07-01
2022-07-01,2884,22.809410095214844,0.4766769516750689,0,0.005154784768819809,0.012027684599161148,-0.006872714962810278,-0.005154490005224943,-0.005154490005224943,-0.011154490005224943,close,0,0,3,2022-07-01
2022-07-01,2412,110.41878509521484,0.4766769516750689,1,0.008064478635787964,0.03225802630186081,0.004032221157103777,0.020161252468824387,0.03,0.024,take_profit,1,0,3,2022-07-01
2022-07-01,1513,50.378387451171875,0.4766769516750689,1,0.009008937515318394,0.023423336446285248,-0.03423433005809784,0.0018017032416537404,-0.02,-0.026000000000000002,stop_loss,0,1,3,2022-07-01
2022-07-01,9908,28.995338439941406,0.4766769516750689,1,-0.0014948517782613635,0.014947574585676193,-0.0014948517782613635,0.008968479931354523,0.008968479931354523,0.0029684799313545226,close,0,0,3,2022-07-01
2022-07-01,2230,14.338016510009766,0.4766769516750689,1,0.0025381066370755434,0.03553300350904465,0.0025381066370755434,0.02538069151341915,0.03,0.024,take_profit,1,0,3,2022-07-01
2022-07-01,2413,18.382505416870117,0.4766769516750689,0,-0.023809446021914482,0.005291042849421501,-0.0370369590818882,-0.013227496296167374,-0.023809446021914482,-0.02980944602191448,gap_stop,0,1,3,2022-07-01
2022-07-01,1710,17.48386001586914,0.4766769516750689,0,-0.025210203602910042,0.005602182354778051,-0.025210203602910042,-0.0028012634720653296,-0.025210203602910042,-0.03121020360291004,gap_stop,0,1,3,2022-07-01
2022-07-01,9917,89.82440948486328,0.4766769516750689,1,0.004902040120214224,0.009804001078009605,7.913619981536613e-08,0.004902040120214224,0.004902040120214224,-0.0010979598797857763,close,0,0,3,2022-07-01
2022-07-01,8240,22.33036994934082,0.4766769516750689,0,6.105478345119764e-10,0.0038986511062830687,-0.021442465484142303,-0.017543815076351166,-0.02,-0.026000000000000002,stop_loss,0,1,3,2022-07-01
2022-07-04,3071,18.513675689697266,0.48772915483350937,1,0.006771909072995186,0.02934527024626732,-0.0067720734514296055,0.020315978676080704,0.020315978676080704,0.014315978676080704,close,0,0,3,2022-07-01
2022-07-04,2491,12.60039234161377,0.48772915483350937,1,0.01968497782945633,0.04330703988671303,-0.015748076140880585,0.003936962690204382,0.03,0.024,take_profit,1,0,3,2022-07-01
2022-07-04,2108,37.486717224121094,0.48772915483350937,1,0.019116098061203957,0.03942669928073883,0.01792128197848797,0.03703724965453148,0.03,0.024,take_profit,1,0,3,2022-07-01
2022-07-04,3708,100.74609375,0.48772915483350937,1,0.034482814371585846,0.09482764452695847,0.034482814371585846,0.07758626341819763,0.03,0.024,gap_take_profit,1,0,3,2022-07-01
2022-07-04,4540,39.657081604003906,0.48772915483350937,1,0.022248247638344765,0.030444933101534843,0.0011709296377375722,0.018735332414507866,0.03,0.024,take_profit,1,0,3,2022-07-01
2022-07-04,5225,16.945940017700195,0.48772915483350937,0,0.01678663119673729,0.021582720801234245,-0.011990366503596306,-0.0023980948608368635,-0.0023980948608368635,-0.008398094860836864,close,0,0,3,2022-07-01
2022-07-04,8183,46.19729232788086,0.4832010449189253,1,0.03351966291666031,0.03910624235868454,-0.005586457904428244,0.03910624235868454,0.03,0.024,gap_take_profit,1,0,3,2022-07-01
2022-07-04,8210,56.56319046020508,0.4832010449189253,1,0.009999949485063553,0.03333330899477005,-0.009999999776482582,0.02833331935107708,0.03,0.024,take_profit,1,0,3,2022-07-01
2022-07-04,8213,32.23952102661133,0.4832010449189253,0,0.0136239780113101,0.017711108550429344,-0.023160824552178383,0.0,-0.02,-0.026000000000000002,stop_loss,0,1,3,2022-07-01
2022-07-04,8215,24.459239959716797,0.4832010449189253,1,0.019130414351820946,0.02608696185052395,-0.005217371974140406,0.020869584754109383,0.020869584754109383,0.014869584754109383,close,0,0,3,2022-07-01
2022-07-04,8227,53.2791633605957,0.4832010449189253,1,0.010948894545435905,0.04014594480395317,-5.147762749402318e-08,0.03284664824604988,0.03,0.024,take_profit,1,0,3,2022-07-01
2022-07-04,8240,21.938610076904297,0.4832010449189253,1,0.0019840425811707973,0.01190467644482851,-0.009920688346028328,0.009920580312609673,0.009920580312609673,0.003920580312609672,close,0,0,3,2022-07-01
2022-07-04,1526,36.3656005859375,0.4832010449189253,1,0.015222297050058842,0.02341907098889351,-0.004683987703174353,0.0023417542688548565,0.0023417542688548565,-0.0036582457311451436,close,0,0,3,2022-07-01
2022-07-04,1527,36.67731857299805,0.4832010449189253,1,0.01620384119451046,0.01620384119451046,-0.009259176440536976,0.008101936429738998,0.008101936429738998,0.0021019364297389983,close,0,0,3,2022-07-01
2022-07-04,1532,25.312772750854492,0.4832010449189253,1,0.022435754537582397,0.03365371376276016,-0.00160270428750664,0.019230613484978676,0.03,0.024,take_profit,1,0,3,2022-07-01
2022-07-04,1536,55.77922439575195,0.4832010449189253,0,0.018612559884786606,0.02368868887424469,-0.015228387899696827,0.0,0.0,-0.006,close,0,0,3,2022-07-01
2022-07-04,5484,12.5,0.4832010449189253,1,0.03999999910593033,0.0480000302195549,-0.008000030182301998,0.02400001510977745,0.03,0.024,gap_take_profit,1,0,3,2022-07-01
2022-07-04,1611,16.069211959838867,0.4832010449189253,1,0.021738996729254723,0.032608602195978165,-0.02173921838402748,0.016304297372698784,-0.02,-0.026000000000000002,ambiguous_stop_loss,1,1,3,2022-07-01
2022-07-04,1312,18.7468318939209,0.4832010449189253,1,0.01605495810508728,0.02522924914956093,0.00458711851388216,0.01605495810508728,0.01605495810508728,0.01005495810508728,close,0,0,3,2022-07-01
2022-07-04,9907,12.232253074645996,0.4832010449189253,1,0.010563408955931664,0.02112676203250885,-0.0035211523063480854,0.010563408955931664,0.010563408955931664,0.004563408955931663,close,0,0,3,2022-07-01
2022-07-05,8234,28.95330047607422,0.4927338248032886,0,0.018489906564354897,0.06163324788212776,-0.06933746486902237,-0.024653377011418343,-0.02,-0.026000000000000002,ambiguous_stop_loss,1,1,3,2022-07-01
2022-07-05,6446,522.2529907226562,0.48867830015466623,0,-0.03396230936050415,-0.0037736035883426666,-0.07547175139188766,-0.07452832162380219,-0.03396230936050415,-0.03996230936050415,gap_stop,0,1,3,2022-07-01
2022-07-05,6472,143.16062927246094,0.48867830015466623,0,0.013698479160666466,0.037181880325078964,-0.03718210384249687,-0.03718210384249687,-0.02,-0.026000000000000002,ambiguous_stop_loss,1,1,3,2022-07-01
2022-07-05,8050,54.35106658935547,0.48867830015466623,0,-0.018017888069152832,-0.013513452373445034,-0.0915914922952652,-0.07507500052452087,-0.02,-0.026000000000000002,stop_loss,0,1,3,2022-07-01
2022-07-05,4979,25.053007125854492,0.48867830015466623,0,-0.029013607650995255,0.005802636034786701,-0.09671184420585632,-0.09090916067361832,-0.029013607650995255,-0.03501360765099525,gap_stop,0,1,3,2022-07-01
2022-07-05,1218,31.417123794555664,0.4841360010186432,1,-0.021929852664470673,0.010233843699097633,-0.03801169991493225,0.010233843699097633,-0.021929852664470673,-0.02792985266447067,gap_stop,0,1,3,2022-07-01
2022-07-05,8068,28.98531723022461,0.4841360010186432,0,0.023569004610180855,0.023569004610180855,-0.06902354955673218,-0.06902354955673218,-0.02,-0.026000000000000002,stop_loss,0,1,3,2022-07-01
2022-07-05,2388,56.8676872253418,0.4841360010186432,0,-0.01573426090180874,0.008741291239857674,-0.09090907126665115,-0.03846152126789093,-0.02,-0.026000000000000002,stop_loss,0,1,3,2022-07-01
2022-07-05,2498,60.70000076293945,0.4841360010186432,0,0.03789125382900238,0.03789125382900238,-0.09555187821388245,-0.0626029521226883,0.03,0.024,gap_take_profit,1,1,3,2022-07-01
2022-07-05,6443,33.82793045043945,0.4841360010186432,0,9.597887640211411e-08,0.005730740260332823,-0.03868180885910988,-0.03438388183712959,-0.02,-0.026000000000000002,stop_loss,0,1,3,2022-07-01
2022-07-05,6118,33.0122184753418,0.4841360010186432,1,0.08270672708749771,0.09924805909395218,-0.05714287981390953,0.0075187585316598415,0.03,0.024,gap_take_profit,1,1,3,2022-07-01
2022-07-05,5490,25.167598724365234,0.4841360010186432,0,-0.009803932160139084,0.062745101749897,-0.019607853144407272,-0.019607853144407272,0.03,0.024,take_profit,1,0,3,2022-07-01
2022-07-05,4743,144.97943115234375,0.4841360010186432,0,0.031609222292900085,0.05172418802976608,-0.04022987559437752,-0.04022987559437752,0.03,0.024,gap_take_profit,1,1,3,2022-07-01
2022-07-05,4543,21.03862953186035,0.4841360010186432,1,0.006276160012930632,0.07740593701601028,-0.04602506756782532,0.0188284981995821,-0.02,-0.026000000000000002,ambiguous_stop_loss,1,1,3,2022-07-01
2022-07-05,1319,41.42182922363281,0.4806834054818392,0,-0.0074308207258582115,0.012739050202071667,-0.02547750063240528,-0.018046533688902855,-0.02,-0.026000000000000002,stop_loss,0,1,3,2022-07-01
2022-07-05,2303,32.27613830566406,0.4806834054818392,0,-0.010282870382070541,-5.545454229149982e-08,-0.04498719796538353,-0.04498719796538353,-0.02,-0.026000000000000002,stop_loss,0,1,3,2022-07-01
2022-07-05,2204,46.742881774902344,0.4806834054818392,0,0.0016419242601841688,0.0016419242601841688,-0.026272699236869812,-0.026272699236869812,-0.02,-0.026000000000000002,stop_loss,0,1,3,2022-07-01
2022-07-05,8937,13.199999809265137,0.4806834054818392,0,0.0075757866725325584,0.0075757866725325584,-0.02272728830575943,-0.018939394503831863,-0.02,-0.026000000000000002,stop_loss,0,1,3,2022-07-01
2022-07-05,2882,41.316200256347656,0.4806834054818392,0,-5.156048032972649e-08,-5.156048032972649e-08,-0.04171130061149597,-0.03850271552801132,-0.02,-0.026000000000000002,stop_loss,0,1,3,2022-07-01
2022-07-05,5289,132.1096954345703,0.4806834054818392,1,-0.0030209915712475777,0.01812705770134926,-0.0030209915712475777,0.0060424297116696835,0.0060424297116696835,4.242971166968333e-05,close,0,0,3,2022-07-01
2022-07-06,3040,25.523942947387695,0.48772915483350937,0,2.3853356623249056e-08,0.008802841417491436,-0.012323933653533459,-0.001760512706823647,-0.001760512706823647,-0.007760512706823647,close,0,0,3,2022-07-01
2022-07-06,8489,25.01935577392578,0.4832010449189253,1,0.01984121836721897,0.031745947897434235,0.001984046306461096,0.015872949734330177,0.03,0.024,take_profit,1,0,3,2022-07-01
2022-07-06,8908,55.762062072753906,0.4832010449189253,0,-0.004975054878741503,0.007462743669748306,-0.008706368505954742,-0.008706368505954742,-0.008706368505954742,-0.014706368505954743,close,0,0,3,2022-07-01
2022-07-06,8926,28.93589210510254,0.4832010449189253,0,0.0013296428369358182,0.003989289049059153,-0.007978779263794422,-0.007978779263794422,-0.007978779263794422,-0.013978779263794422,close,0,0,3,2022-07-01
2022-07-06,8374,28.959680557250977,0.4832010449189253,1,-0.004909955896437168,0.04418988153338432,-0.004909955896437168,0.04255324602127075,0.03,0.024,take_profit,1,0,3,2022-07-01
2022-07-06,8383,28.959009170532227,0.4832010449189253,1,0.023416105657815933,0.023416105657815933,0.0013774522813037038,0.015151558443903923,0.015151558443903923,0.009151558443903923,close,0,0,3,2022-07-01
2022-07-06,8390,27.26778793334961,0.4832010449189253,1,-0.003643018426373601,0.027322372421622276,-0.00910749938338995,0.02550087869167328,0.02550087869167328,0.01950087869167328,close,0,0,3,2022-07-01
2022-07-06,8404,28.891664505004883,0.4832010449189253,0,-0.01515150535851717,0.003030266147106886,-0.01515150535851717,-0.0030303243547677994,-0.0030303243547677994,-0.0090303243547678,close,0,0,3,2022-07-01
2022-07-06,8415,28.891204833984375,0.4832010449189253,0,0.0,0.00571430753916502,-0.0014285496436059475,0.0,0.0,-0.006,close,0,0,3,2022-07-01
2022-07-06,8422,144.1158447265625,0.4832010449189253,1,0.008902165107429028,0.01483688410371542,0.0029674465768039227,0.011869524605572224,0.011869524605572224,0.0058695246055722235,close,0,0,3,2022-07-01
2022-07-06,8436,126.26872253417969,0.4832010449189253,1,0.013793113641440868,0.03103449195623398,9.732384675942285e-09,0.02758621610701084,0.03,0.024,take_profit,1,0,3,2022-07-01
2022-07-06,8249,19.579978942871094,0.4832010449189253,1,0.002331129275262356,0.006993196904659271,-0.020978890359401703,0.006993196904659271,-0.02,-0.026000000000000002,stop_loss,0,1,3,2022-07-01
2022-07-06,8255,118.35792541503906,0.4832010449189253,1,0.031999893486499786,0.07599987089633942,-6.901817783955266e-08,0.0679999440908432,0.03,0.024,gap_take_profit,1,0,3,2022-07-01
2022-07-06,8261,85.4977798461914,0.4832010449189253,1,0.015592390671372414,0.05509345978498459,-0.015592637471854687,0.039500944316387177,0.03,0.024,take_profit,1,0,3,2022-07-01
2022-07-06,9938,56.951751708984375,0.4832010449189253,1,0.01088645588606596,0.01088645588606596,-0.004665642976760864,0.003110406454652548,0.003110406454652548,-0.0028895935453474523,close,0,0,3,2022-07-01
2022-07-06,1477,116.6139144897461,0.4832010449189253,1,6.136119168331788e-08,0.03873252496123314,-0.007042194716632366,0.03521134331822395,0.03,0.024,take_profit,1,0,3,2022-07-01
2022-07-06,1326,66.91080474853516,0.4832010449189253,0,0.0042136432603001595,0.005618116352707148,-0.019662722945213318,-0.007022356614470482,-0.007022356614470482,-0.013022356614470482,close,0,0,3,2022-07-01
2022-07-06,8938,63.388492584228516,0.4832010449189253,1,0.012064345180988312,0.02949065901339054,-0.006702431011945009,0.02546917088329792,0.02546917088329792,0.019469170883297922,close,0,0,3,2022-07-01
2022-07-06,9908,28.951995849609375,0.4832010449189253,1,6.810375907662092e-08,0.005988000892102718,-0.0014970293268561363,0.0029940344393253326,0.0029940344393253326,-0.0030059655606746675,close,0,0,3,2022-07-01
2022-07-06,9910,137.86167907714844,0.4832010449189253,1,2.5444272466756956e-08,0.03768119961023331,-0.005797048099339008,0.031884126365184784,0.03,0.024,take_profit,1,0,3,2022-07-01
2022-07-07,6472,133.3551025390625,0.50918859224451,0,-0.021008383482694626,-3.925662284132159e-08,-0.09243697673082352,-0.09243697673082352,-0.021008383482694626,-0.027008383482694624,gap_stop,0,1,3,2022-07-01
2022-07-07,8234,29.131750106811523,0.50918859224451,0,-0.007657061796635389,-0.0030629518441855907,-0.0964779257774353,-0.07963261753320694,-0.02,-0.026000000000000002,stop_loss,0,1,3,2022-07-01
2022-07-07,1402,26.303974151611328,0.5005869879042636,0,-5.301956917946882e-08,0.003179548541083932,-0.007949178107082844,-0.003179715247824788,-0.003179715247824788,-0.009179715247824788,close,0,0,3,2022-07-01
2022-07-07,9938,57.1288948059082,0.5005869879042636,1,0.0077518378384411335,0.01550377532839775,0.0031006282661110163,0.0031006282661110163,0.0031006282661110163,-0.002899371733888984,close,0,0,3,2022-07-01
2022-07-07,9935,14.232773780822754,0.5005869879042636,1,-1.615092770634874e-08,0.011695879511535168,-0.00292399013414979,0.011695879511535168,0.011695879511535168,0.005695879511535168,close,0,0,3,2022-07-01
2022-07-07,9958,100.34061431884766,0.5005869879042636,0,0.004716981668025255,0.00943396333605051,-0.018867922946810722,-0.009433961473405361,-0.009433961473405361,-0.015433961473405361,close,0,0,3,2022-07-01
2022-07-07,1215,61.741886138916016,0.5005869879042636,0,1.0422021468059484e-08,0.003896124195307493,-0.006493476219475269,-0.0025973625015467405,-0.0025973625015467405,-0.00859736250154674,close,0,0,3,2022-07-01
2022-07-07,8438,29.484397888183594,0.5005869879042636,1,-9.166034686813873e-08,0.02450217865407467,-0.0030629485845565796,0.01378235500305891,0.01378235500305891,0.00778235500305891,close,0,0,3,2022-07-01
2022-07-07,9918,38.912715911865234,0.5005869879042636,0,0.021252721548080444,0.021252721548080444,-0.005592930130660534,-0.005592930130660534,-0.005592930130660534,-0.011592930130660534,close,0,0,3,2022-07-01
2022-07-07,9921,195.83938598632812,0.5005869879042636,1,0.011235988698899746,0.029213489964604378,0.008988757617771626,0.02471909672021866,0.02471909672021866,0.01871909672021866,close,0,0,3,2022-07-01
2022-07-07,9914,216.4530029296875,0.5005869879042636,1,0.012194981798529625,0.024390103295445442,-0.004065178334712982,0.00812994223088026,0.00812994223088026,0.0021299422308802603,close,0,0,3,2022-07-01
2022-07-07,8489,25.416486740112305,0.5005869879042636,1,0.0019531204598024487,0.03906252607703209,0.0019531204598024487,0.015625011175870895,0.03,0.024,take_profit,1,0,3,2022-07-01
2022-07-07,8908,55.27657699584961,0.5005869879042636,0,0.0037640512455254793,0.01631108857691288,-0.005018901079893112,-0.005018901079893112,-0.005018901079893112,-0.011018901079893112,close,0,0,3,2022-07-01
2022-07-07,9917,89.82440948486328,0.5005869879042636,0,5.439300121423685e-09,5.439300121423685e-09,-0.009803916327655315,-0.004901955369859934,-0.004901955369859934,-0.010901955369859934,close,0,0,3,2022-07-01
2022-07-07,1419,36.76166534423828,0.5005869879042636,1,0.0024332136381417513,0.01094899233430624,0.0024332136381417513,0.003649740247055888,0.003649740247055888,-0.002350259752944112,close,0,0,3,2022-07-01
2022-07-07,1434,22.177749633789062,0.5005869879042636,0,-8.373779536441361e-08,0.003824022365733981,-0.00191210035700351,-0.00191210035700351,-0.00191210035700351,-0.00791210035700351,close,0,0,3,2022-07-01
2022-07-07,8210,60.61688995361328,0.5005869879042636,1,0.024883322417736053,0.024883322417736053,0.003110361285507679,0.007776038255542517,0.007776038255542517,0.0017760382555425166,close,0,0,3,2022-07-01
2022-07-07,8147,45.7198486328125,0.5005869879042636,1,0.009940359741449356,0.03578527644276619,0.0019881187472492456,0.007952318526804447,0.03,0.024,take_profit,1,0,3,2022-07-01
2022-07-07,1598,35.798152923583984,0.5005869879042636,0,-0.0025030935648828745,0.018773511052131653,-0.011264024302363396,0.0,0.0,-0.006,close,0,0,3,2022-07-01
2022-07-07,1326,66.44093322753906,0.5005869879042636,0,0.0014144484885036945,0.008486583828926086,-0.009901011362671852,-0.008486606180667877,-0.008486606180667877,-0.014486606180667877,close,0,0,3,2022-07-01
2022-07-08,3504,86.30000305175781,0.49254953892517506,1,0.07184237241744995,0.07415983080863953,-0.02085750922560692,0.01853995770215988,0.03,0.024,gap_take_profit,1,1,3,2022-07-01
2022-07-08,1319,43.444557189941406,0.48873574412272436,0,0.01821856014430523,0.020242897793650627,-0.015182201750576496,-0.015182201750576496,-0.015182201750576496,-0.021182201750576495,close,0,0,3,2022-07-01
2022-07-08,6742,108.48096466064453,0.48873574412272436,0,0.0119522949680686,0.07569734752178192,-0.07968117296695709,-0.06772898137569427,-0.02,-0.026000000000000002,ambiguous_stop_loss,1,1,3,2022-07-01
2022-07-08,6118,37.2318229675293,0.48873574412272436,0,-0.018666664138436317,2.256880016204832e-08,-0.06133329123258591,-0.06133329123258591,-0.02,-0.026000000000000002,stop_loss,0,1,3,2022-07-01
2022-07-08,4979,26.16754913330078,0.48873574412272436,0,-0.029629595577716827,0.01666666567325592,-0.03333333134651184,0.0,-0.029629595577716827,-0.035629595577716826,gap_stop,0,1,3,2022-07-01
2022-07-08,8222,20.353811264038086,0.48852278564341,1,3.125542491488886e-08,0.057692378759384155,-0.026442240923643112,0.024038493633270264,-0.02,-0.026000000000000002,ambiguous_stop_loss,1,1,3,2022-07-01
2022-07-08,6715,141.67478942871094,0.48852278564341,0,0.01592366024851799,0.025477800518274307,-0.019108189269900322,-0.006369335576891899,-0.006369335576891899,-0.0123693355768919,close,0,0,3,2022-07-01
2022-07-08,1522,26.816349029541016,0.48852278564341,0,0.03936999663710594,0.07559051364660263,-0.02834651991724968,-0.023622123524546623,0.03,0.024,gap_take_profit,1,1,3,2022-07-01
2022-07-08,1524,18.10138702392578,0.48395186293389036,1,0.021634669974446297,0.048076942563056946,-0.031249966472387314,0.0024039181880652905,-0.02,-0.026000000000000002,ambiguous_stop_loss,1,1,3,2022-07-01
2022-07-08,8176,9.4399995803833,0.48395186293389036,1,-0.04661012813448906,0.00847466941922903,-0.04661012813448906,0.00847466941922903,-0.04661012813448906,-0.05261012813448906,gap_stop,0,1,3,2022-07-01
2022-07-08,6546,101.19160461425781,0.48395186293389036,0,0.02586197666823864,0.03448266535997391,-0.034482844173908234,-0.021551812067627907,-0.02,-0.026000000000000002,ambiguous_stop_loss,1,1,3,2022-07-01
2022-07-08,2493,36.92139434814453,0.48395186293389036,0,0.014672708697617054,0.027088040485978127,-0.04063205048441887,-0.018058685585856438,-0.02,-0.026000000000000002,stop_loss,0,1,3,2022-07-01
2022-07-08,3017,88.49871063232422,0.48395186293389036,1,0.011446393094956875,0.03746093809604645,-0.011446388438344002,0.023933371528983116,0.03,0.024,take_profit,1,0,3,2022-07-01
2022-07-08,3066,24.25,0.48395186293389036,0,0.037113387137651443,0.07216494530439377,-0.06804122030735016,-0.05979384481906891,0.03,0.024,gap_take_profit,1,1,3,2022-07-01
2022-07-08,3046,24.430198669433594,0.48395186293389036,1,0.09854018688201904,0.09854018688201904,0.06204384192824364,0.09854018688201904,0.03,0.024,gap_take_profit,1,0,3,2022-07-01
2022-07-08,6226,12.238572120666504,0.48395186293389036,1,0.004048536531627178,0.05263156443834305,-0.004048583097755909,0.020242929458618164,0.03,0.024,take_profit,1,0,3,2022-07-01
2022-07-08,3555,36.599998474121094,0.48395186293389036,1,-0.09836062043905258,-0.07377041131258011,-0.12978138029575348,0.01912570558488369,-0.09836062043905258,-0.10436062043905259,gap_stop,0,1,3,2022-07-01
2022-07-08,3390,19.730932235717773,0.48395186293389036,0,-0.002237358596175909,0.004474117886275053,-0.04026860371232033,-0.03579439967870712,-0.02,-0.026000000000000002,stop_loss,0,1,3,2022-07-01
2022-07-08,3322,15.986714363098145,0.48395186293389036,0,0.041055839508771896,0.04398834705352783,-0.0410555824637413,-0.03812307491898537,0.03,0.024,gap_take_profit,1,1,3,2022-07-01
2022-07-08,3491,146.90911865234375,0.48395186293389036,1,0.016393402591347694,0.029508156701922417,-0.019672168418765068,0.016393402591347694,0.016393402591347694,0.010393402591347694,close,0,0,3,2022-07-01
2022-07-11,1101,33.5040168762207,0.4566585177955159,0,-0.0036495209205895662,0.003649803576990962,-0.009732138365507126,-0.002432915847748518,-0.002432915847748518,-0.008432915847748518,close,0,0,3,2022-07-01
2022-07-11,1102,34.7374267578125,0.4566585177955159,0,-0.0056753456592559814,-0.0011350330896675587,-0.010215658694505692,-0.00794545840471983,-0.00794545840471983,-0.01394545840471983,close,0,0,3,2022-07-01
2022-07-11,1103,15.48024845123291,0.4566585177955159,0,-0.0028168584685772657,0.011267652735114098,-0.008450685068964958,0.0,0.0,-0.006,close,0,0,3,2022-07-01
2022-07-11,1104,17.272846221923828,0.4566585177955159,0,0.0022371020168066025,0.0022371020168066025,-0.01342286542057991,-0.006711502093821764,-0.006711502093821764,-0.012711502093821764,close,0,0,3,2022-07-01
2022-07-11,1110,17.992658615112305,0.4566585177955159,0,-0.01066672895103693,0.015999937430024147,-0.03466666862368584,-0.013333354145288467,-0.02,-0.026000000000000002,stop_loss,0,1,3,2022-07-01
2022-07-11,1201,18.914247512817383,0.4566585177955159,0,-7.671578572399085e-08,-7.671578572399085e-08,-0.017031632363796234,-0.01459857914596796,-0.01459857914596796,-0.02059857914596796,close,0,0,3,2022-07-01
2022-07-11,1210,40.29138946533203,0.4566585177955159,0,-0.007368388585746288,-0.0031578780617564917,-0.01368423830717802,-0.008421015925705433,-0.008421015925705433,-0.014421015925705433,close,0,0,3,2022-07-01
2022-07-11,1215,61.26078796386719,0.4566585177955159,0,-9.026346958762588e-08,-9.026346958762588e-08,-0.020942477509379387,-0.01570693589746952,-0.02,-0.026000000000000002,stop_loss,0,1,3,2022-07-01
2022-07-11,1216,59.30252456665039,0.4566585177955159,1,-0.00865806732326746,0.004328967537730932,-0.00865806732326746,0.002885988214984536,0.002885988214984536,-0.003114011785015464,close,0,0,3,2022-07-01
2022-07-11,1217,9.683210372924805,0.4566585177955159,0,-3.765032730029816e-08,-3.765032730029816e-08,-0.028436074033379555,-0.028436074033379555,-0.02,-0.026000000000000002,stop_loss,0,1,3,2022-07-01
2022-07-11,1218,32.7491340637207,0.4566585177955159,0,7.369840204773936e-08,0.001402576919645071,-0.030855530872941017,-0.011220165528357029,-0.02,-0.026000000000000002,stop_loss,0,1,3,2022-07-01
2022-07-11,1219,17.504751205444336,0.4566585177955159,0,-0.004950520116835833,-0.004950520116835833,-0.05940587818622589,-0.051980212330818176,-0.02,-0.026000000000000002,stop_loss,0,1,3,2022-07-01
2022-07-11,1225,44.640960693359375,0.4566585177955159,0,-0.05389220640063286,-0.05389220640063286,-0.05389220640063286,-0.05389220640063286,-0.05389220640063286,-0.05989220640063286,gap_stop,0,1,3,2022-07-01
2022-07-11,1227,38.90101623535156,0.4566585177955159,0,-0.005524902138859034,-0.005524902138859034,-0.03204425424337387,-0.02541443705558777,-0.02,-0.026000000000000002,stop_loss,0,1,3,2022-07-01
2022-07-11,1229,41.047828674316406,0.4566585177955159,0,0.016393378376960754,0.016393378376960754,-0.014572078362107277,-0.014572078362107277,-0.014572078362107277,-0.020572078362107275,close,0,0,3,2022-07-01
2022-07-11,1231,54.63620376586914,0.4566585177955159,0,-6.394846963075906e-08,-6.394846963075906e-08,-0.055045921355485916,-0.05373532325029373,-0.02,-0.026000000000000002,stop_loss,0,1,3,2022-07-01
2022-07-11,1301,78.56227111816406,0.4566585177955159,1,0.0011779562337324023,0.009422915056347847,-0.0023556489031761885,0.005889399908483028,0.005889399908483028,-0.00011060009151697171,close,0,0,3,2022-07-01
2022-07-11,1303,58.8037109375,0.4566585177955159,0,-0.01100627239793539,-0.01100627239793539,-0.05503147840499878,-0.04716984182596207,-0.02,-0.026000000000000002,stop_loss,0,1,3,2022-07-01
2022-07-11,1304,20.32459259033203,0.4566585177955159,0,-0.010438378900289536,-0.008350728079676628,-0.07306885719299316,-0.06471817940473557,-0.02,-0.026000000000000002,stop_loss,0,1,3,2022-07-01
2022-07-11,1305,23.692325592041016,0.4566585177955159,0,-0.007339403964579105,-0.007339403964579105,-0.051376063376665115,-0.051376063376665115,-0.02,-0.026000000000000002,stop_loss,0,1,3,2022-07-01
2022-07-12,8438,28.671655654907227,0.48581456988968036,1,0.0015747718280181289,0.017322802916169167,-0.007874023169279099,0.004724389873445034,0.004724389873445034,-0.001275610126554966,close,0,0,3,2022-07-01
2022-07-12,8454,517.3706665039062,0.48581456988968036,0,0.027298878878355026,0.04885061830282211,-0.0215517058968544,-0.020114902406930923,-0.02,-0.026000000000000002,ambiguous_stop_loss,1,1,3,2022-07-01
2022-07-12,8464,250.59751892089844,0.48581456988968036,0,0.005415167193859816,0.014440437778830528,-0.009025266394019127,-0.0054151578806340694,-0.0054151578806340694,-0.01141515788063407,close,0,0,3,2022-07-01
2022-07-12,8473,27.6455135345459,0.48581456988968036,1,0.0016638070810586214,0.006655481643974781,0.0016638070810586214,0.003327742451801896,0.003327742451801896,-0.002672257548198104,close,0,0,3,2022-07-01
2022-07-12,8476,45.79704284667969,0.48581456988968036,0,-0.49537044763565063,-0.49537044763565063,-0.49907413125038147,-0.49907413125038147,-0.49537044763565063,-0.5013704476356506,gap_stop,0,1,3,2022-07-01
2022-07-12,8489,25.81361961364746,0.48581456988968036,1,0.00769237382337451,0.019230807200074196,-0.013461517170071602,0.011538469232618809,0.011538469232618809,0.005538469232618809,close,0,0,3,2022-07-01
2022-07-12,8390,27.565793991088867,0.48581456988968036,1,0.014414515346288681,0.027027130126953125,0.005405505653470755,0.0072073074989020824,0.0072073074989020824,0.0012073074989020823,close,0,0,3,2022-07-01
2022-07-12,8404,27.84105682373047,0.48581456988968036,1,0.03459124267101288,0.03459124267101288,-0.01100621186196804,0.02830195054411888,0.03,0.024,gap_take_profit,1,0,3,2022-07-01
2022-07-12,8415,28.717422485351562,0.48581456988968036,0,0.01512863114476204,0.01512863114476204,-0.003025634912773967,-0.0015127987135201693,-0.0015127987135201693,-0.007512798713520169,close,0,0,3,2022-07-01
2022-07-12,8422,144.1158447265625,0.48581456988968036,0,0.017804158851504326,0.017804158851504326,-0.0029673546086996794,-0.0029673546086996794,-0.0029673546086996794,-0.00896735460869968,close,0,0,3,2022-07-01
2022-07-12,8431,51.74851608276367,0.48581456988968036,1,0.0019084123196080327,0.011450396850705147,0.0019084123196080327,0.009542029350996017,0.009542029350996017,0.0035420293509960173,close,0,0,3,2022-07-01
2022-07-12,8261,84.1646499633789,0.48581456988968036,1,0.05068642646074295,0.06652592122554779,0.03907081112265587,0.043294694274663925,0.03,0.024,gap_take_profit,1,0,3,2022-07-01
2022-07-12,8271,31.785377502441406,0.48581456988968036,1,0.01843973435461521,0.024113407358527184,0.017021209001541138,0.01985815353691578,0.01985815353691578,0.013858153536915779,close,0,0,3,2022-07-01
2022-07-12,8289,25.665205001831055,0.48581456988968036,0,0.009569304995238781,0.022328462451696396,-0.004784724675118923,-0.0015949810622259974,-0.0015949810622259974,-0.007594981062225998,close,0,0,3,2022-07-01
2022-07-12,8299,237.6328125,0.48581456988968036,1,0.04494401067495346,0.04494401067495346,0.007490818854421377,0.026217414066195488,0.03,0.024,gap_take_profit,1,0,3,2022-07-01
2022-07-12,8341,159.9669189453125,0.48581456988968036,0,0.005291135050356388,0.005291135050356388,-0.021163949742913246,-0.015872899442911148,-0.02,-0.026000000000000002,stop_loss,0,1,3,2022-07-01
2022-07-12,8358,35.18788146972656,0.48581456988968036,1,0.030989285558462143,0.07032186537981033,0.025029810145497322,0.054827187210321426,0.03,0.024,gap_take_profit,1,0,3,2022-07-01
2022-07-12,8183,51.445030212402344,0.48581456988968036,1,0.04013378545641899,0.04347828030586243,0.008361185900866985,0.008361185900866985,0.03,0.024,gap_take_profit,1,0,3,2022-07-01
2022-07-12,8210,59.95697784423828,0.48581456988968036,1,0.026729663833975792,0.026729663833975792,0.014150998555123806,0.023584937676787376,0.023584937676787376,0.017584937676787378,close,0,0,3,2022-07-01
2022-07-12,8213,29.867677688598633,0.48581456988968036,1,0.017646953463554382,0.032352834939956665,0.014705822803080082,0.023529328405857086,0.03,0.024,take_profit,1,0,3,2022-07-01
2022-07-13,6715,139.4188232421875,0.4841095984231591,1,-0.01778663881123066,0.02477594092488289,-0.01778663881123066,0.018227851018309593,0.018227851018309593,0.012227851018309593,close,0,0,3,2022-07-01
2022-07-13,3093,31.868467330932617,0.4837870594048854,1,-0.026229413226246834,0.03278698772192001,-0.026229413226246834,0.026229608803987503,-0.026229413226246834,-0.03222941322624683,gap_stop,1,1,3,2022-07-01
2022-07-13,3504,92.69999694824219,0.4837870594048854,1,0.004315011203289032,0.05501624941825867,-0.038834936916828156,0.016181230545043945,-0.02,-0.026000000000000002,ambiguous_stop_loss,1,1,3,2022-07-01
2022-07-13,6118,39.0685920715332,0.4837870594048854,0,0.030495626851916313,0.034307610243558884,-0.03303677961230278,-0.021600928157567978,0.03,0.024,gap_take_profit,1,1,3,2022-07-01
2022-07-13,4979,28.590469360351562,0.4837870594048854,0,-0.054237257689237595,-0.03389829769730568,-0.09999996423721313,-0.045762673020362854,-0.054237257689237595,-0.06023725768923759,gap_stop,0,1,3,2022-07-01
2022-07-13,5258,53.02446746826172,0.4837870594048854,1,-0.011272083967924118,0.03703710064291954,-0.046698808670043945,0.030595870688557625,-0.02,-0.026000000000000002,ambiguous_stop_loss,1,1,3,2022-07-01
2022-07-13,8222,21.528072357177734,0.4837870594048854,1,0.045454513281583786,0.10000000149011612,0.045454513281583786,0.10000000149011612,0.03,0.024,gap_take_profit,1,0,3,2022-07-01
2022-07-13,1227,37.99833679199219,0.4755211921358661,0,0.0,0.00452490383759141,-0.0022624952252954245,0.0,0.0,-0.006,close,0,0,3,2022-07-01
2022-07-13,8908,54.44430923461914,0.4755211921358661,0,-0.0012738972436636686,0.012738839723169804,-0.0012738972436636686,0.0,0.0,-0.006,close,0,0,3,2022-07-01
2022-07-13,1219,16.811494827270508,0.4755211921358661,1,-1.3187639069656143e-07,0.010309109464287758,-0.010309373028576374,0.0051544890739023685,0.0051544890739023685,-0.0008455109260976316,close,0,0,3,2022-07-01
2022-07-13,9904,24.32196044921875,0.4755211921358661,1,-0.0036363445688039064,0.007272788323462009,-0.010909030213952065,0.001818187185563147,0.001818187185563147,-0.004181812814436853,close,0,0,3,2022-07-01
2022-07-13,1217,9.545533180236816,0.4755211921358661,0,0.009615421295166016,0.009615421295166016,-0.004807618912309408,0.0,0.0,-0.006,close,0,0,3,2022-07-01
2022-07-13,8390,27.764469146728516,0.4755211921358661,1,-8.689626440627762e-08,0.0214668158441782,-8.689626440627762e-08,0.01967790722846985,0.01967790722846985,0.013677907228469849,close,0,0,3,2022-07-01
2022-07-13,1216,58.70351028442383,0.4755211921358661,1,0.005830921698361635,0.011661848053336143,-0.0014577083056792617,0.007288625463843346,0.007288625463843346,0.0012886254638433455,close,0,0,3,2022-07-01
2022-07-13,9914,203.69459533691406,0.4755211921358661,0,3.524218428196946e-08,0.004319689702242613,-0.03023754619061947,-0.012958928942680359,-0.02,-0.026000000000000002,stop_loss,0,1,3,2022-07-01
2022-07-13,9921,199.8001708984375,0.4755211921358661,1,-1.8308719873516566e-08,0.017621168866753578,-0.004405247047543526,0.013215871527791023,0.013215871527791023,0.007215871527791023,close,0,0,3,2022-07-01
2022-07-13,9933,34.50444793701172,0.4755211921358661,1,-5.5635460682879057e-08,0.020457208156585693,-0.003610184881836176,0.0156437698751688,0.0156437698751688,0.0096437698751688,close,0,0,3,2022-07-01
2022-07-13,9802,151.2848663330078,0.4755211921358661,1,-0.005847875494509935,0.011695985682308674,-0.014619805850088596,0.008772008121013641,0.008772008121013641,0.0027720081210136412,close,0,0,3,2022-07-01
2022-07-13,9939,63.45463562011719,0.4755211921358661,0,-8.38644069744987e-08,-8.38644069744987e-08,-0.009804068133234978,-0.0028012681286782026,-0.0028012681286782026,-0.008801268128678203,close,0,0,3,2022-07-01
2022-07-13,9958,91.25315856933594,0.4755211921358661,0,-0.002074635121971369,0.006224152632057667,-0.046680402010679245,-0.0010372273391112685,-0.02,-0.026000000000000002,stop_loss,0,1,3,2022-07-01
2022-07-14,6715,141.9601287841797,0.4810334160272534,0,0.012861769646406174,0.02250807359814644,-0.02893887460231781,-0.025723440572619438,-0.02,-0.026000000000000002,stop_loss,0,1,3,2022-07-01
2022-07-14,2419,23.529096603393555,0.4810334160272534,1,0.010100986808538437,0.0383838452398777,-0.018181871622800827,0.010100986808538437,0.03,0.024,take_profit,1,0,3,2022-07-01
2022-07-14,3093,32.70436477661133,0.4810334160272534,0,0.0031948594842106104,0.035143740475177765,-0.044728461652994156,-0.02875402197241783,-0.02,-0.026000000000000002,ambiguous_stop_loss,1,1,3,2022-07-01
2022-07-14,3504,94.19999694824219,0.4810334160272534,1,-0.010615712031722069,0.04564759135246277,-0.01592356711626053,0.021231424063444138,0.03,0.024,take_profit,1,0,3,2022-07-01
2022-07-14,4979,27.282093048095703,0.4810334160272534,0,-0.0515098050236702,-0.03197158873081207,-0.08348138630390167,-0.06749559938907623,-0.0515098050236702,-0.057509805023670195,gap_stop,0,1,3,2022-07-01
2022-07-14,5258,54.64679718017578,0.4810334160272534,0,-0.01249992847442627,0.021875064820051193,-0.053124990314245224,-0.035937462002038956,-0.02,-0.026000000000000002,stop_loss,0,1,3,2022-07-01
2022-07-14,8222,23.680879592895508,0.4810334160272534,0,0.020661184564232826,0.04958675801753998,-0.04752069711685181,-0.02892562374472618,-0.02,-0.026000000000000002,ambiguous_stop_loss,1,1,3,2022-07-01
2022-07-14,8936,16.26351547241211,0.4724496051186053,0,0.005681734532117844,0.005681734532117844,-0.017045622691512108,-0.008522809483110905,-0.008522809483110905,-0.014522809483110905,close,0,0,3,2022-07-01
2022-07-14,9955,19.350000381469727,0.4724496051186053,0,-0.002584038535133004,0.00775191793218255,-0.005167978350073099,0.0,0.0,-0.006,close,0,0,3,2022-07-01
2022-07-14,9958,91.15850830078125,0.4724496051186053,0,-0.0020769061520695686,-0.0020769061520695686,-0.026999039575457573,-0.019730040803551674,-0.02,-0.026000000000000002,stop_loss,0,1,3,2022-07-01
2022-07-14,9917,91.1453628540039,0.4724496051186053,0,-0.009661824442446232,1.1432986113391053e-08,-0.014492742717266083,-0.009661824442446232,-0.009661824442446232,-0.01566182444244623,close,0,0,3,2022-07-01
2022-07-14,9918,39.086822509765625,0.4724496051186053,1,0.008908625692129135,0.008908625692129135,0.0022271289490163326,0.0022271289490163326,0.0022271289490163326,-0.0037728710509836675,close,0,0,3,2022-07-01
2022-07-14,9921,202.44070434570312,0.4724496051186053,0,4.4130055165680915e-10,4.4130055165680915e-10,-0.036956507712602615,-0.030434787273406982,-0.02,-0.026000000000000002,stop_loss,0,1,3,2022-07-01
2022-07-14,9931,33.63500213623047,0.4724496051186053,1,0.01501879096031189,0.01501879096031189,0.0012515290873125196,0.0012515290873125196,0.0012515290873125196,-0.004748470912687481,close,0,0,3,2022-07-01
2022-07-14,9933,35.044227600097656,0.4724496051186053,0,-0.0023696264252066612,0.00236967159435153,-0.013033196330070496,-0.007109023630619049,-0.007109023630619049,-0.01310902363061905,close,0,0,3,2022-07-01
2022-07-14,8464,251.04989624023438,0.4724496051186053,0,-0.009009120054543018,-0.0018019138369709253,-0.01981993019580841,-0.010810921899974346,-0.010810921899974346,-0.016810921899974345,close,0,0,3,2022-07-01
2022-07-14,6215,19.376861572265625,0.4724496051186053,1,0.0070588719099760056,0.021176574751734734,0.004705966450273991,0.021176574751734734,0.021176574751734734,0.015176574751734733,close,0,0,3,2022-07-01
2022-07-14,6217,52.245399475097656,0.4724496051186053,1,-0.01358234416693449,0.027164677157998085,-0.015280119143426418,0.016977956518530846,0.016977956518530846,0.010977956518530846,close,0,0,3,2022-07-01
2022-07-14,6218,17.90699005126953,0.4724496051186053,0,9.421390245734074e-08,0.002611120231449604,-0.005221858620643616,-0.005221858620643616,-0.005221858620643616,-0.011221858620643616,close,0,0,3,2022-07-01
2022-07-14,6219,17.966718673706055,0.4724496051186053,0,0.00414937362074852,0.00414937362074852,-0.02489624172449112,-0.0207468681037426,-0.02,-0.026000000000000002,stop_loss,0,1,3,2022-07-01
2022-07-15,3504,96.19999694824219,0.4833879715276396,0,-0.011434496380388737,0.010395010933279991,-0.021829506382346153,-0.014552951790392399,-0.02,-0.026000000000000002,stop_loss,0,1,3,2022-07-01
2022-07-15,1319,45.027557373046875,0.4833879715276396,0,0.005859282799065113,0.005859282799065113,-0.06250008940696716,-0.05957036837935448,-0.02,-0.026000000000000002,stop_loss,0,1,3,2022-07-01
2022-07-15,2419,23.76676368713379,0.47939957257920973,1,0.01000006590038538,0.05600005388259888,6.540163610679883e-08,0.02600005269050598,0.03,0.024,take_profit,1,0,3,2022-07-01
2022-07-15,6118,38.32395553588867,0.47939957257920973,1,1.4353500610297942e-08,0.08808296173810959,-0.0051812538877129555,0.009067432023584843,0.03,0.024,take_profit,1,0,3,2022-07-01
2022-07-15,3093,31.76398277282715,0.47939957257920973,1,0.013157835230231285,0.04605257138609886,-0.013157952576875687,0.03947362303733826,0.03,0.024,take_profit,1,0,3,2022-07-01
2022-07-15,4979,25.440671920776367,0.47939957257920973,1,0.019047657027840614,0.0704762265086174,0.005714284256100655,0.06666667014360428,0.03,0.024,take_profit,1,0,3,2022-07-01
2022-07-15,8222,22.995895385742188,0.47939957257920973,0,0.006382962688803673,0.09361705183982849,-0.008510670624673367,0.0,0.03,0.024,take_profit,1,0,3,2022-07-01
2022-07-15,8089,19.70564842224121,0.47882011639232497,1,0.01684209145605564,0.07157903164625168,0.002105322200804949,0.002105322200804949,0.03,0.024,take_profit,1,0,3,2022-07-01
2022-07-15,2351,95.71160125732422,0.47882011639232497,1,0.00934563111513853,0.0560745969414711,-0.004673058167099953,0.028037216514348984,0.03,0.024,take_profit,1,0,3,2022-07-01
2022-07-15,1560,137.63534545898438,0.47882011639232497,1,0.010309407487511635,0.04811009764671326,0.0034365542232990265,0.020618686452507973,0.03,0.024,take_profit,1,0,3,2022-07-01
2022-07-15,6823,77.55164337158203,0.47882011639232497,1,0.0055248551070690155,0.07734812051057816,5.350351983679502e-08,0.05524863302707672,0.03,0.024,take_profit,1,0,3,2022-07-01
2022-07-15,8028,62.39636993408203,0.47882011639232497,0,0.009575888514518738,0.0396716333925724,-0.021887825801968575,0.0,-0.02,-0.026000000000000002,ambiguous_stop_loss,1,1,3,2022-07-01
2022-07-15,2375,65.6573486328125,0.47882011639232497,1,0.010434762574732304,0.043478239327669144,-0.013913063332438469,0.02608693577349186,0.03,0.024,take_profit,1,0,3,2022-07-01
2022-07-15,6133,12.661872863769531,0.47882011639232497,1,0.061068661510944366,0.09923660010099411,0.05343511700630188,0.09923660010099411,0.03,0.024,gap_take_profit,1,0,3,2022-07-01
2022-07-15,3041,42.33333206176758,0.47882011639232497,0,0.04724409431219101,0.04921257123351097,-0.023622047156095505,-0.017716536298394203,0.03,0.024,gap_take_profit,1,1,3,2022-07-01
2022-07-15,4991,42.70000076293945,0.47882011639232497,0,-0.002341973828151822,0.02107722871005535,-0.039812661707401276,-0.01405157521367073,-0.02,-0.026000000000000002,stop_loss,0,1,3,2022-07-01
2022-07-15,3362,68.88428497314453,0.47882011639232497,1,0.031609248369932175,0.04741382598876953,-0.010057439096271992,0.04741382598876953,0.03,0.024,gap_take_profit,1,0,3,2022-07-01
2022-07-15,4956,16.11515998840332,0.47882011639232497,1,0.04545462131500244,0.0787879079580307,0.027272846549749374,0.04848487675189972,0.03,0.024,gap_take_profit,1,0,3,2022-07-01
2022-07-15,3530,94.0,0.47882011639232497,0,0.01595744676887989,0.05212767422199249,-0.019148968160152435,-0.009574484080076218,0.03,0.024,take_profit,1,0,3,2022-07-01
2022-07-15,3322,16.40865135192871,0.47882011639232497,1,0.01714274287223816,0.07714280486106873,-6.960114262710704e-08,0.008571336977183819,0.03,0.024,take_profit,1,0,3,2022-07-01
2022-07-18,1101,33.17795181274414,0.4766152987043381,1,-9.121777111431584e-08,0.023341340944170952,-0.004914131015539169,0.023341340944170952,0.023341340944170952,0.017341340944170953,close,0,0,3,2022-07-01
2022-07-18,1102,34.6585693359375,0.4766152987043381,1,-0.0022753847297281027,0.01365182176232338,-0.005688301753252745,0.0034128972329199314,0.0034128972329199314,-0.0025871027670800687,close,0,0,3,2022-07-01
2022-07-18,1103,15.48024845123291,0.4766152987043381,1,0.0028168675489723682,0.014084520749747753,9.123303890135048e-09,0.014084520749747753,0.014084520749747753,0.008084520749747753,close,0,0,3,2022-07-01
2022-07-18,1104,17.272846221923828,0.4766152987043381,0,-0.00671150628477335,-0.0022372042294591665,-0.00894856732338667,-0.0022372042294591665,-0.0022372042294591665,-0.008237204229459167,close,0,0,3,2022-07-01
2022-07-18,1110,17.416893005371094,0.4766152987043381,1,-0.011019147001206875,0.008264517411589622,-0.04683190584182739,0.005509738344699144,-0.02,-0.026000000000000002,stop_loss,0,1,3,2022-07-01
2022-07-18,1201,18.868227005004883,0.4766152987043381,1,0.004878127947449684,0.007317115552723408,-0.00243892683647573,0.00243904790841043,0.00243904790841043,-0.00356095209158957,close,0,0,3,2022-07-01
2022-07-18,1210,39.824859619140625,0.4766152987043381,1,0.0010649538598954678,0.008519664406776428,-0.0021300073713064194,0.008519664406776428,0.008519664406776428,0.002519664406776428,close,0,0,3,2022-07-01
2022-07-18,1215,60.13820266723633,0.4766152987043381,1,-6.671859065221497e-09,0.00533337751403451,-0.005333279259502888,0.00533337751403451,0.00533337751403451,-0.0006666224859654905,close,0,0,3,2022-07-01
2022-07-18,1216,58.10449981689453,0.4766152987043381,0,-0.0029457202181220055,0.0073636239394545555,-0.014727682806551456,-0.00589118292555213,-0.00589118292555213,-0.01189118292555213,close,0,0,3,2022-07-01
2022-07-18,1217,9.72910213470459,0.4766152987043381,1,-0.009434046223759651,0.004716859664767981,-0.009434046223759651,0.004716859664767981,0.004716859664767981,-0.0012831403352320195,close,0,0,3,2022-07-01
2022-07-18,1218,33.2543830871582,0.4766152987043381,0,-0.005524930544197559,0.009668417274951935,-0.013812202028930187,-0.013812202028930187,-0.013812202028930187,-0.019812202028930186,close,0,0,3,2022-07-01
2022-07-18,1219,16.941478729248047,0.4766152987043381,1,-0.0025576280895620584,0.028132904320955276,-0.0025576280895620584,0.01278769038617611,0.01278769038617611,0.006787690386176109,close,0,0,3,2022-07-01
2022-07-18,1225,43.12619400024414,0.4766152987043381,1,0.008264425210654736,0.02066115476191044,0.0010330481454730034,0.02066115476191044,0.02066115476191044,0.014661154761910438,close,0,0,3,2022-07-01
2022-07-18,1227,37.310585021972656,0.4766152987043381,1,1.2937894311448872e-08,0.004608237650245428,-0.00576035538688302,0.004608237650245428,0.004608237650245428,-0.001391762349754572,close,0,0,3,2022-07-01
2022-07-18,1229,40.82352066040039,0.4766152987043381,1,0.005494561046361923,0.0238095261156559,0.0018314969493076205,0.0238095261156559,0.0238095261156559,0.0178095261156559,close,0,0,3,2022-07-01
2022-07-18,1231,52.98924255371094,0.4766152987043381,1,-0.013513550162315369,0.022972920909523964,-0.013513550162315369,0.016216186806559563,0.016216186806559563,0.010216186806559563,close,0,0,3,2022-07-01
2022-07-18,1301,81.43086242675781,0.4766152987043381,1,-0.002272632671520114,0.017045514658093452,-0.00909088458865881,0.006818224675953388,0.006818224675953388,0.0008182246759533881,close,0,0,3,2022-07-01
2022-07-18,1303,58.15650177001953,0.4766152987043381,1,-4.4662204601308986e-08,0.022257529199123383,-0.004769568331539631,0.012718543410301208,0.012718543410301208,0.006718543410301208,close,0,0,3,2022-07-01
2022-07-18,1304,21.51266860961914,0.4766152987043381,1,-0.003944858442991972,0.02958572469651699,-0.011834434233605862,0.023668581619858742,0.023668581619858742,0.017668581619858743,close,0,0,3,2022-07-01
2022-07-18,1305,24.083576202392578,0.4766152987043381,1,5.384807622021981e-08,0.019855622202157974,-0.0036100682336837053,0.018050596117973328,0.018050596117973328,0.012050596117973328,close,0,0,3,2022-07-01
2022-07-19,9958,92.19977569580078,0.5048841858485715,0,0.0020533567294478416,0.008213505148887634,-0.004106791689991951,0.0,0.0,-0.006,close,0,0,3,2022-07-01
2022-07-19,8438,28.942567825317383,0.5048841858485715,0,0.00468023493885994,0.014040585607290268,-0.01716066338121891,0.0,0.0,-0.006,close,0,0,3,2022-07-01
2022-07-19,8454,594.678955078125,0.5048841858485715,1,0.02499985694885254,0.047499921172857285,0.009999903850257397,0.013749869540333748,0.03,0.024,take_profit,1,0,3,2022-07-01
2022-07-19,8464,255.57330322265625,0.5048841858485715,0,0.003539827885106206,0.008849562145769596,-0.005309729836881161,-0.005309729836881161,-0.005309729836881161,-0.01130972983688116,close,0,0,3,2022-07-01
2022-07-19,8473,27.59951400756836,0.5048841858485715,0,2.703884938171086e-08,0.003333312924951315,-0.0049999672919511795,-0.0049999672919511795,-0.0049999672919511795,-0.01099996729195118,close,0,0,3,2022-07-01
2022-07-19,8476,23.322566986083984,0.5048841858485715,1,1.007272720336914,1.050909161567688,1.007272720336914,1.050909161567688,0.03,0.024,gap_take_profit,1,0,3,2022-07-01
2022-07-19,8489,25.317203521728516,0.5048841858485715,1,0.011764663271605968,0.015686247497797012,-1.2252558079239861e-08,0.003921571187674999,0.003921571187674999,-0.002078428812325001,close,0,0,3,2022-07-01
2022-07-19,8908,55.484642028808594,0.5048841858485715,1,-0.008749974891543388,0.003750078147277236,-0.009999986737966537,0.0012500544544309378,0.0012500544544309378,-0.004749945545569062,close,0,0,3,2022-07-01
2022-07-19,8926,29.42400360107422,0.5048841858485715,0,-6.750814662837001e-08,0.004115153104066849,-0.0027435091324150562,-0.0013718466507270932,-0.0013718466507270932,-0.007371846650727093,close,0,0,3,2022-07-01
2022-07-19,8374,29.784011840820312,0.5048841858485715,1,0.009836011566221714,0.029508154839277267,-0.004918049089610577,0.006557372864335775,0.006557372864335775,0.0005573728643357753,close,0,0,3,2022-07-01
2022-07-19,8383,30.514659881591797,0.5048841858485715,1,0.006535983644425869,0.007843153551220894,0.001307205413468182,0.0026143749710172415,0.0026143749710172415,-0.0033856250289827586,close,0,0,3,2022-07-01
2022-07-19,8390,29.552518844604492,0.5048841858485715,0,0.005042132455855608,0.008403477258980274,-0.010083919391036034,-0.003361229784786701,-0.003361229784786701,-0.009361229784786701,close,0,0,3,2022-07-01
2022-07-19,8404,27.578407287597656,0.5048841858485715,0,0.0015872555086389184,0.014285704120993614,-0.007936564274132252,-0.007936564274132252,-0.007936564274132252,-0.013936564274132252,close,0,0,3,2022-07-01
2022-07-19,8415,30.02078628540039,0.5048841858485715,1,0.010130312293767929,0.013024624437093735,0.0014471558388322592,0.005788734182715416,0.005788734182715416,-0.00021126581728458417,close,0,0,3,2022-07-01
2022-07-19,8422,145.39877319335938,0.5048841858485715,1,1.0032809427684697e-07,0.011764807626605034,1.0032809427684697e-07,0.0029412771109491587,0.0029412771109491587,-0.0030587228890508415,close,0,0,3,2022-07-01
2022-07-19,8431,55.30375671386719,0.5048841858485715,1,0.003571388777345419,0.02499997243285179,-0.007142937276512384,0.017857087776064873,0.017857087776064873,0.011857087776064873,close,0,0,3,2022-07-01
2022-07-19,8436,131.0582275390625,0.5048841858485715,0,0.003322255564853549,0.016611292958259583,-0.009966780431568623,-0.009966780431568623,-0.009966780431568623,-0.01596678043156862,close,0,0,3,2022-07-01
2022-07-19,8249,20.170700073242188,0.5048841858485715,0,-0.0024038006085902452,0.009615384973585606,-0.0048076375387609005,-0.0048076375387609005,-0.0048076375387609005,-0.0108076375387609,close,0,0,3,2022-07-01
2022-07-19,8255,146.76380920410156,0.5048841858485715,1,0.029032455757260323,0.03225818648934364,-0.003225627588108182,0.003225929569453001,0.03,0.024,take_profit,1,0,3,2022-07-01
2022-07-19,8261,91.98565673828125,0.5048841858485715,1,0.02415461465716362,0.0386473685503006,0.014492778107523918,0.02415461465716362,0.03,0.024,take_profit,1,0,3,2022-07-01
2022-07-20,9958,92.19977569580078,0.4913519532272522,1,0.004106808919459581,0.006160165648907423,-0.01232035830616951,0.004106808919459581,0.004106808919459581,-0.0018931910805404187,close,0,0,3,2022-07-01
2022-07-20,8438,28.942567825317383,0.4913519532272522,0,2.199556625726018e-08,2.199556625726018e-08,-0.023400915786623955,-0.014040504582226276,-0.02,-0.026000000000000002,stop_loss,0,1,3,2022-07-01
2022-07-20,8454,602.855712890625,0.4913519532272522,1,0.004932231269776821,0.01849576085805893,-0.0024659745395183563,0.007398360874503851,0.007398360874503851,0.0013983608745038508,close,0,0,3,2022-07-01
2022-07-20,8464,254.21627807617188,0.4913519532272522,1,0.007117423228919506,0.017793579027056694,0.0017793448641896248,0.01601422019302845,0.01601422019302845,0.01001422019302845,close,0,0,3,2022-07-01
2022-07-20,8473,27.461517333984375,0.4913519532272522,0,-0.001675123581662774,-0.001675123581662774,-0.005025225225836039,-0.001675123581662774,-0.001675123581662774,-0.007675123581662774,close,0,0,3,2022-07-01
2022-07-20,8489,25.416486740112305,0.4913519532272522,1,0.007812518626451492,0.007812518626451492,-0.0078124674037098885,0.00390632776543498,0.00390632776543498,-0.0020936722345650197,close,0,0,3,2022-07-01
2022-07-20,8926,29.383638381958008,0.4913519532272522,1,-0.0013734794920310378,0.0041210586205124855,-0.0013734794920310378,0.0013737311819568276,0.0013737311819568276,-0.0046262688180431725,close,0,0,3,2022-07-01
2022-07-20,8374,29.97931671142578,0.4913519532272522,1,0.00977199524641037,0.00977199524641037,0.003257312346249819,0.006514654029160738,0.006514654029160738,0.0005146540291607379,close,0,0,3,2022-07-01
2022-07-20,8383,30.594436645507812,0.4913519532272522,0,0.0,0.003911382984369993,-0.005215044599026442,0.0,0.0,-0.006,close,0,0,3,2022-07-01
2022-07-20,8390,29.45318603515625,0.4913519532272522,1,-1.0066336386671537e-07,0.008431601338088512,-0.020236186683177948,0.006745261140167713,-0.02,-0.026000000000000002,stop_loss,0,1,3,2022-07-01
2022-07-20,8404,27.359529495239258,0.4913519532272522,1,-1.905745783403745e-09,0.008000064641237259,-1.905745783403745e-09,0.0016000113682821393,0.0016000113682821393,-0.004399988631717861,close,0,0,3,2022-07-01
2022-07-20,8415,30.194568634033203,0.4913519532272522,1,-0.001438870676793158,0.012949617579579353,-0.002877697581425309,0.01007185410708189,0.01007185410708189,0.00407185410708189,close,0,0,3,2022-07-01
2022-07-20,8422,145.82643127441406,0.4913519532272522,1,0.005865066312253475,0.026392925530672073,0.0029325152281671762,0.023460373282432556,0.023460373282432556,0.017460373282432558,close,0,0,3,2022-07-01
2022-07-20,8436,129.7519989013672,0.4913519532272522,1,0.020837409421801567,0.04582294076681137,0.017268048599362373,0.027976132929325104,0.03,0.024,take_profit,1,0,3,2022-07-01
2022-07-20,8249,20.073726654052734,0.4913519532272522,0,-5.250572243653551e-08,0.0024153972044587135,-0.01932373270392418,-0.00724648404866457,-0.00724648404866457,-0.01324648404866457,close,0,0,3,2022-07-01
2022-07-20,8255,147.2372589111328,0.4913519532272522,1,-3.481223487256102e-08,0.03536977618932724,-0.0032154901418834925,0.03215432167053223,0.03,0.024,take_profit,1,0,3,2022-07-01
2022-07-20,8261,94.20753479003906,0.4913519532272522,1,0.009433929808437824,0.05660374090075493,0.009433929808437824,0.04716977849602699,0.03,0.024,take_profit,1,0,3,2022-07-01
2022-07-20,8271,34.62577438354492,0.4913519532272522,1,0.003906238591298461,0.016927072778344154,0.003906238591298461,0.016927072778344154,0.016927072778344154,0.010927072778344154,close,0,0,3,2022-07-01
2022-07-20,8289,27.34347152709961,0.4913519532272522,1,-1.200921762034568e-08,0.020957978442311287,-1.200921762034568e-08,0.019460996612906456,0.019460996612906456,0.013460996612906456,close,0,0,3,2022-07-01
2022-07-20,8299,266.11322021484375,0.4913519532272522,1,-2.215133605432129e-07,0.026755625382065773,-2.215133605432129e-07,0.026755625382065773,0.026755625382065773,0.020755625382065775,close,0,0,3,2022-07-01
2022-07-21,1201,18.960268020629883,0.48142377846949547,0,-0.002427268074825406,-2.8100236804107226e-08,-0.0048544155433773994,-0.0048544155433773994,-0.0048544155433773994,-0.0108544155433774,close,0,0,3,2022-07-01
2022-07-21,1227,37.9162483215332,0.48142377846949547,0,-0.0023696930147707462,-0.0023696930147707462,-0.011848311871290207,-0.008293863385915756,-0.008293863385915756,-0.014293863385915756,close,0,0,3,2022-07-01
2022-07-21,8438,28.53619956970215,0.48142377846949547,1,-0.0015822835266590118,0.0158227551728487,-0.0015822835266590118,0.011075993068516254,0.011075993068516254,0.005075993068516254,close,0,0,3,2022-07-01
2022-07-21,8454,607.3158569335938,0.48142377846949547,1,0.008567912504076958,0.04651165008544922,-0.0036719064228236675,0.040391694754362106,0.03,0.024,take_profit,1,0,3,2022-07-01
2022-07-21,1218,31.417123794555664,0.48142377846949547,0,-0.001461988314986229,0.007309918757528067,-0.0190059132874012,-0.00584799749776721,-0.00584799749776721,-0.01184799749776721,close,0,0,3,2022-07-01
2022-07-21,1309,23.29743194580078,0.48142377846949547,0,0.007130097597837448,0.007130097597837448,-0.005347573198378086,0.0,0.0,-0.006,close,0,0,3,2022-07-01
2022-07-21,8476,47.40842056274414,0.48142377846949547,0,0.0035777969751507044,0.0035777969751507044,-0.007155659608542919,-0.0017889683367684484,-0.0017889683367684484,-0.0077889683367684485,close,0,0,3,2022-07-01
2022-07-21,1307,16.524776458740234,0.48142377846949547,0,1.992515130666561e-08,0.0051813870668411255,-0.005181248299777508,-0.005181248299777508,-0.005181248299777508,-0.011181248299777508,close,0,0,3,2022-07-01
2022-07-21,9946,11.561175346374512,0.48142377846949547,1,2.020057365825778e-08,0.011718740686774254,2.020057365825778e-08,0.003906284924596548,0.003906284924596548,-0.002093715075403452,close,0,0,3,2022-07-01
2022-07-21,1101,35.043155670166016,0.48142377846949547,0,0.0013141059316694736,0.003942287061363459,-0.011826499365270138,-0.009198318235576153,-0.009198318235576153,-0.015198318235576153,close,0,0,3,2022-07-01
2022-07-21,9917,89.82440948486328,0.48142377846949547,0,0.0,0.0049019609577953815,-0.0049019609577953815,0.0,0.0,-0.006,close,0,0,3,2022-07-01
2022-07-21,8068,29.912456512451172,0.48142377846949547,0,0.011284378357231617,0.022985203191637993,-0.01713188923895359,-0.015460306778550148,-0.015460306778550148,-0.021460306778550146,close,0,0,3,2022-07-01
2022-07-21,8070,27.16447639465332,0.48142377846949547,0,0.001515091280452907,0.006060591898858547,-0.006060665939003229,-0.0015151654370129108,-0.0015151654370129108,-0.007515165437012911,close,0,0,3,2022-07-01
2022-07-21,8076,26.954614639282227,0.48142377846949547,0,0.006369500420987606,0.009554165415465832,-0.03184714913368225,-0.030254781246185303,-0.02,-0.026000000000000002,stop_loss,0,1,3,2022-07-01
2022-07-21,8085,18.822301864624023,0.48142377846949547,1,0.0052493601106107235,0.09186351299285889,0.0052493601106107235,0.03937007486820221,0.03,0.024,take_profit,1,0,3,2022-07-01
2022-07-21,8088,16.533288955688477,0.48142377846949547,0,1.793332238264611e-08,0.005235639866441488,-0.002617842983454466,-0.002617842983454466,-0.002617842983454466,-0.008617842983454466,close,0,0,3,2022-07-01
2022-07-21,8054,38.75652313232422,0.48142377846949547,0,0.015228490345180035,0.015228490345180035,-0.026649724692106247,-0.01903543248772621,-0.02,-0.026000000000000002,stop_loss,0,1,3,2022-07-01
2022-07-21,1449,12.210506439208984,0.48142377846949547,0,-0.003257329575717449,-0.0010857846355065703,-0.0054288748651742935,-0.0010857846355065703,-0.0010857846355065703,-0.0070857846355065705,close,0,0,3,2022-07-01
2022-07-21,1713,19.279420852661133,0.48142377846949547,1,-5.189593466070619e-08,0.002049175323918462,-0.0020492009352892637,0.002049175323918462,0.002049175323918462,-0.003950824676081538,close,0,0,3,2022-07-01
2022-07-21,1717,29.833683013916016,0.48142377846949547,1,0.004457593429833651,0.03714713454246521,-0.0014859202783554792,0.010401214472949505,0.03,0.024,take_profit,1,0,3,2022-07-01
2022-07-22,9958,92.76773071289062,0.46972910562387915,1,0.0010205539874732494,0.0459185354411602,0.0010205539874732494,0.020408328622579575,0.03,0.024,take_profit,1,0,3,2022-07-01
2022-07-22,8464,261.9060974121094,0.46972910562387915,1,0.012089841067790985,0.0138169564306736,-0.008635547943413258,0.008635609410703182,0.008635609410703182,0.002635609410703182,close,0,0,3,2022-07-01
2022-07-22,8473,27.59951400756836,0.46972910562387915,0,-6.286124509813362e-09,0.0033332796301692724,-0.008333352394402027,-0.00333335786126554,-0.00333335786126554,-0.00933335786126554,close,0,0,3,2022-07-01
2022-07-22,8476,47.3236083984375,0.46972910562387915,1,4.654728869013525e-08,0.014336995780467987,4.654728869013525e-08,0.001792174531146884,0.001792174531146884,-0.004207825468853116,close,0,0,3,2022-07-01
2022-07-22,8390,29.502851486206055,0.46972910562387915,1,2.854097758131502e-08,0.015151544474065304,2.854097758131502e-08,0.0067340354435145855,0.0067340354435145855,0.0007340354435145854,close,0,0,3,2022-07-01
2022-07-22,8422,147.9646453857422,0.46972910562387915,0,0.0,0.0028901733458042145,-0.005780346691608429,0.0,0.0,-0.006,close,0,0,3,2022-07-01
2022-07-22,8431,54.31618881225586,0.46972910562387915,1,-0.007272787857800722,0.010909030213952065,-0.009090941399335861,0.010909030213952065,0.010909030213952065,0.004909030213952064,close,0,0,3,2022-07-01
2022-07-22,8249,19.879776000976562,0.46972910562387915,1,0.002439067931845784,0.01219521276652813,0.002439067931845784,0.007317182142287493,0.007317182142287493,0.0013171821422874926,close,0,0,3,2022-07-01
2022-07-22,8255,155.2855987548828,0.46972910562387915,1,0.00914639700204134,0.012195197865366936,-0.01829262264072895,0.006097596138715744,0.006097596138715744,9.75961387157439e-05,close,0,0,3,2022-07-01
2022-07-22,8271,35.21188735961914,0.46972910562387915,0,-0.0038412625435739756,-0.0012804822763428092,-0.011523798108100891,-0.008962920866906643,-0.008962920866906643,-0.014962920866906643,close,0,0,3,2022-07-01
2022-07-22,8299,271.00823974609375,0.46972910562387915,0,-0.003284048056229949,-0.003284048056229949,-0.02463051863014698,-0.019704408943653107,-0.02,-0.026000000000000002,stop_loss,0,1,3,2022-07-01
2022-07-22,8341,157.85096740722656,0.46972910562387915,0,-0.008042850531637669,-0.008042850531637669,-0.016085688024759293,-0.013404741883277893,-0.013404741883277893,-0.01940474188327789,close,0,0,3,2022-07-01
2022-07-22,8358,43.03864288330078,0.46972910562387915,0,-0.006430950481444597,-0.006430950481444597,-0.04287246987223625,-0.03965708613395691,-0.02,-0.026000000000000002,stop_loss,0,1,3,2022-07-01
2022-07-22,8183,55.48836898803711,0.46972910562387915,1,0.004651277791708708,0.03100782074034214,-0.003100660862401128,0.03100782074034214,0.03,0.024,take_profit,1,0,3,2022-07-01
2022-07-22,8210,64.57630920410156,0.46972910562387915,0,3.7731254565187555e-08,3.7731254565187555e-08,-0.014598502777516842,-0.008759064599871635,-0.008759064599871635,-0.014759064599871636,close,0,0,3,2022-07-01
2022-07-22,8213,32.0638313293457,0.46972910562387915,1,-5.792772839186e-08,0.02191772870719433,-0.0027397419326007366,0.01917804405093193,0.01917804405093193,0.01317804405093193,close,0,0,3,2022-07-01
2022-07-22,8215,28.184555053710938,0.46972910562387915,0,-0.01430839579552412,-0.007949071004986763,-0.027026984840631485,-0.027026984840631485,-0.02,-0.026000000000000002,stop_loss,0,1,3,2022-07-01
2022-07-22,8222,22.261981964111328,0.46972910562387915,1,-0.0021976842544972897,0.03296712040901184,-0.059340596199035645,0.0263737291097641,-0.02,-0.026000000000000002,ambiguous_stop_loss,1,1,3,2022-07-01
2022-07-22,8227,66.69618225097656,0.46972910562387915,0,-0.002915560035035014,0.0014575504465028644,-0.024781446903944016,-0.016035113483667374,-0.02,-0.026000000000000002,stop_loss,0,1,3,2022-07-01
2022-07-22,8234,27.391874313354492,0.46972910562387915,1,0.001628603902645409,0.039087872952222824,-0.0048860786482691765,0.03257325291633606,0.03,0.024,take_profit,1,0,3,2022-07-01
2022-07-25,6541,207.4304962158203,0.47485349969116974,0,-0.028328625485301018,0.015580728650093079,-0.031161457300186157,-0.024079302325844765,-0.028328625485301018,-0.034328625485301016,gap_stop,0,1,3,2022-07-01
2022-07-25,6442,42.79776382446289,0.47485349969116974,0,0.03833867982029915,0.057507943361997604,-0.022364206612110138,-0.022364206612110138,0.03,0.024,gap_take_profit,1,1,3,2022-07-01
2022-07-25,2305,24.899999618530273,0.47485349969116974,0,-0.006024081259965897,0.0,-0.05622488632798195,-0.044176723808050156,-0.02,-0.026000000000000002,stop_loss,0,1,3,2022-07-01
2022-07-25,2388,72.37706756591797,0.47485349969116974,1,-2.7756748011142918e-08,0.021977972239255905,-0.04395613074302673,0.006868103519082069,-0.02,-0.026000000000000002,stop_loss,0,1,3,2022-07-01
2022-07-25,6461,31.328277587890625,0.47485349969116974,1,0.08864697068929672,0.09953352063894272,0.023328162729740143,0.05598756670951843,0.03,0.024,gap_take_profit,1,0,3,2022-07-01
2022-07-25,5245,62.329254150390625,0.47485349969116974,0,-0.001515107462182641,0.07121209800243378,-0.018181750550866127,-0.018181750550866127,0.03,0.024,take_profit,1,0,3,2022-07-01
2022-07-25,4903,18.370607376098633,0.47485349969116974,0,-0.011857772246003151,-0.0039526596665382385,-0.04347832500934601,-0.03952566534280777,-0.02,-0.026000000000000002,stop_loss,0,1,3,2022-07-01
2022-07-25,4979,29.462718963623047,0.47485349969116974,0,0.003289530286565423,0.00657903216779232,-0.08552619814872742,-0.03124992363154888,-0.02,-0.026000000000000002,stop_loss,0,1,3,2022-07-01
2022-07-25,1464,12.143965721130371,0.47485349969116974,0,2.4282822863597175e-08,0.017361151054501534,-0.013888848014175892,-0.0034721570555120707,-0.0034721570555120707,-0.00947215705551207,close,0,0,3,2022-07-01
2022-07-25,1471,10.75,0.47485349969116974,0,-0.032558176666498184,-0.02790699526667595,-0.09953485429286957,-0.08837207406759262,-0.032558176666498184,-0.03855817666649818,gap_stop,0,1,3,2022-07-01
2022-07-25,1215,61.902252197265625,0.4736025720226919,1,-0.0012952557299286127,0.04922279343008995,-0.002590632066130638,0.02331613376736641,0.03,0.024,take_profit,1,0,3,2022-07-01
2022-07-25,8438,28.897417068481445,0.4736025720226919,0,-0.006249996367841959,-0.0031249842140823603,-0.03124997392296791,-0.006249996367841959,-0.02,-0.026000000000000002,stop_loss,0,1,3,2022-07-01
2022-07-25,9911,53.322059631347656,0.4736025720226919,1,0.004807699471712112,0.017628200352191925,0.0016025588847696781,0.017628200352191925,0.017628200352191925,0.011628200352191925,close,0,0,3,2022-07-01
2022-07-25,9914,208.09402465820312,0.4736025720226919,0,0.006342641077935696,0.008456805720925331,-0.010570680722594261,-0.008456515148282051,-0.008456515148282051,-0.014456515148282051,close,0,0,3,2022-07-01
2022-07-25,9918,39.09891128540039,0.4736025720226919,1,0.02083325944840908,0.02083325944840908,0.006944405846297741,0.006944405846297741,0.006944405846297741,0.0009444058462977408,close,0,0,3,2022-07-01
2022-07-25,9931,33.50871276855469,0.4736025720226919,1,-1.0728817301242088e-07,0.017587898299098015,-0.002512679435312748,0.017587898299098015,0.017587898299098015,0.011587898299098015,close,0,0,3,2022-07-01
2022-07-25,9933,35.376399993896484,0.4736025720226919,1,-0.0023474213667213917,0.010563420131802559,-0.004694819916039705,0.007042272482067347,0.007042272482067347,0.0010422724820673464,close,0,0,3,2022-07-01
2022-07-25,9802,157.4778289794922,0.4736025720226919,1,-0.002808996010571718,0.014044936746358871,-0.011235962621867657,0.002808981342241168,0.002808981342241168,-0.003191018657758832,close,0,0,3,2022-07-01
2022-07-25,9907,13.265965461730957,0.4736025720226919,0,0.0032467658165842295,0.0032467658165842295,-0.006493469700217247,0.0,0.0,-0.006,close,0,0,3,2022-07-01
2022-07-25,8240,23.113889694213867,0.4736025720226919,0,-0.013182617723941803,-0.013182617723941803,-0.02448209561407566,-0.016949109733104706,-0.02,-0.026000000000000002,stop_loss,0,1,3,2022-07-01
2022-07-26,1101,34.81291198730469,0.4673423006295792,1,-2.6190305035811434e-08,0.003968268167227507,-0.0013227573363110423,0.0013227049494162202,0.0013227049494162202,-0.00467729505058378,close,0,0,3,2022-07-01
2022-07-26,1102,35.2105827331543,0.4673423006295792,0,1.1206626737703118e-07,1.1206626737703118e-07,-0.005598992574959993,-0.004479188472032547,-0.004479188472032547,-0.010479188472032547,close,0,0,3,2022-07-01
2022-07-26,1103,15.654675483703613,0.4673423006295792,0,0.0,0.0027854726649820805,-0.002785581164062023,0.0,0.0,-0.006,close,0,0,3,2022-07-01
2022-07-26,1104,17.313295364379883,0.4673423006295792,1,1.3067374737829596e-08,0.007009404711425304,-0.004672821145504713,0.004672940820455551,0.004672940820455551,-0.001327059179544449,close,0,0,3,2022-07-01
2022-07-26,1110,17.658390045166016,0.4673423006295792,0,0.01923082210123539,0.01923082210123539,-0.019230656325817108,-0.019230656325817108,-0.019230656325817108,-0.025230656325817107,close,0,0,3,2022-07-01
2022-07-26,1201,19.149877548217773,0.4673423006295792,1,0.004926170222461224,0.012315314263105392,0.0024631533306092024,0.004926170222461224,0.004926170222461224,-0.0010738297775387765,close,0,0,3,2022-07-01
2022-07-26,1210,41.394100189208984,0.4673423006295792,1,-2.2681623246256777e-09,0.006147597450762987,-0.0030737612396478653,0.004098342731595039,0.004098342731595039,-0.0019016572684049608,close,0,0,3,2022-07-01
2022-07-26,1215,63.34557342529297,0.4673423006295792,1,-0.0025317210238426924,0.008860712870955467,-0.0025317210238426924,0.008860712870955467,0.008860712870955467,0.002860712870955467,close,0,0,3,2022-07-01
2022-07-26,1216,60.329410552978516,0.4673423006295792,0,0.004255316220223904,0.005673734005540609,-0.009929080493748188,-0.0014184641186147928,-0.0014184641186147928,-0.007418464118614793,close,0,0,3,2022-07-01
2022-07-26,1217,10.0044527053833,0.4673423006295792,1,0.009174402803182602,0.03211018443107605,5.5112227670406355e-08,0.004587228875607252,0.03,0.024,take_profit,1,0,3,2022-07-01
2022-07-26,1218,31.692710876464844,0.4673423006295792,1,0.002898578066378832,0.03913046419620514,0.001449324656277895,0.02028995007276535,0.03,0.024,take_profit,1,0,3,2022-07-01
2022-07-26,1219,17.331436157226562,0.4673423006295792,1,-0.0025000025052577257,0.032499976456165314,-0.0025000025052577257,0.019999969750642776,0.03,0.024,take_profit,1,0,3,2022-07-01
2022-07-26,1225,44.239990234375,0.4673423006295792,1,1.0796425442549662e-07,0.017119964584708214,1.0796425442549662e-07,0.006042381748557091,0.006042381748557091,4.2381748557090634e-05,close,0,0,3,2022-07-01
2022-07-26,1227,37.9162483215332,0.4673423006295792,1,1.056553067257937e-08,0.004739365074783564,1.056553067257937e-08,0.004739365074783564,0.004739365074783564,-0.0012606349252164365,close,0,0,3,2022-07-01
2022-07-26,1229,43.36564254760742,0.4673423006295792,1,3.161081707503399e-08,0.006896613631397486,-0.010344799607992172,0.006896613631397486,0.006896613631397486,0.0008966136313974856,close,0,0,3,2022-07-01
2022-07-26,1231,56.49798583984375,0.4673423006295792,0,-5.99917200361233e-08,0.0050696441903710365,-0.005069763865321875,-0.0012674699537456036,-0.0012674699537456036,-0.007267469953745604,close,0,0,3,2022-07-01
2022-07-26,1301,83.55917358398438,0.4673423006295792,0,0.00442965654656291,0.006644546985626221,-0.008859345689415932,-0.0011074418434873223,-0.0011074418434873223,-0.0071074418434873225,close,0,0,3,2022-07-01
2022-07-26,1303,60.745338439941406,0.4673423006295792,1,-4.80500794708405e-09,0.007610345724970102,-0.0030440986156463623,0.003044205019250512,0.003044205019250512,-0.002955794980749488,close,0,0,3,2022-07-01
2022-07-26,1304,21.34294319152832,0.4673423006295792,0,-2.5664128600055847e-08,-2.5664128600055847e-08,-0.025844940915703773,-0.013916541822254658,-0.02,-0.026000000000000002,stop_loss,0,1,3,2022-07-01
2022-07-26,1305,24.69218635559082,0.4673423006295792,0,-0.00704229949042201,-0.003521226579323411,-0.03521135076880455,-0.019366255030035973,-0.02,-0.026000000000000002,stop_loss,0,1,3,2022-07-01
2022-07-27,9958,95.6075668334961,0.4889016487902533,0,0.004950495436787605,0.00990099087357521,-0.009900989942252636,-0.004950494505465031,-0.004950494505465031,-0.01095049450546503,close,0,0,3,2022-07-01
2022-07-27,8438,28.761960983276367,0.4889016487902533,0,0.010989022441208363,0.010989022441208363,-0.010989022441208363,0.0,0.0,-0.006,close,0,0,3,2022-07-01
2022-07-27,8454,617.7227172851562,0.4889016487902533,0,0.02286401391029358,0.03128764033317566,-0.03008425422012806,-0.02045723982155323,-0.02,-0.026000000000000002,ambiguous_stop_loss,1,1,3,2022-07-01
2022-07-27,8464,265.072509765625,0.4889016487902533,0,0.011945330537855625,0.011945330537855625,-0.023890843614935875,-0.017064906656742096,-0.02,-0.026000000000000002,stop_loss,0,1,3,2022-07-01
2022-07-27,8473,27.59951400756836,0.4889016487902533,0,0.0033333192113786936,0.0033333192113786936,-0.006666670087724924,-0.0016666097799316049,-0.0016666097799316049,-0.007666609779931605,close,0,0,3,2022-07-01
2022-07-27,8476,47.06917953491211,0.4889016487902533,1,0.018018053844571114,0.018018053844571114,5.322430496335073e-08,0.0054054236970841885,0.0054054236970841885,-0.0005945763029158117,close,0,0,3,2022-07-01
2022-07-27,8489,26.60788345336914,0.4889016487902533,0,0.005597101990133524,0.005597101990133524,-0.009328329004347324,-0.009328329004347324,-0.009328329004347324,-0.015328329004347324,close,0,0,3,2022-07-01
2022-07-27,8908,55.484642028808594,0.4889016487902533,0,2.6024824961723425e-08,2.6024824961723425e-08,-0.0012499857693910599,-0.0012499857693910599,-0.0012499857693910599,-0.00724998576939106,close,0,0,3,2022-07-01
2022-07-27,8926,29.746898651123047,0.4889016487902533,1,-5.290905935595447e-09,0.014925425872206688,-5.290905935595447e-09,0.010854874737560749,0.010854874737560749,0.004854874737560749,close,0,0,3,2022-07-01
2022-07-27,8374,30.418752670288086,0.4889016487902533,1,-6.729360535473461e-08,0.016051296144723892,-6.729360535473461e-08,0.00802561454474926,0.00802561454474926,0.00202561454474926,close,0,0,3,2022-07-01
2022-07-27,8383,31.244478225708008,0.4889016487902533,0,0.0013698743423447013,0.0013698743423447013,-0.0027396520599722862,-0.001369809964671731,-0.001369809964671731,-0.007369809964671731,close,0,0,3,2022-07-01
2022-07-27,8390,29.403514862060547,0.4889016487902533,1,0.01798555813729763,0.01798555813729763,-5.328447016950122e-08,0.007194190751761198,0.007194190751761198,0.001194190751761198,close,0,0,3,2022-07-01
2022-07-27,8404,28.016157150268555,0.4889016487902533,0,2.377207231063494e-08,0.015625085681676865,-0.02968745306134224,-0.01874992996454239,-0.02,-0.026000000000000002,stop_loss,0,1,3,2022-07-01
2022-07-27,8415,30.672468185424805,0.4889016487902533,0,0.004249316640198231,0.004249316640198231,-0.021246477961540222,-0.021246477961540222,-0.02,-0.026000000000000002,stop_loss,0,1,3,2022-07-01
2022-07-27,8422,147.10935974121094,0.4889016487902533,0,0.0058139534667134285,0.0058139534667134285,0.0,0.0,0.0,-0.006,close,0,0,3,2022-07-01
2022-07-27,8431,54.217437744140625,0.4889016487902533,0,0.00910741277039051,0.00910741277039051,-0.0072860559448599815,-0.00546459062024951,-0.00546459062024951,-0.01146459062024951,close,0,0,3,2022-07-01
2022-07-27,8436,132.45570373535156,0.4889016487902533,0,0.013986041769385338,0.013986041769385338,-0.01398598775267601,-0.01398598775267601,-0.01398598775267601,-0.01998598775267601,close,0,0,3,2022-07-01
2022-07-27,8249,20.219186782836914,0.4889016487902533,0,0.0023981272242963314,0.0023981272242963314,-0.007194163277745247,-0.007194163277745247,-0.007194163277745247,-0.013194163277745247,close,0,0,3,2022-07-01
2022-07-27,8255,154.33872985839844,0.4889016487902533,0,0.030674878507852554,0.030674878507852554,-0.021472329273819923,-0.015337414108216763,0.03,0.024,gap_take_profit,1,1,3,2022-07-01
2022-07-27,8261,99.98440551757812,0.4889016487902533,0,0.013333387672901154,0.017777832224965096,-0.031111059710383415,-0.022222168743610382,-0.02,-0.026000000000000002,stop_loss,0,1,3,2022-07-01
2022-07-28,1210,41.52133560180664,0.48169440992705753,0,0.0020429755095392466,0.005107315257191658,-0.0010214460780844092,-0.0010214460780844092,-0.0010214460780844092,-0.007021446078084409,close,0,0,3,2022-07-01
2022-07-28,9958,95.13426208496094,0.48169440992705753,1,-1.179353947833306e-09,0.01492537185549736,-1.179353947833306e-09,0.01492537185549736,0.01492537185549736,0.00892537185549736,close,0,0,3,2022-07-01
2022-07-28,1103,15.698280334472656,0.48169440992705753,1,0.0027777443174272776,0.01388890203088522,8.87335005472778e-09,0.01388890203088522,0.01388890203088522,0.00788890203088522,close,0,0,3,2022-07-01
2022-07-28,1102,34.58292770385742,0.48169440992705753,1,0.012345727533102036,0.023456858471035957,0.007407436612993479,0.023456858471035957,0.023456858471035957,0.01745685847103596,close,0,0,3,2022-07-01
2022-07-28,1229,43.51517868041992,0.48169440992705753,1,-0.0034363996237516403,0.029209686443209648,-0.0034363996237516403,0.029209686443209648,0.029209686443209648,0.02320968644320965,close,0,0,3,2022-07-01
2022-07-28,1219,17.678064346313477,0.48169440992705753,1,0.0024511117953807116,0.012254999950528145,-0.004901953507214785,0.004902034532278776,0.004902034532278776,-0.001097965467721224,close,0,0,3,2022-07-01
2022-07-28,1310,13.437128067016602,0.48169440992705753,1,0.007272824179381132,0.007272824179381132,0.003636446315795183,0.007272824179381132,0.007272824179381132,0.001272824179381132,close,0,0,3,2022-07-01
2022-07-28,1304,21.185609817504883,0.48169440992705753,1,0.01318680215626955,0.021978044882416725,-0.0021977464202791452,0.004395643714815378,0.004395643714815378,-0.001604356285184622,close,0,0,3,2022-07-01
2022-07-28,6173,35.70405960083008,0.48169440992705753,1,0.014066595584154129,0.01918160729110241,0.0051151299849152565,0.010230239480733871,0.010230239480733871,0.004230239480733871,close,0,0,3,2022-07-01
2022-07-28,6180,48.34856414794922,0.48169440992705753,0,0.0033669257536530495,0.0033669257536530495,-0.0033670421689748764,-0.001683566253632307,-0.001683566253632307,-0.007683566253632307,close,0,0,3,2022-07-01
2022-07-28,6153,21.66895294189453,0.48169440992705753,1,0.006772005930542946,0.027088066563010216,-0.00225734431296587,0.024830706417560577,0.024830706417560577,0.01883070641756058,close,0,0,3,2022-07-01
2022-07-28,6209,29.136226654052734,0.48169440992705753,0,0.016155069693922997,0.016155069693922997,-0.006462078541517258,-0.0016155645716935396,-0.0016155645716935396,-0.00761556457169354,close,0,0,3,2022-07-01
2022-07-28,6182,43.842952728271484,0.48169440992705753,1,0.012765959836542606,0.02659578062593937,0.011702146381139755,0.015957482159137726,0.015957482159137726,0.009957482159137726,close,0,0,3,2022-07-01
2022-07-28,6187,72.93257904052734,0.48169440992705753,1,0.007989422418177128,0.021305004134774208,0.005326346959918737,0.01864192821085453,0.01864192821085453,0.01264192821085453,close,0,0,3,2022-07-01
2022-07-28,6188,36.29604721069336,0.48169440992705753,1,6.197134805319138e-09,0.015990110114216805,-0.0012300811940804124,0.009840047918260098,0.009840047918260098,0.0038400479182600974,close,0,0,3,2022-07-01
2022-07-28,6190,31.185108184814453,0.48169440992705753,1,0.005665887147188187,0.019830195233225822,0.004249477759003639,0.018413785845041275,0.018413785845041275,0.012413785845041275,close,0,0,3,2022-07-01
2022-07-28,6218,17.953746795654297,0.48169440992705753,1,0.010416517965495586,0.010416517965495586,-8.736030565614783e-08,0.010416517965495586,0.010416517965495586,0.004416517965495586,close,0,0,3,2022-07-01
2022-07-28,6226,13.328646659851074,0.48169440992705753,1,0.014869889244437218,0.037174735218286514,0.011152473278343678,0.018587375059723854,0.03,0.024,take_profit,1,0,3,2022-07-01
2022-07-28,6227,30.065044403076172,0.48169440992705753,1,0.014745282009243965,0.014745282009243965,0.002681020414456725,0.010723895393311977,0.010723895393311977,0.004723895393311977,close,0,0,3,2022-07-01
2022-07-28,6234,16.86564826965332,0.48169440992705753,1,0.005419865716248751,0.00812995433807373,0.0027098802383989096,0.0027098802383989096,0.0027098802383989096,-0.0032901197616010906,close,0,0,3,2022-07-01
2022-07-29,1219,17.76472282409668,0.4881040900364675,1,0.002438914030790329,0.014634042978286743,-0.0024390188045799732,0.014634042978286743,0.014634042978286743,0.008634042978286743,close,0,0,3,2022-07-01
2022-07-29,3708,96.71149444580078,0.4881040900364675,0,0.013636351563036442,0.013636351563036442,-0.013636375777423382,-0.013636375777423382,-0.013636375777423382,-0.01963637577742338,close,0,0,3,2022-07-01
2022-07-29,3709,24.816904067993164,0.4881040900364675,1,0.025594020262360573,0.025594020262360573,0.001828039763495326,0.001828039763495326,0.001828039763495326,-0.004171960236504674,close,0,0,3,2022-07-01
2022-07-29,3712,23.79486656188965,0.4881040900364675,1,-0.00514582684263587,0.00514574209228158,-0.00514582684263587,0.00514574209228158,0.00514574209228158,-0.0008542579077184202,close,0,0,3,2022-07-01
2022-07-29,3714,47.21737289428711,0.4881040900364675,0,-0.0020222908351570368,0.003033320652320981,-0.011122330091893673,0.0,0.0,-0.006,close,0,0,3,2022-07-01
2022-07-29,3550,13.63911247253418,0.4881040900364675,1,-3.720938579476751e-08,0.013793067075312138,-0.0034482625778764486,0.00689654890447855,0.00689654890447855,0.0008965489044785498,close,0,0,3,2022-07-01
2022-07-29,3551,50.800716400146484,0.4881040900364675,1,-0.007155646104365587,0.01610015332698822,-0.007155646104365587,0.0071556102484464645,0.0071556102484464645,0.0011556102484464644,close,0,0,3,2022-07-01
2022-07-29,3555,28.75,0.4881040900364675,0,0.0,0.0,-0.033043503761291504,-0.027826059609651566,-0.02,-0.026000000000000002,stop_loss,0,1,3,2022-07-01
2022-07-29,3563,132.46775817871094,0.4881040900364675,0,0.0,0.007042253389954567,-0.02464788779616356,0.0,-0.02,-0.026000000000000002,stop_loss,0,1,3,2022-07-01
2022-07-29,4121,18.932273864746094,0.4881040900364675,1,0.0024751247838139534,0.014851360581815243,-0.0024753885809332132,0.0024751247838139534,0.0024751247838139534,-0.0035248752161860467,close,0,0,3,2022-07-01
2022-07-29,4123,42.111778259277344,0.4881040900364675,1,0.00511950021609664,0.008532468229532242,-0.0017064368585124612,0.0017065316205844283,0.0017065316205844283,-0.004293468379415572,close,0,0,3,2022-07-01
2022-07-29,4128,50.61359405517578,0.4881040900364675,0,0.0017123467987403274,0.0017123467987403274,-0.0222602728754282,-0.018835624679923058,-0.02,-0.026000000000000002,stop_loss,0,1,3,2022-07-01
2022-07-29,3581,19.2368221282959,0.4881040900364675,1,0.004683850333094597,0.0070257349871098995,0.004683850333094597,0.0070257349871098995,0.0070257349871098995,0.0010257349871098994,close,0,0,3,2022-07-01
2022-07-29,3591,14.352461814880371,0.4881040900364675,1,0.01519764307886362,0.09726447612047195,-0.00911847036331892,0.09726447612047195,0.03,0.024,take_profit,1,0,3,2022-07-01
2022-07-29,3592,227.64810180664062,0.4881040900364675,0,0.008802804164588451,0.01056336797773838,-0.015845082700252533,-0.014084518887102604,-0.014084518887102604,-0.020084518887102602,close,0,0,3,2022-07-01
2022-07-29,3548,56.239219665527344,0.4881040900364675,1,0.009933837689459324,0.009933837689459324,-0.0016555797774344683,0.0066225663758814335,0.0066225663758814335,0.0006225663758814334,close,0,0,3,2022-07-01
2022-07-29,3624,50.48896789550781,0.4881040900364675,0,0.008546975441277027,0.010256350971758366,-0.020512865856289864,-0.01538467314094305,-0.02,-0.026000000000000002,stop_loss,0,1,3,2022-07-01
2022-07-29,3630,30.299999237060547,0.4881040900364675,0,0.0016502027865499258,0.009901028126478195,-0.009900964796543121,-0.006600622553378344,-0.006600622553378344,-0.012600622553378344,close,0,0,3,2022-07-01
2022-07-29,3661,686.714599609375,0.4881040900364675,0,-0.01133149303495884,-0.01133149303495884,-0.06798871606588364,-0.06798871606588364,-0.02,-0.026000000000000002,stop_loss,0,1,3,2022-07-01
2022-07-29,3605,36.76331329345703,0.4881040900364675,1,0.0012820004485547543,0.006410224828869104,-3.121503766578826e-08,0.0012820004485547543,0.0012820004485547543,-0.004717999551445246,close,0,0,3,2022-07-01
2022-08-01,1466,11.492307662963867,0.44530562728231043,0,-0.008032082580029964,5.1479043250424183e-11,-0.02008032239973545,-0.0040160794742405415,-0.02,-0.026000000000000002,stop_loss,0,1,4,2022-08-01
2022-08-01,1342,54.576839447021484,0.44530562728231043,0,-0.007396502885967493,-0.004437960218638182,-0.03254442289471626,-0.016272254288196564,-0.02,-0.026000000000000002,stop_loss,0,1,4,2022-08-01
2022-08-01,9802,144.64956665039062,0.44530562728231043,0,-0.01223249826580286,-8.302293963424745e-08,-0.030581120401620865,-0.00917439442127943,-0.02,-0.026000000000000002,stop_loss,0,1,4,2022-08-01
2022-08-01,1560,144.25698852539062,0.44530562728231043,1,-0.016393423080444336,0.009836086072027683,-0.026229487732052803,0.003278709016740322,-0.02,-0.026000000000000002,stop_loss,0,1,4,2022-08-01
2022-08-01,3162,44.336788177490234,0.44530562728231043,0,-0.013129113242030144,-0.013129113242030144,-0.043763648718595505,-0.03938732296228409,-0.02,-0.026000000000000002,stop_loss,0,1,4,2022-08-01
2022-08-01,3188,10.352360725402832,0.44530562728231043,1,0.003496468998491764,0.003496468998491764,0.003496468998491764,0.003496468998491764,0.003496468998491764,-0.002503531001508236,close,0,0,4,2022-08-01
2022-08-01,3533,598.1473999023438,0.44530562728231043,0,-0.005987989716231823,0.010479127988219261,-0.034431107342243195,-0.025449061766266823,-0.02,-0.026000000000000002,stop_loss,0,1,4,2022-08-01
2022-08-01,3545,68.64358520507812,0.44530562728231043,0,-0.011445038951933384,-0.011445038951933384,-0.0500716008245945,-0.047210413962602615,-0.02,-0.026000000000000002,stop_loss,0,1,4,2022-08-01
2022-08-01,3236,17.969202041625977,0.44530562728231043,0,-0.013824806548655033,-0.013824806548655033,-0.03686629980802536,-0.03225801885128021,-0.02,-0.026000000000000002,stop_loss,0,1,4,2022-08-01
2022-08-01,3219,78.0689926147461,0.44530562728231043,0,-0.042288638651371,-0.0012438275152817369,-0.06343287974596024,-0.06343287974596024,-0.042288638651371,-0.048288638651371,gap_stop,0,1,4,2022-08-01
2022-08-01,3221,32.60145950317383,0.44530562728231043,1,-0.005242467857897282,0.01703796349465847,-0.01703803241252899,0.005242399871349335,0.005242399871349335,-0.0007576001286506654,close,0,0,4,2022-08-01
2022-08-01,3228,328.3330078125,0.44530562728231043,0,-0.09601184725761414,-0.06203845888376236,-0.0989660918712616,-0.0989660918712616,-0.09601184725761414,-0.10201184725761414,gap_stop,0,1,4,2022-08-01
2022-08-01,3290,25.767284393310547,0.44530562728231043,0,-0.004608375020325184,-0.004608375020325184,-0.048387132585048676,-0.018433205783367157,-0.02,-0.026000000000000002,stop_loss,0,1,4,2022-08-01
2022-08-01,3293,154.35240173339844,0.44530562728231043,0,-0.01875896193087101,-0.005771947558969259,-0.021644964814186096,-0.017315959557890892,-0.02,-0.026000000000000002,stop_loss,0,1,4,2022-08-01
2022-08-01,3234,23.891735076904297,0.44530562728231043,0,-0.011764667928218842,-0.00784311257302761,-0.03921563923358917,-0.03137245029211044,-0.02,-0.026000000000000002,stop_loss,0,1,4,2022-08-01
2022-08-01,3587,101.04157257080078,0.44530562728231043,0,1.895453749511944e-08,0.004273492377251387,-0.01709400676190853,-0.00854699406772852,-0.00854699406772852,-0.01454699406772852,close,0,0,4,2022-08-01
2022-08-01,3592,224.44178771972656,0.44530562728231043,0,-0.02857145294547081,-0.02142859622836113,-0.06428574025630951,-0.06428574025630951,-0.02857145294547081,-0.03457145294547081,gap_stop,0,1,4,2022-08-01
2022-08-01,3594,28.253990173339844,0.44530562728231043,0,-0.008547012694180012,0.015384637750685215,-0.025641029700636864,-0.018803397193551064,-0.02,-0.026000000000000002,stop_loss,0,1,4,2022-08-01
2022-08-01,3555,27.950000762939453,0.44530562728231043,0,-0.003577830968424678,-0.003577830968424678,-0.09481221437454224,-0.08765655755996704,-0.02,-0.026000000000000002,stop_loss,0,1,4,2022-08-01
2022-08-01,3576,21.533601760864258,0.44530562728231043,0,-0.01385677233338356,-0.01385677233338356,-0.04157041758298874,-0.03926098346710205,-0.02,-0.026000000000000002,stop_loss,0,1,4,2022-08-01
2022-08-02,8476,46.56032943725586,0.44690108705980014,1,0.0018214629963040352,0.014571860432624817,-4.388437702118608e-08,0.014571860432624817,0.014571860432624817,0.008571860432624817,close,0,0,4,2022-08-01
2022-08-02,8489,25.416486740112305,0.44690108705980014,0,2.460159365114123e-08,2.460159365114123e-08,-0.011718770489096642,-0.007812505587935448,-0.007812505587935448,-0.013812505587935448,close,0,0,4,2022-08-01
2022-08-02,8908,54.37495040893555,0.44690108705980014,0,-0.0012755527859553695,0.0025510136038064957,-0.007653096690773964,-0.005102052818983793,-0.005102052818983793,-0.011102052818983793,close,0,0,4,2022-08-01
2022-08-02,8374,30.809362411499023,0.44690108705980014,0,-0.006339108105748892,0.003169584320858121,-0.025356553494930267,0.0,-0.02,-0.026000000000000002,stop_loss,0,1,4,2022-08-01
2022-08-02,8422,146.68170166015625,0.44690108705980014,0,1.1317843018332496e-07,1.1317843018332496e-07,-0.011661695316433907,-0.005830791313201189,-0.005830791313201189,-0.01183079131320119,close,0,0,4,2022-08-01
2022-08-02,8249,20.073726654052734,0.44690108705980014,0,-7.079420782929446e-08,0.002415378810837865,-0.004831052850931883,-0.004831052850931883,-0.004831052850931883,-0.010831052850931883,close,0,0,4,2022-08-01
2022-08-02,8255,151.4981231689453,0.44690108705980014,0,-0.01249985583126545,0.006250175181776285,-0.03749983385205269,-0.028124865144491196,-0.02,-0.026000000000000002,stop_loss,0,1,4,2022-08-01
2022-08-02,8261,90.65253448486328,0.44690108705980014,0,0.014705757610499859,0.024509677663445473,-0.02450992353260517,-0.019607963040471077,-0.02,-0.026000000000000002,stop_loss,0,1,4,2022-08-01
2022-08-02,8271,36.24885940551758,0.44690108705980014,0,-3.018606165028359e-08,-3.018606165028359e-08,-0.014925459399819374,-0.014925459399819374,-0.014925459399819374,-0.020925459399819372,close,0,0,4,2022-08-01
2022-08-02,8341,154.042236328125,0.44690108705980014,0,-0.0054944101721048355,5.5265324760966905e-08,-0.013736194930970669,-0.010988961905241013,-0.010988961905241013,-0.01698896190524101,close,0,0,4,2022-08-01
2022-08-02,8210,65.42475128173828,0.44690108705980014,0,-0.002881854074075818,-0.002881854074075818,-0.015850067138671875,-0.010086465626955032,-0.010086465626955032,-0.01608646562695503,close,0,0,4,2022-08-01
2022-08-02,8213,32.37129211425781,0.44690108705980014,0,-0.008141192607581615,-0.005427427124232054,-0.018995946273207664,-0.014925452880561352,-0.014925452880561352,-0.02092545288056135,close,0,0,4,2022-08-01
2022-08-02,1526,38.54446792602539,0.44690108705980014,0,4.808801890021641e-08,0.008245006203651428,-0.00824500061571598,-0.0058892336674034595,-0.0058892336674034595,-0.01188923366740346,close,0,0,4,2022-08-01
2022-08-02,1527,35.70095443725586,0.44690108705980014,0,9.149458435331326e-08,9.149458435331326e-08,-0.01070147380232811,-0.005945212207734585,-0.005945212207734585,-0.011945212207734585,close,0,0,4,2022-08-01
2022-08-02,1532,25.410377502441406,0.44690108705980014,0,-6.509895733586291e-09,-6.509895733586291e-09,-0.01372212078422308,-0.008576336316764355,-0.008576336316764355,-0.014576336316764355,close,0,0,4,2022-08-01
2022-08-02,1540,12.310307502746582,0.44690108705980014,0,1.1353409945513704e-07,0.0071686008013784885,-0.007168305106461048,-0.0035841299686580896,-0.0035841299686580896,-0.00958412996865809,close,0,0,4,2022-08-01
2022-08-02,1513,56.3434944152832,0.44690108705980014,0,1.4678496640385674e-08,0.006791147403419018,-0.035653673112392426,-0.02037351205945015,-0.02,-0.026000000000000002,stop_loss,0,1,4,2022-08-01
2022-08-02,1514,29.36631202697754,0.44690108705980014,0,-0.011695961467921734,0.007309948094189167,-0.021929869428277016,-0.01754390075802803,-0.02,-0.026000000000000002,stop_loss,0,1,4,2022-08-01
2022-08-02,1464,12.01746654510498,0.44690108705980014,1,0.003508815774694085,0.017543885856866837,-0.007017523515969515,0.01052627619355917,0.01052627619355917,0.00452627619355917,close,0,0,4,2022-08-01
2022-08-02,1476,364.0173034667969,0.44690108705980014,1,-9.651308374714063e-08,0.032257966697216034,-0.0049628750421106815,0.017369627952575684,0.03,0.024,take_profit,1,0,4,2022-08-01
2022-08-03,9907,13.782820701599121,0.49108716645267575,1,-2.0294628200190346e-08,0.009374955669045448,-0.006250043865293264,0.009374955669045448,0.009374955669045448,0.003374955669045448,close,0,0,4,2022-08-01
2022-08-03,2478,37.784088134765625,0.49108716645267575,0,-0.003550405614078045,0.0035502577666193247,-0.022485297173261642,-0.00710064684972167,-0.02,-0.026000000000000002,stop_loss,0,1,4,2022-08-01
2022-08-03,2836,11.251605987548828,0.49108716645267575,0,0.011494279839098454,0.011494279839098454,-0.015325650572776794,0.0,0.0,-0.006,close,0,0,4,2022-08-01
2022-08-03,2484,29.63311195373535,0.49108716645267575,1,0.005602100398391485,0.011204254813492298,-0.022409098222851753,0.004201455041766167,-0.02,-0.026000000000000002,stop_loss,0,1,4,2022-08-01
2022-08-03,2614,36.9221305847168,0.49108716645267575,0,0.01244825217872858,0.01244825217872858,-0.029045531526207924,-0.014522702433168888,-0.02,-0.026000000000000002,stop_loss,0,1,4,2022-08-01
2022-08-03,2838,10.549522399902344,0.49108716645267575,0,-0.007721981965005398,-0.003861040808260441,-0.02316601201891899,-0.011583011597394943,-0.02,-0.026000000000000002,stop_loss,0,1,4,2022-08-01
2022-08-03,3014,55.5337028503418,0.49108716645267575,0,0.006106875836849213,0.012213769368827343,-0.019847391173243523,-0.004580216482281685,-0.004580216482281685,-0.010580216482281685,close,0,0,4,2022-08-01
2022-08-03,8489,25.217920303344727,0.49108716645267575,1,-0.003936991561204195,0.023622095584869385,-0.015747984871268272,0.013779575005173683,0.013779575005173683,0.007779575005173683,close,0,0,4,2022-08-01
2022-08-03,1907,21.548433303833008,0.49108716645267575,0,0.008492588996887207,0.008492588996887207,-0.0276008453220129,-0.016985135152935982,-0.02,-0.026000000000000002,stop_loss,0,1,4,2022-08-01
2022-08-03,2610,19.342424392700195,0.49108716645267575,0,-0.009501134045422077,0.00712596345692873,-0.03325410187244415,0.0,-0.02,-0.026000000000000002,stop_loss,0,1,4,2022-08-01
2022-08-03,8069,170.0635986328125,0.49108716645267575,1,-0.013812089338898659,0.041436534374952316,-0.013812089338898659,0.03867410123348236,0.03,0.024,take_profit,1,0,4,2022-08-01
2022-08-03,2612,34.424903869628906,0.49108716645267575,0,-0.006426695734262466,0.0077121020294725895,-0.021850919350981712,-0.003856040770187974,-0.02,-0.026000000000000002,stop_loss,0,1,4,2022-08-01
2022-08-03,2486,24.59708595275879,0.49108716645267575,0,0.005964312236756086,0.00994047150015831,-0.03379712253808975,-0.009940247051417828,-0.02,-0.026000000000000002,stop_loss,0,1,4,2022-08-01
2022-08-03,1590,785.3137817382812,0.49108716645267575,0,-0.0677146464586258,-0.0519951768219471,-0.09915357828140259,-0.09431681782007217,-0.0677146464586258,-0.0737146464586258,gap_stop,0,1,4,2022-08-01
2022-08-03,9946,11.60633659362793,0.49108716645267575,1,-0.0038911348674446344,0.00389092112891376,-0.0038911348674446344,0.00389092112891376,0.00389092112891376,-0.00210907887108624,close,0,0,4,2022-08-01
2022-08-03,9911,53.66386795043945,0.49108716645267575,0,0.003184684319421649,0.004777016583830118,-0.00955415703356266,-0.0063694315031170845,-0.0063694315031170845,-0.012369431503117085,close,0,0,4,2022-08-01
2022-08-03,1595,33.38682174682617,0.49108716645267575,1,0.004166745115071535,0.004166745115071535,0.004166745115071535,0.004166745115071535,0.004166745115071535,-0.001833254884928465,close,0,0,4,2022-08-01
2022-08-03,6122,16.031484603881836,0.49108716645267575,0,0.005089010111987591,0.017811734229326248,-0.03307894989848137,-0.002544581424444914,-0.02,-0.026000000000000002,stop_loss,0,1,4,2022-08-01
2022-08-03,6727,62.30308532714844,0.49108716645267575,1,0.009859126061201096,0.011267662979662418,-0.007042239420115948,0.009859126061201096,0.009859126061201096,0.0038591260612010955,close,0,0,4,2022-08-01
2022-08-03,2492,85.2051010131836,0.49108716645267575,0,0.0031120439525693655,0.004149451851844788,-0.03526967018842697,-0.017634844407439232,-0.02,-0.026000000000000002,stop_loss,0,1,4,2022-08-01
2022-08-04,6461,29.86661720275879,0.4794824162091262,1,0.001631296705454588,0.027732491493225098,0.001631296705454588,0.0195758156478405,0.0195758156478405,0.0135758156478405,close,0,0,4,2022-08-01
2022-08-04,2454,565.6006469726562,0.4794824162091262,1,0.023391971364617348,0.04824577644467354,0.02046799287199974,0.04824577644467354,0.03,0.024,take_profit,1,0,4,2022-08-01
2022-08-04,2465,28.962900161743164,0.4794824162091262,1,0.001524396357126534,0.027438990771770477,0.001524396357126534,0.022865870967507362,0.022865870967507362,0.016865870967507364,close,0,0,4,2022-08-01
2022-08-04,4968,133.5,0.4794824162091262,1,0.01123595517128706,0.048689138144254684,0.00749063678085804,0.033707864582538605,0.03,0.024,take_profit,1,0,4,2022-08-01
2022-08-04,5203,79.04878234863281,0.4794824162091262,1,0.006787177175283432,0.00791838113218546,0.001131069497205317,0.00791838113218546,0.00791838113218546,0.001918381132185459,close,0,0,4,2022-08-01
2022-08-04,3011,21.25,0.4794824162091262,1,0.014117611572146416,0.07764703780412674,0.014117611572146416,0.05882352963089943,0.03,0.024,take_profit,1,0,4,2022-08-01
2022-08-04,4927,54.03641128540039,0.4794824162091262,1,0.0017953355563804507,0.028725318610668182,-0.005385952070355415,0.017953353002667427,0.017953353002667427,0.011953353002667427,close,0,0,4,2022-08-01
2022-08-04,8454,538.1843872070312,0.4780650334168072,1,0.0013813121477141976,0.04972388967871666,0.0013813121477141976,0.04972388967871666,0.03,0.024,take_profit,1,0,4,2022-08-01
2022-08-04,8464,246.07411193847656,0.4780650334168072,1,0.011029387824237347,0.05514703318476677,0.011029387824237347,0.0514705628156662,0.03,0.024,take_profit,1,0,4,2022-08-01
2022-08-04,1215,62.1428108215332,0.4780650334168072,1,5.031183469839107e-09,0.012903192080557346,5.031183469839107e-09,0.011612937785685062,0.011612937785685062,0.005612937785685062,close,0,0,4,2022-08-01
2022-08-04,3555,24.049999237060547,0.4780650334168072,0,-0.029105981811881065,0.016632080078125,-0.029105981811881065,-0.018710970878601074,-0.029105981811881065,-0.035105981811881064,gap_stop,0,1,4,2022-08-01
2022-08-04,3563,128.73629760742188,0.4780650334168072,1,-1.9783003324391757e-07,0.010869365185499191,-1.9783003324391757e-07,0.007246177643537521,0.007246177643537521,0.0012461776435375212,close,0,0,4,2022-08-01
2022-08-04,3537,26.768163681030273,0.4780650334168072,1,-0.001529028289951384,0.009174356237053871,-0.001529028289951384,0.009174356237053871,0.009174356237053871,0.003174356237053871,close,0,0,4,2022-08-01
2022-08-04,3625,18.200000762939453,0.4780650334168072,0,0.0027472106739878654,0.016483474522829056,-0.02747252583503723,-0.0219781044870615,-0.02,-0.026000000000000002,stop_loss,0,1,4,2022-08-01
2022-08-04,3630,28.700000762939453,0.4780650334168072,1,0.0017421336378902197,0.02787453681230545,0.0017421336378902197,0.01567940227687359,0.01567940227687359,0.009679402276873588,close,0,0,4,2022-08-01
2022-08-04,3661,620.572021484375,0.4780650334168072,1,0.01567414589226246,0.03291552886366844,-0.0047020320780575275,0.004702358040958643,0.03,0.024,take_profit,1,0,4,2022-08-01
2022-08-04,3623,17.700000762939453,0.4780650334168072,0,0.039547957479953766,0.04519769549369812,-0.011299477890133858,-0.011299477890133858,0.03,0.024,gap_take_profit,1,0,4,2022-08-01
2022-08-04,1584,17.415264129638672,0.4780650334168072,1,0.012315451167523861,0.04679819196462631,0.012315451167523861,0.01724155619740486,0.03,0.024,take_profit,1,0,4,2022-08-01
2022-08-04,3338,36.97900390625,0.4780650334168072,1,0.015815168619155884,0.043795742094516754,0.015815168619155884,0.029197147116065025,0.03,0.024,take_profit,1,0,4,2022-08-01
2022-08-04,3339,13.100000381469727,0.4780650334168072,1,0.007633544038981199,0.030534321442246437,0.007633544038981199,0.011450352147221565,0.03,0.024,take_profit,1,0,4,2022-08-01
2022-08-05,3312,15.615354537963867,0.4875764717886867,0,0.0,0.01108037494122982,-0.0083102285861969,0.0,0.0,-0.006,close,0,0,4,2022-08-01
2022-08-05,3071,22.107751846313477,0.4875764717886867,1,0.0018903054296970367,0.018903566524386406,-0.009451820515096188,0.018903566524386406,0.018903566524386406,0.012903566524386406,close,0,0,4,2022-08-01
2022-08-05,3466,24.899999618530273,0.4875764717886867,1,0.024096401408314705,0.024096401408314705,-0.01807224377989769,0.0020080781541764736,0.0020080781541764736,-0.0039919218458235265,close,0,0,4,2022-08-01
2022-08-05,6265,12.0,0.4875764717886867,0,-0.004166682716459036,0.03749998286366463,-0.016666650772094727,0.0,0.03,0.024,take_profit,1,0,4,2022-08-01
2022-08-05,8038,39.27638244628906,0.4875764717886867,0,0.0,0.0,-0.05674651637673378,-0.003783094696700573,-0.02,-0.026000000000000002,stop_loss,0,1,4,2022-08-01
2022-08-05,3055,25.034772872924805,0.4875764717886867,1,-2.5867462838391475e-08,0.0018939567962661386,-0.01136363297700882,0.0018939567962661386,0.0018939567962661386,-0.004106043203733862,close,0,0,4,2022-08-01
2022-08-05,6573,16.200000762939453,0.4875764717886867,0,0.003086372511461377,0.018518470227718353,-0.012345725670456886,-0.012345725670456886,-0.012345725670456886,-0.018345725670456885,close,0,0,4,2022-08-01
2022-08-05,8111,14.601019859313965,0.4875764717886867,0,0.01533740945160389,0.01533740945160389,-0.0122698824852705,-0.009202444925904274,-0.009202444925904274,-0.015202444925904274,close,0,0,4,2022-08-01
2022-08-05,2069,18.75017547607422,0.4875764717886867,1,0.009546446613967419,0.04057268053293228,0.009546446613967419,0.026252908632159233,0.03,0.024,take_profit,1,0,4,2022-08-01
2022-08-05,2105,30.982736587524414,0.4875764717886867,0,-0.0014286418445408344,-0.0014286418445408344,-0.014285805635154247,-0.00571439927443862,-0.00571439927443862,-0.01171439927443862,close,0,0,4,2022-08-01
2022-08-05,6509,34.331268310546875,0.4875764717886867,0,-8.114284355542623e-08,0.0025508999824523926,-0.022959301248192787,-0.0063776313327252865,-0.02,-0.026000000000000002,stop_loss,0,1,4,2022-08-01
2022-08-05,2613,23.83540153503418,0.4875764717886867,0,-0.005692632403224707,-0.005692632403224707,-0.030360620468854904,-0.018975378945469856,-0.02,-0.026000000000000002,stop_loss,0,1,4,2022-08-01
2022-08-05,3004,59.18604278564453,0.4875764717886867,1,0.004731825087219477,0.044163938611745834,-2.3828309991813512e-08,0.028391070663928986,0.03,0.024,take_profit,1,0,4,2022-08-01
2022-08-05,6415,539.0218505859375,0.4875764717886867,1,0.00909099169075489,0.049090996384620667,0.007272809743881226,0.04727281257510185,0.03,0.024,take_profit,1,0,4,2022-08-01
2022-08-05,8086,70.1159439086914,0.4875764717886867,1,-0.008474704809486866,0.024011211469769478,-0.00988711230456829,0.02118639647960663,0.02118639647960663,0.015186396479606628,close,0,0,4,2022-08-01
2022-08-05,3591,15.748446464538574,0.4875764717886867,0,-0.01662057265639305,0.008310253731906414,-0.022160669788718224,-0.019390566274523735,-0.02,-0.026000000000000002,stop_loss,0,1,4,2022-08-01
2022-08-05,3592,204.80313110351562,0.4875764717886867,1,-0.023483388125896454,0.009784713387489319,-0.025440335273742676,0.005870818626135588,-0.023483388125896454,-0.029483388125896452,gap_stop,0,1,4,2022-08-01
2022-08-05,3630,29.149999618530273,0.4875764717886867,1,-0.005145784467458725,0.012006874196231365,-0.005145784467458725,0.00686108972877264,0.00686108972877264,0.0008610897287726401,close,0,0,4,2022-08-01
2022-08-05,4560,35.452518463134766,0.4875764717886867,0,-0.0012499808799475431,0.0,-0.005000018980354071,0.0,0.0,-0.006,close,0,0,4,2022-08-01
2022-08-05,9935,15.324246406555176,0.4875764717886867,0,-0.002793184481561184,0.0,-0.008379771374166012,0.0,0.0,-0.006,close,0,0,4,2022-08-01
2022-08-08,2852,12.206040382385254,0.48044975472973744,1,0.01038068626075983,0.017301062121987343,-0.003460197476670146,0.01038068626075983,0.01038068626075983,0.00438068626075983,close,0,0,4,2022-08-01
2022-08-08,2915,51.728092193603516,0.48044975472973744,1,0.005042035598307848,0.02689075469970703,0.00336135970428586,0.02016805112361908,0.02016805112361908,0.01416805112361908,close,0,0,4,2022-08-01
2022-08-08,3002,11.563811302185059,0.48044975472973744,1,0.01673630252480507,0.0962342694401741,0.01673630252480507,0.0962342694401741,0.03,0.024,take_profit,1,0,4,2022-08-01
2022-08-08,3227,84.3118896484375,0.48044975472973744,0,0.0010976858902722597,0.005488482303917408,-0.009879263117909431,-0.003293026704341173,-0.003293026704341173,-0.009293026704341173,close,0,0,4,2022-08-01
2022-08-08,3257,44.32699966430664,0.48044975472973744,0,0.02145044319331646,0.02145044319331646,0.0,0.0,0.0,-0.006,close,0,0,4,2022-08-01
2022-08-08,6693,77.71148681640625,0.48044975472973744,1,-6.22753475454374e-08,0.016627034172415733,-6.22753475454374e-08,0.0071259005926549435,0.0071259005926549435,0.0011259005926549433,close,0,0,4,2022-08-01
2022-08-08,3033,22.571855545043945,0.48044975472973744,1,0.0019120712531730533,0.011472300626337528,0.0019120712531730533,0.00956021063029766,0.00956021063029766,0.0035602106302976607,close,0,0,4,2022-08-01
2022-08-08,6667,59.83438491821289,0.48044975472973744,0,0.001487994217313826,0.0029761057812720537,-0.005952445790171623,0.0,0.0,-0.006,close,0,0,4,2022-08-01
2022-08-08,6763,37.60757064819336,0.48044975472973744,1,0.010830272920429707,0.02045726403594017,0.003610075218603015,0.016847120597958565,0.016847120597958565,0.010847120597958565,close,0,0,4,2022-08-01
2022-08-08,3024,12.430425643920898,0.48044975472973744,1,0.011494221165776253,0.04214560613036156,-0.0038314340636134148,0.022988518700003624,0.03,0.024,take_profit,1,0,4,2022-08-01
2022-08-08,3025,21.973224639892578,0.48044975472973744,0,-0.005012469366192818,0.022556453943252563,-0.015037532895803452,-0.010025001130998135,-0.010025001130998135,-0.016025001130998133,close,0,0,4,2022-08-01
2022-08-08,1810,12.618467330932617,0.48044975472973744,1,3.24549738195401e-08,0.01869153045117855,3.24549738195401e-08,0.01401867438107729,0.01401867438107729,0.00801867438107729,close,0,0,4,2022-08-01
2022-08-08,5508,45.97128677368164,0.48044975472973744,1,0.005016764160245657,0.016722463071346283,0.005016764160245657,0.015050248242914677,0.015050248242914677,0.009050248242914677,close,0,0,4,2022-08-01
2022-08-08,5471,50.21796417236328,0.48044975472973744,0,-0.0053762816824018955,0.0071685356087982655,-0.010752612724900246,-0.0017920384416356683,-0.0017920384416356683,-0.007792038441635668,close,0,0,4,2022-08-01
2022-08-08,6220,23.533817291259766,0.48044975472973744,0,0.014234954491257668,0.02491108514368534,-0.0035586412996053696,-0.001779309008270502,-0.001779309008270502,-0.007779309008270502,close,0,0,4,2022-08-01
2022-08-08,5291,34.358177185058594,0.48044975472973744,1,0.005208264105021954,0.013020843267440796,0.0013020735932514071,0.013020843267440796,0.013020843267440796,0.007020843267440796,close,0,0,4,2022-08-01
2022-08-08,9917,90.70504760742188,0.48044975472973744,1,-5.688742810150416e-09,0.004854363389313221,-0.004854374565184116,0.004854363389313221,0.004854363389313221,-0.0011456366106867791,close,0,0,4,2022-08-01
2022-08-08,2630,14.11086654663086,0.48044975472973744,1,-4.5996042530305203e-08,0.01479287538677454,-4.5996042530305203e-08,0.005917148664593697,0.005917148664593697,-8.285133540630353e-05,close,0,0,4,2022-08-01
2022-08-08,2634,34.194801330566406,0.48044975472973744,1,0.002702465746551752,0.013513315469026566,-0.005405620206147432,0.004053899552673101,0.004053899552673101,-0.0019461004473268987,close,0,0,4,2022-08-01
2022-08-08,3162,42.49346160888672,0.48044975472973744,1,0.01027397345751524,0.042237404733896255,0.004566265735775232,0.022831019014120102,0.03,0.024,take_profit,1,0,4,2022-08-01
2022-08-09,3708,89.67792510986328,0.45824713155138447,0,0.0,0.014705882407724857,-0.009803921915590763,0.0,0.0,-0.006,close,0,0,4,2022-08-01
2022-08-09,2332,16.296154022216797,0.45824713155138447,1,7.550917224818932e-09,0.011730258353054523,-0.002932499162852764,0.0029326260555535555,0.0029326260555535555,-0.0030673739444464446,close,0,0,4,2022-08-01
2022-08-09,1104,17.111038208007812,0.4582280125255704,1,-0.002364169107750058,0.014184306375682354,-0.002364169107750058,0.014184306375682354,0.014184306375682354,0.008184306375682354,close,0,0,4,2022-08-01
2022-08-09,1527,36.50751876831055,0.4582280125255704,1,0.002325576264411211,0.013953483663499355,-0.008139469660818577,0.010465164668858051,0.010465164668858051,0.004465164668858051,close,0,0,4,2022-08-01
2022-08-09,1532,25.671890258789062,0.4582280125255704,1,-0.005093435291200876,0.005093360785394907,-0.005093435291200876,0.0033955289982259274,0.0033955289982259274,-0.0026044710017740728,close,0,0,4,2022-08-01
2022-08-09,9946,11.651495933532715,0.4582280125255704,1,-0.007751792669296265,0.0077520702034235,-0.007751792669296265,0.0038760860916227102,0.0038760860916227102,-0.00212391390837729,close,0,0,4,2022-08-01
2022-08-09,9918,39.37042999267578,0.4582280125255704,0,0.011494295671582222,0.011494295671582222,-0.014942522160708904,-0.002298773266375065,-0.002298773266375065,-0.008298773266375065,close,0,0,4,2022-08-01
2022-08-09,6693,78.26525115966797,0.4582280125255704,0,3.762532685414044e-08,3.762532685414044e-08,-0.01768864132463932,-0.012971732765436172,-0.012971732765436172,-0.01897173276543617,close,0,0,4,2022-08-01
2022-08-09,3219,73.79656219482422,0.4582280125255704,0,0.0,0.0,0.0,0.0,0.0,-0.006,close,0,0,4,2022-08-01
2022-08-09,3041,40.916664123535156,0.4582280125255704,0,-0.006109979934990406,0.00407335115596652,-0.014256589114665985,-0.004073258023709059,-0.004073258023709059,-0.010073258023709059,close,0,0,4,2022-08-01
2022-08-09,3257,44.32699966430664,0.4582280125255704,0,-0.0051072523929178715,0.018386060371994972,-0.014300322160124779,0.0,0.0,-0.006,close,0,0,4,2022-08-01
2022-08-09,3260,50.54473114013672,0.4582280125255704,0,-0.005217359401285648,-0.003478235099464655,-0.012173923663794994,-0.005217359401285648,-0.005217359401285648,-0.011217359401285648,close,0,0,4,2022-08-01
2022-08-09,3306,22.378278732299805,0.4582280125255704,0,0.008196664974093437,0.024590089917182922,-0.008196760900318623,-0.002049236325547099,-0.002049236325547099,-0.0080492363255471,close,0,0,4,2022-08-01
2022-08-09,3013,15.55487060546875,0.4582280125255704,0,0.009493621066212654,0.02531646564602852,-0.009493731893599033,-0.003164594294503331,-0.003164594294503331,-0.009164594294503331,close,0,0,4,2022-08-01
2022-08-09,3162,43.46363067626953,0.4582280125255704,1,1.43518485984373e-08,0.016741100698709488,-0.003348167985677719,0.010044734925031662,0.010044734925031662,0.004044734925031662,close,0,0,4,2022-08-01
2022-08-09,6126,21.176288604736328,0.4582280125255704,0,0.0,0.010940918698906898,-0.004376384429633617,0.0,0.0,-0.006,close,0,0,4,2022-08-01
2022-08-09,5471,50.12797164916992,0.4582280125255704,1,-0.0035906655248254538,0.008976672776043415,-0.007181343622505665,0.005385995376855135,0.005385995376855135,-0.0006140046231448652,close,0,0,4,2022-08-01
2022-08-09,5452,13.55203914642334,0.4582280125255704,1,0.010135005228221416,0.020270178094506264,-0.0033784934785217047,0.013513396494090557,0.013513396494090557,0.007513396494090557,close,0,0,4,2022-08-01
2022-08-09,6134,23.064645767211914,0.4582280125255704,1,-0.008583635091781616,0.06008591130375862,-0.008583635091781616,0.03004295937716961,0.03,0.024,take_profit,1,0,4,2022-08-01
2022-08-09,1809,11.382843017578125,0.4582280125255704,1,0.008438840508460999,0.08438825607299805,0.004219415131956339,0.07172998040914536,0.03,0.024,take_profit,1,0,4,2022-08-01
2022-08-10,6425,20.544408798217773,0.4870448684442362,0,0.002257388085126877,0.002257388085126877,-0.004514690022915602,0.0,0.0,-0.006,close,0,0,4,2022-08-01
2022-08-10,8234,28.819461822509766,0.4870448684442362,1,0.01238398440182209,0.023219851776957512,-0.003095892257988453,0.010836021043360233,0.010836021043360233,0.004836021043360233,close,0,0,4,2022-08-01
2022-08-10,6284,43.756160736083984,0.4870448684442362,1,0.03626953437924385,0.03626953437924385,0.005181415006518364,0.024870503693819046,0.03,0.024,gap_take_profit,1,0,4,2022-08-01
2022-08-10,4560,35.31957244873047,0.4870448684442362,1,0.002509490353986621,0.002509490353986621,2.2539287769518523e-08,0.0012548043159767985,0.0012548043159767985,-0.004745195684023202,close,0,0,4,2022-08-01
2022-08-10,2228,54.4335823059082,0.4870448684442362,1,0.022900767624378204,0.06870229542255402,0.02137407287955284,0.051908425986766815,0.03,0.024,take_profit,1,0,4,2022-08-01
2022-08-10,4541,28.41621971130371,0.4870448684442362,0,0.018425429239869118,0.02177552692592144,-0.028475729748606682,-0.011725311167538166,-0.02,-0.026000000000000002,stop_loss,0,1,4,2022-08-01
2022-08-10,2101,39.03419876098633,0.4870448684442362,1,0.007594888098537922,0.007594888098537922,0.001265774480998516,0.0037974778097122908,0.0037974778097122908,-0.0022025221902877094,close,0,0,4,2022-08-01
2022-08-10,6285,71.70808410644531,0.4870448684442362,0,0.01459839940071106,0.023114291951060295,-0.02068140357732773,-0.008515870198607445,-0.02,-0.026000000000000002,stop_loss,0,1,4,2022-08-01
2022-08-10,1569,22.8128604888916,0.4870448684442362,1,0.021317848935723305,0.034883756190538406,-0.0019379791337996721,0.027131788432598114,0.03,0.024,take_profit,1,0,4,2022-08-01
2022-08-10,2405,13.765366554260254,0.4870448684442362,0,0.003521200269460678,0.007042340934276581,-0.031690068542957306,-0.02464778907597065,-0.02,-0.026000000000000002,stop_loss,0,1,4,2022-08-01
2022-08-10,2406,21.399999618530273,0.4870448684442362,0,0.009345830418169498,0.011682243086397648,-0.002336412901058793,-0.002336412901058793,-0.002336412901058793,-0.008336412901058793,close,0,0,4,2022-08-01
2022-08-10,4720,12.424765586853027,0.4870448684442362,1,0.003636272856965661,0.021818088367581367,0.003636272856965661,0.018181711435317993,0.018181711435317993,0.012181711435317993,close,0,0,4,2022-08-01
2022-08-10,1524,22.8007869720459,0.4870448684442362,0,0.02099231630563736,0.030534300953149796,-0.03244278207421303,-0.0286259725689888,-0.02,-0.026000000000000002,ambiguous_stop_loss,1,1,4,2022-08-01
2022-08-10,3605,36.05632781982422,0.4870448684442362,0,0.009150163270533085,0.01568610966205597,-0.0039217304438352585,-0.0039217304438352585,-0.0039217304438352585,-0.009921730443835259,close,0,0,4,2022-08-01
2022-08-10,1612,13.958538055419922,0.4870448684442362,1,0.015105749480426311,0.02719038724899292,0.009063544683158398,0.012084647081792355,0.012084647081792355,0.0060846470817923545,close,0,0,4,2022-08-01
2022-08-10,9939,65.58756256103516,0.4870448684442362,1,0.005420034751296043,0.00813012383878231,-0.0013550332514569163,0.0013550559524446726,0.0013550559524446726,-0.0046449440475553275,close,0,0,4,2022-08-01
2022-08-10,3339,13.300000190734863,0.4870448684442362,1,0.022556405514478683,0.022556405514478683,0.003759412793442607,0.015037579461932182,0.015037579461932182,0.009037579461932182,close,0,0,4,2022-08-01
2022-08-10,3105,157.71763610839844,0.4870448684442362,1,0.02777779847383499,0.05555557459592819,0.012345698662102222,0.03395063802599907,0.03,0.024,take_profit,1,0,4,2022-08-01
2022-08-10,2409,14.20920181274414,0.4870448684442362,1,0.020905904471874237,0.08013935387134552,0.017421584576368332,0.0662020742893219,0.03,0.024,take_profit,1,0,4,2022-08-01
2022-08-10,9958,95.6075668334961,0.4870448684442362,0,-0.014851500280201435,-0.011881173588335514,-0.022772323340177536,-0.018811911344528198,-0.02,-0.026000000000000002,stop_loss,0,1,4,2022-08-01
2022-08-11,6465,23.899999618530273,0.4729605029999363,0,0.04811713844537735,0.06903763860464096,-0.0397489070892334,-0.0397489070892334,0.03,0.024,gap_take_profit,1,1,4,2022-08-01
2022-08-11,1506,15.550000190734863,0.4729605029999363,0,-0.0096463393419981,-0.006430892739444971,-0.035369787365198135,-0.02572350949048996,-0.02,-0.026000000000000002,stop_loss,0,1,4,2022-08-01
2022-08-11,6221,33.39033889770508,0.4729605029999363,0,0.050505101680755615,0.06060612574219704,-0.048821546137332916,-0.026936013251543045,0.03,0.024,gap_take_profit,1,1,4,2022-08-01
2022-08-11,1477,146.58860778808594,0.4729605029999363,1,0.01120453979820013,0.03361351042985916,-0.008403354324400425,0.030812345445156097,0.03,0.024,take_profit,1,0,4,2022-08-01
2022-08-11,6138,114.49246215820312,0.4729605029999363,1,0.011363569647073746,0.07575750350952148,-6.63960904034866e-08,0.049242354929447174,0.03,0.024,take_profit,1,0,4,2022-08-01
2022-08-11,6143,48.49845504760742,0.4729605029999363,1,4.018557042684279e-09,0.028777023777365685,-0.023381277918815613,0.007194276433438063,-0.02,-0.026000000000000002,stop_loss,0,1,4,2022-08-01
2022-08-11,5371,56.434356689453125,0.4729605029999363,1,0.009389671497046947,0.03599369153380394,-0.010954604484140873,0.025039123371243477,0.03,0.024,take_profit,1,0,4,2022-08-01
2022-08-11,3527,106.52967071533203,0.4729605029999363,1,0.008547027595341206,0.029914548620581627,-0.025641007348895073,0.01709403656423092,-0.02,-0.026000000000000002,stop_loss,0,1,4,2022-08-01
2022-08-11,4545,27.36334228515625,0.4729605029999363,0,-0.0016233426285907626,-0.0016233426285907626,-0.05194799602031708,-0.042207758873701096,-0.02,-0.026000000000000002,stop_loss,0,1,4,2022-08-01
2022-08-11,3346,32.78676986694336,0.4729605029999363,1,0.03735627606511116,0.09770116955041885,0.010057511739432812,0.07327581197023392,0.03,0.024,gap_take_profit,1,0,4,2022-08-01
2022-08-11,3073,30.149999618530273,0.4729605029999363,0,-0.05638470500707626,-0.023217208683490753,-0.05638470500707626,-0.023217208683490753,-0.05638470500707626,-0.06238470500707626,gap_stop,0,1,4,2022-08-01
2022-08-11,2495,14.967694282531738,0.4729605029999363,1,0.03614459186792374,0.04819271340966225,-0.021084368228912354,0.006024110596626997,0.03,0.024,gap_take_profit,1,1,4,2022-08-01
2022-08-11,8996,82.41297912597656,0.4729605029999363,0,0.00821597222238779,0.03286384046077728,-0.05516432598233223,-0.04577462002635002,-0.02,-0.026000000000000002,ambiguous_stop_loss,1,1,4,2022-08-01
2022-08-11,3529,1198.6890869140625,0.4729605029999363,1,0.016260117292404175,0.09756092727184296,-0.008130124770104885,0.06910564750432968,0.03,0.024,take_profit,1,0,4,2022-08-01
2022-08-11,3498,26.555374145507812,0.4729605029999363,1,0.04332119971513748,0.07581215351819992,0.021660536527633667,0.04693131893873215,0.03,0.024,gap_take_profit,1,0,4,2022-08-01
2022-08-11,2331,19.15601348876953,0.47291076427756024,1,0.0072288792580366135,0.021686766296625137,-1.7670737761932287e-08,0.021686766296625137,0.021686766296625137,0.01568676629662514,close,0,0,4,2022-08-01
2022-08-11,6214,63.3752555847168,0.47289156748721056,0,-4.094772965146376e-09,-4.094772965146376e-09,-0.0041436925530433655,-0.0041436925530433655,-0.0041436925530433655,-0.010143692553043366,close,0,0,4,2022-08-01
2022-08-11,1732,29.0775203704834,0.47289156748721056,1,0.0017035015625879169,0.07325376570224762,0.0017035015625879169,0.056217990815639496,0.03,0.024,take_profit,1,0,4,2022-08-01
2022-08-11,5388,92.64590454101562,0.47289156748721056,0,0.009569322690367699,0.0287080779671669,-0.023923497647047043,-0.01913880929350853,-0.02,-0.026000000000000002,stop_loss,0,1,4,2022-08-01
2022-08-11,4952,48.414390563964844,0.47289156748721056,1,0.006992951035499573,0.038461536169052124,0.0034965011291205883,0.034965019673109055,0.03,0.024,take_profit,1,0,4,2022-08-01
2022-08-12,3694,19.573596954345703,0.4839932168075639,1,0.07055975496768951,0.09975685179233551,0.0559612475335598,0.09975685179233551,0.03,0.024,gap_take_profit,1,0,4,2022-08-01
2022-08-12,6533,292.59783935546875,0.4839932168075639,1,0.03918235003948212,0.07325389981269836,0.022146571427583694,0.059625279158353806,0.03,0.024,gap_take_profit,1,0,4,2022-08-01
2022-08-12,2468,13.837892532348633,0.4839932168075639,1,0.05369124189019203,0.09731543809175491,0.05369124189019203,0.09731543809175491,0.03,0.024,gap_take_profit,1,0,4,2022-08-01
2022-08-12,1449,13.52303695678711,0.4839932168075639,1,0.07843134552240372,0.0980391874909401,0.06862745434045792,0.0980391874909401,0.03,0.024,gap_take_profit,1,0,4,2022-08-01
2022-08-12,4961,152.09564208984375,0.4839932168075639,1,0.02127670869231224,0.06382989883422852,0.02127670869231224,0.05106393247842789,0.03,0.024,take_profit,1,0,4,2022-08-01
2022-08-12,2061,19.5,0.4839932168075639,0,-0.0871795266866684,-0.07692307978868484,-0.10256410390138626,-0.09487181156873703,-0.0871795266866684,-0.0931795266866684,gap_stop,0,1,4,2022-08-01
2022-08-12,6426,75.62035369873047,0.4839932168075639,1,0.04689479619264603,0.04689479619264603,-0.019011374562978745,0.041825070977211,0.03,0.024,gap_take_profit,1,0,4,2022-08-01
2022-08-12,6643,235.81239318847656,0.4839932168075639,1,0.02204713225364685,0.09606289118528366,0.02204713225364685,0.08031492680311203,0.03,0.024,take_profit,1,0,4,2022-08-01
2022-08-12,2027,28.7956600189209,0.4839932168075639,1,0.01277132984250784,0.031928420066833496,-0.002554340520873666,0.019157104194164276,0.03,0.024,take_profit,1,0,4,2022-08-01
2022-08-12,2028,22.992822647094727,0.4839932168075639,1,0.04365081340074539,0.08531752973794937,0.001984175993129611,0.07936516404151917,0.03,0.024,gap_take_profit,1,0,4,2022-08-01
2022-08-12,5475,12.300000190734863,0.4839932168075639,1,0.032520294189453125,0.09756095707416534,0.016260147094726562,0.09756095707416534,0.03,0.024,gap_take_profit,1,0,4,2022-08-01
2022-08-12,6248,18.119239807128906,0.4839932168075639,0,0.006818245630711317,0.009091025218367577,-0.02272719331085682,-0.01590902917087078,-0.02,-0.026000000000000002,stop_loss,0,1,4,2022-08-01
2022-08-12,2543,5.550662994384766,0.4839932168075639,1,0.09933041036128998,0.09933041036128998,0.062499966472387314,0.09933041036128998,0.03,0.024,gap_take_profit,1,0,4,2022-08-01
2022-08-12,3046,29.06658935546875,0.4839932168075639,0,0.012269940227270126,0.06748464703559875,-0.01687118411064148,-0.003067536512389779,0.03,0.024,take_profit,1,0,4,2022-08-01
2022-08-12,3035,160.9374542236328,0.4839932168075639,1,0.02346041612327099,0.0498533770442009,0.017595313489437103,0.04398827627301216,0.03,0.024,take_profit,1,0,4,2022-08-01
2022-08-12,3051,15.578163146972656,0.4839932168075639,1,0.005570800043642521,0.058495622128248215,0.005570800043642521,0.013927428983151913,0.03,0.024,take_profit,1,0,4,2022-08-01
2022-08-12,4977,82.42611694335938,0.4791722434311178,0,2.5522520985532537e-08,0.005482494831085205,-0.007675397675484419,-0.004385882057249546,-0.004385882057249546,-0.010385882057249546,close,0,0,4,2022-08-01
2022-08-12,1784,35.4022331237793,0.4791722434311178,0,-0.009864394553005695,-0.0012331514153629541,-0.012330508790910244,-0.0036991608794778585,-0.0036991608794778585,-0.009699160879477859,close,0,0,4,2022-08-01
2022-08-12,1709,21.492578506469727,0.4791722434311178,1,0.013725372962653637,0.0254900474101305,0.011764544062316418,0.015686126425862312,0.015686126425862312,0.009686126425862312,close,0,0,4,2022-08-01
2022-08-12,3691,145.8046875,0.4791722434311178,1,0.0032786503434181213,0.03606557473540306,-0.009836056269705296,0.029508167877793312,0.03,0.024,take_profit,1,0,4,2022-08-01
2022-08-15,3675,181.68914794921875,0.4726060738048668,0,0.004454378504306078,0.03563476353883743,-0.03563470020890236,-0.020044544711709023,-0.02,-0.026000000000000002,ambiguous_stop_loss,1,1,4,2022-08-01
2022-08-15,2419,28.947919845581055,0.4726060738048668,0,0.016420360654592514,0.031198648735880852,-0.03940889239311218,-0.034482795745134354,-0.02,-0.026000000000000002,ambiguous_stop_loss,1,1,4,2022-08-01
2022-08-15,2543,6.102012634277344,0.4726060738048668,0,0.030456792563199997,0.035532936453819275,-0.03350261598825455,0.0,0.03,0.024,gap_take_profit,1,1,4,2022-08-01
2022-08-15,6517,37.62923812866211,0.4726060738048668,1,0.02638189308345318,0.06155781075358391,-0.0364321805536747,0.011306554079055786,-0.02,-0.026000000000000002,ambiguous_stop_loss,1,1,4,2022-08-01
2022-08-15,1449,14.848824501037598,0.4726060738048668,1,6.366602889329442e-08,0.09821432828903198,-0.008928476832807064,0.09821432828903198,0.03,0.024,take_profit,1,0,4,2022-08-01
2022-08-15,2017,12.551132202148438,0.4726060738048668,0,-0.007168432231992483,-0.007168432231992483,-0.03942649066448212,-0.02867382951080799,-0.02,-0.026000000000000002,stop_loss,0,1,4,2022-08-01
2022-08-15,5475,13.5,0.4726060738048668,0,0.014814800582826138,0.022222235798835754,-0.0555555559694767,-0.04074075445532799,-0.02,-0.026000000000000002,stop_loss,0,1,4,2022-08-01
2022-08-15,6104,122.63301086425781,0.4726060738048668,1,0.011494282633066177,0.04980846121907234,-0.015325642190873623,0.007662864401936531,0.03,0.024,take_profit,1,0,4,2022-08-01
2022-08-15,2349,8.319999694824219,0.4726060738048668,1,0.0012019505957141519,0.0805288553237915,0.0012019505957141519,0.04687504470348358,0.03,0.024,take_profit,1,0,4,2022-08-01
2022-08-15,8033,18.017864227294922,0.4726060738048668,0,0.0,0.0,-0.02989133633673191,-0.008152182213962078,-0.02,-0.026000000000000002,stop_loss,0,1,4,2022-08-01
2022-08-15,6233,25.1116886138916,0.4726060738048668,0,0.013384424149990082,0.04015309736132622,-0.0038240193389356136,-0.0019119295757263899,0.03,0.024,take_profit,1,0,4,2022-08-01
2022-08-15,6719,298.61376953125,0.4726060738048668,0,0.03134780004620552,0.04075218737125397,-0.0235111266374588,-0.01724153384566307,0.03,0.024,gap_take_profit,1,1,4,2022-08-01
2022-08-15,3533,683.8218994140625,0.4726060738048668,0,-0.0013421617913991213,0.00805379543453455,-0.028187861666083336,-0.010738201439380646,-0.02,-0.026000000000000002,stop_loss,0,1,4,2022-08-01
2022-08-15,3694,21.52619743347168,0.4726060738048668,0,-9.61425925538606e-08,0.026548590511083603,-0.02212398685514927,-0.00442489143460989,-0.02,-0.026000000000000002,stop_loss,0,1,4,2022-08-01
2022-08-15,5274,1867.9576416015625,0.4726060738048668,0,-4.6678295007041015e-08,0.03367870673537254,-0.005181393586099148,-0.0025907200761139393,0.03,0.024,take_profit,1,0,4,2022-08-01
2022-08-15,8936,19.913562774658203,0.4726060738048668,1,0.004640443716198206,0.01856161095201969,-0.023201804608106613,0.009280833415687084,-0.02,-0.026000000000000002,stop_loss,0,1,4,2022-08-01
2022-08-15,2468,15.18453311920166,0.4726060738048668,1,0.03975538909435272,0.09785941243171692,0.009174348786473274,0.09785941243171692,0.03,0.024,gap_take_profit,1,0,4,2022-08-01
2022-08-15,6591,42.57117462158203,0.4726060738048668,0,0.017489824444055557,0.02057630568742752,-0.031892839819192886,-0.031892839819192886,-0.02,-0.026000000000000002,stop_loss,0,1,4,2022-08-01
2022-08-15,1907,21.731435775756836,0.4677956978870611,0,0.00842116866260767,0.04210535064339638,-0.0042104595340788364,-0.0042104595340788364,0.03,0.024,take_profit,1,0,4,2022-08-01
2022-08-15,3617,73.98796844482422,0.4677956978870611,0,0.010404621250927448,0.019653139635920525,-0.002312185475602746,-0.002312185475602746,-0.002312185475602746,-0.008312185475602746,close,0,0,4,2022-08-01
2022-08-16,2331,22.756420135498047,0.4726060738048668,1,0.012170504778623581,0.042596470564603806,-0.010141916573047638,0.042596470564603806,0.03,0.024,take_profit,1,0,4,2022-08-01
2022-08-16,3701,47.48518371582031,0.4726060738048668,1,0.03370792046189308,0.07865176349878311,0.015321843326091766,0.021450510248541832,0.03,0.024,gap_take_profit,1,0,4,2022-08-01
2022-08-16,8072,23.593231201171875,0.4726060738048668,1,-0.01757810078561306,0.025390665978193283,-0.03515618294477463,0.00781251024454832,-0.02,-0.026000000000000002,stop_loss,0,1,4,2022-08-01
2022-08-16,6133,22.085786819458008,0.4726060738048668,1,0.021881844848394394,0.09846827387809753,0.01094092521816492,0.09846827387809753,0.03,0.024,take_profit,1,0,4,2022-08-01
2022-08-16,1795,152.67567443847656,0.4726060738048668,1,0.003095943946391344,0.05882349610328674,-0.009287957102060318,0.04024764522910118,0.03,0.024,take_profit,1,0,4,2022-08-01
2022-08-16,3066,30.350000381469727,0.4726060738048668,1,0.09884672611951828,0.09884672611951828,0.09884672611951828,0.09884672611951828,0.03,0.024,gap_take_profit,1,0,4,2022-08-01
2022-08-16,3051,17.357282638549805,0.4726060738048668,1,0.05000002682209015,0.07500002533197403,0.014999988488852978,0.05000002682209015,0.03,0.024,gap_take_profit,1,0,4,2022-08-01
2022-08-16,2468,16.670482635498047,0.4726060738048668,1,0.02785513550043106,0.04456818476319313,-0.025069694966077805,0.008356507867574692,-0.02,-0.026000000000000002,ambiguous_stop_loss,1,1,4,2022-08-01
2022-08-16,6461,32.69249725341797,0.4726060738048668,1,0.0491802804172039,0.053651269525289536,0.008941859006881714,0.01341272983700037,0.03,0.024,gap_take_profit,1,0,4,2022-08-01
2022-08-16,2497,71.770751953125,0.4726060738048668,0,0.015464003197848797,0.021907301619648933,-0.006443273741751909,-0.0038658950943499804,-0.0038658950943499804,-0.00986589509434998,close,0,0,4,2022-08-01
2022-08-16,1449,16.307191848754883,0.4726060738048668,1,0.0731707438826561,0.09756089746952057,0.040650300681591034,0.09756089746952057,0.03,0.024,gap_take_profit,1,0,4,2022-08-01
2022-08-16,3709,23.591936111450195,0.4677956978870611,0,-0.0019230381585657597,0.0057692257687449455,-0.0019230381585657597,-0.0019230381585657597,-0.0019230381585657597,-0.00792303815856576,close,0,0,4,2022-08-01
2022-08-16,6164,12.898508071899414,0.4677956978870611,0,0.00790512003004551,0.03557310253381729,-0.00790515635162592,-0.0039525870233774185,0.03,0.024,take_profit,1,0,4,2022-08-01
2022-08-16,6492,61.0,0.4677956978870611,0,0.008196720853447914,0.009836040437221527,-0.006557402200996876,-0.006557402200996876,-0.006557402200996876,-0.012557402200996876,close,0,0,4,2022-08-01
2022-08-16,4915,58.88520050048828,0.46687491373399026,0,-0.008746270090341568,0.0014577674446627498,-0.033527567982673645,-0.02040812373161316,-0.02,-0.026000000000000002,stop_loss,0,1,4,2022-08-01
2022-08-16,5009,25.14116859436035,0.46687491373399026,0,0.01186443492770195,0.027118634432554245,-0.008474561385810375,-0.008474561385810375,-0.008474561385810375,-0.014474561385810375,close,0,0,4,2022-08-01
2022-08-16,3703,24.81804084777832,0.46687491373399026,1,0.008488974533975124,0.018675705417990685,-0.0016978213097900152,0.006791142746806145,0.006791142746806145,0.0007911427468061446,close,0,0,4,2022-08-01
2022-08-16,4551,138.94960021972656,0.46687491373399026,0,0.003246661741286516,0.009740167297422886,-0.02597411535680294,-0.006493596825748682,-0.02,-0.026000000000000002,stop_loss,0,1,4,2022-08-01
2022-08-16,2337,30.960689544677734,0.46687491373399026,0,-0.007518742699176073,-0.0015036816475912929,-0.018045013770461082,-0.013533803634345531,-0.013533803634345531,-0.01953380363434553,close,0,0,4,2022-08-01
2022-08-16,2455,67.26811218261719,0.46687491373399026,1,-6.020473009016314e-09,0.01262262836098671,-0.007012628484517336,0.007012616377323866,0.007012616377323866,0.0010126163773238658,close,0,0,4,2022-08-01
2022-08-17,2020,16.86579132080078,0.4722467994976953,1,-1.19976434120872e-07,0.008298697881400585,-0.00414943415671587,0.0020746320951730013,0.0020746320951730013,-0.003925367904826999,close,0,0,4,2022-08-01
2022-08-17,2337,30.54167366027832,0.4722467994976953,0,-0.003048655344173312,-0.003048655344173312,-0.018292559310793877,-0.003048655344173312,-0.003048655344173312,-0.009048655344173312,close,0,0,4,2022-08-01
2022-08-17,4105,61.39820098876953,0.4722467994976953,1,-0.00564972497522831,0.009886976331472397,-0.00564972497522831,0.00564964534714818,0.00564964534714818,-0.0003503546528518201,close,0,0,4,2022-08-01
2022-08-17,3703,24.986583709716797,0.4722467994976953,1,0.0016864014323800802,0.011804419569671154,-0.003372672013938427,0.006745410617440939,0.006745410617440939,0.0007454106174409388,close,0,0,4,2022-08-01
2022-08-17,3189,124.09293365478516,0.4722467994976953,1,-0.011278199031949043,0.011278192512691021,-0.033834587782621384,0.007518793921917677,-0.02,-0.026000000000000002,stop_loss,0,1,4,2022-08-01
2022-08-17,6546,117.76608276367188,0.4722467994976953,1,-0.014814739115536213,0.09259267896413803,-0.014814739115536213,0.06666675209999084,0.03,0.024,take_profit,1,0,4,2022-08-01
2022-08-17,2753,138.36517333984375,0.4722467994976953,1,0.0031746134627610445,0.038095247000455856,-0.003174592973664403,0.019047629088163376,0.03,0.024,take_profit,1,0,4,2022-08-01
2022-08-17,6143,49.283504486083984,0.4722467994976953,1,-0.007079690229147673,0.07964599877595901,-0.007079690229147673,0.047787606716156006,0.03,0.024,take_profit,1,0,4,2022-08-01
2022-08-17,2801,14.587127685546875,0.4722467994976953,0,0.002824896713718772,0.002824896713718772,-0.005649654660373926,-0.002824844093993306,-0.002824844093993306,-0.008824844093993306,close,0,0,4,2022-08-01
2022-08-17,1513,59.30894088745117,0.4722467994976953,1,-0.0016128605930134654,0.032258082181215286,-0.014516135677695274,0.032258082181215286,0.03,0.024,take_profit,1,0,4,2022-08-01
2022-08-17,6153,24.31031608581543,0.4722467994976953,1,-3.6319431906406408e-09,0.014084490947425365,-0.004024189431220293,0.006036197301000357,0.006036197301000357,3.619730100035655e-05,close,0,0,4,2022-08-01
2022-08-17,8183,56.177589416503906,0.47222760551264364,1,-0.006259921006858349,0.018779175356030464,-0.014084645546972752,0.012519371695816517,0.012519371695816517,0.006519371695816517,close,0,0,4,2022-08-01
2022-08-17,8289,32.255470275878906,0.47222760551264364,1,0.013959387317299843,0.04568527638912201,0.011421258561313152,0.038071081042289734,0.03,0.024,take_profit,1,0,4,2022-08-01
2022-08-17,8926,30.11016082763672,0.47222760551264364,1,-1.7883964531506535e-08,0.026809560135006905,-0.0013405366335064173,0.017426270991563797,0.017426270991563797,0.011426270991563797,close,0,0,4,2022-08-01
2022-08-17,3587,107.08678436279297,0.47222760551264364,1,0.01612907648086548,0.03629034757614136,-0.008064484223723412,0.01612907648086548,0.03,0.024,take_profit,1,0,4,2022-08-01
2022-08-17,1434,23.92881965637207,0.47222760551264364,0,4.9809866453642826e-08,4.9809866453642826e-08,-0.005524798296391964,-0.00368320569396019,-0.00368320569396019,-0.00968320569396019,close,0,0,4,2022-08-01
2022-08-17,1526,47.942230224609375,0.47222760551264364,1,-2.515791130974776e-08,0.028409065678715706,-0.009469722397625446,0.013257564976811409,0.013257564976811409,0.007257564976811409,close,0,0,4,2022-08-01
2022-08-17,1721,16.785423278808594,0.47222760551264364,1,-0.0029585263691842556,0.020710090175271034,-0.008875709027051926,0.020710090175271034,0.020710090175271034,0.014710090175271034,close,0,0,4,2022-08-01
2022-08-17,8215,27.870895385742188,0.47222760551264364,1,-0.0016077676555141807,0.03215426579117775,-0.012861737981438637,0.03054657205939293,0.03,0.024,take_profit,1,0,4,2022-08-01
2022-08-17,8261,92.87440490722656,0.47222760551264364,1,0.02870815061032772,0.09569379687309265,0.019138773903250694,0.09569379687309265,0.03,0.024,take_profit,1,0,4,2022-08-01
2022-08-18,3015,32.77269744873047,0.49021166343827943,1,0.002564030699431896,0.0038461601361632347,-0.0012820643605664372,0.0038461601361632347,0.0038461601361632347,-0.0021538398638367654,close,0,0,4,2022-08-01
2022-08-18,3024,12.57330322265625,0.49021166343827943,1,0.007575798314064741,0.04166669398546219,0.007575798314064741,0.026515193283557892,0.03,0.024,take_profit,1,0,4,2022-08-01
2022-08-18,3090,40.70184326171875,0.49021166343827943,1,-1.112737564312738e-07,0.0020059526432305574,-0.0020060986280441284,0.0020059526432305574,0.0020059526432305574,-0.003994047356769443,close,0,0,4,2022-08-01
2022-08-18,3236,19.708158493041992,0.49021166343827943,0,0.00420166552066803,0.00420166552066803,-0.012605086900293827,0.0,0.0,-0.006,close,0,0,4,2022-08-01
2022-08-18,3209,31.206758499145508,0.49021166343827943,1,0.00383140635676682,0.011494222097098827,0.0012771670008078218,0.008939982391893864,0.008939982391893864,0.0029399823918938636,close,0,0,4,2022-08-01
2022-08-18,3052,9.268369674682617,0.49021166343827943,0,0.0,0.0047393436543643475,-0.009478687308728695,0.0,0.0,-0.006,close,0,0,4,2022-08-01
2022-08-18,3305,49.82063674926758,0.49021166343827943,1,0.005434810649603605,0.02355075255036354,0.005434810649603605,0.007246377412229776,0.007246377412229776,0.0012463774122297763,close,0,0,4,2022-08-01
2022-08-18,3050,14.80243968963623,0.49021166343827943,0,0.003086430486291647,0.006172803230583668,-0.015432099811732769,-0.009259295649826527,-0.009259295649826527,-0.015259295649826527,close,0,0,4,2022-08-01
2022-08-18,6603,17.14142608642578,0.49021166343827943,1,0.010638382285833359,0.02659582905471325,-0.00531906308606267,0.0026596065144985914,0.0026596065144985914,-0.0033403934855014087,close,0,0,4,2022-08-01
2022-08-18,6541,151.018798828125,0.49021166343827943,0,0.0077821253798902035,0.015564250759780407,-0.013618643395602703,-0.009727630764245987,-0.009727630764245987,-0.015727630764245985,close,0,0,4,2022-08-01
2022-08-18,6573,16.200000762939453,0.49021166343827943,0,0.0,0.006172745022922754,-0.006172862835228443,0.0,0.0,-0.006,close,0,0,4,2022-08-01
2022-08-18,3234,26.327756881713867,0.49021166343827943,0,0.01779360882937908,0.03736657276749611,-0.010676193982362747,-0.0035587071906775236,0.03,0.024,take_profit,1,0,4,2022-08-01
2022-08-18,2023,14.721169471740723,0.49021166343827943,1,0.003067451762035489,0.003067451762035489,-0.009202455170452595,0.003067451762035489,0.003067451762035489,-0.002932548237964511,close,0,0,4,2022-08-01
2022-08-18,1809,11.863131523132324,0.49021166343827943,1,8.800058282076861e-08,0.02834012359380722,8.800058282076861e-08,0.02834012359380722,0.02834012359380722,0.022340123593807222,close,0,0,4,2022-08-01
2022-08-18,2028,25.866928100585938,0.49021166343827943,0,0.0017635533586144447,0.007054544519633055,-0.02292776107788086,-0.01234577875584364,-0.02,-0.026000000000000002,stop_loss,0,1,4,2022-08-01
2022-08-18,1584,19.13105583190918,0.49021166343827943,0,0.016419200226664543,0.016419200226664543,-0.03220228850841522,-0.029886892065405846,-0.02,-0.026000000000000002,stop_loss,0,1,4,2022-08-01
2022-08-18,6148,12.137022972106934,0.49021166343827943,1,0.018587293103337288,0.022304778918623924,-0.007434967905282974,0.007434905506670475,0.007434905506670475,0.0014349055066704749,close,0,0,4,2022-08-01
2022-08-18,1587,22.800905227661133,0.49021166343827943,0,0.003906289581209421,0.027343790978193283,-0.00585935590788722,0.0,0.0,-0.006,close,0,0,4,2022-08-01
2022-08-18,3354,17.0474853515625,0.49021166343827943,0,4.296029842976168e-08,0.0028329691849648952,-0.008498519659042358,-0.008498519659042358,-0.008498519659042358,-0.014498519659042359,close,0,0,4,2022-08-01
2022-08-18,3540,26.825544357299805,0.49021166343827943,1,0.014545408077538013,0.023636316880583763,-0.0072727869264781475,0.010909030213952065,0.010909030213952065,0.004909030213952064,close,0,0,4,2022-08-01
2022-08-19,9958,81.88172912597656,0.443821925927256,0,-0.01734107919037342,-0.001156090758740902,-0.024277476593852043,-0.003468282287940383,-0.02,-0.026000000000000002,stop_loss,0,1,4,2022-08-01
2022-08-19,1101,36.332523345947266,0.443821925927256,0,-0.0050697955302894115,-0.0050697955302894115,-0.010139523074030876,-0.0076046111062169075,-0.0076046111062169075,-0.013604611106216908,close,0,0,4,2022-08-01
2022-08-19,8438,27.00102424621582,0.443821925927256,1,-0.005016737151890993,0.053511690348386765,-0.028428133577108383,0.03846149891614914,-0.02,-0.026000000000000002,ambiguous_stop_loss,1,1,4,2022-08-01
2022-08-19,8464,266.8818359375,0.443821925927256,1,-0.01864400878548622,0.016949214041233063,-0.01864400878548622,0.016949214041233063,0.016949214041233063,0.010949214041233063,close,0,0,4,2022-08-01
2022-08-19,8473,29.064254760742188,0.443821925927256,1,0.011400577612221241,0.052117183804512024,0.011400577612221241,0.042345210909843445,0.03,0.024,take_profit,1,0,4,2022-08-01
2022-08-19,8476,47.493228912353516,0.443821925927256,0,0.0,0.005357108078896999,0.0,0.0,0.0,-0.006,close,0,0,4,2022-08-01
2022-08-19,8489,27.60071563720703,0.443821925927256,0,1.187294440541109e-08,1.187294440541109e-08,-0.003597055794671178,-0.003597055794671178,-0.003597055794671178,-0.009597055794671178,close,0,0,4,2022-08-01
2022-08-19,8908,56.802406311035156,0.443821925927256,0,-0.00488409586250782,0.007325966376811266,-0.012210107408463955,-0.007326057646423578,-0.007326057646423578,-0.013326057646423578,close,0,0,4,2022-08-01
2022-08-19,8926,30.634868621826172,0.443821925927256,1,-0.0026351839769631624,0.0052699432708323,-0.009222752414643764,0.003952496685087681,0.003952496685087681,-0.0020475033149123193,close,0,0,4,2022-08-01
2022-08-19,8374,31.053491592407227,0.443821925927256,1,0.012578782625496387,0.04088060185313225,0.0031447832006961107,0.028302054852247238,0.03,0.024,take_profit,1,0,4,2022-08-01
2022-08-19,8383,33.08491134643555,0.443821925927256,1,-6.458269297127117e-08,0.02975407801568508,-6.458269297127117e-08,0.02199213206768036,0.02199213206768036,0.01599213206768036,close,0,0,4,2022-08-01
2022-08-19,8390,32.417903900146484,0.443821925927256,0,-0.0032624804880470037,-0.0032624804880470037,-0.014681732282042503,-0.009787767194211483,-0.009787767194211483,-0.01578776719421148,close,0,0,4,2022-08-01
2022-08-19,8404,27.578407287597656,0.443821925927256,0,-0.019047625362873077,-0.004761930089443922,-0.019047625362873077,-0.011111120693385601,-0.011111120693385601,-0.0171111206933856,close,0,0,4,2022-08-01
2022-08-19,8415,30.28145980834961,0.443821925927256,1,-7.14891257302952e-08,0.03299853578209877,-0.0014347698306664824,0.031563837081193924,0.03,0.024,take_profit,1,0,4,2022-08-01
2022-08-19,8422,152.66871643066406,0.443821925927256,0,-0.005602236837148666,4.211252679908739e-09,-0.005602236837148666,-0.0028011163230985403,-0.0028011163230985403,-0.00880111632309854,close,0,0,4,2022-08-01
2022-08-19,8431,55.79753875732422,0.443821925927256,0,2.6858371526827796e-08,2.6858371526827796e-08,-0.012389367446303368,-0.00884953048080206,-0.00884953048080206,-0.01484953048080206,close,0,0,4,2022-08-01
2022-08-19,8436,124.11932373046875,0.443821925927256,1,9.980080761806676e-09,0.022388070821762085,-0.0037313334178179502,0.011194040067493916,0.011194040067493916,0.005194040067493915,close,0,0,4,2022-08-01
2022-08-19,8249,21.479856491088867,0.443821925927256,1,5.438203487528881e-08,0.00677203806117177,-0.00677192909643054,0.004514710046350956,0.004514710046350956,-0.0014852899536490442,close,0,0,4,2022-08-01
2022-08-19,8255,182.2711944580078,0.443821925927256,0,-0.01298698503524065,-0.007792145479470491,-0.03896094486117363,-0.028571344912052155,-0.02,-0.026000000000000002,stop_loss,0,1,4,2022-08-01
2022-08-19,8261,103.5394058227539,0.443821925927256,0,-0.01716737449169159,0.0042918529361486435,-0.03862660378217697,-0.034334756433963776,-0.02,-0.026000000000000002,stop_loss,0,1,4,2022-08-01
2022-08-22,9955,20.899999618530273,0.43560974718044115,1,-0.004784707445651293,0.05741630494594574,-0.004784707445651293,0.03588516637682915,0.03,0.024,take_profit,1,0,4,2022-08-01
2022-08-22,9919,17.02472686767578,0.43560974718044115,0,0.019886385649442673,0.019886385649442673,-0.008522705174982548,0.0,0.0,-0.006,close,0,0,4,2022-08-01
2022-08-22,9941,143.1361083984375,0.43560974718044115,0,0.002958628349006176,0.002958628349006176,-0.02366860955953598,-0.02366860955953598,-0.02,-0.026000000000000002,stop_loss,0,1,4,2022-08-01
2022-08-22,1524,22.452682495117188,0.43560974718044115,1,-0.001937941531650722,0.027131827548146248,-0.013565819710493088,0.025193871930241585,0.025193871930241585,0.019193871930241586,close,0,0,4,2022-08-01
2022-08-22,1536,72.29591369628906,0.43560974718044115,1,-0.020887605845928192,0.006527520716190338,-0.031331513077020645,0.0026111311744898558,-0.020887605845928192,-0.02688760584592819,gap_stop,0,1,4,2022-08-01
2022-08-22,1560,148.5137481689453,0.43560974718044115,0,-0.025477726012468338,0.012738833203911781,-0.025477726012468338,-0.00318473344668746,-0.025477726012468338,-0.031477726012468336,gap_stop,0,1,4,2022-08-01
2022-08-22,8054,38.75652313232422,0.43560974718044115,0,-0.017766451463103294,-0.0038070790469646454,-0.03045680746436119,-0.006345111411064863,-0.02,-0.026000000000000002,stop_loss,0,1,4,2022-08-01
2022-08-22,8111,16.213401794433594,0.43560974718044115,0,-0.013812134973704815,1.9987574262358976e-08,-0.01657462865114212,-0.01657462865114212,-0.01657462865114212,-0.02257462865114212,close,0,0,4,2022-08-01
2022-08-22,8072,23.40890884399414,0.43560974718044115,1,0.02165357954800129,0.0905512198805809,0.019685029983520508,0.0905512198805809,0.03,0.024,take_profit,1,0,4,2022-08-01
2022-08-22,8176,10.399999618530273,0.43560974718044115,1,0.0,0.01923084259033203,-0.004807618912309408,0.004807710647583008,0.004807710647583008,-0.0011922893524169923,close,0,0,4,2022-08-01
2022-08-22,8091,67.1999740600586,0.43560974718044115,0,-0.012345665134489536,-0.006172825116664171,-0.027160441502928734,-0.013580214232206345,-0.02,-0.026000000000000002,stop_loss,0,1,4,2022-08-01
2022-08-22,8105,13.17969036102295,0.43560974718044115,0,0.01858736015856266,0.03717472031712532,-0.0037174862809479237,0.0,0.03,0.024,take_profit,1,0,4,2022-08-01
2022-08-22,8121,30.35836410522461,0.43560974718044115,0,-0.006230505183339119,0.0031152525916695595,-0.015576326288282871,-0.014018699526786804,-0.014018699526786804,-0.020018699526786803,close,0,0,4,2022-08-01
2022-08-22,6781,945.26220703125,0.43560974718044115,0,-0.019018959254026413,-0.006005945615470409,-0.04704698920249939,-0.04704698920249939,-0.02,-0.026000000000000002,stop_loss,0,1,4,2022-08-01
2022-08-22,6788,101.26183319091797,0.43560974718044115,1,-0.00858378317207098,0.08154496550559998,-0.00858378317207098,0.03433466702699661,0.03,0.024,take_profit,1,0,4,2022-08-01
2022-08-22,6830,121.15584564208984,0.43560974718044115,0,-0.003846164559945464,0.0038461429066956043,-0.019230779260396957,-0.015384625643491745,-0.015384625643491745,-0.021384625643491743,close,0,0,4,2022-08-01
2022-08-22,6841,60.84316635131836,0.43560974718044115,1,0.021977925673127174,0.021977925673127174,-0.02511783130466938,0.01883825659751892,-0.02,-0.026000000000000002,stop_loss,0,1,4,2022-08-01
2022-08-22,6668,44.45000076293945,0.43560974718044115,0,-0.010123751126229763,-0.008998909033834934,-0.02812148444354534,-0.022497188299894333,-0.02,-0.026000000000000002,stop_loss,0,1,4,2022-08-01
2022-08-22,6643,245.83905029296875,0.43560974718044115,0,-0.0075528379529714584,0.006042294669896364,-0.019637487828731537,-0.016616279259324074,-0.016616279259324074,-0.022616279259324072,close,0,0,4,2022-08-01
2022-08-22,6689,161.18533325195312,0.43560974718044115,0,-0.011627906933426857,0.01744186133146286,-0.01744186133146286,0.0,0.0,-0.006,close,0,0,4,2022-08-01
2022-08-23,1104,17.717811584472656,0.4593949017544886,1,1.2625653411646454e-08,0.009132493287324905,-0.002283015986904502,0.004566252697259188,0.004566252697259188,-0.0014337473027408124,close,0,0,4,2022-08-01
2022-08-23,8431,53.32862091064453,0.4593949017544886,1,0.009259242564439774,0.012962959706783295,-0.007407452445477247,0.005555524490773678,0.005555524490773678,-0.0004444755092263223,close,0,0,4,2022-08-01
2022-08-23,9911,55.28744888305664,0.4593949017544886,1,0.004636840894818306,0.00927367340773344,0.0030912691727280617,0.004636840894818306,0.004636840894818306,-0.0013631591051816942,close,0,0,4,2022-08-01
2022-08-23,9914,200.4585418701172,0.4593949017544886,1,0.0022726976312696934,0.01136360689997673,-0.0022727567702531815,0.0022726976312696934,0.0022726976312696934,-0.0037273023687303068,close,0,0,4,2022-08-01
2022-08-23,9918,38.55586624145508,0.4593949017544886,0,0.0,0.0,0.0,0.0,0.0,-0.006,close,0,0,4,2022-08-01
2022-08-23,9919,17.02472686767578,0.4593949017544886,1,0.008522768504917622,0.03693186119198799,6.270116159612371e-08,0.025568179786205292,0.03,0.024,take_profit,1,0,4,2022-08-01
2022-08-23,9921,229.1307830810547,0.4593949017544886,0,2.1285183393615625e-08,0.013972079381346703,-0.011975993402302265,-0.009980011731386185,-0.009980011731386185,-0.015980011731386183,close,0,0,4,2022-08-01
2022-08-23,8996,85.89521789550781,0.4593949017544886,0,1.0359713797924996e-07,0.04166673868894577,-0.016891788691282272,-0.01463957130908966,0.03,0.024,take_profit,1,0,4,2022-08-01
2022-08-23,6405,22.329689025878906,0.4593949017544886,0,2.5035186368427276e-08,2.5035186368427276e-08,-0.017699074000120163,-0.01106192171573639,-0.01106192171573639,-0.017061921715736388,close,0,0,4,2022-08-01
2022-08-23,9933,37.32791519165039,0.4593949017544886,1,0.002224768977612257,0.0044494448229670525,-0.005561644211411476,0.001112384139560163,0.001112384139560163,-0.004887615860439837,close,0,0,4,2022-08-01
2022-08-23,9935,15.281442642211914,0.4593949017544886,1,2.0802609412839956e-08,0.008403264917433262,-0.011204450391232967,0.00280102901160717,0.00280102901160717,-0.00319897098839283,close,0,0,4,2022-08-01
2022-08-23,9938,59.11833953857422,0.4593949017544886,0,0.0015923634637147188,0.003184695728123188,-0.011146538890898228,-0.004777087364345789,-0.004777087364345789,-0.010777087364345789,close,0,0,4,2022-08-01
2022-08-23,9941,139.74827575683594,0.4593949017544886,0,-0.012121167033910751,8.313643995450093e-09,-0.03030303120613098,-0.003030285472050309,-0.02,-0.026000000000000002,stop_loss,0,1,4,2022-08-01
2022-08-23,9945,41.64131164550781,0.4593949017544886,1,0.0016181021928787231,0.012944919057190418,-0.0016181312967091799,0.012944919057190418,0.012944919057190418,0.006944919057190418,close,0,0,4,2022-08-01
2022-08-23,6418,14.313033103942871,0.4593949017544886,1,0.0030488905031234026,0.012195209041237831,-0.0030486939940601587,0.00609762454405427,0.00609762454405427,9.762454405426967e-05,close,0,0,4,2022-08-01
2022-08-23,6443,35.86342239379883,0.4593949017544886,0,0.009459417313337326,0.009459417313337326,-0.02162163332104683,-0.01351354643702507,-0.02,-0.026000000000000002,stop_loss,0,1,4,2022-08-01
2022-08-23,6411,99.65985107421875,0.4593949017544886,0,0.008968628942966461,0.013452987186610699,-0.026905754581093788,-0.022421466186642647,-0.02,-0.026000000000000002,stop_loss,0,1,4,2022-08-01
2022-08-23,6414,200.74122619628906,0.4593949017544886,1,0.0044052633456885815,0.030836980789899826,0.0044052633456885815,0.024229051545262337,0.03,0.024,take_profit,1,0,4,2022-08-01
2022-08-23,6415,569.4031372070312,0.4593949017544886,0,0.006884623318910599,0.022375155240297318,-0.03270229324698448,-0.03270229324698448,-0.02,-0.026000000000000002,stop_loss,0,1,4,2022-08-01
2022-08-23,1722,57.378639221191406,0.4593949017544886,0,0.01075276080518961,0.01536098588258028,-0.006144414190202951,-0.006144414190202951,-0.006144414190202951,-0.012144414190202952,close,0,0,4,2022-08-01
2022-08-24,1527,37.54353713989258,0.4954049545234533,1,0.0023923437111079693,0.0035884976387023926,-0.002392363268882036,0.0023923437111079693,0.0023923437111079693,-0.003607656288892031,close,0,0,4,2022-08-01
2022-08-24,1110,17.658390045166016,0.4954049545234533,1,2.1045096332272806e-08,0.016483495011925697,-0.002747294493019581,0.005494442768394947,0.005494442768394947,-0.0005055572316050531,close,0,0,4,2022-08-01
2022-08-24,8454,550.0780029296875,0.4954049545234533,1,0.006756814196705818,0.03108111396431923,0.0013514250749722123,0.0027026974130421877,0.03,0.024,take_profit,1,0,4,2022-08-01
2022-08-24,8215,28.2293643951416,0.4954049545234533,1,0.012698342092335224,0.022222187370061874,0.0031745571177452803,0.017460234463214874,0.017460234463214874,0.011460234463214874,close,0,0,4,2022-08-01
2022-08-24,8473,30.579002380371094,0.4954049545234533,0,0.0030960210133343935,0.007739979308098555,-0.01393184531480074,-0.0077399215660989285,-0.0077399215660989285,-0.013739921566098929,close,0,0,4,2022-08-01
2022-08-24,8213,33.68898010253906,0.4954049545234533,1,0.0013038780307397246,0.009126543998718262,-0.00651888782158494,0.003911400213837624,0.003911400213837624,-0.0020885997861623765,close,0,0,4,2022-08-01
2022-08-24,8341,151.50308227539062,0.4954049545234533,1,-0.005586572922766209,0.011173256672918797,-0.005586572922766209,0.00558661762624979,0.00558661762624979,-0.00041338237375020993,close,0,0,4,2022-08-01
2022-08-24,8358,39.4866828918457,0.4954049545234533,0,0.0023365672677755356,0.004672980401664972,-0.0023363481741398573,-0.0023363481741398573,-0.0023363481741398573,-0.008336348174139857,close,0,0,4,2022-08-01
2022-08-24,8383,33.298912048339844,0.4954049545234533,1,0.0038558943197131157,0.0038558943197131157,-0.0012855126988142729,0.0012852398212999105,0.0012852398212999105,-0.00471476017870009,close,0,0,4,2022-08-01
2022-08-24,8415,30.49868392944336,0.4954049545234533,1,0.007122605107724667,0.014245113357901573,0.005698125343769789,0.009971673600375652,0.009971673600375652,0.003971673600375652,close,0,0,4,2022-08-01
2022-08-24,8422,151.3857879638672,0.4954049545234533,0,0.0,0.005649717524647713,-0.005649717524647713,0.0,0.0,-0.006,close,0,0,4,2022-08-01
2022-08-24,8234,30.157827377319336,0.4954049545234533,1,0.006097598001360893,0.030487820506095886,0.0045732310973107815,0.027439085766673088,0.03,0.024,take_profit,1,0,4,2022-08-01
2022-08-24,8935,13.34643840789795,0.4954049545234533,1,0.018248122185468674,0.018248122185468674,-0.0036497244145721197,0.014598469249904156,0.014598469249904156,0.008598469249904156,close,0,0,4,2022-08-01
2022-08-24,8936,21.669282913208008,0.4954049545234533,1,0.019189849495887756,0.019189849495887756,-0.008528687059879303,0.008528867736458778,0.008528867736458778,0.0025288677364587783,close,0,0,4,2022-08-01
2022-08-24,8938,79.19313049316406,0.4954049545234533,1,0.006437815260142088,0.01931331865489483,0.002145953243598342,0.002145953243598342,0.002145953243598342,-0.003854046756401658,close,0,0,4,2022-08-01
2022-08-24,1312,18.286344528198242,0.4954049545234533,0,2.9495193842876688e-08,0.007812537252902985,-0.007812477648258209,-0.005208342336118221,-0.005208342336118221,-0.011208342336118221,close,0,0,4,2022-08-01
2022-08-24,9914,200.91412353515625,0.4954049545234533,1,0.009070358239114285,0.01133793219923973,6.311796596492059e-08,0.0068027847446501255,0.0068027847446501255,0.0008027847446501254,close,0,0,4,2022-08-01
2022-08-24,9921,226.84405517578125,0.4954049545234533,1,-1.6302156291558845e-09,0.01612906903028488,-1.6302156291558845e-09,0.008064533583819866,0.008064533583819866,0.002064533583819866,close,0,0,4,2022-08-01
2022-08-24,1301,86.61282348632812,0.4954049545234533,1,0.0010683914879336953,0.008547073230147362,0.0010683914879336953,0.003205192508175969,0.003205192508175969,-0.002794807491824031,close,0,0,4,2022-08-01
2022-08-24,1303,64.81352233886719,0.4954049545234533,1,0.0014265410136431456,0.009985829703509808,0.0014265410136431456,0.009985829703509808,0.009985829703509808,0.0039858297035098075,close,0,0,4,2022-08-01
2022-08-25,1217,9.178398132324219,0.48970214811498597,1,0.004999931436032057,0.024999910965561867,-8.714950183730252e-08,0.009999950416386127,0.009999950416386127,0.003999950416386127,close,0,0,4,2022-08-01
2022-08-25,1216,58.88519287109375,0.48970214811498597,1,0.00453862315043807,0.009077131748199463,0.0015128350351005793,0.00453862315043807,0.00453862315043807,-0.0014613768495619298,close,0,0,4,2022-08-01
2022-08-25,1110,17.755413055419922,0.48970214811498597,1,0.002732417779043317,0.027322523295879364,1.1431432511699313e-07,0.027322523295879364,0.027322523295879364,0.021322523295879366,close,0,0,4,2022-08-01
2022-08-25,1229,45.01054763793945,0.48970214811498597,0,0.0066445074044167995,0.0066445074044167995,-0.013289052993059158,-0.00996673945337534,-0.00996673945337534,-0.015966739453375338,close,0,0,4,2022-08-01
2022-08-25,9918,38.736881256103516,0.48970214811498597,1,0.010514031164348125,0.014018739573657513,0.0035047028213739395,0.0035047028213739395,0.0035047028213739395,-0.0024952971786260606,close,0,0,4,2022-08-01
2022-08-25,9933,37.32791519165039,0.48970214811498597,1,0.0011123116128146648,0.024471642449498177,0.0011123116128146648,0.022246966138482094,0.022246966138482094,0.016246966138482095,close,0,0,4,2022-08-01
2022-08-25,9945,42.24773406982422,0.48970214811498597,1,0.007974603213369846,0.03189804032444954,0.007974603213369846,0.025518396869301796,0.03,0.024,take_profit,1,0,4,2022-08-01
2022-08-25,6541,146.61163330078125,0.48970214811498597,1,0.006012068595737219,0.030060134828090668,0.006012068595737219,0.01803610287606716,0.03,0.024,take_profit,1,0,4,2022-08-01
2022-08-25,6532,40.795013427734375,0.48970214811498597,1,0.0065218182280659676,0.03478267416357994,0.0065218182280659676,0.03152185305953026,0.03,0.024,take_profit,1,0,4,2022-08-01
2022-08-25,1725,21.022357940673828,0.48970214811498597,0,0.008546913973987103,0.010683633387088776,-0.010683885775506496,-0.008547084406018257,-0.008547084406018257,-0.014547084406018257,close,0,0,4,2022-08-01
2022-08-25,1727,31.620027542114258,0.48970214811498597,1,0.013615647330880165,0.019667107611894608,-0.0015129445819184184,0.001512727583758533,0.001512727583758533,-0.004487272416241467,close,0,0,4,2022-08-01
2022-08-25,1618,12.052453994750977,0.48970214811498597,0,0.0,0.0038461685180664062,-0.0076923370361328125,0.0,0.0,-0.006,close,0,0,4,2022-08-01
2022-08-25,1702,40.59623718261719,0.48970214811498597,0,0.0021482608281075954,0.0021482608281075954,-0.00537058524787426,-0.0032223083544522524,-0.0032223083544522524,-0.009222308354452253,close,0,0,4,2022-08-01
2022-08-25,1434,24.237295150756836,0.48970214811498597,1,0.0054544927552342415,0.010909023694694042,-3.871424780754751e-08,0.0054544927552342415,0.0054544927552342415,-0.0005455072447657586,close,0,0,4,2022-08-01
2022-08-25,1419,37.320865631103516,0.48970214811498597,0,0.006142586935311556,0.012285093776881695,-0.0012284021358937025,-0.0012284021358937025,-0.0012284021358937025,-0.007228402135893703,close,0,0,4,2022-08-01
2022-08-25,1514,31.040706634521484,0.48970214811498597,1,5.3711129766043086e-08,0.015214416198432446,-0.0027662785723805428,0.0013831035466864705,0.0013831035466864705,-0.00461689645331353,close,0,0,4,2022-08-01
2022-08-25,6550,162.5,0.48970214811498597,1,0.00615384615957737,0.07692307978868484,-0.00615384615957737,0.07692307978868484,0.03,0.024,take_profit,1,0,4,2022-08-01
2022-08-25,6552,37.911861419677734,0.48970214811498597,1,0.004926173947751522,0.018472954630851746,0.0024631572887301445,0.018472954630851746,0.018472954630851746,0.012472954630851745,close,0,0,4,2022-08-01
2022-08-25,6667,67.65079498291016,0.48970214811498597,0,0.0,0.008152153342962265,-0.005434803664684296,0.0,0.0,-0.006,close,0,0,4,2022-08-01
2022-08-25,6591,42.85611343383789,0.48970214811498597,0,0.00517065916210413,0.0062048486433923244,-0.006204713601619005,-0.0051706028170883656,-0.0051706028170883656,-0.011170602817088366,close,0,0,4,2022-08-01
2022-08-26,1101,36.51671600341797,0.43604147278142835,0,-0.013871422968804836,-0.0037831123918294907,-0.016393452882766724,-0.00756625272333622,-0.00756625272333622,-0.01356625272333622,close,0,0,4,2022-08-01
2022-08-26,1102,36.546897888183594,0.43604147278142835,0,-0.011682318523526192,-0.005841196980327368,-0.01752343960106373,-0.008177610114216805,-0.008177610114216805,-0.014177610114216805,close,0,0,4,2022-08-01
2022-08-26,1103,16.335060119628906,0.43604147278142835,0,-0.011080363765358925,-0.008310322649776936,-0.019390594214200974,-0.01662055216729641,-0.01662055216729641,-0.022620552167296408,close,0,0,4,2022-08-01
2022-08-26,1104,17.758262634277344,0.43604147278142835,0,-0.002277820836752653,-0.002277820836752653,-0.011389407329261303,-0.009111488237977028,-0.009111488237977028,-0.015111488237977028,close,0,0,4,2022-08-01
2022-08-26,1110,18.240535736083984,0.43604147278142835,0,-0.029255328699946404,-0.026595795527100563,-0.03989366814494133,-0.03723403438925743,-0.029255328699946404,-0.0352553286999464,gap_stop,0,1,4,2022-08-01
2022-08-26,1201,19.197046279907227,0.43604147278142835,0,-0.012285016477108002,-0.0073709930293262005,-0.019656004384160042,-0.012285016477108002,-0.012285016477108002,-0.018285016477108,close,0,0,4,2022-08-01
2022-08-26,1210,42.920936584472656,0.43604147278142835,1,-0.007905197329819202,0.003952463623136282,-0.014822245575487614,0.001976186875253916,0.001976186875253916,-0.004023813124746084,close,0,0,4,2022-08-01
2022-08-26,1215,70.65036010742188,0.43604147278142835,0,-0.007490568794310093,4.929760422101026e-08,-0.011235925368964672,-0.002496791770681739,-0.002496791770681739,-0.008496791770681739,close,0,0,4,2022-08-01
2022-08-26,1216,59.15245056152344,0.43604147278142835,0,-0.022590376436710358,-0.001506016356870532,-0.022590376436710358,-0.00602413434535265,-0.022590376436710358,-0.028590376436710356,gap_stop,0,1,4,2022-08-01
2022-08-26,1217,9.270181655883789,0.43604147278142835,0,-0.012871269136667252,-0.011881242506206036,-0.019802026450634003,-0.016831662505865097,-0.016831662505865097,-0.022831662505865095,close,0,0,4,2022-08-01
2022-08-26,1218,32.4276123046875,0.43604147278142835,0,0.005665730684995651,0.005665730684995651,-0.033994369208812714,-0.019830062985420227,-0.02,-0.026000000000000002,stop_loss,0,1,4,2022-08-01
2022-08-26,1219,18.891263961791992,0.43604147278142835,0,-0.004587091039866209,-0.004587091039866209,-0.020642129704356194,-0.013761372305452824,-0.02,-0.026000000000000002,stop_loss,0,1,4,2022-08-01
2022-08-26,1225,49.190589904785156,0.43604147278142835,0,-0.014925394207239151,-0.007462735753506422,-0.024253716692328453,-0.01679105870425701,-0.02,-0.026000000000000002,stop_loss,0,1,4,2022-08-01
2022-08-26,1227,37.51192855834961,0.43604147278142835,0,-0.007185672409832478,-0.007185672409832478,-0.016766546294093132,-0.008383258245885372,-0.008383258245885372,-0.014383258245885372,close,0,0,4,2022-08-01
2022-08-26,1229,44.56193923950195,0.43604147278142835,0,-0.021812085062265396,-0.003355731489136815,-0.025167765095829964,-0.013422766700387001,-0.021812085062265396,-0.027812085062265395,gap_stop,0,1,4,2022-08-01
2022-08-26,1231,53.562095642089844,0.43604147278142835,0,-0.002673787297680974,-0.002673787297680974,-0.020053502172231674,-0.008021376095712185,-0.02,-0.026000000000000002,stop_loss,0,1,4,2022-08-01
2022-08-26,1301,86.24268341064453,0.43604147278142835,0,-0.01180250197649002,-0.010729556903243065,-0.023605061694979668,-0.020386144518852234,-0.02,-0.026000000000000002,stop_loss,0,1,4,2022-08-01
2022-08-26,1303,64.90597534179688,0.43604147278142835,0,-0.02706531062722206,-0.014244882389903069,-0.03133885934948921,-0.02136739157140255,-0.02706531062722206,-0.03306531062722206,gap_stop,0,1,4,2022-08-01
2022-08-26,1304,22.48933982849121,0.43604147278142835,0,-0.0227743461728096,-0.020703984424471855,-0.035196755081415176,-0.028985511511564255,-0.0227743461728096,-0.0287743461728096,gap_stop,0,1,4,2022-08-01
2022-08-26,1305,23.115528106689453,0.43604147278142835,0,-0.018595047295093536,-0.014462800696492195,-0.03305787220597267,-0.026859542354941368,-0.02,-0.026000000000000002,stop_loss,0,1,4,2022-08-01
2022-08-29,2357,221.20692443847656,0.46304860287864325,1,0.011857718229293823,0.019762856885790825,1.0199334710137009e-08,0.01581028662621975,0.01581028662621975,0.00981028662621975,close,0,0,4,2022-08-01
2022-08-29,1442,22.56255340576172,0.46304860287864325,1,-0.001865602913312614,0.01119411364197731,-0.00373124610632658,0.007462755776941776,0.007462755776941776,0.0014627557769417762,close,0,0,4,2022-08-01
2022-08-29,8908,56.802406311035156,0.46304860287864325,1,-7.95618362303685e-08,0.006104919593781233,-7.95618362303685e-08,0.003662894479930401,0.003662894479930401,-0.0023371055200695993,close,0,0,4,2022-08-01
2022-08-29,6679,210.59178161621094,0.46304860287864325,1,6.404238916957183e-08,0.01082257553935051,-0.032467469573020935,0.006493570748716593,-0.02,-0.026000000000000002,stop_loss,0,1,4,2022-08-01
2022-08-29,8210,74.75768280029297,0.46304860287864325,1,2.3260229298216473e-08,0.02017654851078987,-0.01008828729391098,0.010088237933814526,0.010088237933814526,0.0040882379338145255,close,0,0,4,2022-08-01
2022-08-29,6234,17.924245834350586,0.46304860287864325,1,3.031822615184865e-08,0.013262629508972168,3.031822615184865e-08,0.007957570254802704,0.007957570254802704,0.0019575702548027037,close,0,0,4,2022-08-01
2022-08-29,1789,26.19379425048828,0.46304860287864325,1,0.0073125711642205715,0.04570383578538895,0.0073125711642205715,0.04570383578538895,0.03,0.024,take_profit,1,0,4,2022-08-01
2022-08-29,6788,99.9580307006836,0.46304860287864325,1,0.026086978614330292,0.026086978614330292,2.0637497044617703e-08,0.013043499551713467,0.013043499551713467,0.0070434995517134665,close,0,0,4,2022-08-01
2022-08-29,6218,18.561555862426758,0.46304860287864325,1,-0.005037839058786631,0.01259442139416933,-0.005037839058786631,0.007556619122624397,0.007556619122624397,0.0015566191226243972,close,0,0,4,2022-08-01
2022-08-29,6129,36.19847106933594,0.46304860287864325,1,0.012064323760569096,0.024128686636686325,0.004021449480205774,0.010723861865699291,0.010723861865699291,0.004723861865699291,close,0,0,4,2022-08-01
2022-08-29,2347,47.46708297729492,0.46304860287864325,1,-1.502240465356408e-08,0.023550694808363914,-0.005434783641248941,0.01992749236524105,0.01992749236524105,0.01392749236524105,close,0,0,4,2022-08-01
2022-08-29,6761,64.89753723144531,0.46304860287864325,1,0.0036146058700978756,0.018072476610541344,-0.0036142289172858,0.018072476610541344,0.018072476610541344,0.012072476610541344,close,0,0,4,2022-08-01
2022-08-29,6244,27.377567291259766,0.46304860287864325,1,0.013985981233417988,0.0576922744512558,0.013985981233417988,0.013985981233417988,0.03,0.024,take_profit,1,0,4,2022-08-01
2022-08-29,1477,146.58860778808594,0.46304860287864325,0,-0.002801027614623308,0.008403458632528782,-0.011204348877072334,-0.002801027614623308,-0.002801027614623308,-0.008801027614623308,close,0,0,4,2022-08-01
2022-08-29,6257,43.301734924316406,0.46304860287864325,0,0.0019646065775305033,0.007858500815927982,-0.00196468154899776,0.0,0.0,-0.006,close,0,0,4,2022-08-01
2022-08-29,6691,83.99545288085938,0.46304860287864325,1,-3.9578399224637906e-08,0.053977228701114655,-3.9578399224637906e-08,0.051136333495378494,0.03,0.024,take_profit,1,0,4,2022-08-01
2022-08-29,3543,17.83271026611328,0.46304860287864325,0,-0.007499980740249157,0.012500000186264515,-0.010000037960708141,0.0,0.0,-0.006,close,0,0,4,2022-08-01
2022-08-29,3545,72.9645004272461,0.46304860287864325,1,-4.505205808413848e-08,0.01615065336227417,-4.505205808413848e-08,0.00807530339807272,0.00807530339807272,0.0020753033980727194,close,0,0,4,2022-08-01
2022-08-29,2641,17.28095245361328,0.46304860287864325,0,0.0,0.007594997528940439,0.0,0.0,0.0,-0.006,close,0,0,4,2022-08-01
2022-08-29,2375,66.34246063232422,0.46304860287864325,1,0.006884793285280466,0.020654158666729927,1.1106180863862392e-07,0.00516362302005291,0.00516362302005291,-0.0008363769799470903,close,0,0,4,2022-08-01
2022-08-30,8476,47.15399169921875,0.47161853097198914,1,4.036918710426107e-08,0.007194263394922018,-0.001798533950932324,0.0017985402373597026,0.0017985402373597026,-0.0042014597626402975,close,0,0,4,2022-08-01
2022-08-30,8454,538.1843872070312,0.47161853097198914,1,-0.006906011141836643,0.029005637392401695,-0.008287248201668262,0.008287390694022179,0.008287390694022179,0.0022873906940221785,close,0,0,4,2022-08-01
2022-08-30,8935,13.34643840789795,0.47161853097198914,0,-0.0036497244145721197,-0.0036497244145721197,-0.021897846832871437,-0.0036497244145721197,-0.02,-0.026000000000000002,stop_loss,0,1,4,2022-08-01
2022-08-30,3543,17.83271026611328,0.47161853097198914,1,-0.004999835975468159,0.027500150725245476,-0.004999835975468159,0.027500150725245476,0.027500150725245476,0.021500150725245477,close,0,0,4,2022-08-01
2022-08-30,3360,13.387710571289062,0.47161853097198914,0,-0.010600680485367775,0.0035335824359208345,-0.010600680485367775,0.0,0.0,-0.006,close,0,0,4,2022-08-01
2022-08-30,3508,38.650001525878906,0.47161853097198914,1,0.0012936412822455168,0.06080202758312225,-0.007762045133858919,0.043984394520521164,0.03,0.024,take_profit,1,0,4,2022-08-01
2022-08-30,3529,1349.743408203125,0.47161853097198914,0,0.007220216561108828,0.02166065014898777,0.0,0.0,0.0,-0.006,close,0,0,4,2022-08-01
2022-08-30,3518,24.89539909362793,0.47161853097198914,1,0.009900935925543308,0.09900984168052673,-5.3837219127217395e-08,0.09900984168052673,0.03,0.024,take_profit,1,0,4,2022-08-01
2022-08-30,3325,14.149999618530273,0.47161853097198914,0,-0.0070670973509550095,0.0,-0.010600680485367775,0.0,0.0,-0.006,close,0,0,4,2022-08-01
2022-08-30,3213,36.99251937866211,0.47161853097198914,1,6.827231402439793e-08,0.004555807448923588,-0.0011389534920454025,0.002277937950566411,0.002277937950566411,-0.003722062049433589,close,0,0,4,2022-08-01
2022-08-30,3257,46.183387756347656,0.47161853097198914,0,-0.0019607662688940763,-1.1959937928907038e-08,-0.009803933091461658,-0.007843178696930408,-0.007843178696930408,-0.013843178696930409,close,0,0,4,2022-08-01
2022-08-30,3056,12.639435768127441,0.47161853097198914,1,0.006191916298121214,0.006191916298121214,-0.0030960068106651306,0.006191916298121214,0.006191916298121214,0.0001919162981212138,close,0,0,4,2022-08-01
2022-08-30,3293,168.82989501953125,0.47161853097198914,0,-0.02374665066599846,-0.013192559592425823,-0.027704434469342232,-0.015831083059310913,-0.02374665066599846,-0.029746650665998457,gap_stop,0,1,4,2022-08-01
2022-08-30,3645,37.66066360473633,0.47161853097198914,1,4.0722496486012005e-09,0.015306087210774422,-0.0012754866620525718,0.012755106203258038,0.012755106203258038,0.0067551062032580374,close,0,0,4,2022-08-01
2022-08-30,3661,842.3439331054688,0.47161853097198914,0,-0.003464274574071169,0.011547272093594074,-0.01154741458594799,-0.010392680764198303,-0.010392680764198303,-0.0163926807641983,close,0,0,4,2022-08-01
2022-08-30,3228,305.538818359375,0.47161853097198914,1,-0.003174553858116269,0.05079369992017746,-0.012698386795818806,0.0317460335791111,0.03,0.024,take_profit,1,0,4,2022-08-01
2022-08-30,3188,11.801658630371094,0.47161853097198914,0,-0.01111108809709549,-0.003703722730278969,-0.01851852424442768,-0.01111108809709549,-0.01111108809709549,-0.017111088097095488,close,0,0,4,2022-08-01
2022-08-30,3264,40.664772033691406,0.47161853097198914,1,0.005561674013733864,0.020022133365273476,-0.003337135538458824,0.01890980452299118,0.01890980452299118,0.01290980452299118,close,0,0,4,2022-08-01
2022-08-30,6861,85.469970703125,0.47161853097198914,1,0.04840480908751488,0.04840480908751488,0.0011000477243214846,0.02310224622488022,0.03,0.024,gap_take_profit,1,0,4,2022-08-01
2022-08-30,6869,69.55599212646484,0.47161853097198914,1,0.003994778264313936,0.003994778264313936,-0.013315516524016857,0.0013316012918949127,0.0013316012918949127,-0.004668398708105087,close,0,0,4,2022-08-01
2022-08-31,3088,48.25575256347656,0.4669205236076324,0,-1.1491381002315393e-07,0.0069929445162415504,-0.005244836211204529,-0.001748306443914771,-0.001748306443914771,-0.007748306443914771,close,0,0,4,2022-08-01
2022-08-31,3078,27.80116081237793,0.4669205236076324,0,-1.3163467649235372e-08,-1.3163467649235372e-08,-0.009772037155926228,-0.006514695938676596,-0.006514695938676596,-0.012514695938676596,close,0,0,4,2022-08-01
2022-08-31,3413,175.56500244140625,0.4669205236076324,0,-9.343091278424254e-08,0.009756003506481647,-0.024390334263443947,-0.024390334263443947,-0.02,-0.026000000000000002,stop_loss,0,1,4,2022-08-01
2022-08-31,3402,39.877281188964844,0.4669205236076324,0,-0.0010514964815229177,0.0010515209287405014,-0.01682436838746071,-0.015772858634591103,-0.015772858634591103,-0.0217728586345911,close,0,0,4,2022-08-01
2022-08-31,1466,11.649999618530273,0.4669205236076324,0,-0.0042917802929878235,-0.0042917802929878235,-0.012875503860414028,-0.0042917802929878235,-0.0042917802929878235,-0.010291780292987824,close,0,0,4,2022-08-01
2022-08-31,1471,9.460000038146973,0.4669205236076324,0,0.0042283255606889725,0.0073995450511574745,-0.01691330224275589,-0.01691330224275589,-0.01691330224275589,-0.02291330224275589,close,0,0,4,2022-08-01
2022-08-31,1477,148.23106384277344,0.4669205236076324,1,0.0055402000434696674,0.030470913276076317,-0.00831026304513216,0.024930745363235474,0.03,0.024,take_profit,1,0,4,2022-08-01
2022-08-31,1419,37.183319091796875,0.4669205236076324,0,-0.006165244150906801,-0.004932217299938202,-0.0098643247038126,-0.006165244150906801,-0.006165244150906801,-0.012165244150906801,close,0,0,4,2022-08-01
2022-08-31,3093,23.405038833618164,0.4669205236076324,0,-0.008928571827709675,0.01339285634458065,-0.0401785708963871,-0.02678571455180645,-0.02,-0.026000000000000002,stop_loss,0,1,4,2022-08-01
2022-08-31,1612,14.295906066894531,0.4669205236076324,0,-0.005899764597415924,-0.005899764597415924,-0.023598944768309593,-0.020649025216698647,-0.02,-0.026000000000000002,stop_loss,0,1,4,2022-08-01
2022-08-31,3025,23.460134506225586,0.4669205236076324,1,0.002347396221011877,0.04460091516375542,-2.163072565508628e-08,0.023474156856536865,0.03,0.024,take_profit,1,0,4,2022-08-01
2022-08-31,3533,668.2178955078125,0.4669205236076324,0,-0.008241650648415089,0.00274731800891459,-0.04395601153373718,-0.04395601153373718,-0.02,-0.026000000000000002,stop_loss,0,1,4,2022-08-01
2022-08-31,3535,24.0329647064209,0.4669205236076324,0,-0.01369863748550415,-0.0058708940632641315,-0.021526455879211426,-0.01956953853368759,-0.02,-0.026000000000000002,stop_loss,0,1,4,2022-08-01
2022-08-31,3504,100.5,0.4669205236076324,1,-0.007960229180753231,0.09950248897075653,-0.007960229180753231,0.09950248897075653,0.03,0.024,take_profit,1,0,4,2022-08-01
2022-08-31,3490,23.343149185180664,0.4669205236076324,1,0.029761848971247673,0.06349194794893265,0.007936408743262291,0.007936408743262291,0.03,0.024,take_profit,1,0,4,2022-08-01
2022-08-31,2228,64.15682220458984,0.4669205236076324,0,1.8319653349863074e-07,0.020725656300783157,-0.022020507603883743,-0.014248505234718323,-0.02,-0.026000000000000002,stop_loss,0,1,4,2022-08-01
2022-08-31,6465,23.649999618530273,0.4669205236076324,0,0.01479917112737894,0.01902751624584198,-0.006342478562146425,-0.006342478562146425,-0.006342478562146425,-0.012342478562146425,close,0,0,4,2022-08-01
2022-08-31,6469,180.6327362060547,0.4669205236076324,0,0.011308703571557999,0.021001746878027916,-0.030694596469402313,-0.030694596469402313,-0.02,-0.026000000000000002,stop_loss,0,1,4,2022-08-01
2022-08-31,6470,56.450557708740234,0.4669205236076324,0,8.744588342324278e-08,0.011816959828138351,-0.02363365702331066,-0.02363365702331066,-0.02,-0.026000000000000002,stop_loss,0,1,4,2022-08-01
2022-08-31,3622,25.658655166625977,0.4669205236076324,0,-0.009950175881385803,-0.004975063726305962,-0.013266938738524914,-0.008291826583445072,-0.008291826583445072,-0.014291826583445072,close,0,0,4,2022-08-01
2022-09-01,4130,25.89628028869629,0.5152417084622287,0,0.01985550858080387,0.02166057378053665,-0.014440524391829967,-0.012635458260774612,-0.012635458260774612,-0.01863545826077461,close,0,0,5,2022-09-01
2022-09-01,8105,13.228686332702637,0.510440538228347,0,0.011111080646514893,0.014814798720180988,-0.014814802445471287,-0.011111084371805191,-0.011111084371805191,-0.01711108437180519,close,0,0,5,2022-09-01
2022-09-01,4533,9.924099922180176,0.5102667516868987,1,0.009259214624762535,0.009259214624762535,8.629839065577016e-09,0.0046296557411551476,0.0046296557411551476,-0.0013703442588448526,close,0,0,5,2022-09-01
2022-09-01,8091,67.1999740600586,0.5102667516868987,1,0.00987661350518465,0.03333332762122154,0.004938323050737381,0.019753100350499153,0.03,0.024,take_profit,1,0,5,2022-09-01
2022-09-01,8234,31.491024017333984,0.5089874312843227,1,2.824266154277666e-08,0.02773727849125862,-0.007299242075532675,0.011678905226290226,0.011678905226290226,0.005678905226290226,close,0,0,5,2022-09-01
2022-09-01,3374,120.92862701416016,0.5078486066159122,1,-3.2895208335048665e-08,0.011764672584831715,-0.003921601455658674,0.00784310419112444,0.00784310419112444,0.0018431041911244391,close,0,0,5,2022-09-01
2022-09-01,5340,28.566511154174805,0.5078486066159122,1,0.00696859136223793,0.013937259092926979,-9.75327818508731e-09,0.003484257496893406,0.003484257496893406,-0.002515742503106594,close,0,0,5,2022-09-01
2022-09-01,2476,51.05948257446289,0.5078486066159122,0,-0.0017330548726022243,0.005199322011321783,-0.031195806339383125,-0.01386476494371891,-0.02,-0.026000000000000002,stop_loss,0,1,5,2022-09-01
2022-09-01,2417,23.288358688354492,0.5078486066159122,0,3.553332517114427e-09,0.018987296149134636,-0.006329174619168043,-0.006329174619168043,-0.006329174619168043,-0.012329174619168043,close,0,0,5,2022-09-01
2022-09-01,8089,20.079017639160156,0.5078486066159122,1,0.0020661738235503435,0.0020661738235503435,-0.006198311224579811,0.0020661738235503435,0.0020661738235503435,-0.003933826176449657,close,0,0,5,2022-09-01
2022-09-01,2485,17.600000381469727,0.5078121652833707,1,0.008522705174982548,0.022727251052856445,0.0028408656362444162,0.017045410349965096,0.017045410349965096,0.011045410349965095,close,0,0,5,2022-09-01
2022-09-01,6167,13.751218795776367,0.507391753133329,1,1.4481295274038075e-08,0.026755906641483307,1.4481295274038075e-08,0.013377928175032139,0.013377928175032139,0.007377928175032139,close,0,0,5,2022-09-01
2022-09-01,8016,154.13641357421875,0.5072178098339045,0,0.01600000075995922,0.024000000208616257,-0.0026666666381061077,0.0,0.0,-0.006,close,0,0,5,2022-09-01
2022-09-01,8042,33.76636505126953,0.506376536410689,0,-0.005235622171312571,0.0026177610270678997,-0.005235622171312571,0.0,0.0,-0.006,close,0,0,5,2022-09-01
2022-09-01,6207,27.009159088134766,0.5063026919997399,0,-3.4431920425959106e-08,0.012499982491135597,-0.007142928894609213,-0.007142928894609213,-0.007142928894609213,-0.013142928894609213,close,0,0,5,2022-09-01
2022-09-01,4541,29.13019371032715,0.5052198067364421,1,0.009803902357816696,0.01960786059498787,-0.01143791526556015,0.011437926441431046,0.011437926441431046,0.005437926441431045,close,0,0,5,2022-09-01
2022-09-01,4716,13.350905418395996,0.5052198067364421,0,0.0,0.006309129297733307,-0.003154633566737175,0.0,0.0,-0.006,close,0,0,5,2022-09-01
2022-09-01,3081,167.9776611328125,0.5052198067364421,1,0.008595959283411503,0.03724925220012665,0.005730629898607731,0.017191948369145393,0.03,0.024,take_profit,1,0,5,2022-09-01
2022-09-01,3013,16.391681671142578,0.5052198067364421,0,0.006006133742630482,0.024024108424782753,-0.009008883498609066,-0.009008883498609066,-0.009008883498609066,-0.015008883498609066,close,0,0,5,2022-09-01
2022-09-01,3499,19.200000762939453,0.5052198067364421,1,0.013020833022892475,0.036458272486925125,0.0026041269302368164,0.005208253860473633,0.03,0.024,take_profit,1,0,5,2022-09-01
2022-09-02,4966,753.426513671875,0.4526922094829942,0,0.002472143154591322,0.00370823685079813,-0.03708286210894585,-0.034610673785209656,-0.02,-0.026000000000000002,stop_loss,0,1,5,2022-09-01
2022-09-02,2637,42.85688400268555,0.45139048874566684,1,0.0036968581844121218,0.01848427578806877,-1.3662567077687982e-08,0.0036968581844121218,0.0036968581844121218,-0.0023031418155878784,close,0,0,5,2022-09-01
2022-09-02,3038,18.627254486083984,0.45139048874566684,0,-7.811596924867104e-10,-7.811596924867104e-10,-0.04640371352434158,-0.039443086832761765,-0.02,-0.026000000000000002,stop_loss,0,1,5,2022-09-01
2022-09-02,3189,104.03279876708984,0.4487874390193686,0,0.017937220633029938,0.03139013424515724,-0.0044843051582574844,0.0,0.03,0.024,take_profit,1,0,5,2022-09-01
2022-09-02,5475,13.600000381469727,0.4471944828392097,0,0.022058766335248947,0.08088231086730957,-0.025735320523381233,-0.025735320523381233,-0.02,-0.026000000000000002,ambiguous_stop_loss,1,1,5,2022-09-01
2022-09-02,6695,56.5,0.44397856688613346,0,0.0017698844894766808,0.003539836499840021,-0.05132745951414108,-0.044247787445783615,-0.02,-0.026000000000000002,stop_loss,0,1,5,2022-09-01
2022-09-02,6532,47.35769271850586,0.4436929545908433,1,0.024344567209482193,0.03932582587003708,-0.03558054193854332,0.037453193217515945,-0.02,-0.026000000000000002,ambiguous_stop_loss,1,1,5,2022-09-01
2022-09-02,3011,17.850000381469727,0.44353184942870644,0,0.014005602337419987,0.014005602337419987,-0.07843135297298431,-0.07563026994466782,-0.02,-0.026000000000000002,stop_loss,0,1,5,2022-09-01
2022-09-02,2230,25.32806968688965,0.44353184942870644,0,-0.030172454193234444,-0.022988518700003624,-0.05028735473752022,-0.05028735473752022,-0.030172454193234444,-0.03617245419323444,gap_stop,0,1,5,2022-09-01
2022-09-02,4743,241.6323699951172,0.44353184942870644,0,0.01034484338015318,0.013793105259537697,-0.04310346022248268,-0.04310346022248268,-0.02,-0.026000000000000002,stop_loss,0,1,5,2022-09-01
2022-09-02,3037,128.1802215576172,0.44311940892006424,0,0.014440484344959259,0.03249102830886841,-0.007220166735351086,-0.0036100579891353846,0.03,0.024,take_profit,1,0,5,2022-09-01
2022-09-02,2615,67.57807922363281,0.44299395332050495,0,-0.01666666381061077,0.01282055489718914,-0.025640984997153282,-0.023076921701431274,-0.02,-0.026000000000000002,stop_loss,0,1,5,2022-09-01
2022-09-02,3152,196.453857421875,0.44245105357722353,0,-0.004661925137042999,-0.004661925137042999,-0.09790202230215073,-0.09790202230215073,-0.02,-0.026000000000000002,stop_loss,0,1,5,2022-09-01
2022-09-02,3128,19.445735931396484,0.4424301951038631,1,8.688359542929902e-08,0.03956053406000137,-0.01978013664484024,0.03296709433197975,0.03,0.024,take_profit,1,0,5,2022-09-01
2022-09-02,6442,57.47235870361328,0.4424301951038631,0,0.009771936573088169,0.06351791322231293,-0.01954398676753044,-0.0114006781950593,0.03,0.024,take_profit,1,0,5,2022-09-01
2022-09-02,6138,115.35982513427734,0.4424301951038631,0,0.0037594097666442394,0.0075188083574175835,-0.03759397566318512,-0.030075177550315857,-0.02,-0.026000000000000002,stop_loss,0,1,5,2022-09-01
2022-09-02,8454,506.96380615234375,0.44213814028589005,0,-4.750063808955929e-08,0.01319641899317503,-0.03079187497496605,-0.01319651398807764,-0.02,-0.026000000000000002,stop_loss,0,1,5,2022-09-01
2022-09-02,2605,18.114469528198242,0.44213814028589005,0,-0.004950512200593948,0.01980196125805378,-0.004950512200593948,-0.004950512200593948,-0.004950512200593948,-0.010950512200593948,close,0,0,5,2022-09-01
2022-09-02,2611,13.328604698181152,0.44213814028589005,0,0.003205094952136278,0.03525637835264206,-0.003205124754458666,-0.003205124754458666,0.03,0.024,take_profit,1,0,5,2022-09-01
2022-09-02,6414,192.3401641845703,0.4414883382443774,0,0.006896577309817076,0.006896577309817076,-0.027586182579398155,-0.025287332013249397,-0.02,-0.026000000000000002,stop_loss,0,1,5,2022-09-01
2022-09-05,3511,35.937931060791016,0.3771191893110446,0,0.03626944124698639,0.03756475821137428,-0.058290183544158936,-0.040155451744794846,0.03,0.024,gap_take_profit,1,1,5,2022-09-01
2022-09-05,4168,44.099998474121094,0.3769564799733304,0,0.06349213421344757,0.06349213421344757,-0.09070295095443726,-0.05215417966246605,0.03,0.024,gap_take_profit,1,1,5,2022-09-01
2022-09-05,1449,20.94744873046875,0.3689488527404516,0,0.025316450744867325,0.060126543045043945,-0.09810128808021545,-0.09810128808021545,-0.02,-0.026000000000000002,ambiguous_stop_loss,1,1,5,2022-09-01
2022-09-05,2458,79.1888656616211,0.36672750463833786,0,-0.008771640248596668,-0.002192707732319832,-0.026315487921237946,-0.012061147950589657,-0.02,-0.026000000000000002,stop_loss,0,1,5,2022-09-01
2022-09-05,9933,40.56660079956055,0.36370059782682473,0,0.003070585895329714,0.010235360823571682,-0.016376672312617302,-0.01023547351360321,-0.01023547351360321,-0.01623547351360321,close,0,0,5,2022-09-01
2022-09-05,3434,25.213356018066406,0.36283540188957275,0,0.006688963156193495,0.026755833998322487,-0.030100325122475624,-0.030100325122475624,-0.02,-0.026000000000000002,stop_loss,0,1,5,2022-09-01
2022-09-05,6109,13.208499908447266,0.36283540188957275,0,0.003584254300221801,0.01792115904390812,-0.028673797845840454,-0.021505380049347878,-0.02,-0.026000000000000002,stop_loss,0,1,5,2022-09-01
2022-09-05,3147,42.016265869140625,0.36283540188957275,0,0.013133171945810318,0.013133171945810318,-0.03564734756946564,-0.033771149814128876,-0.02,-0.026000000000000002,stop_loss,0,1,5,2022-09-01
2022-09-05,5225,23.732444763183594,0.3622726745172306,0,0.03082188405096531,0.054794445633888245,-0.02568495087325573,-0.020547976717352867,0.03,0.024,gap_take_profit,1,1,5,2022-09-01
2022-09-05,6532,49.13138961791992,0.3622726745172306,0,0.028880754485726357,0.036100998520851135,-0.032491106539964676,-0.009025351144373417,-0.02,-0.026000000000000002,ambiguous_stop_loss,1,1,5,2022-09-01
2022-09-05,3229,26.950000762939453,0.3621972340430988,0,-0.025974053889513016,0.012986956164240837,-0.027829313650727272,-0.027829313650727272,-0.025974053889513016,-0.031974053889513014,gap_stop,0,1,5,2022-09-01
2022-09-05,3011,16.5,0.3621081056411641,0,0.0030302568338811398,0.01515151560306549,-0.05151517316699028,-0.03030303120613098,-0.02,-0.026000000000000002,stop_loss,0,1,5,2022-09-01
2022-09-05,3038,17.89253807067871,0.3621081056411641,0,0.01207724679261446,0.014492668211460114,-0.014492854475975037,-0.002415561117231846,-0.002415561117231846,-0.008415561117231846,close,0,0,5,2022-09-01
2022-09-05,6530,22.59358787536621,0.3621081056411641,1,0.019802045077085495,0.03366344794631004,-0.003960347268730402,0.003960475791245699,0.03,0.024,take_profit,1,0,5,2022-09-01
2022-09-05,3322,20.346729278564453,0.3621081056411641,1,0.04608296602964401,0.04608296602964401,1.576517405510458e-08,0.00921655260026455,0.03,0.024,gap_take_profit,1,0,5,2022-09-01
2022-09-05,3535,22.198745727539062,0.3621081056411641,1,0.008474519476294518,0.04025417938828468,-0.029661057516932487,0.008474519476294518,-0.02,-0.026000000000000002,ambiguous_stop_loss,1,1,5,2022-09-01
2022-09-05,6113,20.972007751464844,0.3621081056411641,0,0.01094102580100298,0.019693728536367416,-0.04813998192548752,-0.04813998192548752,-0.02,-0.026000000000000002,stop_loss,0,1,5,2022-09-01
2022-09-05,3006,68.60801696777344,0.3621081056411641,0,0.005555536597967148,0.016666583716869354,-0.034722261130809784,-0.026388948783278465,-0.02,-0.026000000000000002,stop_loss,0,1,5,2022-09-01
2022-09-05,1522,24.681825637817383,0.3621081056411641,0,0.0052264174446463585,0.01916368491947651,-0.020905984565615654,-0.00522658322006464,-0.02,-0.026000000000000002,stop_loss,0,1,5,2022-09-01
2022-09-05,2305,29.299999237060547,0.3621081056411641,1,0.03412969410419464,0.06825938820838928,0.005119506269693375,0.005119506269693375,0.03,0.024,gap_take_profit,1,0,5,2022-09-01
2022-09-06,3066,28.950000762939453,0.4801930056845468,1,-0.037996556609869,0.010362667962908745,-0.037996556609869,0.001727089285850525,-0.037996556609869,-0.043996556609869,gap_stop,0,1,5,2022-09-01
2022-09-06,2641,15.968477249145508,0.4801930056845468,0,0.005479289218783379,0.005479289218783379,-0.013698731549084187,-0.008219342678785324,-0.008219342678785324,-0.014219342678785324,close,0,0,5,2022-09-01
2022-09-06,8112,28.664424896240234,0.4799617142279299,0,-0.00411527743563056,-0.00411527743563056,-0.026063134893774986,-0.021947892382740974,-0.02,-0.026000000000000002,stop_loss,0,1,5,2022-09-01
2022-09-06,1809,11.959188461303711,0.4799617142279299,0,0.004016128834336996,0.004016128834336996,-0.02008027397096157,-0.02008027397096157,-0.02,-0.026000000000000002,stop_loss,0,1,5,2022-09-01
2022-09-06,6257,41.642826080322266,0.4799617142279299,0,-0.0020430281292647123,-0.0020430281292647123,-0.027579287067055702,-0.027579287067055702,-0.02,-0.026000000000000002,stop_loss,0,1,5,2022-09-01
2022-09-06,1409,15.084782600402832,0.4799617142279299,0,3.065688503056663e-08,3.065688503056663e-08,-0.011594217270612717,-0.011594217270612717,-0.011594217270612717,-0.017594217270612715,close,0,0,5,2022-09-01
2022-09-06,6613,70.7063980102539,0.4799617142279299,0,-2.619597339048596e-08,0.0011428134748712182,-0.011428597383201122,-0.011428597383201122,-0.011428597383201122,-0.01742859738320112,close,0,0,5,2022-09-01
2022-09-06,4577,30.255643844604492,0.4799617142279299,0,-0.0015649949200451374,-1.3963014744433622e-08,-0.006259818561375141,-0.0015649949200451374,-0.0015649949200451374,-0.0075649949200451375,close,0,0,5,2022-09-01
2022-09-06,2379,276.096923828125,0.4799617142279299,0,-0.012121248990297318,-0.012121248990297318,-0.04090912640094757,-0.031818218529224396,-0.02,-0.026000000000000002,stop_loss,0,1,5,2022-09-01
2022-09-06,3048,25.2325382232666,0.4799617142279299,0,-0.0017954494105651975,-0.0017954494105651975,-0.012567413970828056,-0.007181431632488966,-0.007181431632488966,-0.013181431632488966,close,0,0,5,2022-09-01
2022-09-06,4540,42.372840881347656,0.4799617142279299,0,-0.011273957788944244,0.010146578773856163,-0.011273957788944244,0.0,0.0,-0.006,close,0,0,5,2022-09-01
2022-09-06,6227,33.789794921875,0.4799617142279299,1,-0.0025973517913371325,0.0103896614164114,-0.011688320897519588,0.0025973741430789232,0.0025973741430789232,-0.003402625856921077,close,0,0,5,2022-09-01
2022-09-06,4953,74.34921264648438,0.4799617142279299,0,0.007050372194498777,0.007050372194498777,-0.012926197610795498,-0.008225775323808193,-0.008225775323808193,-0.014225775323808193,close,0,0,5,2022-09-01
2022-09-06,2402,15.042396545410156,0.4793209500781986,1,-0.008955120109021664,0.08059712499380112,-0.0328356958925724,0.06865677982568741,-0.02,-0.026000000000000002,ambiguous_stop_loss,1,1,5,2022-09-01
2022-09-06,6243,27.132829666137695,0.4792499039464188,0,-2.1955184337230094e-09,-2.1955184337230094e-09,-0.03264607489109039,-0.017182132229208946,-0.02,-0.026000000000000002,stop_loss,0,1,5,2022-09-01
2022-09-06,3141,109.18324279785156,0.4792499039464188,0,-0.05263160169124603,-0.013157919980585575,-0.061403531581163406,-0.035087745636701584,-0.05263160169124603,-0.05863160169124603,gap_stop,0,1,5,2022-09-01
2022-09-06,8027,63.242652893066406,0.4791828538410113,0,-0.007575738709419966,-0.007575738709419966,-0.037878770381212234,-0.03030301257967949,-0.02,-0.026000000000000002,stop_loss,0,1,5,2022-09-01
2022-09-06,3624,42.15493392944336,0.4791828538410113,1,-3.471497578289018e-08,0.017075804993510246,-0.014941271394491196,0.001067266333848238,0.001067266333848238,-0.004932733666151762,close,0,0,5,2022-09-01
2022-09-06,6150,55.20000076293945,0.4791828538410113,1,-0.021739143878221512,0.025362277403473854,-0.02355070970952511,0.009057970717549324,-0.021739143878221512,-0.02773914387822151,gap_stop,0,1,5,2022-09-01
2022-09-06,4720,14.412725448608398,0.4791828538410113,1,0.02194356918334961,0.05015678331255913,0.012539203278720379,0.03448280319571495,0.03,0.024,take_profit,1,0,5,2022-09-01
2022-09-07,2014,23.450977325439453,0.6340415938742769,1,0.016736388206481934,0.02092050574719906,0.0020921011455357075,0.012552352622151375,0.012552352622151375,0.006552352622151375,close,0,0,5,2022-09-01
2022-09-07,2441,50.0667839050293,0.6340415938742769,1,0.008992748335003853,0.050359707325696945,-0.003597124246880412,0.03597116470336914,0.03,0.024,take_profit,1,0,5,2022-09-01
2022-09-07,6257,40.494346618652344,0.6340415938742769,1,0.007353086955845356,0.014705996960401535,9.66880975283857e-08,0.008403491228818893,0.008403491228818893,0.0024034912288188933,close,0,0,5,2022-09-01
2022-09-07,1229,42.86469650268555,0.6340415938742769,1,0.005494479089975357,0.020146531984210014,1.3140084575979927e-09,0.020146531984210014,0.020146531984210014,0.014146531984210014,close,0,0,5,2022-09-01
2022-09-07,2317,95.13191986083984,0.6316813997468096,1,0.009433937259018421,0.009433937259018421,-2.4733978420954372e-08,0.009433937259018421,0.009433937259018421,0.003433937259018421,close,0,0,5,2022-09-01
2022-09-07,2015,55.79047393798828,0.6316813997468096,1,0.006135053001344204,0.012270046398043633,-0.006134816445410252,0.006135053001344204,0.006135053001344204,0.00013505300134420382,close,0,0,5,2022-09-01
2022-09-07,1210,42.52862548828125,0.6316813997468096,1,-6.61669687929134e-08,0.01256534643471241,-6.61669687929134e-08,0.009424032643437386,0.009424032643437386,0.0034240326434373854,close,0,0,5,2022-09-01
2022-09-07,6412,58.34903335571289,0.6316813997468096,1,0.011644876562058926,0.014556040987372398,-7.311224958783669e-10,0.014556040987372398,0.014556040987372398,0.008556040987372398,close,0,0,5,2022-09-01
2022-09-07,1326,62.96382522583008,0.6316813997468096,1,0.010447661392390728,0.01940297521650791,0.0014924604911357164,0.016417833045125008,0.016417833045125008,0.010417833045125008,close,0,0,5,2022-09-01
2022-09-07,1303,61.76239013671875,0.6316813997468096,1,0.004490921273827553,0.008981984108686447,-0.0014971252530813217,0.005987904034554958,0.005987904034554958,-1.2095965445041781e-05,close,0,0,5,2022-09-01
2022-09-07,1504,25.7958984375,0.6316813997468096,1,0.005208373069763184,0.01215277798473835,-1.3404513055093048e-08,0.01215277798473835,0.01215277798473835,0.00615277798473835,close,0,0,5,2022-09-01
2022-09-07,2887,12.142038345336914,0.628001360006413,1,0.003378321183845401,0.02027016505599022,-0.0067568132653832436,0.016891811043024063,0.016891811043024063,0.010891811043024063,close,0,0,5,2022-09-01
2022-09-07,2881,43.782527923583984,0.628001360006413,1,0.010695122182369232,0.010695122182369232,-0.0017826042603701353,0.00713005755096674,0.00713005755096674,0.0011300575509667395,close,0,0,5,2022-09-01
2022-09-07,2882,38.1346321105957,0.628001360006413,0,0.004634943325072527,0.006952460389584303,-0.0023175165988504887,0.0,0.0,-0.006,close,0,0,5,2022-09-01
2022-09-07,2891,19.847301483154297,0.628001360006413,1,0.006578993517905474,0.006578993517905474,-0.004385918844491243,0.004385960754007101,0.004385960754007101,-0.001614039245992899,close,0,0,5,2022-09-01
2022-09-07,2884,23.411062240600586,0.628001360006413,1,0.009157528169453144,0.009157528169453144,4.268817299646344e-09,0.0073260534554719925,0.0073260534554719925,0.0013260534554719924,close,0,0,5,2022-09-01
2022-09-07,5880,22.391815185546875,0.628001360006413,1,0.005565776955336332,0.011131658218801022,-0.001855371636338532,0.011131658218801022,0.011131658218801022,0.0051316582188010215,close,0,0,5,2022-09-01
2022-09-07,5876,42.50082015991211,0.628001360006413,1,0.007209147792309523,0.014418200589716434,-0.0051492503844201565,0.014418200589716434,0.014418200589716434,0.008418200589716434,close,0,0,5,2022-09-01
2022-09-07,2207,532.3517456054688,0.6279492049639868,1,0.006872746627777815,0.0257730670273304,0.006872746627777815,0.0257730670273304,0.0257730670273304,0.0197730670273304,close,0,0,5,2022-09-01
2022-09-07,1773,99.22377014160156,0.6279492049639868,1,0.011764676310122013,0.015686221420764923,-0.007843190804123878,0.011764676310122013,0.011764676310122013,0.005764676310122013,close,0,0,5,2022-09-01
2022-09-08,6285,72.5804443359375,0.5713636545118681,1,0.02163453958928585,0.07692306488752365,0.015624974854290485,0.0709134116768837,0.03,0.024,take_profit,1,0,5,2022-09-01
2022-09-08,3379,11.273259162902832,0.56871211740588,1,0.021367505192756653,0.021367505192756653,0.012820546515285969,0.012820546515285969,0.012820546515285969,0.006820546515285969,close,0,0,5,2022-09-01
2022-09-08,3081,155.94488525390625,0.564920497821568,1,0.012345668859779835,0.09876541793346405,0.0030864097643643618,0.09876541793346405,0.03,0.024,take_profit,1,0,5,2022-09-01
2022-09-08,4510,10.260574340820312,0.564275232318555,1,0.00456631975248456,0.013698776252567768,0.00456631975248456,0.00456631975248456,0.00456631975248456,-0.0014336802475154401,close,0,0,5,2022-09-01
2022-09-08,6689,150.87698364257812,0.5636533197319112,0,0.006211180239915848,0.012422360479831696,-0.043478261679410934,0.0,-0.02,-0.026000000000000002,stop_loss,0,1,5,2022-09-01
2022-09-08,2609,41.93514633178711,0.5636533197319112,1,0.013274301774799824,0.06637173891067505,0.004424767103046179,0.047197651118040085,0.03,0.024,take_profit,1,0,5,2022-09-01
2022-09-08,2612,30.97356414794922,0.5636533197319112,1,0.012857078574597836,0.045714154839515686,-0.0028571835719048977,0.018571386113762856,0.03,0.024,take_profit,1,0,5,2022-09-01
2022-09-08,3675,159.81744384765625,0.5636533197319112,0,0.02331605553627014,0.03367875516414642,-0.005181395448744297,0.0,0.03,0.024,take_profit,1,0,5,2022-09-01
2022-09-08,3558,203.76014709472656,0.5636533197319112,1,0.016470570117235184,0.044705864042043686,-1.7175695532500868e-08,0.025882335379719734,0.03,0.024,take_profit,1,0,5,2022-09-01
2022-09-08,5351,43.06386947631836,0.5636533197319112,1,0.010706545785069466,0.03104918636381626,0.010706545785069466,0.01284789014607668,0.03,0.024,take_profit,1,0,5,2022-09-01
2022-09-08,3372,12.242982864379883,0.5636533197319112,1,0.003937027882784605,0.0196850448846817,5.002834591039118e-09,0.011811073869466782,0.011811073869466782,0.0058110738694667815,close,0,0,5,2022-09-01
2022-09-08,3265,35.97337341308594,0.5636533197319112,1,0.016786590218544006,0.023980816826224327,1.8220793762679932e-09,0.017985612154006958,0.017985612154006958,0.011985612154006958,close,0,0,5,2022-09-01
2022-09-08,3504,103.0,0.563377456279689,1,0.014563106931746006,0.06310679763555527,0.014563106931746006,0.03883495181798935,0.03,0.024,take_profit,1,0,5,2022-09-01
2022-09-08,3663,27.560592651367188,0.5631326431227018,1,-3.961906003269178e-08,0.012068938463926315,-0.0034483284689486027,0.005172360688447952,0.005172360688447952,-0.0008276393115520479,close,0,0,5,2022-09-01
2022-09-08,6442,53.63462829589844,0.5631326431227018,0,0.008725902996957302,0.01221628487110138,-0.07504373043775558,-0.015706904232501984,-0.02,-0.026000000000000002,stop_loss,0,1,5,2022-09-01
2022-09-08,6015,9.908477783203125,0.5631326431227018,1,0.01886797696352005,0.028301885351538658,0.004716979339718819,0.02358497679233551,0.02358497679233551,0.017584976792335512,close,0,0,5,2022-09-01
2022-09-08,6693,74.6657943725586,0.5631326431227018,0,0.011124864220619202,0.011124864220619202,-0.004944394342601299,0.0,0.0,-0.006,close,0,0,5,2022-09-01
2022-09-08,3219,60.59086608886719,0.5631326431227018,0,0.012820490635931492,0.012820490635931492,-0.009615430608391762,-0.009615430608391762,-0.009615430608391762,-0.015615430608391762,close,0,0,5,2022-09-01
2022-09-08,3031,14.488042831420898,0.5631326431227018,1,0.003021230921149254,0.012084652669727802,0.003021230921149254,0.0060423328541219234,0.0060423328541219234,4.233285412192332e-05,close,0,0,5,2022-09-01
2022-09-08,5607,39.33473205566406,0.5631326431227018,1,0.025291839614510536,0.05252917483448982,0.01167308073490858,0.04085599258542061,0.03,0.024,take_profit,1,0,5,2022-09-01
2022-09-12,2613,24.649513244628906,0.48711608782106613,1,-1.528488624558122e-08,0.044036708772182465,-0.020183473825454712,0.0385320670902729,-0.02,-0.026000000000000002,ambiguous_stop_loss,1,1,5,2022-09-01
2022-09-12,2388,86.8922348022461,0.48165916947169746,1,0.024027563631534576,0.032036684453487396,-0.0034324107691645622,0.018306739628314972,0.03,0.024,take_profit,1,0,5,2022-09-01
2022-09-12,5426,14.611869812011719,0.48165916947169746,1,0.009933726862072945,0.039735037833452225,-0.013245104812085629,0.006622456479817629,0.03,0.024,take_profit,1,0,5,2022-09-01
2022-09-12,5284,52.97965621948242,0.4813021078210486,1,0.0053003993816673756,0.07067137211561203,-0.010600687935948372,0.03180216625332832,0.03,0.024,take_profit,1,0,5,2022-09-01
2022-09-12,6841,84.81747436523438,0.47928815428974153,1,-0.0022522720973938704,0.08671171218156815,-0.0022522720973938704,0.011261292733252048,0.03,0.024,take_profit,1,0,5,2022-09-01
2022-09-12,6152,11.550000190734863,0.47928815428974153,1,0.004329020623117685,0.06493506580591202,-0.03030306287109852,0.05627702176570892,-0.02,-0.026000000000000002,ambiguous_stop_loss,1,1,5,2022-09-01
2022-09-12,8431,50.36592102050781,0.4779398559600933,0,0.0,0.015686258673667908,-0.013725505210459232,0.0,0.0,-0.006,close,0,0,5,2022-09-01
2022-09-12,4720,14.728992462158203,0.4748773751089858,1,0.021472517400979996,0.06441735476255417,0.015337524935603142,0.03680994361639023,0.03,0.024,take_profit,1,0,5,2022-09-01
2022-09-12,2483,26.791175842285156,0.47348135212607745,1,0.0839160606265068,0.09790206700563431,0.048951029777526855,0.06643354892730713,0.03,0.024,gap_take_profit,1,0,5,2022-09-01
2022-09-12,8085,23.104339599609375,0.47323908168579837,1,0.0021598374005407095,0.02807769738137722,-3.915973678658702e-08,0.010799096897244453,0.010799096897244453,0.004799096897244453,close,0,0,5,2022-09-01
2022-09-12,3499,18.299999237060547,0.47323908168579837,1,0.00819680467247963,0.021858008578419685,0.0027323029935359955,0.010929004289209843,0.010929004289209843,0.0049290042892098426,close,0,0,5,2022-09-01
2022-09-12,6411,89.38104248046875,0.47291287761412065,0,-0.014000129885971546,-0.0010001154150813818,-0.03500010073184967,-0.019000111147761345,-0.02,-0.026000000000000002,stop_loss,0,1,5,2022-09-01
2022-09-12,2543,5.755096435546875,0.47264733651338153,0,0.01614631898701191,0.01614631898701191,-0.008611641824245453,-0.003229347290471196,-0.003229347290471196,-0.009229347290471196,close,0,0,5,2022-09-01
2022-09-12,1471,9.050000190734863,0.47263744830738325,0,0.014364653266966343,0.02541431412100792,-0.001104997587390244,-0.001104997587390244,-0.001104997587390244,-0.007104997587390244,close,0,0,5,2022-09-01
2022-09-12,1215,70.65036010742188,0.47194215034872256,1,0.001248501124791801,0.007490699179470539,-0.0024967605713754892,0.007490699179470539,0.007490699179470539,0.001490699179470539,close,0,0,5,2022-09-01
2022-09-12,9931,33.12984848022461,0.47194215034872256,0,-0.010165357030928135,-0.010165357030928135,-0.010165357030928135,-0.010165357030928135,-0.010165357030928135,-0.016165357030928133,close,0,0,5,2022-09-01
2022-09-12,1312,17.572032928466797,0.47194215034872256,1,4.44158025914021e-08,0.01626022346317768,4.44158025914021e-08,0.010840128175914288,0.010840128175914288,0.0048401281759142874,close,0,0,5,2022-09-01
2022-09-12,2852,12.67063045501709,0.47194215034872256,0,0.0,0.0033333459869027138,-0.0033333459869027138,0.0,0.0,-0.006,close,0,0,5,2022-09-01
2022-09-12,5534,67.29984283447266,0.47194215034872256,0,0.0026384200900793076,0.0026384200900793076,-0.003957885317504406,-0.003957885317504406,-0.003957885317504406,-0.009957885317504406,close,0,0,5,2022-09-01
2022-09-12,3094,27.375974655151367,0.4714269870245665,1,0.017271118238568306,0.0328151173889637,0.005181295797228813,0.00863554049283266,0.03,0.024,take_profit,1,0,5,2022-09-01
2022-09-13,4168,40.400001525878906,0.3743115971261383,1,-0.00990102719515562,0.029702894389629364,-0.00990102719515562,0.022277170792222023,0.022277170792222023,0.016277170792222025,close,0,0,5,2022-09-01
2022-09-13,6712,158.4316864013672,0.3649546511442414,0,-0.01541867945343256,0.01762104220688343,-0.019823886454105377,-0.019823886454105377,-0.019823886454105377,-0.025823886454105376,close,0,0,5,2022-09-01
2022-09-13,6220,28.098207473754883,0.35951213253767406,1,-0.013412869535386562,0.04321906715631485,-0.02831599861383438,0.04321906715631485,-0.02,-0.026000000000000002,ambiguous_stop_loss,1,1,5,2022-09-01
2022-09-13,8222,27.546146392822266,0.35951213253767406,1,-0.0035524358972907066,0.09769091755151749,-0.017762012779712677,0.062166936695575714,0.03,0.024,take_profit,1,0,5,2022-09-01
2022-09-13,6689,133.54019165039062,0.3519964057975441,1,-0.024561479687690735,0.007017465308308601,-0.05263165384531021,0.0035086937714368105,-0.024561479687690735,-0.030561479687690733,gap_stop,0,1,5,2022-09-01
2022-09-13,6547,121.5,0.3516430141221924,0,-0.03292180970311165,-0.004115226212888956,-0.045267488807439804,-0.041152264922857285,-0.03292180970311165,-0.03892180970311165,gap_stop,0,1,5,2022-09-01
2022-09-13,6643,282.2321472167969,0.35119025847759017,1,-0.031578969210386276,0.013157915323972702,-0.03684212639927864,0.010526283644139767,-0.031578969210386276,-0.037578969210386275,gap_stop,0,1,5,2022-09-01
2022-09-13,2367,22.92056655883789,0.35119025847759017,1,-0.023605169728398323,0.025751037523150444,-0.034334782510995865,0.012875533662736416,-0.023605169728398323,-0.02960516972839832,gap_stop,0,1,5,2022-09-01
2022-09-13,8996,109.30360412597656,0.34909516012639347,0,-0.022123947739601135,0.013274281285703182,-0.022123947739601135,-0.0044248332269489765,-0.022123947739601135,-0.028123947739601134,gap_stop,0,1,5,2022-09-01
2022-09-13,3693,69.98937225341797,0.34909516012639347,1,-0.030303029343485832,0.006887010298669338,-0.030303029343485832,0.006887010298669338,-0.030303029343485832,-0.03630302934348583,gap_stop,0,1,5,2022-09-01
2022-09-13,6533,403.25665283203125,0.34909516012639347,1,-0.029666243121027946,0.051915958523750305,-0.03337452560663223,0.051915958523750305,-0.029666243121027946,-0.035666243121027945,gap_stop,1,1,5,2022-09-01
2022-09-13,2061,24.799999237060547,0.3481192846343556,1,-0.028225760906934738,0.028225837275385857,-0.032258033752441406,0.01814519241452217,-0.028225760906934738,-0.03422576090693474,gap_stop,0,1,5,2022-09-01
2022-09-13,3289,64.88538360595703,0.3481192846343556,1,-0.01699703559279442,0.060906656086444855,-0.029744934290647507,0.05524091050028801,-0.02,-0.026000000000000002,ambiguous_stop_loss,1,1,5,2022-09-01
2022-09-13,3027,26.18913459777832,0.3481192846343556,1,-0.02255636639893055,0.0507519356906414,-0.026315780356526375,0.0507519356906414,-0.02255636639893055,-0.028556366398930548,gap_stop,1,1,5,2022-09-01
2022-09-13,2375,60.11334991455078,0.3478739105035457,0,-0.04374999925494194,-0.02812499739229679,-0.05156249925494194,-0.046875011175870895,-0.04374999925494194,-0.04974999925494194,gap_stop,0,1,5,2022-09-01
2022-09-13,6706,97.0285415649414,0.34736415205721793,0,-0.029411736875772476,-0.009803892113268375,-0.037254903465509415,-0.014705853536725044,-0.029411736875772476,-0.035411736875772475,gap_stop,0,1,5,2022-09-01
2022-09-13,8088,19.692790985107422,0.3471145200246878,1,-0.010988892056047916,0.04395616799592972,-0.015384513884782791,0.04395616799592972,0.03,0.024,take_profit,1,0,5,2022-09-01
2022-09-13,2404,149.61000061035156,0.3471145200246878,1,-0.014124354347586632,0.025423666462302208,-0.022598929703235626,0.025423666462302208,-0.02,-0.026000000000000002,stop_loss,0,1,5,2022-09-01
2022-09-13,3207,44.98918914794922,0.34691395783508655,1,-0.020127227529883385,0.05296599864959717,-0.040254343301057816,0.03601685166358948,-0.020127227529883385,-0.026127227529883383,gap_stop,1,1,5,2022-09-01
2022-09-13,3346,40.296356201171875,0.3468186758163646,0,-0.03800472244620323,-0.011876489967107773,-0.04037998244166374,-0.01781473308801651,-0.03800472244620323,-0.04400472244620323,gap_stop,0,1,5,2022-09-01
2022-09-14,6449,36.67951583862305,0.5825814186820292,1,-0.004981268662959337,0.008717343211174011,-0.004981268662959337,0.008717343211174011,0.008717343211174011,0.002717343211174011,close,0,0,5,2022-09-01
2022-09-14,6625,25.098682403564453,0.5816141375795072,0,-0.006666657980531454,0.0033333678729832172,-0.011666671372950077,-0.011666671372950077,-0.011666671372950077,-0.017666671372950075,close,0,0,5,2022-09-01
2022-09-14,3093,22.360170364379883,0.5808988312137934,0,2.8165480614461558e-08,0.014018720015883446,-0.00934576615691185,-0.00934576615691185,-0.00934576615691185,-0.01534576615691185,close,0,0,5,2022-09-01
2022-09-14,6547,116.5,0.5793119787378707,0,0.01287553645670414,0.02575107291340828,-0.017167381942272186,-0.01287553645670414,-0.01287553645670414,-0.018875536456704138,close,0,0,5,2022-09-01
2022-09-14,8390,32.0477180480957,0.5783362494866174,1,0.001649949117563665,0.014851266518235207,-2.155754970090129e-07,0.013201101683080196,0.013201101683080196,0.007201101683080196,close,0,0,5,2022-09-01
2022-09-14,3379,11.176907539367676,0.5783362494866174,1,0.025861887261271477,0.043103329837322235,0.012930887751281261,0.043103329837322235,0.03,0.024,take_profit,1,0,5,2022-09-01
2022-09-14,8404,27.534631729125977,0.5769832834299035,1,-0.006359357386827469,0.0031796034891158342,-0.006359357386827469,0.0031796034891158342,0.0031796034891158342,-0.002820396510884166,close,0,0,5,2022-09-01
2022-09-14,4991,40.099998474121094,0.576226123655915,1,0.0,0.009975100867450237,-0.001246863859705627,0.04738158732652664,0.04738158732652664,0.04138158732652664,close,0,0,5,2022-09-01
2022-09-14,2301,58.58839797973633,0.5760905108444317,1,0.005970134865492582,0.03582087904214859,-0.0014925512950867414,0.029850708320736885,0.03,0.024,take_profit,1,0,5,2022-09-01
2022-09-14,2852,12.543924331665039,0.5751412595407146,0,0.0,0.010100984014570713,-0.003367016091942787,0.0,0.0,-0.006,close,0,0,5,2022-09-01
2022-09-14,2505,19.26090431213379,0.5736786759694511,1,-0.002557441359385848,0.0076727778650820255,-0.002557441359385848,0.002557668136432767,0.002557668136432767,-0.003442331863567233,close,0,0,5,2022-09-01
2022-09-14,2383,159.72312927246094,0.5727083480802057,1,0.006005988456308842,0.05705703794956207,-0.00300302030518651,0.045045025646686554,0.03,0.024,take_profit,1,0,5,2022-09-01
2022-09-14,3581,21.306758880615234,0.5723465408641426,1,0.002217483939602971,0.015521221794188023,0.002217483939602971,0.004434745293110609,0.004434745293110609,-0.001565254706889391,close,0,0,5,2022-09-01
2022-09-14,2912,254.5923309326172,0.5717885285650688,0,-0.014209517277777195,-0.003552322508767247,-0.02664291113615036,-0.007104720454663038,-0.02,-0.026000000000000002,stop_loss,0,1,5,2022-09-01
2022-09-14,8454,480.20318603515625,0.5710330362949235,0,0.015479899942874908,0.024767855182290077,-0.013931862078607082,-0.013931862078607082,-0.013931862078607082,-0.01993186207860708,close,0,0,5,2022-09-01
2022-09-14,6668,42.29999923706055,0.5708471296939598,0,0.018912510946393013,0.024822676554322243,-0.00591016560792923,-0.0011820150539278984,-0.0011820150539278984,-0.0071820150539278985,close,0,0,5,2022-09-01
2022-09-14,2002,27.413898468017578,0.5702222929395641,1,0.0017064491985365748,0.011945330537855625,-0.0051195151172578335,0.006825889926403761,0.006825889926403761,0.0008258899264037608,close,0,0,5,2022-09-01
2022-09-14,4157,17.799999237060547,0.5700869662462431,0,0.014044944196939468,0.014044944196939468,-0.022471889853477478,-0.01685389131307602,-0.02,-0.026000000000000002,stop_loss,0,1,5,2022-09-01
2022-09-14,1789,25.571273803710938,0.5700869662462431,0,0.0037451998796314,0.0037451998796314,-0.007490725722163916,-0.007490725722163916,-0.007490725722163916,-0.013490725722163916,close,0,0,5,2022-09-01
2022-09-14,3040,26.961912155151367,0.5700869662462431,1,-8.556454389463397e-08,0.06666657328605652,-8.556454389463397e-08,0.031666602939367294,0.03,0.024,take_profit,1,0,5,2022-09-01
2022-09-15,4121,21.41596031188965,0.45337879092393557,0,6.317641521036421e-09,0.006564540788531303,-0.01312914676964283,-0.010940912179648876,-0.010940912179648876,-0.016940912179648875,close,0,0,5,2022-09-01
2022-09-15,1522,25.713815689086914,0.4493326200450155,0,0.008361279033124447,0.023411473259329796,-0.01003334578126669,-0.01003334578126669,-0.01003334578126669,-0.016033345781266688,close,0,0,5,2022-09-01
2022-09-15,3050,15.350677490234375,0.44753429345768025,1,-6.3513430070827326e-09,0.04166670888662338,-6.3513430070827326e-09,0.03571430221199989,0.03,0.024,take_profit,1,0,5,2022-09-01
2022-09-15,3380,29.881227493286133,0.44753429345768025,0,-0.0015128126833587885,0.007564320228993893,-0.0166414063423872,-0.010589946061372757,-0.010589946061372757,-0.016589946061372755,close,0,0,5,2022-09-01
2022-09-15,3526,129.0337371826172,0.43754477957609433,0,-0.01618119888007641,0.00647252332419157,-0.025889936834573746,-0.025889936834573746,-0.02,-0.026000000000000002,stop_loss,0,1,5,2022-09-01
2022-09-15,4968,118.5,0.43377790452559417,0,0.0,0.0,-0.037974681705236435,-0.029535865411162376,-0.02,-0.026000000000000002,stop_loss,0,1,5,2022-09-01
2022-09-15,3128,26.02737045288086,0.43334000369337144,0,0.016420427709817886,0.04433508217334747,-0.031198618933558464,-0.009852161630988121,-0.02,-0.026000000000000002,ambiguous_stop_loss,1,1,5,2022-09-01
2022-09-15,3025,24.078588485717773,0.43334000369337144,1,0.03962714970111847,0.0629371777176857,0.009324115701019764,0.034965142607688904,0.03,0.024,gap_take_profit,1,0,5,2022-09-01
2022-09-15,5351,40.90840148925781,0.43152762530892175,0,-0.014457774348556995,-0.003614325076341629,-0.04457821696996689,-0.04457821696996689,-0.02,-0.026000000000000002,stop_loss,0,1,5,2022-09-01
2022-09-15,3406,389.9897155761719,0.43025173121475796,0,-0.011655072681605816,0.012820450589060783,-0.011655072681605816,-0.009324070066213608,-0.009324070066213608,-0.015324070066213608,close,0,0,5,2022-09-01
2022-09-15,2228,70.47279357910156,0.43025173121475796,1,0.01886794902384281,0.07665098458528519,-0.028301861137151718,0.003537724958732724,-0.02,-0.026000000000000002,ambiguous_stop_loss,1,1,5,2022-09-01
2022-09-15,2419,27.616979598999023,0.43025173121475796,0,-1.6972904859358096e-08,0.005163546651601791,-0.02925986237823963,-0.027538716793060303,-0.02,-0.026000000000000002,stop_loss,0,1,5,2022-09-01
2022-09-15,3390,20.574384689331055,0.43025173121475796,1,0.002183489501476288,0.03275112807750702,-0.01310037076473236,0.02401755191385746,0.03,0.024,take_profit,1,0,5,2022-09-01
2022-09-15,3260,54.1487922668457,0.43025173121475796,0,-4.2974313885224547e-08,0.01785709708929062,-0.009740330278873444,-0.0016234135255217552,-0.0016234135255217552,-0.007623413525521755,close,0,0,5,2022-09-01
2022-09-15,3017,108.5103988647461,0.43025173121475796,0,0.004405309911817312,0.013215861283242702,-0.004405309911817312,0.0,0.0,-0.006,close,0,0,5,2022-09-01
2022-09-15,3088,49.774288177490234,0.43025173121475796,0,-2.124405984460509e-09,0.006779710296541452,-0.008474571630358696,-0.006779643706977367,-0.006779643706977367,-0.012779643706977368,close,0,0,5,2022-09-01
2022-09-15,1618,14.833789825439453,0.4301965950397282,0,0.0,0.02812504768371582,-0.02187502384185791,0.0,-0.02,-0.026000000000000002,stop_loss,0,1,5,2022-09-01
2022-09-15,3653,389.6522521972656,0.4297532849871057,0,0.001236145617440343,0.0148331793025136,-0.027194015681743622,-0.025957923382520676,-0.02,-0.026000000000000002,stop_loss,0,1,5,2022-09-01
2022-09-15,1736,71.2298355102539,0.4297532849871057,1,0.021534277126193047,0.030955499038100243,0.002691726665943861,0.004037600941956043,0.03,0.024,take_profit,1,0,5,2022-09-01
2022-09-15,3443,575.3684692382812,0.4297532849871057,0,5.165640715176778e-08,0.006722741294652224,-0.03361339494585991,-0.03361339494585991,-0.02,-0.026000000000000002,stop_loss,0,1,5,2022-09-01
2022-09-16,6152,11.699999809265137,0.4907102255384959,1,0.017094001173973083,0.02564104273915291,-0.021367521956562996,0.004273520782589912,-0.02,-0.026000000000000002,stop_loss,0,1,5,2022-09-01
2022-09-16,6465,21.600000381469727,0.4907102255384959,0,0.00694442680105567,0.027777794748544693,-0.027777794748544693,-0.025463014841079712,-0.02,-0.026000000000000002,stop_loss,0,1,5,2022-09-01
2022-09-16,3558,191.77426147460938,0.49069700948935246,0,0.004999981261789799,0.012499981559813023,-0.03000001795589924,-0.015000018291175365,-0.02,-0.026000000000000002,stop_loss,0,1,5,2022-09-01
2022-09-16,6133,23.825584411621094,0.49069700948935246,0,5.203271769005369e-08,0.010142040438950062,-0.02636910229921341,-0.020283924415707588,-0.02,-0.026000000000000002,stop_loss,0,1,5,2022-09-01
2022-09-16,2402,15.53632640838623,0.49069700948935246,0,0.0028901584446430206,0.00867052748799324,-0.031791944056749344,-0.02890181355178356,-0.02,-0.026000000000000002,stop_loss,0,1,5,2022-09-01
2022-09-16,6712,151.80128479003906,0.49069700948935246,1,0.004597595892846584,0.016091875731945038,-0.0091955391690135,0.00689645204693079,0.00689645204693079,0.0008964520469307898,close,0,0,5,2022-09-01
2022-09-16,5426,15.918228149414062,0.48829235314518865,0,0.02127656154334545,0.057750750333070755,-0.07598784565925598,-0.05775074660778046,-0.02,-0.026000000000000002,ambiguous_stop_loss,1,1,5,2022-09-01
2022-09-16,4541,33.31884765625,0.48829235314518865,0,0.020000020042061806,0.020000020042061806,-0.020000023767352104,-0.009999958798289299,-0.02,-0.026000000000000002,stop_loss,0,1,5,2022-09-01
2022-09-16,3122,29.826398849487305,0.48829235314518865,0,0.0033222550991922617,0.026578029617667198,-0.013289039954543114,-0.013289039954543114,-0.013289039954543114,-0.019289039954543112,close,0,0,5,2022-09-01
2022-09-16,3484,48.37137222290039,0.4880689460707878,0,0.013157902285456657,0.013157902285456657,-0.02631576918065548,-0.02255639061331749,-0.02,-0.026000000000000002,stop_loss,0,1,5,2022-09-01
2022-09-16,2342,38.51587677001953,0.4856648874659699,0,0.003654178697615862,0.004872187040746212,-0.029232602566480637,-0.029232602566480637,-0.02,-0.026000000000000002,stop_loss,0,1,5,2022-09-01
2022-09-16,2913,20.600000381469727,0.4856648874659699,1,0.004854387138038874,0.012135921977460384,0.0024271474685519934,0.00970868207514286,0.00970868207514286,0.0037086820751428603,close,0,0,5,2022-09-01
2022-09-16,6126,22.334728240966797,0.4856648874659699,0,0.002074716379866004,0.008298767730593681,-0.006223991513252258,-0.004149334505200386,-0.004149334505200386,-0.010149334505200386,close,0,0,5,2022-09-01
2022-09-16,2231,139.36378479003906,0.4856648874659699,0,-0.002898483071476221,0.011594349518418312,-0.03478255122900009,-0.020289719104766846,-0.02,-0.026000000000000002,stop_loss,0,1,5,2022-09-01
2022-09-16,6768,77.12992858886719,0.4856648874659699,0,0.0021834280341863632,0.007641943171620369,-0.025109147652983665,-0.008733602240681648,-0.02,-0.026000000000000002,stop_loss,0,1,5,2022-09-01
2022-09-16,2413,22.710662841796875,0.4856648874659699,0,0.0021413424983620644,0.014989357441663742,-0.02569590136408806,-0.0235546063631773,-0.02,-0.026000000000000002,stop_loss,0,1,5,2022-09-01
2022-09-16,8054,35.90388488769531,0.4856648874659699,0,-0.008219095878303051,-0.008219095878303051,-0.03150683268904686,-0.03013688512146473,-0.02,-0.026000000000000002,stop_loss,0,1,5,2022-09-01
2022-09-16,6486,51.227027893066406,0.4856648874659699,0,1.5351146132047688e-08,0.00477707339450717,-0.0015923171304166317,-0.0015923171304166317,-0.0015923171304166317,-0.007592317130416632,close,0,0,5,2022-09-01
2022-09-16,5452,15.427057266235352,0.4856648874659699,0,-4.844252643465552e-08,0.015624950639903545,-0.034375060349702835,-0.028125034645199776,-0.02,-0.026000000000000002,stop_loss,0,1,5,2022-09-01
2022-09-16,8938,87.52030181884766,0.4856648874659699,0,1.1796979748623926e-07,1.1796979748623926e-07,-0.06310668587684631,-0.057281456887722015,-0.02,-0.026000000000000002,stop_loss,0,1,5,2022-09-01
2022-09-19,3715,17.36410903930664,0.5957141566253114,0,0.007936348207294941,0.013227373361587524,-0.010582087561488152,-0.0026456003542989492,-0.0026456003542989492,-0.00864560035429895,close,0,0,5,2022-09-01
2022-09-19,3691,133.0,0.5921000530829538,0,0.011278195306658745,0.015037594363093376,0.0,0.0,0.0,-0.006,close,0,0,5,2022-09-01
2022-09-19,1464,12.860796928405762,0.5918957521885059,1,4.8798845853070816e-08,0.016393505036830902,-0.0032786703668534756,0.016393505036830902,0.016393505036830902,0.010393505036830902,close,0,0,5,2022-09-01
2022-09-19,1540,13.986981391906738,0.5918957521885059,1,0.009463663212954998,0.015772836282849312,-3.410113080803967e-08,0.009463663212954998,0.009463663212954998,0.003463663212954998,close,0,0,5,2022-09-01
2022-09-19,3066,27.100000381469727,0.5902848195395384,1,0.001844990300014615,0.07749078422784805,0.001844990300014615,0.02214023470878601,0.03,0.024,take_profit,1,0,5,2022-09-01
2022-09-19,3498,24.82975196838379,0.5902848195395384,1,0.023166052997112274,0.0270270723849535,-0.0038610037881881,0.009652525186538696,0.009652525186538696,0.003652525186538696,close,0,0,5,2022-09-01
2022-09-19,2405,13.37761116027832,0.5890950917260069,1,0.014492698013782501,0.028985437005758286,0.007246294524520636,0.02173910290002823,0.02173910290002823,0.01573910290002823,close,0,0,5,2022-09-01
2022-09-19,6691,82.32508850097656,0.589007801931732,0,0.0028985380195081234,0.0028985380195081234,-0.005797155667096376,0.0,0.0,-0.006,close,0,0,5,2022-09-01
2022-09-19,6683,192.02749633789062,0.5882282287393823,1,0.011961743235588074,0.023923465982079506,-0.014354047365486622,0.02153112180531025,0.02153112180531025,0.01553112180531025,close,0,0,5,2022-09-01
2022-09-19,3229,23.149999618530273,0.5882282287393823,1,-0.0043196710757911205,0.058315351605415344,-0.006479465402662754,0.028077738359570503,0.03,0.024,take_profit,1,0,5,2022-09-01
2022-09-19,1736,71.2298355102539,0.5880711943739886,1,0.009421137161552906,0.037684909999370575,-0.014805011451244354,0.002691662637516856,0.03,0.024,take_profit,1,0,5,2022-09-01
2022-09-19,2636,53.09852981567383,0.5878258753953723,1,0.0085105886682868,0.02553192898631096,0.007092170417308807,0.01702120527625084,0.01702120527625084,0.011021205276250839,close,0,0,5,2022-09-01
2022-09-19,2340,35.39840316772461,0.5875604174138634,1,0.009602139703929424,0.020576119422912598,0.004115150775760412,0.008230418898165226,0.008230418898165226,0.002230418898165226,close,0,0,5,2022-09-01
2022-09-19,1316,14.70642375946045,0.5873514534376767,1,0.00680270791053772,0.01020409818738699,-0.0034012780524790287,0.003401379333809018,0.003401379333809018,-0.002598620666190982,close,0,0,5,2022-09-01
2022-09-19,1325,23.561203002929688,0.5873514534376767,0,0.026209739968180656,0.026209739968180656,-0.002016098238527775,0.0,0.0,-0.006,close,0,0,5,2022-09-01
2022-09-19,3217,61.351810455322266,0.5873514534376767,1,0.005697871558368206,0.014244857244193554,0.004273391794413328,0.004273391794413328,0.004273391794413328,-0.001726608205586672,close,0,0,5,2022-09-01
2022-09-19,3234,24.50074005126953,0.5873514534376767,1,0.013384356163442135,0.022944632917642593,0.005736197344958782,0.009560276754200459,0.009560276754200459,0.0035602767542004584,close,0,0,5,2022-09-01
2022-09-19,3306,22.561708450317383,0.5873514534376767,1,0.004064986947923899,0.012195020914077759,-0.008130180649459362,0.008129965513944626,0.008129965513944626,0.0021299655139446257,close,0,0,5,2022-09-01
2022-09-19,3305,41.562320709228516,0.5873514534376767,1,0.008686302229762077,0.016286704689264297,0.004343179985880852,0.005428940057754517,0.005428940057754517,-0.0005710599422454835,close,0,0,5,2022-09-01
2022-09-19,3293,157.693359375,0.5873514534376767,0,0.005649717524647713,0.016949152573943138,-0.0028248587623238564,0.0,0.0,-0.006,close,0,0,5,2022-09-01
2022-09-20,4919,112.78993225097656,0.3838945002171693,1,-0.004081612452864647,0.020408183336257935,-0.008163245394825935,0.012244918383657932,0.012244918383657932,0.006244918383657932,close,0,0,5,2022-09-01
2022-09-20,3023,246.20928955078125,0.3827378137748598,0,-4.4399907750403145e-08,-4.4399907750403145e-08,-0.023809567093849182,-0.018315061926841736,-0.02,-0.026000000000000002,stop_loss,0,1,5,2022-09-01
2022-09-20,4956,16.350000381469727,0.3827378137748598,0,0.003058057278394699,0.003058057278394699,-0.01834869384765625,-0.01529051922261715,-0.01529051922261715,-0.021290519222617148,close,0,0,5,2022-09-01
2022-09-20,1536,88.43508911132812,0.3814864005469697,0,-7.000569013371205e-08,0.00853784941136837,-0.013874086551368237,-0.010672428645193577,-0.010672428645193577,-0.016672428645193575,close,0,0,5,2022-09-01
2022-09-20,3504,103.0,0.3811443718823531,1,-0.004854368977248669,0.029126213863492012,-0.009708737954497337,0.02427184395492077,0.02427184395492077,0.01827184395492077,close,0,0,5,2022-09-01
2022-09-20,8069,221.2706298828125,0.38067498554049267,0,-1.2556867545754358e-07,0.0021230163984000683,-0.021231545135378838,-0.0042464095167815685,-0.02,-0.026000000000000002,stop_loss,0,1,5,2022-09-01
2022-09-20,2535,30.64055633544922,0.3805228305186135,0,0.0015797788510099053,0.007898894138634205,-0.0031595577020198107,0.0,0.0,-0.006,close,0,0,5,2022-09-01
2022-09-20,4763,9.61039924621582,0.3799457282582415,0,-3.659736691474791e-08,-3.659736691474791e-08,-0.04411781579256058,-0.040441256016492844,-0.02,-0.026000000000000002,stop_loss,0,1,5,2022-09-01
2022-09-20,6118,41.29999923706055,0.3799457282582415,0,0.0,0.001210635295137763,-0.019370442256331444,-0.019370442256331444,-0.019370442256331444,-0.025370442256331442,close,0,0,5,2022-09-01
2022-09-20,3511,36.07758712768555,0.3799457282582415,1,-0.0012903535971418023,0.02322579361498356,-0.0012903535971418023,0.011612871661782265,0.011612871661782265,0.005612871661782265,close,0,0,5,2022-09-01
2022-09-20,2353,19.266910552978516,0.37971322923664896,1,-0.0022830383386462927,0.013698714785277843,-0.004566195420920849,0.009132487699389458,0.009132487699389458,0.0031324876993894576,close,0,0,5,2022-09-01
2022-09-20,1215,70.82677459716797,0.37971322923664896,0,-1.4819363514106954e-08,0.0012452960945665836,-0.00871738139539957,-0.00871738139539957,-0.00871738139539957,-0.01471738139539957,close,0,0,5,2022-09-01
2022-09-20,2451,55.52163314819336,0.37971322923664896,0,0.006060531362891197,0.006060531362891197,-0.02121223881840706,-0.007575853727757931,-0.02,-0.026000000000000002,stop_loss,0,1,5,2022-09-01
2022-09-20,2548,69.99129486083984,0.37971322923664896,1,0.004324282519519329,0.004324282519519329,-0.004324384965002537,0.003243223065510392,0.003243223065510392,-0.002756776934489608,close,0,0,5,2022-09-01
2022-09-20,2485,18.700000762939453,0.37904104627647056,0,-0.002673857845366001,0.008021369576454163,-0.021390454843640327,-0.0187165979295969,-0.02,-0.026000000000000002,stop_loss,0,1,5,2022-09-01
2022-09-20,6245,62.459861755371094,0.37894036197061987,0,-0.008333465084433556,-0.0055556390434503555,-0.027777912095189095,-0.016666831448674202,-0.02,-0.026000000000000002,stop_loss,0,1,5,2022-09-01
2022-09-20,3138,139.19615173339844,0.37894036197061987,1,-0.003289491171017289,0.0625000149011612,-0.003289491171017289,0.036184173077344894,0.03,0.024,take_profit,1,0,5,2022-09-01
2022-09-20,2610,20.858579635620117,0.37846564181932585,0,0.0022026095539331436,0.00881052203476429,-0.013215908780694008,0.0,0.0,-0.006,close,0,0,5,2022-09-01
2022-09-20,2379,277.80731201171875,0.37825338989816376,1,-0.011475438252091408,0.0032786596566438675,-0.014754126779735088,0.0016393153928220272,0.0016393153928220272,-0.004360684607177973,close,0,0,5,2022-09-01
2022-09-20,8114,136.96717834472656,0.3778698265829984,0,0.0,0.013071895577013493,-0.009803921915590763,0.0,0.0,-0.006,close,0,0,5,2022-09-01
2022-09-21,1471,8.239999771118164,0.5084418362538143,1,-0.004854364320635796,0.023058317601680756,-0.018203837797045708,0.008495224639773369,0.008495224639773369,0.0024952246397733687,close,0,0,5,2022-09-01
2022-09-21,1725,19.27049446105957,0.5061995430028844,0,-0.00233100401237607,0.01631699688732624,-0.04195806384086609,-0.00932399369776249,-0.02,-0.026000000000000002,stop_loss,0,1,5,2022-09-01
2022-09-21,6768,74.01441955566406,0.5061995430028844,0,-0.01592712476849556,0.00455072708427906,-0.02161540649831295,-0.0022752813529223204,-0.02,-0.026000000000000002,stop_loss,0,1,5,2022-09-01
2022-09-21,6789,265.6158142089844,0.5032301723860416,0,-0.014705882407724857,0.005514706019312143,-0.029411764815449715,0.0,-0.02,-0.026000000000000002,stop_loss,0,1,5,2022-09-01
2022-09-21,3704,29.013858795166016,0.5031739972385177,0,-0.008576229214668274,0.0017153240041807294,-0.02229839749634266,-0.005145672243088484,-0.02,-0.026000000000000002,stop_loss,0,1,5,2022-09-01
2022-09-21,3221,24.953147888183594,0.5030122064994145,1,-0.010274022817611694,0.010273934341967106,-0.022260336205363274,0.005136961583048105,-0.02,-0.026000000000000002,stop_loss,0,1,5,2022-09-01
2022-09-21,6547,95.30000305175781,0.5030071013909028,1,-0.0010493819136172533,0.019936976954340935,-0.0346275232732296,0.0020986038725823164,-0.02,-0.026000000000000002,stop_loss,0,1,5,2022-09-01
2022-09-21,2440,12.050000190734863,0.5029957497793732,1,-0.012448180466890335,0.020746886730194092,-0.024896280840039253,0.020746886730194092,-0.02,-0.026000000000000002,stop_loss,0,1,5,2022-09-01
2022-09-21,2436,41.18280029296875,0.502671829076069,1,-0.01129932887852192,0.02598884515464306,-0.03276827558875084,0.02598884515464306,-0.02,-0.026000000000000002,stop_loss,0,1,5,2022-09-01
2022-09-21,8105,11.807827949523926,0.5023218451606783,1,0.004149367567151785,0.020746860653162003,-0.02074691280722618,0.004149367567151785,-0.02,-0.026000000000000002,stop_loss,0,1,5,2022-09-01
2022-09-21,4564,26.316198348999023,0.5013563744737248,0,-0.014869828708469868,2.3264812298862125e-08,-0.02230479009449482,-0.014869828708469868,-0.02,-0.026000000000000002,stop_loss,0,1,5,2022-09-01
2022-09-21,5498,10.730876922607422,0.5005926090779688,1,0.009132484905421734,0.01826489344239235,-0.013698624446988106,0.009132484905421734,0.009132484905421734,0.0031324849054217337,close,0,0,5,2022-09-01
2022-09-21,2474,143.6280975341797,0.5000342465376009,0,-0.014534816145896912,0.0029070458840578794,-0.03488365560770035,-0.005813885014504194,-0.02,-0.026000000000000002,stop_loss,0,1,5,2022-09-01
2022-09-21,6761,64.58478546142578,0.49996996476856664,0,-0.015738477930426598,-0.0012105964124202728,-0.015738477930426598,-0.004842617083340883,-0.004842617083340883,-0.010842617083340883,close,0,0,5,2022-09-01
2022-09-21,1732,31.950000762939453,0.4990523848434885,0,0.0015649213455617428,0.03286382555961609,-0.01877935416996479,-0.01877935416996479,0.03,0.024,take_profit,1,0,5,2022-09-01
2022-09-21,4171,48.449127197265625,0.4990523848434885,0,-0.011146502569317818,0.011146469041705132,-0.033439476042985916,-0.033439476042985916,-0.02,-0.026000000000000002,stop_loss,0,1,5,2022-09-01
2022-09-21,2360,176.11082458496094,0.49890464888959035,1,-0.00787399336695671,0.007874039001762867,-0.044619400054216385,0.007874039001762867,-0.02,-0.026000000000000002,stop_loss,0,1,5,2022-09-01
2022-09-21,6706,89.51358795166016,0.49822494491860486,0,-0.0021254057064652443,-0.0021254057064652443,-0.026567520573735237,-0.01700321026146412,-0.02,-0.026000000000000002,stop_loss,0,1,5,2022-09-01
2022-09-21,5426,14.611869812011719,0.49821983968964656,1,-1.8108144317352526e-08,0.03311256319284439,-0.026490120217204094,0.026490021497011185,-0.02,-0.026000000000000002,ambiguous_stop_loss,1,1,5,2022-09-01
2022-09-21,5864,8.474873542785645,0.4979633656458249,0,-0.013824827037751675,-0.013824827037751675,-0.023041468113660812,-0.013824827037751675,-0.02,-0.026000000000000002,stop_loss,0,1,5,2022-09-01
2022-09-22,1201,18.725374221801758,0.572362098800026,0,0.002518853172659874,0.010075508616864681,0.0,0.0,0.0,-0.006,close,0,0,5,2022-09-01
2022-09-22,1227,35.984493255615234,0.572362098800026,1,1.5898226024546602e-07,0.003745516063645482,-0.001248261658474803,0.0012485795887187123,0.0012485795887187123,-0.004751420411281288,close,0,0,5,2022-09-01
2022-09-22,6199,24.600000381469727,0.572362098800026,0,0.0,0.0,-0.06504066288471222,-0.044715460389852524,-0.02,-0.026000000000000002,stop_loss,0,1,5,2022-09-01
2022-09-22,9908,28.804506301879883,0.572362098800026,0,-0.0015552922850474715,1.258997617270552e-08,-0.003110478399321437,-0.003110478399321437,-0.003110478399321437,-0.009110478399321437,close,0,0,5,2022-09-01
2022-09-22,2886,29.012971878051758,0.572362098800026,1,0.004457605537027121,0.011887016706168652,0.001485911663621664,0.007429417222738266,0.007429417222738266,0.0014294172227382659,close,0,0,5,2022-09-01
2022-09-22,3056,12.717698097229004,0.572362098800026,0,0.001538439653813839,0.004615361802279949,-0.024615399539470673,-0.024615399539470673,-0.02,-0.026000000000000002,stop_loss,0,1,5,2022-09-01
2022-09-22,4113,12.350000381469727,0.572362098800026,0,0.004048521164804697,0.004048521164804697,-0.00404859846457839,-0.00404859846457839,-0.00404859846457839,-0.01004859846457839,close,0,0,5,2022-09-01
2022-09-22,2801,14.257475852966309,0.572362098800026,1,0.005780383013188839,0.008670506998896599,1.291142304182813e-08,0.005780383013188839,0.005780383013188839,-0.00021961698681116117,close,0,0,5,2022-09-01
2022-09-22,2527,18.042341232299805,0.572362098800026,0,-0.0070923506282269955,-1.713763992938766e-07,-0.0070923506282269955,-0.004728320986032486,-0.004728320986032486,-0.010728320986032486,close,0,0,5,2022-09-01
2022-09-22,2536,21.893056869506836,0.572362098800026,0,2.163549162048639e-08,0.0021692689042538404,-0.0043383073061704636,-0.00216914271004498,-0.00216914271004498,-0.00816914271004498,close,0,0,5,2022-09-01
2022-09-22,9935,15.195832252502441,0.572362098800026,0,0.005633797030895948,0.005633797030895948,-0.014084603637456894,0.0,0.0,-0.006,close,0,0,5,2022-09-01
2022-09-22,2605,19.011228561401367,0.5709730203816871,1,0.011792338453233242,0.040094148367643356,0.004716795869171619,0.004716795869171619,0.03,0.024,take_profit,1,0,5,2022-09-01
2022-09-22,5904,374.08782958984375,0.5709730203816871,0,0.02277904935181141,0.025056932121515274,-0.06036446616053581,-0.059225525707006454,-0.02,-0.026000000000000002,stop_loss,0,1,5,2022-09-01
2022-09-22,2504,21.00387191772461,0.5709730203816871,1,0.003960389643907547,0.025742536410689354,0.003960389643907547,0.01188113633543253,0.01188113633543253,0.005881136335432529,close,0,0,5,2022-09-01
2022-09-22,2641,16.099721908569336,0.5709730203816871,0,0.005434721242636442,0.021739093586802483,-0.005434721242636442,0.0,0.0,-0.006,close,0,0,5,2022-09-01
2022-09-22,2610,20.399139404296875,0.5709730203816871,0,-0.004504540003836155,0.018017981201410294,-0.03828832134604454,-0.03603610396385193,-0.02,-0.026000000000000002,stop_loss,0,1,5,2022-09-01
2022-09-22,2618,29.727663040161133,0.5709730203816871,0,0.0014749330002814531,0.017699098214507103,-0.03834814205765724,-0.03392332047224045,-0.02,-0.026000000000000002,stop_loss,0,1,5,2022-09-01
2022-09-22,2637,45.946380615234375,0.5709730203816871,0,1.4943703163794453e-08,0.029310373589396477,-0.0068965633399784565,-0.0017240967135876417,-0.0017240967135876417,-0.007724096713587642,close,0,0,5,2022-09-01
2022-09-22,1612,13.621171951293945,0.5709730203816871,0,3.9143600361057906e-08,0.009287942200899124,-0.037151630967855453,-0.027863727882504463,-0.02,-0.026000000000000002,stop_loss,0,1,5,2022-09-01
2022-09-22,1442,23.95166778564453,0.5709730203816871,1,0.019332101568579674,0.029876889660954475,0.007029804401099682,0.015817150473594666,0.015817150473594666,0.009817150473594665,close,0,0,5,2022-09-01
2022-09-23,6689,127.44886779785156,0.48921179189330305,0,-0.036764707416296005,0.025735294446349144,-0.0625,0.0,-0.036764707416296005,-0.042764707416296004,gap_stop,0,1,5,2022-09-01
2022-09-23,4171,44.746009826660156,0.4890347285668642,0,0.005172349978238344,0.005172349978238344,-0.06206900253891945,-0.05000000819563866,-0.02,-0.026000000000000002,stop_loss,0,1,5,2022-09-01
2022-09-23,6741,78.40962219238281,0.48334118253609426,0,1.6563042493089597e-08,1.6563042493089597e-08,-0.060196563601493835,-0.05896807834506035,-0.02,-0.026000000000000002,stop_loss,0,1,5,2022-09-01
2022-09-23,8454,430.3988952636719,0.48334118253609426,0,-0.024179663509130478,-0.006908496841788292,-0.051813554018735886,-0.03799660876393318,-0.024179663509130478,-0.030179663509130476,gap_stop,0,1,5,2022-09-01
2022-09-23,3508,33.349998474121094,0.4833200047980968,0,-0.016491731628775597,-0.016491731628775597,-0.09745122492313385,-0.07946020364761353,-0.02,-0.026000000000000002,stop_loss,0,1,5,2022-09-01
2022-09-23,6547,88.4000015258789,0.48306475860586934,0,-0.037330351769924164,-0.00452490383759141,-0.04751136153936386,-0.03167424350976944,-0.037330351769924164,-0.04333035176992416,gap_stop,0,1,5,2022-09-01
2022-09-23,4966,607.21142578125,0.48054158650217155,0,-0.007668717298656702,-0.0061349752359092236,-0.044478531926870346,-0.044478531926870346,-0.02,-0.026000000000000002,stop_loss,0,1,5,2022-09-01
2022-09-23,5269,673.003662109375,0.48054158650217155,0,-0.014164363965392113,-0.0028329200576990843,-0.05240798741579056,-0.05099155753850937,-0.02,-0.026000000000000002,stop_loss,0,1,5,2022-09-01
2022-09-23,8044,49.7708625793457,0.4803754573640813,0,-0.007920743897557259,-0.00396033376455307,-0.07722769677639008,-0.07722769677639008,-0.02,-0.026000000000000002,stop_loss,0,1,5,2022-09-01
2022-09-23,9958,69.2012939453125,0.47826167027052957,0,-0.00994325801730156,-0.0028409860096871853,-0.05823862552642822,-0.05681819096207619,-0.02,-0.026000000000000002,stop_loss,0,1,5,2022-09-01
2022-09-23,6415,441.01788330078125,0.47826167027052957,0,-0.04555557295680046,-0.011111130937933922,-0.06666668504476547,-0.048888906836509705,-0.04555557295680046,-0.05155557295680046,gap_stop,0,1,5,2022-09-01
2022-09-23,6781,669.91552734375,0.47694377244072017,0,-0.00564956059679389,-0.004237131215631962,-0.043785158544778824,-0.04096030071377754,-0.02,-0.026000000000000002,stop_loss,0,1,5,2022-09-01
2022-09-23,6830,99.7205810546875,0.4761721789676774,0,-6.283242726112803e-08,-6.283242726112803e-08,-0.03738323971629143,-0.03271033987402916,-0.02,-0.026000000000000002,stop_loss,0,1,5,2022-09-01
2022-09-23,3691,116.0,0.4757404974198513,0,-0.021551724523305893,-0.017241379246115685,-0.043103449046611786,-0.043103449046611786,-0.021551724523305893,-0.02755172452330589,gap_stop,0,1,5,2022-09-01
2022-09-23,6470,46.61132049560547,0.4752984401514444,0,-0.014311369508504868,-0.008944664150476456,-0.04472286254167557,-0.02862267754971981,-0.02,-0.026000000000000002,stop_loss,0,1,5,2022-09-01
2022-09-23,3189,91.43689727783203,0.4746653281379378,0,-0.01938776485621929,-0.005102035589516163,-0.06122448295354843,-0.05510205030441284,-0.02,-0.026000000000000002,stop_loss,0,1,5,2022-09-01
2022-09-23,2603,71.47343444824219,0.47423569885533395,0,-0.02531641349196434,-0.018987299874424934,-0.07911388576030731,-0.07911388576030731,-0.02531641349196434,-0.03131641349196434,gap_stop,0,1,5,2022-09-01
2022-09-23,8046,185.14459228515625,0.47423569885533395,0,-0.01951214112341404,-0.009756043553352356,-0.05853653326630592,-0.05853653326630592,-0.02,-0.026000000000000002,stop_loss,0,1,5,2022-09-01
2022-09-23,6719,241.93992614746094,0.4730330772370398,0,-0.025793669745326042,-0.017857162281870842,-0.097222238779068,-0.08134922385215759,-0.025793669745326042,-0.03179366974532604,gap_stop,0,1,5,2022-09-01
2022-09-23,6706,85.51829528808594,0.4720208981498085,0,-0.012235845439136028,-0.012235845439136028,-0.0656285360455513,-0.06006680056452751,-0.02,-0.026000000000000002,stop_loss,0,1,5,2022-09-01
2022-09-26,6789,246.08523559570312,0.47585676214129063,1,0.0059523871168494225,0.0595238171517849,-0.005952374543994665,0.0575396902859211,0.03,0.024,take_profit,1,0,5,2022-09-01
2022-09-26,6741,73.78595733642578,0.47585676214129063,1,7.4409269856801075e-09,0.044386450201272964,-0.005221944767981768,0.04308098927140236,0.03,0.024,take_profit,1,0,5,2022-09-01
2022-09-26,3257,36.72032165527344,0.47585676214129063,1,0.003699148539453745,0.013563456945121288,-0.013563509099185467,0.013563456945121288,0.013563456945121288,0.007563456945121288,close,0,0,5,2022-09-01
2022-09-26,3555,22.850000381469727,0.47585676214129063,1,0.028446372598409653,0.06345728039741516,0.00875268504023552,0.05470459535717964,0.03,0.024,take_profit,1,0,5,2022-09-01
2022-09-26,8454,414.0451965332031,0.4752848195048594,1,0.01436268724501133,0.01436268724501133,-0.008976658806204796,0.0071813142858445644,0.0071813142858445644,0.0011813142858445643,close,0,0,5,2022-09-01
2022-09-26,6770,29.044845581054688,0.4752848195048594,1,0.010238946415483952,0.02047782763838768,0.0017065227730199695,0.011945405043661594,0.011945405043661594,0.005945405043661594,close,0,0,5,2022-09-01
2022-09-26,3041,33.33333206176758,0.4752848195048594,1,-0.015000000596046448,0.012500038370490074,-0.015000000596046448,0.007500000298023224,0.007500000298023224,0.0015000002980232238,close,0,0,5,2022-09-01
2022-09-26,6243,23.589712142944336,0.4752848195048594,1,-0.03162059932947159,0.019762765616178513,-0.03754943981766701,0.019762765616178513,-0.03162059932947159,-0.037620599329471587,gap_stop,0,1,5,2022-09-01
2022-09-26,9914,163.55593872070312,0.4752848195048594,1,0.01671319641172886,0.036211803555488586,1.0239585890303715e-07,0.02785525843501091,0.03,0.024,take_profit,1,0,5,2022-09-01
2022-09-26,6415,419.4570007324219,0.4752848195048594,1,0.02453271858394146,0.02453271858394146,-0.0035046644043177366,0.004672905895859003,0.004672905895859003,-0.001327094104140997,close,0,0,5,2022-09-01
2022-09-26,3105,131.9181671142578,0.4752848195048594,1,0.00737998029217124,0.014760053716599941,-0.01845027506351471,0.003689943812787533,0.003689943812787533,-0.0023100561872124673,close,0,0,5,2022-09-01
2022-09-26,6488,346.0549621582031,0.4752848195048594,0,0.005235649179667234,0.007853450253605843,-0.03795807063579559,-0.010471157729625702,-0.02,-0.026000000000000002,stop_loss,0,1,5,2022-09-01
2022-09-26,6689,127.44886779785156,0.4752848195048594,0,0.0036764706019312143,0.022058824077248573,-0.025735294446349144,0.0,-0.02,-0.026000000000000002,stop_loss,0,1,5,2022-09-01
2022-09-26,3545,59.7071533203125,0.4717619250387458,1,0.01151314564049244,0.03453948721289635,-0.009868420660495758,0.03125,0.03,0.024,take_profit,1,0,5,2022-09-01
2022-09-26,3122,25.466394424438477,0.4717619250387458,0,-0.01750975474715233,1.7861492285220493e-09,-0.036965008825063705,-0.013618689961731434,-0.02,-0.026000000000000002,stop_loss,0,1,5,2022-09-01
2022-09-26,6485,55.24817657470703,0.4717619250387458,1,3.5648643148533665e-08,0.04576276242733002,-0.008474540896713734,0.040678028017282486,0.03,0.024,take_profit,1,0,5,2022-09-01
2022-09-26,4961,126.3364486694336,0.4717619250387458,0,-0.01024558488279581,0.0010249020997434855,-0.025614449754357338,-0.016393151134252548,-0.02,-0.026000000000000002,stop_loss,0,1,5,2022-09-01
2022-09-26,4966,580.2035522460938,0.4717619250387458,0,0.016051489859819412,0.01765662617981434,-0.02247178927063942,-0.016051243990659714,-0.02,-0.026000000000000002,stop_loss,0,1,5,2022-09-01
2022-09-26,5272,27.004533767700195,0.4717619250387458,1,-0.016245489940047264,0.04693140462040901,-0.01805051788687706,0.03610110655426979,0.03,0.024,take_profit,1,0,5,2022-09-01
2022-09-26,5269,638.6861572265625,0.4717619250387458,1,0.0104478495195508,0.02686576172709465,-0.004477525129914284,0.011940387077629566,0.011940387077629566,0.005940387077629566,close,0,0,5,2022-09-01
2022-09-27,1725,18.956058502197266,0.6646905259289256,0,0.004739229567348957,0.004739229567348957,-0.04739348217844963,-0.04739348217844963,-0.02,-0.026000000000000002,stop_loss,0,1,5,2022-09-01
2022-09-27,4510,9.792055130004883,0.66268337535896,0,-0.0047847977839410305,-0.0047847977839410305,-0.014354120008647442,-0.009569413028657436,-0.009569413028657436,-0.015569413028657436,close,0,0,5,2022-09-01
2022-09-27,3685,23.700000762939453,0.6626096872883623,0,0.004219344817101955,0.02109704539179802,-0.040084417909383774,-0.040084417909383774,-0.02,-0.026000000000000002,stop_loss,0,1,5,2022-09-01
2022-09-27,6412,55.88597869873047,0.6614367291606384,0,0.0015197546454146504,0.006078955251723528,-0.027355648577213287,-0.027355648577213287,-0.02,-0.026000000000000002,stop_loss,0,1,5,2022-09-01
2022-09-27,3339,13.300000190734863,0.6604758318610425,0,0.015037579461932182,0.015037579461932182,-0.048872221261262894,-0.048872221261262894,-0.02,-0.026000000000000002,stop_loss,0,1,5,2022-09-01
2022-09-27,2850,40.56531524658203,0.6604758318610425,0,1.2508754032580782e-08,0.0020704532507807016,-0.0362318716943264,-0.0351966917514801,-0.02,-0.026000000000000002,stop_loss,0,1,5,2022-09-01
2022-09-27,2385,68.2215805053711,0.6596090584953876,0,0.0036628716625273228,0.010988952592015266,-0.009768121875822544,-0.00854713935405016,-0.00854713935405016,-0.01454713935405016,close,0,0,5,2022-09-01
2022-09-27,3231,24.72211265563965,0.6596090584953876,0,0.0,0.00744874682277441,-0.005586578045040369,0.0,0.0,-0.006,close,0,0,5,2022-09-01
2022-09-27,2461,15.299942016601562,0.6592665809248743,0,0.014084537513554096,0.014084537513554096,-0.022535160183906555,-0.022535160183906555,-0.02,-0.026000000000000002,stop_loss,0,1,5,2022-09-01
2022-09-27,1307,17.595033645629883,0.658990806303651,0,-0.004866145551204681,-0.004866145551204681,-0.01946474052965641,-0.012165489606559277,-0.012165489606559277,-0.018165489606559275,close,0,0,5,2022-09-01
2022-09-27,4961,124.26539611816406,0.658990806303651,0,0.0041665369644761086,0.008333219215273857,-0.06041682884097099,-0.06041682884097099,-0.02,-0.026000000000000002,stop_loss,0,1,5,2022-09-01
2022-09-27,3346,35.893428802490234,0.6586535230275642,0,0.017333360388875008,0.030666694045066833,-0.04000001400709152,-0.04000001400709152,-0.02,-0.026000000000000002,ambiguous_stop_loss,1,1,5,2022-09-01
2022-09-27,2357,211.5892333984375,0.6580807075510439,0,-0.002066109562292695,0.006198353134095669,-0.024793382734060287,-0.01859503611922264,-0.02,-0.026000000000000002,stop_loss,0,1,5,2022-09-01
2022-09-27,5452,14.318238258361816,0.6580807075510439,0,-0.01683509349822998,-0.01683509349822998,-0.07744118571281433,-0.05723915621638298,-0.02,-0.026000000000000002,stop_loss,0,1,5,2022-09-01
2022-09-27,2597,42.628963470458984,0.6580807075510439,0,-0.0011890504974871874,-0.0011890504974871874,-0.03686084970831871,-0.030915549024939537,-0.02,-0.026000000000000002,stop_loss,0,1,5,2022-09-01
2022-09-27,2015,50.9986572265625,0.6580807075510439,0,-1.808442173789615e-09,0.0033557156566530466,-0.011744917370378971,-0.008389263413846493,-0.008389263413846493,-0.014389263413846493,close,0,0,5,2022-09-01
2022-09-27,4561,22.42193603515625,0.657757758914345,0,-0.014492811635136604,-0.0020704043563455343,-0.022774336859583855,-0.014492811635136604,-0.02,-0.026000000000000002,stop_loss,0,1,5,2022-09-01
2022-09-27,3543,18.724346160888672,0.6577249990322379,0,0.014285843819379807,0.014285843819379807,-0.04285696893930435,-0.02142844721674919,-0.02,-0.026000000000000002,stop_loss,0,1,5,2022-09-01
2022-09-27,2356,20.528785705566406,0.6572109931165047,1,0.004415041301399469,0.015452569350600243,-0.0022074587177485228,0.008830069564282894,0.008830069564282894,0.002830069564282894,close,0,0,5,2022-09-01
2022-09-27,8048,24.952106475830078,0.6555763084353313,0,-0.008264455012977123,0.008264412172138691,-0.02809922955930233,-0.00991737563163042,-0.02,-0.026000000000000002,stop_loss,0,1,5,2022-09-01
2022-09-28,2305,25.649999618530273,0.6666955517261839,1,0.03313841670751572,0.07017548382282257,0.011695951223373413,0.011695951223373413,0.03,0.024,gap_take_profit,1,0,5,2022-09-01
2022-09-28,5203,79.30086517333984,0.6666947209271692,1,0.018390752375125885,0.025287287309765816,0.005747092887759209,0.022988472133874893,0.022988472133874893,0.016988472133874895,close,0,0,5,2022-09-01
2022-09-28,3645,30.64732551574707,0.6659793286055014,1,0.02821306325495243,0.039184920489788055,0.017241325229406357,0.025078315287828445,0.03,0.024,take_profit,1,0,5,2022-09-01
2022-09-28,3576,20.837366104125977,0.6659793286055014,1,0.019093116745352745,0.019093116745352745,0.0023866549599915743,0.014319829642772675,0.014319829642772675,0.008319829642772674,close,0,0,5,2022-09-01
2022-09-28,4114,24.153322219848633,0.6659793286055014,1,0.026470553129911423,0.0661763995885849,0.02499995008111,0.048529382795095444,0.03,0.024,take_profit,1,0,5,2022-09-01
2022-09-28,3623,15.800000190734863,0.6659793286055014,1,0.0,0.025316491723060608,0.0,0.015822723507881165,0.015822723507881165,0.009822723507881164,close,0,0,5,2022-09-01
2022-09-28,6689,119.01475524902344,0.6659793286055014,1,0.015747979283332825,0.06299207359552383,0.003936956636607647,0.019684987142682076,0.03,0.024,take_profit,1,0,5,2022-09-01
2022-09-28,1449,14.38479995727539,0.6659793286055014,1,0.023041412234306335,0.0967741310596466,0.023041412234306335,0.0967741310596466,0.03,0.024,take_profit,1,0,5,2022-09-01
2022-09-28,1773,85.60482025146484,0.6659793286055014,1,0.018181944265961647,0.040909163653850555,0.013636434450745583,0.03181830793619156,0.03,0.024,take_profit,1,0,5,2022-09-01
2022-09-28,4566,45.64157485961914,0.6659793286055014,1,0.023069236427545547,0.05717156082391739,0.023069236427545547,0.04513540491461754,0.03,0.024,take_profit,1,0,5,2022-09-01
2022-09-28,6274,39.25902557373047,0.6659793286055014,1,0.021252771839499474,0.03579410910606384,-0.004474329762160778,0.006711352150887251,0.03,0.024,take_profit,1,0,5,2022-09-01
2022-09-28,3703,24.101730346679688,0.6659793286055014,1,0.017482584342360497,0.03671332821249962,0.015734292566776276,0.027972068637609482,0.03,0.024,take_profit,1,0,5,2022-09-01
2022-09-28,6683,162.16676330566406,0.6659793286055014,0,0.03116147220134735,0.048158641904592514,-0.00283286115154624,0.0,0.03,0.024,gap_take_profit,1,0,5,2022-09-01
2022-09-28,4746,43.69713592529297,0.6659793286055014,1,0.006342454347759485,0.04651162028312683,0.006342454347759485,0.029598316177725792,0.03,0.024,take_profit,1,0,5,2022-09-01
2022-09-28,8028,48.28727722167969,0.6659793286055014,1,0.024667827412486076,0.036053046584129333,0.01707775704562664,0.01707775704562664,0.03,0.024,take_profit,1,0,5,2022-09-01
2022-09-28,4768,157.5477752685547,0.6659793286055014,1,0.031249934807419777,0.0755208358168602,0.0026041402015835047,0.0338541679084301,0.03,0.024,gap_take_profit,1,0,5,2022-09-01
2022-09-28,6596,34.58990478515625,0.6659793286055014,1,0.006097499281167984,0.024390198290348053,-3.563994610544796e-08,0.024390198290348053,0.024390198290348053,0.018390198290348055,close,0,0,5,2022-09-01
2022-09-28,4739,87.71525573730469,0.6659793286055014,0,0.019007306545972824,0.029567012563347816,-0.01689550280570984,-0.014783577993512154,-0.014783577993512154,-0.020783577993512152,close,0,0,5,2022-09-01
2022-09-28,3078,24.94859504699707,0.6659793286055014,1,0.02540845051407814,0.02540845051407814,7.199872698038234e-08,0.005444773938506842,0.005444773938506842,-0.0005552260614931585,close,0,0,5,2022-09-01
2022-09-28,3122,22.890026092529297,0.6659793286055014,1,0.0389610230922699,0.09956707060337067,0.02597404457628727,0.09956707060337067,0.03,0.024,gap_take_profit,1,0,5,2022-09-01
2022-09-29,3362,61.26346969604492,0.5164353967766184,1,-0.025848163291811943,0.029079163447022438,-0.03392570838332176,0.017770588397979736,-0.025848163291811943,-0.03184816329181194,gap_stop,0,1,5,2022-09-01
2022-09-29,3035,119.87716674804688,0.5164353967766184,1,-0.023622019216418266,0.0905512124300003,-0.027559027075767517,0.0551181398332119,-0.023622019216418266,-0.029622019216418265,gap_stop,1,1,5,2022-09-01
2022-09-29,8050,55.74684143066406,0.5164353967766184,1,-0.015151523053646088,0.02121213637292385,-0.036363665014505386,0.010606006719172001,-0.02,-0.026000000000000002,stop_loss,0,1,5,2022-09-01
2022-09-29,6712,133.6549072265625,0.5164353967766184,0,-0.028720473870635033,0.0026110929902642965,-0.060052040964365005,-0.002610852476209402,-0.028720473870635033,-0.03472047387063503,gap_stop,0,1,5,2022-09-01
2022-09-29,3558,156.2960205078125,0.5164353967766184,1,-0.02453988790512085,0.04601225629448891,-0.03374234214425087,0.0429447740316391,-0.02453988790512085,-0.030539887905120848,gap_stop,1,1,5,2022-09-01
2022-09-29,3081,132.84193420410156,0.5164353967766184,1,-0.018115831539034843,0.03260881081223488,-0.03260858729481697,0.03260881081223488,-0.02,-0.026000000000000002,ambiguous_stop_loss,1,1,5,2022-09-01
2022-09-29,6220,24.706321716308594,0.5164353967766184,0,-0.020338965579867363,0.0016949211712926626,-0.0372881181538105,-0.010169434361159801,-0.020338965579867363,-0.02633896557986736,gap_stop,0,1,5,2022-09-01
2022-09-29,6182,35.72734069824219,0.5164353967766184,1,-0.022193187847733498,0.032637059688568115,-0.02872060239315033,0.030026134103536606,-0.022193187847733498,-0.028193187847733496,gap_stop,1,1,5,2022-09-01
2022-09-29,6237,39.86262130737305,0.5164353967766184,1,-0.025893867015838623,0.034525394439697266,-0.03575827181339264,0.03205924481153488,-0.025893867015838623,-0.03189386701583862,gap_stop,1,1,5,2022-09-01
2022-09-29,5258,48.41365051269531,0.5164353967766184,1,-0.01587306708097458,0.022927626967430115,-0.045855432748794556,0.014109296724200249,-0.02,-0.026000000000000002,stop_loss,0,1,5,2022-09-01
2022-09-29,4961,117.53433990478516,0.5164353967766184,1,-0.024228977039456367,0.02753317542374134,-0.024228977039456367,0.026431795209646225,-0.024228977039456367,-0.030228977039456366,gap_stop,0,1,5,2022-09-01
2022-09-29,6138,90.6398696899414,0.5164353967766184,1,-0.014354090206325054,0.06220092996954918,-0.028708158060908318,0.057416241616010666,-0.02,-0.026000000000000002,ambiguous_stop_loss,1,1,5,2022-09-01
2022-09-29,2379,242.284423828125,0.5164353967766184,1,-0.02631574124097824,0.020676741376519203,-0.033834539353847504,0.01503764372318983,-0.02631574124097824,-0.03231574124097824,gap_stop,0,1,5,2022-09-01
2022-09-29,6150,50.5,0.5164353967766184,1,-0.02376239188015461,0.025742558762431145,-0.03366338089108467,0.025742558762431145,-0.02376239188015461,-0.029762391880154608,gap_stop,0,1,5,2022-09-01
2022-09-29,6719,211.6974334716797,0.5164353967766184,1,-0.022675756365060806,0.09977322071790695,-0.03401362523436546,0.09977322071790695,-0.022675756365060806,-0.028675756365060805,gap_stop,1,1,5,2022-09-01
2022-09-29,4721,101.68959045410156,0.5164353967766184,1,-0.04464290663599968,0.02678566239774227,-0.04910719022154808,0.02232137694954872,-0.04464290663599968,-0.05064290663599968,gap_stop,0,1,5,2022-09-01
2022-09-29,6547,79.5999984741211,0.5164353967766184,1,-0.04396985098719597,0.005025144666433334,-0.056532666087150574,0.001256262301467359,-0.04396985098719597,-0.04996985098719597,gap_stop,0,1,5,2022-09-01
2022-09-29,4770,298.33526611328125,0.5160996084991468,1,-0.01208463590592146,0.010573972947895527,-0.03172209858894348,0.004531677346676588,-0.02,-0.026000000000000002,stop_loss,0,1,5,2022-09-01
2022-09-29,8028,49.111915588378906,0.5124839709681411,1,-0.03171636164188385,0.020522387698292732,-0.05037311092019081,0.014925362542271614,-0.03171636164188385,-0.03771636164188385,gap_stop,0,1,5,2022-09-01
2022-09-29,4768,162.8814239501953,0.5124839709681411,1,-0.012594531290233135,0.0528966449201107,-0.047858983278274536,0.04282110184431076,-0.02,-0.026000000000000002,ambiguous_stop_loss,1,1,5,2022-09-01
2022-09-30,6117,13.949999809265137,0.5665248866893335,1,0.0,0.0322580523788929,-0.007168417796492577,0.007168486248701811,0.03,0.024,take_profit,1,0,5,2022-09-01
2022-09-30,6446,482.45867919921875,0.5639033818354608,1,-0.013443639501929283,0.026887280866503716,-0.017580144107341766,0.007238883525133133,0.007238883525133133,0.0012388835251331328,close,0,0,5,2022-09-01
2022-09-30,3484,40.50647735595703,0.5639033818354608,1,2.982882918445284e-08,0.019079774618148804,-0.0011222774628549814,0.0033670386765152216,0.0033670386765152216,-0.0026329613234847785,close,0,0,5,2022-09-01
2022-09-30,3430,45.33534622192383,0.5600093718897644,0,-0.03619048371911049,-0.013333326205611229,-0.06476191431283951,-0.04380948841571808,-0.03619048371911049,-0.04219048371911049,gap_stop,0,1,5,2022-09-01
2022-09-30,4903,14.522217750549316,0.5581529364579626,0,-0.0019999805372208357,0.005000049713999033,-0.02999996952712536,0.0,-0.02,-0.026000000000000002,stop_loss,0,1,5,2022-09-01
2022-09-30,2886,26.85747528076172,0.5581529364579626,0,-0.009630844928324223,-0.006420589052140713,-0.0192616768181324,-0.016051357612013817,-0.016051357612013817,-0.022051357612013815,close,0,0,5,2022-09-01
2022-09-30,4729,13.128559112548828,0.5555820824165065,0,-0.02807009592652321,-0.021052591502666473,-0.04912273958325386,-0.04912273958325386,-0.02807009592652321,-0.03407009592652321,gap_stop,0,1,5,2022-09-01
2022-09-30,6141,20.75,0.5553624773380718,0,-0.002409601816907525,-0.002409601816907525,-0.026505988091230392,-0.016867488622665405,-0.02,-0.026000000000000002,stop_loss,0,1,5,2022-09-01
2022-09-30,6021,15.774393081665039,0.5553624773380718,1,0.021978052332997322,0.03571431711316109,0.019230736419558525,0.03571431711316109,0.03,0.024,take_profit,1,0,5,2022-09-01
2022-09-30,3066,23.399999618530273,0.5532553692309833,1,0.017094001173973083,0.05128208547830582,0.012820562347769737,0.02350432239472866,0.03,0.024,take_profit,1,0,5,2022-09-01
2022-09-30,6830,90.4009017944336,0.5503134093692104,0,-0.0020618955604732037,-7.14879533347812e-08,-0.053608283400535583,-0.053608283400535583,-0.02,-0.026000000000000002,stop_loss,0,1,5,2022-09-01
2022-09-30,4760,40.27922058105469,0.5502099158909681,0,-0.03478263318538666,1.5587476198675176e-08,-0.036956537514925,-0.002173889195546508,-0.03478263318538666,-0.040782633185386656,gap_stop,0,1,5,2022-09-01
2022-09-30,6689,116.67194366455078,0.5495539243951472,0,1.7165360688409237e-08,0.012048210017383099,-0.04417669028043747,-0.03614456206560135,-0.02,-0.026000000000000002,stop_loss,0,1,5,2022-09-01
2022-09-30,3339,12.699999809265137,0.5476058235888529,1,0.01574801653623581,0.09842519462108612,0.011811069212853909,0.09842519462108612,0.03,0.024,take_profit,1,0,5,2022-09-01
2022-09-30,3045,84.60838317871094,0.5476058235888529,0,-0.0010460091289132833,0.00523012550547719,-0.006276134867221117,0.0,0.0,-0.006,close,0,0,5,2022-09-01
2022-09-30,3357,67.99146270751953,0.5476058235888529,1,-0.0038411179557442665,0.012804151512682438,-0.0038411179557442665,0.00384132144972682,0.00384132144972682,-0.00215867855027318,close,0,0,5,2022-09-01
2022-09-30,2880,19.397789001464844,0.5476058235888529,0,-0.006741662044078112,-5.5793268671777696e-08,-0.013483180664479733,-0.008988863788545132,-0.008988863788545132,-0.014988863788545132,close,0,0,5,2022-09-01
2022-09-30,9940,24.979036331176758,0.5476058235888529,0,-0.0051369983702898026,0.001712343073450029,-0.011986274272203445,-0.001712327590212226,-0.001712327590212226,-0.007712327590212226,close,0,0,5,2022-09-01
2022-09-30,9946,11.549440383911133,0.5476058235888529,0,4.64564990920735e-08,0.012345773167908192,-0.03292173519730568,-0.02057608775794506,-0.02,-0.026000000000000002,stop_loss,0,1,5,2022-09-01
2022-09-30,2852,11.99486255645752,0.5476058235888529,0,-0.0070421271957457066,0.0035212270449846983,-0.028168903663754463,-0.014084408059716225,-0.02,-0.026000000000000002,stop_loss,0,1,5,2022-09-01
2022-10-03,2105,30.982736587524414,0.7099998334891889,1,0.015714198350906372,0.017142748460173607,0.004285692702978849,0.009999890811741352,0.009999890811741352,0.003999890811741352,close,0,0,6,2022-10-01
2022-10-03,2882,34.46699142456055,0.7099998334891889,1,0.011538428254425526,0.016666676849126816,-0.0025641554966568947,0.014102552086114883,0.014102552086114883,0.008102552086114883,close,0,0,6,2022-10-01
2022-10-03,2324,19.046192169189453,0.7099998334891889,1,0.009323922917246819,0.025640955194830894,0.006992956157773733,0.01165497861802578,0.01165497861802578,0.00565497861802578,close,0,0,6,2022-10-01
2022-10-03,2881,40.07154846191406,0.7092370691159617,1,0.012269976548850536,0.01635991595685482,-0.002044983906671405,0.01124744862318039,0.01124744862318039,0.005247448623180389,close,0,0,6,2022-10-01
2022-10-03,2886,26.426376342773438,0.7065891745202255,1,0.0032625936437398195,0.009787844493985176,-0.00326272239908576,0.0016312485095113516,0.0016312485095113516,-0.0043687514904886485,close,0,0,6,2022-10-01
2022-10-03,3533,680.150390625,0.7051813840923176,1,0.031039239838719368,0.07557363063097,0.031039239838719368,0.07017553597688675,0.03,0.024,gap_take_profit,1,0,6,2022-10-01
2022-10-03,2890,13.98371696472168,0.7037788741139547,1,0.008902117609977722,0.014836830087006092,-0.0029673674143850803,0.005934669636189938,0.005934669636189938,-6.533036381006253e-05,close,0,0,6,2022-10-01
2022-10-03,2360,163.16830444335938,0.7031933323833428,1,0.033994272351264954,0.053824298083782196,0.031161410734057426,0.042492855340242386,0.03,0.024,gap_take_profit,1,0,6,2022-10-01
2022-10-03,2382,63.97306823730469,0.7024475024972827,1,0.013477101922035217,0.03234504908323288,0.009434036910533905,0.02695419080555439,0.03,0.024,take_profit,1,0,6,2022-10-01
2022-10-03,3005,35.48401641845703,0.7021290461485313,1,0.01809409074485302,0.01809409074485302,0.006031364668160677,0.015681490302085876,0.015681490302085876,0.009681490302085876,close,0,0,6,2022-10-01
2022-10-03,2207,513.1431274414062,0.7010843491095738,1,0.012477577663958073,0.032085396349430084,0.01069501880556345,0.01782514527440071,0.03,0.024,take_profit,1,0,6,2022-10-01
2022-10-03,2891,17.148765563964844,0.7007845150756611,1,0.02030452899634838,0.030456755310297012,0.02030452899634838,0.022842561826109886,0.03,0.024,take_profit,1,0,6,2022-10-01
2022-10-03,1723,92.25818634033203,0.7007632697909754,1,0.014218049123883247,0.014218049123883247,3.921271485296529e-08,0.00947871245443821,0.00947871245443821,0.0034787124544382094,close,0,0,6,2022-10-01
2022-10-03,4938,49.71604537963867,0.7002236926434802,1,0.012173891998827457,0.038260847330093384,0.012173891998827457,0.02782602608203888,0.03,0.024,take_profit,1,0,6,2022-10-01
2022-10-03,2520,19.520675659179688,0.7001779915259337,1,0.0059643033891916275,0.01391658280044794,-0.001988059375435114,0.007952352054417133,0.007952352054417133,0.0019523520544171332,close,0,0,6,2022-10-01
2022-10-03,6005,8.971419334411621,0.6998206468125171,1,0.009569439105689526,0.014354147017002106,2.426841305691596e-08,0.004784731660038233,0.004784731660038233,-0.0012152683399617673,close,0,0,6,2022-10-01
2022-10-03,2385,66.63890838623047,0.6991552295755955,1,0.00874983798712492,0.02249991148710251,0.007499856874346733,0.014999836683273315,0.014999836683273315,0.008999836683273315,close,0,0,6,2022-10-01
2022-10-03,2887,11.034485816955566,0.6987488781485796,1,0.01115246769040823,0.01858736015856266,-0.0037174723111093044,0.0074349441565573215,0.0074349441565573215,0.0014349441565573214,close,0,0,6,2022-10-01
2022-10-03,1101,30.99085807800293,0.6986722223315818,1,0.007429426070302725,0.01634470745921135,-0.0029718303121626377,0.005943451542407274,0.005943451542407274,-5.654845759272588e-05,close,0,0,6,2022-10-01
2022-10-03,2301,55.26547622680664,0.6984448293689889,1,0.004746801219880581,0.04113925248384476,0.004746801219880581,0.03481011465191841,0.03,0.024,take_profit,1,0,6,2022-10-01
2022-10-04,2884,21.695966720581055,0.7625548806068239,0,0.0019763235468417406,0.005928915459662676,-0.0019761871080845594,-0.0019761871080845594,-0.0019761871080845594,-0.00797618710808456,close,0,0,6,2022-10-01
2022-10-04,3045,84.0773696899414,0.7622570876681681,0,-4.47393544433794e-09,0.004210537765175104,-0.004210546612739563,-0.0031579313799738884,-0.0031579313799738884,-0.009157931379973889,close,0,0,6,2022-10-01
2022-10-04,1102,33.64364242553711,0.7559670890846304,1,0.005076026078313589,0.017766380682587624,0.00380700989626348,0.010152187198400497,0.010152187198400497,0.004152187198400497,close,0,0,6,2022-10-01
2022-10-04,3029,33.47651672363281,0.7552477005012058,1,0.010230198502540588,0.015345307067036629,0.0063938419334590435,0.007672692183405161,0.007672692183405161,0.0016726921834051608,close,0,0,6,2022-10-01
2022-10-04,2801,13.969029426574707,0.7497477105299241,0,0.0029498646035790443,0.008849593810737133,-0.0029498646035790443,0.0,0.0,-0.006,close,0,0,6,2022-10-01
2022-10-04,2883,10.89802360534668,0.7489072840797969,1,0.012605000287294388,0.033613402396440506,0.012605000287294388,0.033613402396440506,0.03,0.024,take_profit,1,0,6,2022-10-01
2022-10-04,4915,51.41725540161133,0.7480420273966398,1,0.011686173267662525,0.05676131322979927,0.011686173267662525,0.03338906168937683,0.03,0.024,take_profit,1,0,6,2022-10-01
2022-10-04,4540,36.01930618286133,0.7479806539741969,1,0.007957573980093002,0.019893933087587357,0.00265251356177032,0.005305094178766012,0.005305094178766012,-0.0006949058212339879,close,0,0,6,2022-10-01
2022-10-04,2850,38.801605224609375,0.7450458754491084,1,0.008657977916300297,0.030302999541163445,-0.005411236546933651,0.023809509351849556,0.03,0.024,take_profit,1,0,6,2022-10-01
2022-10-04,9933,38.158348083496094,0.7448857172693941,1,0.007617048919200897,0.007617048919200897,0.001088174874894321,0.00217635091394186,0.00217635091394186,-0.00382364908605814,close,0,0,6,2022-10-01
2022-10-04,2731,84.9859848022461,0.7448540854804618,0,0.008385837078094482,0.010482266545295715,-0.004192819353193045,-0.004192819353193045,-0.004192819353193045,-0.010192819353193045,close,0,0,6,2022-10-01
2022-10-04,2618,24.466129302978516,0.7423406934354364,0,0.014336875639855862,0.017921118065714836,-0.0035842712968587875,-0.0017921155085787177,-0.0017921155085787177,-0.007792115508578718,close,0,0,6,2022-10-01
2022-10-04,2903,16.321069717407227,0.7419977675724221,0,0.0026110184844583273,0.007832870818674564,-0.0052219596691429615,-0.0052219596691429615,-0.0052219596691429615,-0.011221959669142962,close,0,0,6,2022-10-01
2022-10-04,4306,12.4957857131958,0.7415311764054724,1,0.010752721689641476,0.014336896128952503,0.003584235208109021,0.007168478332459927,0.007168478332459927,0.0011684783324599265,close,0,0,6,2022-10-01
2022-10-04,4714,11.100000381469727,0.7411964485225773,0,0.00900895707309246,0.013513478450477123,-0.009009042754769325,-0.004504521377384663,-0.004504521377384663,-0.010504521377384663,close,0,0,6,2022-10-01
2022-10-04,8436,114.85669708251953,0.7408762812219075,0,0.012096773833036423,0.02016128972172737,0.0,0.0,0.0,-0.006,close,0,0,6,2022-10-01
2022-10-04,6789,231.4373016357422,0.7403325966389407,1,0.016877643764019012,0.03375528007745743,-0.004219402093440294,0.002109711756929755,0.03,0.024,take_profit,1,0,6,2022-10-01
2022-10-04,2324,19.26817512512207,0.7402214278138591,0,0.0023041123058646917,0.01152073685079813,-0.0023042000830173492,0.0,0.0,-0.006,close,0,0,6,2022-10-01
2022-10-04,1101,31.175050735473633,0.739772393550906,1,0.011816912330687046,0.016248272731900215,0.005908470135182142,0.008862747810781002,0.008862747810781002,0.002862747810781002,close,0,0,6,2022-10-01
2022-10-04,2836,10.734291076660156,0.7393304152684308,1,0.004016002640128136,0.016064222902059555,0.004016002640128136,0.004016002640128136,0.004016002640128136,-0.0019839973598718644,close,0,0,6,2022-10-01
2022-10-05,4919,104.04295349121094,0.6842641451614202,1,0.022123955190181732,0.026548735797405243,-0.0044247182086110115,0.022123955190181732,0.022123955190181732,0.016123955190181734,close,0,0,6,2022-10-01
2022-10-05,2351,106.01001739501953,0.6812871164720816,1,0.017316030338406563,0.025974038988351822,0.0043290164321660995,0.012987025082111359,0.012987025082111359,0.0069870250821113585,close,0,0,6,2022-10-01
2022-10-05,2421,33.77290344238281,0.6800504065417942,1,0.008097106590867043,0.04993254691362381,0.008097106590867043,0.04993254691362381,0.03,0.024,take_profit,1,0,6,2022-10-01
2022-10-05,2892,21.324783325195312,0.6794079474045839,1,0.0019645015709102154,0.013752279803156853,-1.417662787162044e-07,0.013752279803156853,0.013752279803156853,0.007752279803156853,close,0,0,6,2022-10-01
2022-10-05,2345,270.5634460449219,0.6785673078351101,1,0.007017588242888451,0.01754390448331833,-0.005263113882392645,0.014035132713615894,0.014035132713615894,0.008035132713615894,close,0,0,6,2022-10-01
2022-10-05,3508,30.450000762939453,0.6772808818640478,1,0.0016420109895989299,0.0591132752597332,-0.01970444619655609,0.0591132752597332,0.03,0.024,take_profit,1,0,6,2022-10-01
2022-10-05,2383,153.00804138183594,0.6769695322909894,0,0.015673981979489326,0.021943572908639908,-0.006269592326134443,0.0,0.0,-0.006,close,0,0,6,2022-10-01
2022-10-05,3005,36.42569351196289,0.6763690864925402,1,-1.3260201114917436e-07,0.007050377316772938,-0.0023502728436142206,0.005875307600945234,0.005875307600945234,-0.00012469239905476583,close,0,0,6,2022-10-01
2022-10-05,2347,46.52117919921875,0.6760084339139906,1,0.01109060924500227,0.022181155160069466,0.007393737323582172,0.014787481166422367,0.014787481166422367,0.008787481166422367,close,0,0,6,2022-10-01
2022-10-05,6727,60.4603157043457,0.6758412365896614,0,0.004354151431471109,0.004354151431471109,-0.020319245755672455,-0.017416533082723618,-0.02,-0.026000000000000002,stop_loss,0,1,6,2022-10-01
2022-10-05,2890,14.066705703735352,0.6747133496469528,1,0.0029499316588044167,0.017699148505926132,-0.002949828514829278,0.011799450032413006,0.011799450032413006,0.005799450032413006,close,0,0,6,2022-10-01
2022-10-05,3228,242.4911346435547,0.6737114511507282,1,0.007999974302947521,0.040000010281801224,-0.03400000184774399,0.010000000707805157,-0.02,-0.026000000000000002,ambiguous_stop_loss,1,1,6,2022-10-01
2022-10-05,8183,51.254356384277344,0.6725823369303031,1,0.013722086325287819,0.022298414260149002,-2.774844531927556e-08,0.018867935985326767,0.018867935985326767,0.012867935985326767,close,0,0,6,2022-10-01
2022-10-05,6550,120.5,0.6721024711630614,1,0.01244813296943903,0.05394190922379494,0.01244813296943903,0.04149377718567848,0.03,0.024,take_profit,1,0,6,2022-10-01
2022-10-05,6239,66.32408142089844,0.671601166234389,1,0.010269555263221264,0.010269555263221264,-0.0025674153584986925,0.007702200673520565,0.007702200673520565,0.001702200673520565,close,0,0,6,2022-10-01
2022-10-05,6485,59.74294662475586,0.670179623232427,1,0.023510955274105072,0.026645703241229057,-0.004702256992459297,0.012539097107946873,0.012539097107946873,0.006539097107946873,close,0,0,6,2022-10-01
2022-10-05,2413,23.14834213256836,0.6700901946193947,1,0.010504111647605896,0.04201671481132507,0.008403303101658821,0.01890750415623188,0.03,0.024,take_profit,1,0,6,2022-10-01
2022-10-05,5871,157.88955688476562,0.6695512318355717,0,0.007894727401435375,0.01052636094391346,-0.005263094790279865,0.0,0.0,-0.006,close,0,0,6,2022-10-01
2022-10-05,8054,32.75614929199219,0.6685318913994375,1,0.01801803521811962,0.09909902513027191,0.015014964155852795,0.03603600710630417,0.03,0.024,take_profit,1,0,6,2022-10-01
2022-10-05,3645,31.80019760131836,0.6673508283012753,0,0.012084749527275562,0.012084749527275562,-0.010573863983154297,-0.004531544167548418,-0.004531544167548418,-0.010531544167548418,close,0,0,6,2022-10-01
2022-10-06,6603,17.20555305480957,0.5391986875979928,1,0.002747339429333806,0.019230831414461136,7.281933989133904e-08,0.005494606215506792,0.005494606215506792,-0.0005053937844932081,close,0,0,6,2022-10-01
2022-10-06,3587,125.22245025634766,0.5327967331493816,0,0.006896594073623419,0.02068970538675785,-0.01724127121269703,-0.013793019577860832,-0.013793019577860832,-0.01979301957786083,close,0,0,6,2022-10-01
2022-10-06,8996,135.42037963867188,0.5319153985365903,0,6.47570104206352e-08,0.021428637206554413,-0.06785707920789719,-0.06785707920789719,-0.02,-0.026000000000000002,stop_loss,0,1,6,2022-10-01
2022-10-06,6113,16.245275497436523,0.5298558667046048,0,-4.317938362419227e-08,0.005649652797728777,-0.025423675775527954,-0.019773980602622032,-0.02,-0.026000000000000002,stop_loss,0,1,6,2022-10-01
2022-10-06,6269,82.8510513305664,0.5278885863005598,0,0.003260960103943944,0.00434790039435029,-0.010869508609175682,-0.0032608455512672663,-0.0032608455512672663,-0.009260845551267266,close,0,0,6,2022-10-01
2022-10-06,6499,52.881160736083984,0.5247568817086807,0,8.732997436311507e-09,0.026737980544567108,-0.019607769325375557,-0.0053475284948945045,-0.0053475284948945045,-0.011347528494894505,close,0,0,6,2022-10-01
2022-10-06,3149,31.86288070678711,0.5245337899608742,1,-0.004878085106611252,0.05853654071688652,-0.019512219354510307,0.041463423520326614,0.03,0.024,take_profit,1,0,6,2022-10-01
2022-10-06,2413,23.58601951599121,0.5238476699056327,0,0.006185551173985004,0.03917529061436653,-0.004123726859688759,0.0,0.03,0.024,take_profit,1,0,6,2022-10-01
2022-10-06,2331,23.910398483276367,0.5221197620691481,0,0.005791450385004282,0.01737450622022152,-0.03281858563423157,-0.02702702209353447,-0.02,-0.026000000000000002,stop_loss,0,1,6,2022-10-01
2022-10-06,6153,27.000591278076172,0.5184620998737359,0,-1.246326508663742e-08,0.012681136839091778,-0.021739155054092407,-0.01992754265666008,-0.02,-0.026000000000000002,stop_loss,0,1,6,2022-10-01
2022-10-06,3558,187.9387664794922,0.5178473599051128,1,-0.007653004489839077,0.017857201397418976,-0.020408106967806816,0.002551077865064144,-0.02,-0.026000000000000002,stop_loss,0,1,6,2022-10-01
2022-10-06,2379,253.66998291015625,0.516145675263167,0,-0.016158049926161766,-0.016158049926161766,-0.06822267919778824,-0.06822267919778824,-0.02,-0.026000000000000002,stop_loss,0,1,6,2022-10-01
2022-10-06,4763,9.539734840393066,0.5120366222295739,0,-0.014815028756856918,0.037036847323179245,-0.04074091836810112,-0.04074091836810112,-0.02,-0.026000000000000002,ambiguous_stop_loss,1,1,6,2022-10-01
2022-10-06,4968,104.5,0.5108418806588242,0,-0.014354066923260689,0.0047846888191998005,-0.03349282220005989,-0.023923445492982864,-0.02,-0.026000000000000002,stop_loss,0,1,6,2022-10-01
2022-10-06,3455,65.17476654052734,0.5106461593206857,1,-3.89528729272115e-08,0.012077255174517632,-3.89528729272115e-08,0.012077255174517632,0.012077255174517632,0.006077255174517631,close,0,0,6,2022-10-01
2022-10-06,6237,45.02362823486328,0.5094262765497715,0,0.0021834317594766617,0.009825319983065128,-0.0262009147554636,-0.007641912437975407,-0.02,-0.026000000000000002,stop_loss,0,1,6,2022-10-01
2022-10-06,2382,65.52497863769531,0.5092814027155868,0,0.005263105500489473,0.005263105500489473,-0.017105374485254288,-0.01578950509428978,-0.01578950509428978,-0.021789505094289778,close,0,0,6,2022-10-01
2022-10-06,1802,18.700000762939453,0.5071734480579462,1,0.0,0.016042739152908325,-0.002673857845366001,0.013368983753025532,0.013368983753025532,0.007368983753025532,close,0,0,6,2022-10-01
2022-10-06,8155,87.93523406982422,0.506798383845039,0,6.08344521424442e-08,0.003089690813794732,-0.01956741325557232,-0.011328451335430145,-0.011328451335430145,-0.017328451335430144,close,0,0,6,2022-10-01
2022-10-06,6531,151.24365234375,0.5059280980516474,0,-0.006211233325302601,0.0031055365689098835,-0.027950363233685493,-0.02484477311372757,-0.02,-0.026000000000000002,stop_loss,0,1,6,2022-10-01
2022-10-07,3025,27.839115142822266,0.6175277619540602,0,-0.026209624484181404,-0.00806446187198162,-0.06451607495546341,-0.05443543195724487,-0.026209624484181404,-0.0322096244841814,gap_stop,0,1,6,2022-10-01
2022-10-07,1529,18.216859817504883,0.6034287676603768,0,-0.02025321125984192,-0.010126553475856781,-0.06835442781448364,-0.06835442781448364,-0.02025321125984192,-0.026253211259841917,gap_stop,0,1,6,2022-10-01
2022-10-07,5274,1732.4580078125,0.5930620792013303,0,-0.050279319286346436,-0.022346358746290207,-0.07821228355169296,-0.06983239203691483,-0.050279319286346436,-0.056279319286346434,gap_stop,0,1,6,2022-10-01
2022-10-07,5425,67.1763916015625,0.5917345212522669,0,-0.031830158084630966,-0.009283777326345444,-0.0358089804649353,-0.026525096967816353,-0.031830158084630966,-0.037830158084630965,gap_stop,0,1,6,2022-10-01
2022-10-07,5269,679.6764526367188,0.5891244386186676,0,-0.04908837378025055,-0.04768585041165352,-0.08976158499717712,-0.08555401116609573,-0.04908837378025055,-0.05508837378025055,gap_stop,0,1,6,2022-10-01
2022-10-07,2913,20.75,0.587135665206718,0,-0.014457794837653637,-0.0096385907381773,-0.024096384644508362,-0.012048192322254181,-0.02,-0.026000000000000002,stop_loss,0,1,6,2022-10-01
2022-10-07,6530,22.325149536132812,0.5853334214664888,0,-0.018035998567938805,-0.018035998567938805,-0.08416825532913208,-0.0801602229475975,-0.02,-0.026000000000000002,stop_loss,0,1,6,2022-10-01
2022-10-07,6789,216.78936767578125,0.5851359862157012,0,-0.045045118778944016,-0.045045118778944016,-0.09459466487169266,-0.08333340287208557,-0.045045118778944016,-0.051045118778944014,gap_stop,0,1,6,2022-10-01
2022-10-07,6706,79.81072998046875,0.5839607865844463,0,-0.03218114376068115,-0.00953511893749237,-0.0476757287979126,-0.04410009831190109,-0.03218114376068115,-0.03818114376068115,gap_stop,0,1,6,2022-10-01
2022-10-07,6679,184.1538543701172,0.5834277718474451,0,-0.029702994972467422,-0.014851510524749756,-0.049504972994327545,-0.04702972620725632,-0.029702994972467422,-0.03570299497246742,gap_stop,0,1,6,2022-10-01
2022-10-07,2606,33.759334564208984,0.5820229059346081,0,-0.02522081509232521,-0.010088448412716389,-0.047919463366270065,-0.047919463366270065,-0.02522081509232521,-0.03122081509232521,gap_stop,0,1,6,2022-10-01
2022-10-07,6547,75.0999984741211,0.5806657473377793,0,-0.01997336931526661,-0.01997336931526661,-0.08521972596645355,-0.07323569059371948,-0.02,-0.026000000000000002,stop_loss,0,1,6,2022-10-01
2022-10-07,1560,111.6218032836914,0.5806406037211611,0,-0.03813562169671059,-0.029661044478416443,-0.06779664009809494,-0.059322062879800797,-0.03813562169671059,-0.044135621696710585,gap_stop,0,1,6,2022-10-01
2022-10-07,1725,19.629850387573242,0.5779074718645281,0,0.004576780833303928,0.004576780833303928,-0.04576649144291878,-0.04118981212377548,-0.02,-0.026000000000000002,stop_loss,0,1,6,2022-10-01
2022-10-07,3527,89.77629089355469,0.5776140125374789,0,-0.031440138816833496,-0.021298149600625038,-0.05679510533809662,-0.05679510533809662,-0.031440138816833496,-0.037440138816833494,gap_stop,0,1,6,2022-10-01
2022-10-07,8054,33.346351623535156,0.5767491067821892,0,-0.02064899355173111,-0.02064899355173111,-0.0678466409444809,-0.05752214789390564,-0.02064899355173111,-0.026648993551731108,gap_stop,0,1,6,2022-10-01
2022-10-07,8476,21.202333450317383,0.5762419408262865,1,0.9999999403953552,0.9999999403953552,0.9860000014305115,0.9940000772476196,0.03,0.024,gap_take_profit,1,0,6,2022-10-01
2022-10-07,2612,31.50453758239746,0.5753794329611521,0,-0.016853829845786095,-0.011235830374062061,-0.0379212461411953,-0.030898774042725563,-0.02,-0.026000000000000002,stop_loss,0,1,6,2022-10-01
2022-10-07,1708,35.85927200317383,0.5749436916196923,0,-0.030303118750452995,-0.01864810846745968,-0.04428909718990326,-0.0407925583422184,-0.030303118750452995,-0.036303118750452994,gap_stop,0,1,6,2022-10-01
2022-10-07,2413,23.58601951599121,0.5745264158968307,0,-0.03092782199382782,-0.03092782199382782,-0.09072166681289673,-0.07216493785381317,-0.03092782199382782,-0.03692782199382782,gap_stop,0,1,6,2022-10-01
2022-10-11,4967,29.237333297729492,0.4988699949858167,1,0.028192399069666862,0.04145938530564308,0.0016584277618676424,0.038142625242471695,0.03,0.024,take_profit,1,0,6,2022-10-01
2022-10-11,3221,20.253070831298828,0.49885262139419806,1,0.00421926099807024,0.042194005101919174,-0.01054860558360815,0.027426056563854218,0.03,0.024,take_profit,1,0,6,2022-10-01
2022-10-11,6442,40.062164306640625,0.49750001753575956,0,8.616237323622045e-08,0.00934582855552435,-0.02686908282339573,-0.019859731197357178,-0.02,-0.026000000000000002,stop_loss,0,1,6,2022-10-01
2022-10-11,6547,69.5999984741211,0.49750001753575956,1,0.020114965736865997,0.09913795441389084,0.012931056320667267,0.05172411724925041,0.03,0.024,take_profit,1,0,6,2022-10-01
2022-10-11,4543,19.894268035888672,0.49720191803251035,1,-0.02212376520037651,0.01106204278767109,-0.0287609975785017,0.006637280341237783,-0.02212376520037651,-0.02812376520037651,gap_stop,0,1,6,2022-10-01
2022-10-11,6568,115.15853881835938,0.4958277323564982,1,-0.00819678045809269,0.008196661248803139,-0.0409836620092392,0.004098300822079182,-0.02,-0.026000000000000002,stop_loss,0,1,6,2022-10-01
2022-10-11,3025,26.323680877685547,0.4956671014818492,0,0.008528782986104488,0.01279317494481802,-0.03411513939499855,-0.027718551456928253,-0.02,-0.026000000000000002,stop_loss,0,1,6,2022-10-01
2022-10-11,6118,30.049999237060547,0.4947702203619224,1,0.023294534534215927,0.04159734025597572,-0.014975003898143768,0.023294534534215927,0.03,0.024,take_profit,1,0,6,2022-10-01
2022-10-11,6546,80.5171127319336,0.4946879011638463,0,-0.035752952098846436,0.03141928091645241,-0.035752952098846436,-0.0010834280401468277,-0.035752952098846436,-0.041752952098846434,gap_stop,1,1,6,2022-10-01
2022-10-11,3504,79.4000015258789,0.49461227102951,0,0.006297229323536158,0.016372738406062126,-0.03652394935488701,-0.005037802271544933,-0.02,-0.026000000000000002,stop_loss,0,1,6,2022-10-01
2022-10-11,3141,75.56629180908203,0.4943665384439829,0,6.247811512594126e-08,0.012674334459006786,-0.0418250747025013,-0.024081073701381683,-0.02,-0.026000000000000002,stop_loss,0,1,6,2022-10-01
2022-10-11,3324,115.06855773925781,0.4938409458319629,1,0.012448195368051529,0.03319508582353592,-0.012448071502149105,0.012448195368051529,0.03,0.024,take_profit,1,0,6,2022-10-01
2022-10-11,5351,31.149532318115234,0.49349796896524534,1,0.007911366410553455,0.030063316226005554,-0.0237341970205307,0.004746828228235245,-0.02,-0.026000000000000002,ambiguous_stop_loss,1,1,6,2022-10-01
2022-10-11,6138,89.33880615234375,0.49287681019573143,1,0.004854447208344936,0.02912629395723343,-0.009708660654723644,0.01941755600273609,0.01941755600273609,0.013417556002736091,close,0,0,6,2022-10-01
2022-10-11,1725,18.821300506591797,0.49100200736683924,0,-5.355289900421667e-08,-5.355289900421667e-08,-0.02625308930873871,-0.021479802206158638,-0.02,-0.026000000000000002,stop_loss,0,1,6,2022-10-01
2022-10-11,6499,48.827880859375,0.4908177646790691,1,0.019305093213915825,0.028957579284906387,0.0038610862102359533,0.021235574036836624,0.021235574036836624,0.015235574036836624,close,0,0,6,2022-10-01
2022-10-11,1529,16.971656799316406,0.49070373971705394,1,0.013586918823421001,0.03532610088586807,0.0027173832058906555,0.005434794817119837,0.03,0.024,take_profit,1,0,6,2022-10-01
2022-10-11,5222,86.15563201904297,0.4897472805923927,1,-6.050888856634629e-08,0.01219501905143261,-0.02439030259847641,0.00406496599316597,-0.02,-0.026000000000000002,stop_loss,0,1,6,2022-10-01
2022-10-11,3339,13.100000381469727,0.489398614041982,0,-0.011450424790382385,0.015267160721123219,-0.011450424790382385,-0.0038168083410710096,-0.0038168083410710096,-0.00981680834107101,close,0,0,6,2022-10-01
2022-10-11,4912,68.968505859375,0.4890281164877408,0,-0.016042808070778847,-0.016042808070778847,-0.09893051534891129,-0.09893051534891129,-0.02,-0.026000000000000002,stop_loss,0,1,6,2022-10-01
2022-10-12,2613,20.714635848999023,0.5659132181864935,0,0.017467331141233444,0.017467331141233444,-0.09825319051742554,-0.08296933025121689,-0.02,-0.026000000000000002,stop_loss,0,1,6,2022-10-01
2022-10-12,6683,149.76309204101562,0.5637764439813789,0,-1.523346782050794e-07,0.021472236141562462,-0.05521486699581146,-0.052147384732961655,-0.02,-0.026000000000000002,stop_loss,0,1,6,2022-10-01
2022-10-12,1316,12.205330848693848,0.5616237323112172,0,0.01229510921984911,0.016393505036830902,-0.06967207789421082,-0.06147535890340805,-0.02,-0.026000000000000002,stop_loss,0,1,6,2022-10-01
2022-10-12,3128,22.010009765625,0.5603572952169905,0,0.033009715378284454,0.03689320385456085,-0.06601938605308533,-0.05048544332385063,0.03,0.024,gap_take_profit,1,1,6,2022-10-01
2022-10-12,6426,63.735782623291016,0.5588735943290644,0,0.03458655998110771,0.03458655998110771,-0.06917286664247513,-0.06917286664247513,0.03,0.024,gap_take_profit,1,1,6,2022-10-01
2022-10-12,3289,58.727718353271484,0.5493665179493014,0,0.026603979989886284,0.04851323738694191,-0.04694839194417,-0.03286392241716385,-0.02,-0.026000000000000002,ambiguous_stop_loss,1,1,6,2022-10-01
2022-10-12,6741,76.00146484375,0.5463335609270259,0,-1.0350401424830125e-08,0.0012673974270001054,-0.04562736675143242,-0.0443599596619606,-0.02,-0.026000000000000002,stop_loss,0,1,6,2022-10-01
2022-10-12,6643,232.0988006591797,0.5435696655817888,0,0.02719997614622116,0.036799974739551544,-0.027200009673833847,-0.024000009521842003,-0.02,-0.026000000000000002,ambiguous_stop_loss,1,1,6,2022-10-01
2022-10-12,6442,39.26654052734375,0.5403831168829025,0,0.0071512628346681595,0.011918815784156322,-0.048867832869291306,-0.03933263570070267,-0.02,-0.026000000000000002,stop_loss,0,1,6,2022-10-01
2022-10-12,2428,98.05691528320312,0.5333679085983108,0,0.0091743478551507,0.018348660320043564,-0.08256877213716507,-0.0779816210269928,-0.02,-0.026000000000000002,stop_loss,0,1,6,2022-10-01
2022-10-12,5213,16.727500915527344,0.5323172812415122,1,-0.004761850461363792,0.009523826651275158,-0.01428570318967104,0.004761900287121534,0.004761900287121534,-0.0012380997128784658,close,0,0,6,2022-10-01
2022-10-12,6558,18.2276668548584,0.5314724949077845,0,0.008174378424882889,0.008174378424882889,-0.08174385875463486,-0.08174385875463486,-0.02,-0.026000000000000002,stop_loss,0,1,6,2022-10-01
2022-10-12,3686,12.649999618530273,0.530315621297252,0,0.00790516845881939,0.00790516845881939,-0.0988142341375351,-0.0988142341375351,-0.02,-0.026000000000000002,stop_loss,0,1,6,2022-10-01
2022-10-12,3675,147.39639282226562,0.5298990697555893,0,0.008427069522440434,0.016853969544172287,-0.08426960557699203,-0.08426960557699203,-0.02,-0.026000000000000002,stop_loss,0,1,6,2022-10-01
2022-10-12,6148,10.512737274169922,0.5289125183277281,0,-0.0042918529361486435,-0.0042918529361486435,-0.09012875705957413,-0.06866953521966934,-0.02,-0.026000000000000002,stop_loss,0,1,6,2022-10-01
2022-10-12,3362,59.48197555541992,0.5287710394156185,0,0.0016639779787510633,0.011647314764559269,-0.08485850691795349,-0.06821956485509872,-0.02,-0.026000000000000002,stop_loss,0,1,6,2022-10-01
2022-10-12,3010,69.91397094726562,0.5266152031251453,0,-0.006082671228796244,0.0048662531189620495,-0.04257902503013611,-0.029196955263614655,-0.02,-0.026000000000000002,stop_loss,0,1,6,2022-10-01
2022-10-12,3044,79.09999084472656,0.5221752917540514,0,0.002197760157287121,0.003296728478744626,-0.009890135377645493,-0.0076922825537621975,-0.0076922825537621975,-0.013692282553762198,close,0,0,6,2022-10-01
2022-10-12,6669,722.5671997070312,0.5213926537148055,0,0.010126620531082153,0.01772155798971653,-0.03797464817762375,-0.013924012891948223,-0.02,-0.026000000000000002,stop_loss,0,1,6,2022-10-01
2022-10-12,6533,342.942626953125,0.5209699422242181,1,0.03197672218084335,0.056686025112867355,0.01744183897972107,0.023255793377757072,0.03,0.024,gap_take_profit,1,0,6,2022-10-01
2022-10-13,3430,36.31145477294922,0.7582933838850965,1,0.03804995119571686,0.08799046277999878,0.02972647175192833,0.055885858833789825,0.03,0.024,gap_take_profit,1,0,6,2022-10-01
2022-10-13,6789,176.263427734375,0.7560889163942297,1,0.038781192153692245,0.047091443091630936,0.00831027701497078,0.00831027701497078,0.03,0.024,gap_take_profit,1,0,6,2022-10-01
2022-10-13,3686,11.399999618530273,0.7542427879922023,1,0.01315794512629509,0.04385964944958687,0.00438598170876503,0.01754392683506012,0.03,0.024,take_profit,1,0,6,2022-10-01
2022-10-13,3011,12.75,0.7523277587091143,1,0.06666669994592667,0.09803921729326248,0.015686258673667908,0.07450979202985764,0.03,0.024,gap_take_profit,1,0,6,2022-10-01
2022-10-13,1513,50.890899658203125,0.7522745474711074,1,0.03571416065096855,0.06390964984893799,0.031954821199178696,0.041353315114974976,0.03,0.024,gap_take_profit,1,0,6,2022-10-01
2022-10-13,3558,173.07626342773438,0.7514407857325538,1,0.06371188908815384,0.0997229740023613,0.05263156071305275,0.07756230980157852,0.03,0.024,gap_take_profit,1,0,6,2022-10-01
2022-10-13,3594,23.409013748168945,0.7502528182928198,1,0.05590057000517845,0.0848861038684845,0.043478239327669144,0.05797092989087105,0.03,0.024,gap_take_profit,1,0,6,2022-10-01
2022-10-13,6541,127.95464324951172,0.750039745588462,1,0.029850749298930168,0.05970155820250511,0.01722165197134018,0.04247996583580971,0.03,0.024,take_profit,1,0,6,2022-10-01
2022-10-13,2731,77.41385650634766,0.7493345875893132,1,0.004603127017617226,0.04142703115940094,-0.025316312909126282,0.040276288986206055,-0.02,-0.026000000000000002,ambiguous_stop_loss,1,1,6,2022-10-01
2022-10-13,6719,207.3770751953125,0.7492289450234336,1,0.060185227543115616,0.09953708201646805,0.05092596635222435,0.09953708201646805,0.03,0.024,gap_take_profit,1,0,6,2022-10-01
2022-10-13,2421,37.23678970336914,0.7486110779467344,1,0.019583934918045998,0.028151830658316612,0.00856800377368927,0.0220318790525198,0.0220318790525198,0.0160318790525198,close,0,0,6,2022-10-01
2022-10-13,3128,20.89882469177246,0.7483093179374637,1,0.05930464714765549,0.09202449023723602,0.0429447665810585,0.07361958175897598,0.03,0.024,gap_take_profit,1,0,6,2022-10-01
2022-10-13,3016,62.58690643310547,0.7478442002216296,1,0.05900146812200546,0.0816943570971489,0.04387287795543671,0.06656576693058014,0.03,0.024,gap_take_profit,1,0,6,2022-10-01
2022-10-13,6209,20.63388442993164,0.7474485495446234,1,0.03712296485900879,0.0696055069565773,0.0324825756251812,0.06496521085500717,0.03,0.024,gap_take_profit,1,0,6,2022-10-01
2022-10-13,2516,4.710000038146973,0.7473233316256901,1,0.004246280528604984,0.07855623960494995,0.004246280528604984,0.07855623960494995,0.03,0.024,take_profit,1,0,6,2022-10-01
2022-10-13,2201,37.49370574951172,0.7473056283921266,1,0.023142434656620026,0.048721082508563995,0.009744229726493359,0.04263095557689667,0.03,0.024,take_profit,1,0,6,2022-10-01
2022-10-13,6689,109.64351654052734,0.7471710932832019,1,0.034188054502010345,0.04700856655836105,1.8870139228965854e-08,0.008547027595341206,0.03,0.024,gap_take_profit,1,0,6,2022-10-01
2022-10-13,4721,85.80058288574219,0.7464713265973407,1,0.024338746443390846,0.05291014537215233,0.017989473417401314,0.03280430659651756,0.03,0.024,take_profit,1,0,6,2022-10-01
2022-10-13,5425,62.09806823730469,0.7464713265973407,1,0.05021532252430916,0.09325693547725677,0.04017232358455658,0.06169312819838524,0.03,0.024,gap_take_profit,1,0,6,2022-10-01
2022-10-13,2458,66.33805084228516,0.7461092162994393,1,0.02486899308860302,0.07853388786315918,0.022251132875680923,0.061518143862485886,0.03,0.024,take_profit,1,0,6,2022-10-01
2022-10-14,3228,169.74380493164062,0.4716432495574721,0,-0.10000009089708328,-0.10000009089708328,-0.10000009089708328,-0.10000009089708328,-0.10000009089708328,-0.10600009089708329,gap_stop,0,1,6,2022-10-01
2022-10-14,8046,176.56472778320312,0.46093871240115053,0,-0.007672528270632029,0.005115197040140629,-0.05115079507231712,-0.002557438099756837,-0.02,-0.026000000000000002,stop_loss,0,1,6,2022-10-01
2022-10-14,3037,109.20770263671875,0.4599936592273963,1,-0.008474544622004032,0.016949184238910675,-0.046610139310359955,0.012711896561086178,-0.02,-0.026000000000000002,stop_loss,0,1,6,2022-10-01
2022-10-14,2413,25.482627868652344,0.45481385526280127,1,-0.007633606903254986,0.03816794976592064,-0.03816792741417885,0.015267170034348965,-0.02,-0.026000000000000002,ambiguous_stop_loss,1,1,6,2022-10-01
2022-10-14,3189,92.83644104003906,0.45473879839766007,1,-0.015075392089784145,0.040200989693403244,-0.03919601067900658,0.040200989693403244,-0.02,-0.026000000000000002,ambiguous_stop_loss,1,1,6,2022-10-01
2022-10-14,3046,55.01252746582031,0.4545299520401369,0,-0.00324151455424726,0.032414939254522324,-0.021069679409265518,-0.001620738417841494,-0.02,-0.026000000000000002,ambiguous_stop_loss,1,1,6,2022-10-01
2022-10-14,6546,73.71285247802734,0.45449826991714626,1,-0.0059172119945287704,0.02366858534514904,-0.0591716468334198,0.0213017575442791,-0.02,-0.026000000000000002,stop_loss,0,1,6,2022-10-01
2022-10-14,1513,52.99540710449219,0.4533580185666309,0,-0.007220197468996048,-0.003610075218603015,-0.039711158722639084,-0.016245467588305473,-0.02,-0.026000000000000002,stop_loss,0,1,6,2022-10-01
2022-10-14,4961,126.854248046875,0.450321242920268,1,-0.020408205687999725,0.09693872183561325,-0.020408205687999725,0.09693872183561325,-0.020408205687999725,-0.026408205687999724,gap_stop,1,1,6,2022-10-01
2022-10-14,6205,69.74717712402344,0.44951595853113513,1,-0.020725397393107414,0.038860075175762177,-0.027202080935239792,0.038860075175762177,-0.020725397393107414,-0.026725397393107413,gap_stop,1,1,6,2022-10-01
2022-10-14,1477,163.4237060546875,0.4473921042936449,0,0.002512811217457056,0.002512811217457056,-0.02512543275952339,-0.0201003048568964,-0.02,-0.026000000000000002,stop_loss,0,1,6,2022-10-01
2022-10-14,4968,97.0,0.4454525871996787,1,-0.020618556067347527,0.012371102347970009,-0.04845357686281204,0.012371102347970009,-0.020618556067347527,-0.026618556067347525,gap_stop,0,1,6,2022-10-01
2022-10-14,4171,39.11418533325195,0.44542271869982103,1,-0.0019724946469068527,0.057199135422706604,-0.029585877433419228,0.01183424424380064,-0.02,-0.026000000000000002,ambiguous_stop_loss,1,1,6,2022-10-01
2022-10-14,2338,52.123844146728516,0.44475031002668797,1,-0.027223162353038788,0.003629849059507251,-0.05989103019237518,0.0018149944953620434,-0.027223162353038788,-0.033223162353038786,gap_stop,0,1,6,2022-10-01
2022-10-14,3149,34.81602478027344,0.4446594756075613,1,-0.013392847031354904,0.020089270547032356,-0.03348211944103241,0.020089270547032356,-0.02,-0.026000000000000002,stop_loss,0,1,6,2022-10-01
2022-10-14,3653,370.3864440917969,0.4437028507475171,0,-0.019505959004163742,-0.01430439855903387,-0.059818048030138016,-0.033810246735811234,-0.02,-0.026000000000000002,stop_loss,0,1,6,2022-10-01
2022-10-14,2305,28.5,0.4436624758946459,1,-0.024561429396271706,0.04912279546260834,-0.07543858140707016,0.04912279546260834,-0.024561429396271706,-0.030561429396271704,gap_stop,1,1,6,2022-10-01
2022-10-14,4931,39.8053092956543,0.4430909702941266,1,-1.129106230735033e-08,0.0727272778749466,-0.015909118577837944,0.0727272778749466,0.03,0.024,take_profit,1,0,6,2022-10-01
2022-10-14,6104,80.627685546875,0.4423966103969795,1,-0.030303040519356728,0.04895107448101044,-0.04079248011112213,0.04545453563332558,-0.030303040519356728,-0.036303040519356726,gap_stop,1,1,6,2022-10-01
2022-10-14,3023,255.67886352539062,0.44195840161658095,0,0.0017637070268392563,0.005291044246405363,-0.031745992600917816,-0.008818304166197777,-0.02,-0.026000000000000002,stop_loss,0,1,6,2022-10-01
2022-10-17,2912,246.00042724609375,0.7965241530807111,1,0.0018381573026999831,0.014705803245306015,-0.0018383130664005876,0.007352862507104874,0.007352862507104874,0.0013528625071048735,close,0,0,6,2022-10-01
2022-10-17,2330,376.7835388183594,0.7942647821126916,1,0.02392951026558876,0.025188954547047615,0.0062972670421004295,0.025188954547047615,0.025188954547047615,0.019188954547047617,close,0,0,6,2022-10-01
2022-10-17,5522,46.13587951660156,0.789295928338272,0,0.007518750615417957,0.028195485472679138,-0.022556407377123833,-0.013157912530004978,-0.02,-0.026000000000000002,stop_loss,0,1,6,2022-10-01
2022-10-17,2731,76.61209869384766,0.7839908800724642,0,0.003488476388156414,0.011628075502812862,-0.04069751873612404,-0.026744075119495392,-0.02,-0.026000000000000002,stop_loss,0,1,6,2022-10-01
2022-10-17,1532,24.36432647705078,0.7814972785742428,1,0.014311181381344795,0.014311181381344795,-0.00536685436964035,0.010733350180089474,0.010733350180089474,0.004733350180089474,close,0,0,6,2022-10-01
2022-10-17,9939,71.45311737060547,0.7795675913457476,0,0.003731274977326393,0.004975132178515196,-0.012437821365892887,-0.011194059625267982,-0.011194059625267982,-0.01719405962526798,close,0,0,6,2022-10-01
2022-10-17,2753,153.7390594482422,0.7775046745900905,1,0.005714398808777332,0.028571544215083122,0.005714398808777332,0.02285725809633732,0.02285725809633732,0.01685725809633732,close,0,0,6,2022-10-01
2022-10-17,2633,24.91886329650879,0.7763145757776337,1,0.00731250224635005,0.029250357300043106,0.005484376568347216,0.029250357300043106,0.029250357300043106,0.023250357300043108,close,0,0,6,2022-10-01
2022-10-17,6695,46.099998474121094,0.7753098159349254,0,0.013015234842896461,0.023861221969127655,-0.044468533247709274,-0.01952272839844227,-0.02,-0.026000000000000002,stop_loss,0,1,6,2022-10-01
2022-10-17,6588,27.899999618530273,0.7753098159349254,1,0.008960573934018612,0.023297477513551712,-0.0035842431243509054,0.016129059717059135,0.016129059717059135,0.010129059717059135,close,0,0,6,2022-10-01
2022-10-17,4564,21.816030502319336,0.7736907878796201,1,0.029147977009415627,0.06278025358915329,0.011210802011191845,0.04932739585638046,0.03,0.024,take_profit,1,0,6,2022-10-01
2022-10-17,1103,14.47983169555664,0.7731019795456244,1,0.012499935925006866,0.03437502682209015,0.00624997029080987,0.02499992772936821,0.03,0.024,take_profit,1,0,6,2022-10-01
2022-10-17,8249,20.170700073242188,0.7720826963480358,1,0.009615439921617508,0.016827033832669258,0.00480776559561491,0.014423197135329247,0.014423197135329247,0.008423197135329246,close,0,0,6,2022-10-01
2022-10-17,2884,19.809362411499023,0.771900008200822,0,0.00432897824794054,0.0108224768191576,-0.01298704743385315,-0.004329079296439886,-0.004329079296439886,-0.010329079296439886,close,0,0,6,2022-10-01
2022-10-17,3623,14.550000190734863,0.7714750544456154,1,0.013745691627264023,0.04810995236039162,-0.024055007845163345,0.0034364392049610615,-0.02,-0.026000000000000002,ambiguous_stop_loss,1,1,6,2022-10-01
2022-10-17,9938,48.480804443359375,0.7714674326223281,1,0.011650508269667625,0.011650508269667625,-0.011650404892861843,0.0038835618179291487,0.0038835618179291487,-0.0021164381820708515,close,0,0,6,2022-10-01
2022-10-17,1231,47.26067352294922,0.7698829229720089,1,0.0075757564045488834,0.01515156589448452,-0.003030314575880766,0.01060609519481659,0.01060609519481659,0.004606095194816589,close,0,0,6,2022-10-01
2022-10-17,3219,34.90771484375,0.7689224104521774,1,0.0013908871915191412,0.0987483337521553,0.0013908871915191412,0.0987483337521553,0.03,0.024,take_profit,1,0,6,2022-10-01
2022-10-17,5213,16.926637649536133,0.7686837465661526,1,0.004705865401774645,0.009411667473614216,0.002352913608774543,0.007058816961944103,0.007058816961944103,0.0010588169619441031,close,0,0,6,2022-10-01
2022-10-17,3693,57.45684051513672,0.7683793245511057,0,0.016778534278273582,0.021812142804265022,-0.011744905263185501,-0.010067079216241837,-0.010067079216241837,-0.016067079216241835,close,0,0,6,2022-10-01
2022-10-18,2327,52.38010787963867,0.6653017553431952,0,1.0490015966979627e-08,0.003590637817978859,-0.03770199418067932,-0.03770199418067932,-0.02,-0.026000000000000002,stop_loss,0,1,6,2022-10-01
2022-10-18,2362,27.388349533081055,0.6609394575366728,0,-3.419464178477938e-08,0.00961532536894083,-0.014423134736716747,-0.009615454822778702,-0.009615454822778702,-0.015615454822778702,close,0,0,6,2022-10-01
2022-10-18,2352,24.351158142089844,0.6602104175018568,0,-0.005524884909391403,-0.0018416298553347588,-0.01841624267399311,-0.01657458022236824,-0.01657458022236824,-0.02257458022236824,close,0,0,6,2022-10-01
2022-10-18,2015,50.6563835144043,0.6572521591893448,0,0.011824388988316059,0.011824388988316059,-0.011824286542832851,-0.010135122574865818,-0.010135122574865818,-0.016135122574865816,close,0,0,6,2022-10-01
2022-10-18,2538,10.844902038574219,0.6551363916912749,0,0.0,0.00800000224262476,-0.00400000112131238,0.0,0.0,-0.006,close,0,0,6,2022-10-01
2022-10-18,2412,96.6164321899414,0.653762116411971,0,1.6895009835593555e-08,0.00460831169039011,-0.013824868015944958,-0.00921657308936119,-0.00921657308936119,-0.015216573089361191,close,0,0,6,2022-10-01
2022-10-18,4760,38.878196716308594,0.6517081210938804,1,-0.00675656832754612,0.011261474341154099,-0.009008812718093395,0.004504652228206396,0.004504652228206396,-0.001495347771793604,close,0,0,6,2022-10-01
2022-10-18,1477,161.37066650390625,0.6495116706296475,1,0.00508915213868022,0.04834612458944321,0.00508915213868022,0.025445394217967987,0.03,0.024,take_profit,1,0,6,2022-10-01
2022-10-18,3044,78.49153137207031,0.6479685476476956,1,-0.005537186749279499,0.02214830182492733,-0.005537186749279499,0.009966619312763214,0.009966619312763214,0.003966619312763214,close,0,0,6,2022-10-01
2022-10-18,5864,7.631292343139648,0.6460391607446818,1,0.014329575002193451,0.014329575002193451,0.003070546081289649,0.006141222547739744,0.006141222547739744,0.00014122254773974406,close,0,0,6,2022-10-01
2022-10-18,2543,5.1603827476501465,0.6433180485683472,1,-0.0024011030327528715,0.008403169922530651,-0.0024011030327528715,0.008403169922530651,0.008403169922530651,0.002403169922530651,close,0,0,6,2022-10-01
2022-10-18,3162,42.868804931640625,0.643299974323351,0,1.5872201331035285e-08,0.005773688200861216,-0.023094672709703445,-0.015011479146778584,-0.02,-0.026000000000000002,stop_loss,0,1,6,2022-10-01
2022-10-18,6509,32.010009765625,0.6426080384858418,1,0.005625891964882612,0.019690589979290962,0.004219444002956152,0.00703234039247036,0.00703234039247036,0.0010323403924703597,close,0,0,6,2022-10-01
2022-10-18,2303,31.73681640625,0.6420643499549719,0,0.001307247788645327,0.016993584111332893,-0.006535870023071766,-0.0013070915592834353,-0.0013070915592834353,-0.0073070915592834355,close,0,0,6,2022-10-01
2022-10-18,4114,24.0822811126709,0.641737057787779,0,0.0014749966794624925,0.014749323017895222,-0.008849521167576313,-0.0014748871326446533,-0.0014748871326446533,-0.0074748871326446534,close,0,0,6,2022-10-01
2022-10-18,2603,63.78325653076172,0.641593026963081,1,0.010638347826898098,0.039007142186164856,0.0035461492370814085,0.021276647225022316,0.03,0.024,take_profit,1,0,6,2022-10-01
2022-10-18,3363,21.034334182739258,0.6415729579681602,0,0.0022777884732931852,0.009111505001783371,-0.0045559280551970005,-0.0045559280551970005,-0.0045559280551970005,-0.010555928055197,close,0,0,6,2022-10-01
2022-10-18,8489,20.799999237060547,0.6412129936864995,0,-0.004807618912309408,0.009615421295166016,-0.0072115203365683556,-0.004807618912309408,-0.004807618912309408,-0.010807618912309408,close,0,0,6,2022-10-01
2022-10-18,3694,16.954261779785156,0.6399316979566547,1,0.014044807292521,0.09831446409225464,0.014044807292521,0.09831446409225464,0.03,0.024,take_profit,1,0,6,2022-10-01
2022-10-18,9935,14.339728355407715,0.6395249165686855,0,0.0029850718565285206,0.014925358816981316,-0.005970143713057041,0.0,0.0,-0.006,close,0,0,6,2022-10-01
2022-10-19,2402,15.671035766601562,0.6115784785978442,1,0.014326576143503189,0.051575832068920135,-0.011461430229246616,0.0028652155306190252,0.03,0.024,take_profit,1,0,6,2022-10-01
2022-10-19,3702,39.183650970458984,0.6101486724304291,1,-0.0010941660730168223,0.019693510606884956,-0.017505543306469917,0.019693510606884956,0.019693510606884956,0.013693510606884956,close,0,0,6,2022-10-01
2022-10-19,6446,457.01361083984375,0.6075078578012991,0,-0.034934479743242264,-0.007641902659088373,-0.036026183515787125,-0.02183404192328453,-0.034934479743242264,-0.04093447974324226,gap_stop,0,1,6,2022-10-01
2022-10-19,3228,158.10421752929688,0.6068415679449306,1,2.8588491574055297e-08,0.098159559071064,2.8588491574055297e-08,0.098159559071064,0.03,0.024,take_profit,1,0,6,2022-10-01
2022-10-19,2474,142.37554931640625,0.6064968705744389,1,-0.0029327082447707653,0.008797495625913143,-0.011730360798537731,0.008797495625913143,0.008797495625913143,0.002797495625913143,close,0,0,6,2022-10-01
2022-10-19,2379,229.0771942138672,0.603530081439674,1,-0.017892617732286453,0.007952313870191574,-0.021868759766221046,0.0059642428532242775,-0.02,-0.026000000000000002,stop_loss,0,1,6,2022-10-01
2022-10-19,1802,19.299999237060547,0.6034327539578552,1,-0.010362635366618633,0.02590673603117466,-0.038860104978084564,0.010362734086811543,-0.02,-0.026000000000000002,stop_loss,0,1,6,2022-10-01
2022-10-19,1736,74.10586547851562,0.602876571694927,0,0.0012935847043991089,0.014230193570256233,-0.04010362550616264,-0.02457963488996029,-0.02,-0.026000000000000002,stop_loss,0,1,6,2022-10-01
2022-10-19,1301,74.21312713623047,0.6006120144550215,1,-0.017456311732530594,0.024937627837061882,-0.019950134679675102,0.007481344044208527,0.007481344044208527,0.0014813440442085265,close,0,0,6,2022-10-01
2022-10-19,3711,64.92463684082031,0.5992138927678229,1,-0.013351121917366982,0.017356427386403084,-0.014686214737594128,0.014686240814626217,0.014686240814626217,0.008686240814626217,close,0,0,6,2022-10-01
2022-10-19,6176,80.0291748046875,0.5988412414463478,0,-0.004061045590788126,-0.004061045590788126,-0.029441753402352333,-0.022335108369588852,-0.02,-0.026000000000000002,stop_loss,0,1,6,2022-10-01
2022-10-19,6285,73.2783203125,0.5987748818569132,1,-0.007142769172787666,0.019047727808356285,-0.017856983467936516,0.011904856190085411,0.011904856190085411,0.005904856190085411,close,0,0,6,2022-10-01
2022-10-19,3694,18.621110916137695,0.5985771656293729,0,2.778014085436098e-08,0.0025576313491910696,-0.05882348492741585,-0.05115086957812309,-0.02,-0.026000000000000002,stop_loss,0,1,6,2022-10-01
2022-10-19,5386,22.995304107666016,0.5985771656293729,1,-8.982316757055742e-08,0.08842436224222183,-8.982316757055742e-08,0.030546536669135094,0.03,0.024,take_profit,1,0,6,2022-10-01
2022-10-19,1102,32.405487060546875,0.5985436655110113,0,-0.01712784543633461,-0.003952615428715944,-0.030303075909614563,-0.022397957742214203,-0.02,-0.026000000000000002,stop_loss,0,1,6,2022-10-01
2022-10-19,8016,145.09373474121094,0.5980545446904921,0,-0.014164320193231106,-0.0028328753542155027,-0.031161487102508545,-0.008498597890138626,-0.02,-0.026000000000000002,stop_loss,0,1,6,2022-10-01
2022-10-19,6150,53.29999923706055,0.5978060990069544,1,0.005628503393381834,0.07879926264286041,0.0,0.013133223168551922,0.03,0.024,take_profit,1,0,6,2022-10-01
2022-10-19,4979,30.528806686401367,0.5974612414833418,0,-0.023809565231204033,-0.006349221803247929,-0.047619108110666275,-0.026984134688973427,-0.023809565231204033,-0.02980956523120403,gap_stop,0,1,6,2022-10-01
2022-10-19,3034,200.1381072998047,0.5970592945659385,1,-0.018442673608660698,0.006147488486021757,-0.018442673608660698,0.006147488486021757,0.006147488486021757,0.000147488486021757,close,0,0,6,2022-10-01
2022-10-19,2059,418.5244140625,0.595270284534483,0,-2.604181315035703e-09,-2.604181315035703e-09,-0.03695150464773178,-0.03002309799194336,-0.02,-0.026000000000000002,stop_loss,0,1,6,2022-10-01
2022-10-20,5706,37.0943717956543,0.6238414981961288,0,0.004328980576246977,0.03138519823551178,-0.03354981914162636,-0.032467588782310486,-0.02,-0.026000000000000002,ambiguous_stop_loss,1,1,6,2022-10-01
2022-10-20,5272,23.00747299194336,0.613343317665955,0,0.002118624048307538,0.002118624048307538,-0.023305121809244156,-0.023305121809244156,-0.02,-0.026000000000000002,stop_loss,0,1,6,2022-10-01
2022-10-20,6472,166.78697204589844,0.6114661566272919,0,8.969666964731005e-08,0.012939040549099445,-0.04436226561665535,-0.04436226561665535,-0.02,-0.026000000000000002,stop_loss,0,1,6,2022-10-01
2022-10-20,6830,76.42137908935547,0.6110593706716582,0,6.148377451609122e-08,6.148377451609122e-08,-0.05365849658846855,-0.040243878960609436,-0.02,-0.026000000000000002,stop_loss,0,1,6,2022-10-01
2022-10-20,4561,21.354225158691406,0.6104034264305482,0,0.002173887798562646,0.006521730218082666,-0.015217400155961514,-0.010869557037949562,-0.010869557037949562,-0.01686955703794956,close,0,0,6,2022-10-01
2022-10-20,2534,20.925485610961914,0.6069720896779984,0,0.0,0.008130034431815147,-0.0060975453816354275,0.0,0.0,-0.006,close,0,0,6,2022-10-01
2022-10-20,1524,18.884620666503906,0.6033473793156485,0,0.0046082246117293835,0.016128960996866226,-0.02304147370159626,0.0,-0.02,-0.026000000000000002,stop_loss,0,1,6,2022-10-01
2022-10-20,3228,173.6236572265625,0.600692743315114,0,0.03351961076259613,0.07262573391199112,-0.05027930811047554,-0.022346334531903267,0.03,0.024,gap_take_profit,1,1,6,2022-10-01
2022-10-20,6669,593.6026611328125,0.5980170792641283,0,0.006163418292999268,0.006163418292999268,-0.04930654168128967,-0.04930654168128967,-0.02,-0.026000000000000002,stop_loss,0,1,6,2022-10-01
2022-10-20,7402,35.27421188354492,0.5974735990426779,1,0.023076865822076797,0.023076865822076797,0.023076865822076797,0.023076865822076797,0.023076865822076797,0.0170768658220768,close,0,0,6,2022-10-01
2022-10-20,3709,17.966167449951172,0.5969220683364951,0,0.0,0.005050524603575468,-0.012626263312995434,0.0,0.0,-0.006,close,0,0,6,2022-10-01
2022-10-20,3323,28.09581756591797,0.5932246528436564,0,-5.584961826343715e-08,0.013244944624602795,-0.006622556131333113,-0.0033113379031419754,-0.0033113379031419754,-0.009311337903141976,close,0,0,6,2022-10-01
2022-10-20,1786,39.680931091308594,0.5906121177752057,1,-0.0023310561664402485,0.03263397887349129,-0.006993078626692295,0.02913752757012844,0.03,0.024,take_profit,1,0,6,2022-10-01
2022-10-20,3219,46.365604400634766,0.5893900452166524,1,0.0020942238625139,0.06596863269805908,0.0020942238625139,0.017801029607653618,0.03,0.024,take_profit,1,0,6,2022-10-01
2022-10-20,2468,20.28646469116211,0.5865305483709151,0,0.004672889597713947,0.04439253360033035,-0.06308415532112122,-0.0607476532459259,-0.02,-0.026000000000000002,ambiguous_stop_loss,1,1,6,2022-10-01
2022-10-20,2230,19.105226516723633,0.5859568187331189,0,0.001904712407849729,0.015238017775118351,-0.03238101303577423,-0.03238101303577423,-0.02,-0.026000000000000002,stop_loss,0,1,6,2022-10-01
2022-10-20,3623,14.649999618530273,0.582289375688109,0,0.0,0.0034129824489355087,-0.01706484705209732,-0.013651864603161812,-0.013651864603161812,-0.01965186460316181,close,0,0,6,2022-10-01
2022-10-20,1732,26.200000762939453,0.5815188752234938,0,0.011450352147221565,0.019083969295024872,-0.01335879322141409,-0.011450424790382385,-0.011450424790382385,-0.017450424790382384,close,0,0,6,2022-10-01
2022-10-20,2331,18.92521858215332,0.5754434431877129,0,0.0024389824829995632,0.01707318425178528,-0.009756139479577541,-0.009756139479577541,-0.009756139479577541,-0.01575613947957754,close,0,0,6,2022-10-01
2022-10-20,3293,158.58428955078125,0.5720240100208351,0,0.002808959688991308,0.0056179482489824295,-0.01685396209359169,-0.015449467115104198,-0.015449467115104198,-0.021449467115104197,close,0,0,6,2022-10-01
2022-10-21,8222,17.56494903564453,0.7428772058967072,1,0.030640734359622,0.07242346554994583,0.02506968192756176,0.041782837361097336,0.03,0.024,gap_take_profit,1,0,6,2022-10-01
2022-10-21,1529,15.357503890991211,0.7418363290357756,1,0.024023953825235367,0.05105093866586685,0.021020928397774696,0.0360359326004982,0.03,0.024,take_profit,1,0,6,2022-10-01
2022-10-21,2497,60.39472198486328,0.7407628052008818,1,0.02297098934650421,0.03828492760658264,0.0045941960997879505,0.01071979384869337,0.03,0.024,take_profit,1,0,6,2022-10-01
2022-10-21,3081,113.5894775390625,0.7407383506731877,1,0.04237290099263191,0.07203391939401627,0.029661035165190697,0.05508476495742798,0.03,0.024,gap_take_profit,1,0,6,2022-10-01
2022-10-21,2360,156.69705200195312,0.7400272094411366,1,0.023598846048116684,0.038348108530044556,0.008849582634866238,0.008849582634866238,0.03,0.024,take_profit,1,0,6,2022-10-01
2022-10-21,2607,23.090635299682617,0.7396706243673068,1,0.02303266152739525,0.038387734442949295,0.007677589543163776,0.009596945717930794,0.03,0.024,take_profit,1,0,6,2022-10-01
2022-10-21,3533,642.5172729492188,0.7396655557319075,1,0.025714179500937462,0.05428566783666611,0.021428460255265236,0.035714250057935715,0.03,0.024,take_profit,1,0,6,2022-10-01
2022-10-21,6271,119.33971405029297,0.7396655557319075,1,0.02941177785396576,0.05555560439825058,0.02941177785396576,0.042483631521463394,0.03,0.024,take_profit,1,0,6,2022-10-01
2022-10-21,3443,385.35186767578125,0.7391054974501909,1,0.03387708589434624,0.058971188962459564,0.0012547506485134363,0.0012547506485134363,0.03,0.024,gap_take_profit,1,0,6,2022-10-01
2022-10-21,3025,23.18055534362793,0.7389330217191395,1,0.004842548631131649,0.05569000169634819,0.004842548631131649,0.033898238092660904,0.03,0.024,take_profit,1,0,6,2022-10-01
2022-10-21,6279,133.58238220214844,0.738578515554797,0,0.030612243339419365,0.03741501271724701,0.0,0.0,0.03,0.024,gap_take_profit,1,0,6,2022-10-01
2022-10-21,2313,38.31329345703125,0.7382499522406502,1,0.01965315267443657,0.0404624380171299,0.012716755270957947,0.012716755270957947,0.03,0.024,take_profit,1,0,6,2022-10-01
2022-10-21,4960,9.628352165222168,0.7381964161835911,0,0.0064308252185583115,0.02679530344903469,-0.0010718043195083737,-0.0010718043195083737,-0.0010718043195083737,-0.007071804319508374,close,0,0,6,2022-10-01
2022-10-21,6605,59.214561462402344,0.7381964161835911,1,0.015037628822028637,0.030075224116444588,0.006015095394104719,0.009022568352520466,0.03,0.024,take_profit,1,0,6,2022-10-01
2022-10-21,1732,25.899999618530273,0.7380792493675843,1,0.009652509354054928,0.042471058666706085,0.009652509354054928,0.034749019891023636,0.03,0.024,take_profit,1,0,6,2022-10-01
2022-10-21,1727,21.9091854095459,0.7379122943487405,1,0.024017589166760445,0.054585229605436325,0.021834133192896843,0.028384335339069366,0.03,0.024,take_profit,1,0,6,2022-10-01
2022-10-21,2402,15.266908645629883,0.7377956758439087,1,0.026470625773072243,0.07352940738201141,0.026470625773072243,0.047058772295713425,0.03,0.024,take_profit,1,0,6,2022-10-01
2022-10-21,6290,47.05558395385742,0.7374803934811777,1,0.01587296836078167,0.02380942925810814,0.009920602664351463,0.013888795860111713,0.013888795860111713,0.007888795860111713,close,0,0,6,2022-10-01
2022-10-21,3324,112.20378875732422,0.7374803934811777,1,0.03829779848456383,0.05106375366449356,0.012765885330736637,0.012765885330736637,0.03,0.024,gap_take_profit,1,0,6,2022-10-01
2022-10-21,8027,49.15679168701172,0.7374803934811777,1,0.023391760885715485,0.06822605431079865,0.023391760885715485,0.033138349652290344,0.03,0.024,take_profit,1,0,6,2022-10-01
2022-10-24,4536,135.07470703125,0.6705736543263937,0,0.009404394775629044,0.015673987567424774,-0.01567397452890873,-0.009404382668435574,-0.009404382668435574,-0.015404382668435574,close,0,0,6,2022-10-01
2022-10-24,1536,70.59706115722656,0.6691641549783887,1,0.016042768955230713,0.02941175363957882,0.0026737861335277557,0.014705891720950603,0.014705891720950603,0.008705891720950603,close,0,0,6,2022-10-01
2022-10-24,2395,246.7466278076172,0.6656073315521541,1,0.022184303030371666,0.022184303030371666,-0.0017064904095605016,0.003413006430491805,0.003413006430491805,-0.002586993569508195,close,0,0,6,2022-10-01
2022-10-24,1590,674.2793579101562,0.6634569887884154,0,-5.05964301567019e-08,-5.05964301567019e-08,-0.07163328677415848,-0.06446996331214905,-0.02,-0.026000000000000002,stop_loss,0,1,6,2022-10-01
2022-10-24,2379,236.81936645507812,0.6611383527717439,0,-0.00576923368498683,-0.00384615664370358,-0.048076923936605453,-0.032692309468984604,-0.02,-0.026000000000000002,stop_loss,0,1,6,2022-10-01
2022-10-24,2303,32.69099426269531,0.660556662309173,1,0.011421342380344868,0.017766520380973816,-0.0012690138537436724,0.0012691154843196273,0.0012691154843196273,-0.004730884515680373,close,0,0,6,2022-10-01
2022-10-24,6477,39.34159851074219,0.660069804031965,0,-0.007125881966203451,0.014251796528697014,-0.02850355952978134,-0.027315866202116013,-0.02,-0.026000000000000002,stop_loss,0,1,6,2022-10-01
2022-10-24,2723,89.18653869628906,0.659429976769623,1,0.007164877839386463,0.016376767307519913,-0.015353082679212093,0.003070696024224162,0.003070696024224162,-0.002929303975775838,close,0,0,6,2022-10-01
2022-10-24,6415,395.446044921875,0.6593458751920965,0,-0.0012392140924930573,-0.0012392140924930573,-0.07930612564086914,-0.07311033457517624,-0.02,-0.026000000000000002,stop_loss,0,1,6,2022-10-01
2022-10-24,5434,128.64401245117188,0.6591230685200697,0,0.006756773218512535,0.010135098360478878,-0.020270343869924545,-0.020270343869924545,-0.02,-0.026000000000000002,stop_loss,0,1,6,2022-10-01
2022-10-24,8114,101.60636138916016,0.6588879641289734,0,0.013215896673500538,0.013215896673500538,-0.008810535073280334,-0.004405248910188675,-0.004405248910188675,-0.010405248910188675,close,0,0,6,2022-10-01
2022-10-24,2801,13.515758514404297,0.6577911146515623,1,0.009146292693912983,0.009146292693912983,-0.003048813436180353,0.009146292693912983,0.009146292693912983,0.003146292693912983,close,0,0,6,2022-10-01
2022-10-24,6491,258.1658935546875,0.6577058076850318,0,0.015873102471232414,0.015873102471232414,-0.037037014961242676,-0.029982339590787888,-0.02,-0.026000000000000002,stop_loss,0,1,6,2022-10-01
2022-10-24,2483,22.528942108154297,0.6576616687679987,0,1.4879343090967723e-08,0.004158034920692444,-0.012473965995013714,-0.006236976012587547,-0.006236976012587547,-0.012236976012587547,close,0,0,6,2022-10-01
2022-10-24,2607,23.31223487854004,0.6576616687679987,0,0.011406879872083664,0.013307991437613964,-0.011406823061406612,-0.005703415721654892,-0.005703415721654892,-0.011703415721654892,close,0,0,6,2022-10-01
2022-10-24,2880,18.133663177490234,0.6573394691413256,1,0.007211599033325911,0.014423079788684845,-0.0024038334377110004,0.014423079788684845,0.014423079788684845,0.008423079788684845,close,0,0,6,2022-10-01
2022-10-24,2360,158.08375549316406,0.6560968557103337,0,0.005847928114235401,0.014619858004152775,-0.011695930734276772,-0.008771954104304314,-0.008771954104304314,-0.014771954104304314,close,0,0,6,2022-10-01
2022-10-24,6781,525.1456909179688,0.6555417996878338,0,0.009009108878672123,0.012612712569534779,-0.04144134745001793,-0.0234233271330595,-0.02,-0.026000000000000002,stop_loss,0,1,6,2022-10-01
2022-10-24,3680,185.85440063476562,0.6539899333267415,1,0.007481246720999479,0.01995011232793331,-0.012468845583498478,0.012468808330595493,0.012468808330595493,0.006468808330595493,close,0,0,6,2022-10-01
2022-10-24,3149,30.30859375,0.6535093589972117,1,0.010256360284984112,0.0358973890542984,-0.0051282430067658424,0.01282048225402832,0.03,0.024,take_profit,1,0,6,2022-10-01
2022-10-25,2441,41.55723190307617,0.769197130422646,0,-0.0021668337285518646,0.0021668775007128716,-0.02058500237762928,-0.014084476977586746,-0.02,-0.026000000000000002,stop_loss,0,1,6,2022-10-01
2022-10-25,3231,23.89344024658203,0.76875567752884,0,-3.5764540218252705e-09,0.003853501984849572,-0.005780409090220928,-0.00385358277708292,-0.00385358277708292,-0.00985358277708292,close,0,0,6,2022-10-01
2022-10-25,3653,311.14385986328125,0.7661204999282272,0,0.0015479741850867867,0.0061919367872178555,-0.03560372814536095,-0.027863789349794388,-0.02,-0.026000000000000002,stop_loss,0,1,6,2022-10-01
2022-10-25,2360,156.69705200195312,0.7655334894460254,0,0.005899704992771149,0.011799409985542297,-0.005899704992771149,0.0,0.0,-0.006,close,0,0,6,2022-10-01
2022-10-25,6426,53.95977020263672,0.7637859519002402,0,0.003552411450073123,0.021314401179552078,-0.023090573027729988,0.0,-0.02,-0.026000000000000002,stop_loss,0,1,6,2022-10-01
2022-10-25,1773,78.21167755126953,0.7601932292959981,0,-5.051492024676918e-08,-5.051492024676918e-08,-0.019900517538189888,-0.004975144285708666,-0.004975144285708666,-0.010975144285708666,close,0,0,6,2022-10-01
2022-10-25,1907,21.731435775756836,0.7598976793570972,1,0.012631566263735294,0.031578969210386276,-0.0021052113734185696,0.027368424460291862,0.03,0.024,take_profit,1,0,6,2022-10-01
2022-10-25,5434,126.0363540649414,0.7596744514832707,0,0.01034487597644329,0.01034487597644329,-0.010344769805669785,0.0,0.0,-0.006,close,0,0,6,2022-10-01
2022-10-25,6669,583.5415649414062,0.7594589553874932,0,0.00783703662455082,0.00783703662455082,-0.04388710483908653,-0.017241334542632103,-0.02,-0.026000000000000002,stop_loss,0,1,6,2022-10-01
2022-10-25,4938,48.5920295715332,0.7592853949530306,1,0.0017793034203350544,0.012455500662326813,-0.005338093265891075,0.00889676809310913,0.00889676809310913,0.0028967680931091307,close,0,0,6,2022-10-01
2022-10-25,3548,46.64875793457031,0.7584619122354435,1,0.009979961439967155,0.01796402409672737,-0.005988086573779583,0.011976014822721481,0.011976014822721481,0.005976014822721481,close,0,0,6,2022-10-01
2022-10-25,3661,571.2966918945312,0.7579314572001171,1,0.006896504666656256,0.012068917974829674,-0.03965521603822708,0.005172366742044687,-0.02,-0.026000000000000002,stop_loss,0,1,6,2022-10-01
2022-10-25,8404,22.10650062561035,0.7576986512397983,0,0.0019801331218332052,0.013861333020031452,-0.003960424102842808,-0.003960424102842808,-0.003960424102842808,-0.009960424102842808,close,0,0,6,2022-10-01
2022-10-25,2377,100.16343688964844,0.7573868796901446,0,-9.606958428776124e-08,0.008968512527644634,-0.01345300953835249,-0.0044844006188213825,-0.0044844006188213825,-0.010484400618821383,close,0,0,6,2022-10-01
2022-10-25,4743,175.39178466796875,0.7573229307364863,1,-5.896576737995929e-08,0.014251749031245708,-0.04513068497180939,0.002375227864831686,-0.02,-0.026000000000000002,stop_loss,0,1,6,2022-10-01
2022-10-25,6239,61.215675354003906,0.756013702543097,1,0.0013908862601965666,0.004172485321760178,-0.009735721163451672,0.0013908862601965666,0.0013908862601965666,-0.0046091137398034335,close,0,0,6,2022-10-01
2022-10-25,6446,417.0997619628906,0.7554832110329865,1,0.005980861373245716,0.028708133846521378,-0.0035885164979845285,0.016746411100029945,0.016746411100029945,0.010746411100029945,close,0,0,6,2022-10-01
2022-10-25,5274,1417.9056396484375,0.755325218806234,1,0.013651840388774872,0.040955591946840286,-0.013651913031935692,0.017064809799194336,0.03,0.024,take_profit,1,0,6,2022-10-01
2022-10-25,6456,76.76326751708984,0.7550354502916453,0,0.008695518597960472,0.011180046945810318,-0.018633633852005005,-0.017391417175531387,-0.017391417175531387,-0.023391417175531386,close,0,0,6,2022-10-01
2022-10-25,2408,52.472137451171875,0.7549531643013415,1,0.005545354913920164,0.016635900363326073,1.1679883726856133e-08,0.007393755484372377,0.007393755484372377,0.0013937554843723773,close,0,0,6,2022-10-01
2022-10-26,3044,73.01537322998047,0.6651707134034728,1,0.004761862568557262,0.023809462785720825,-0.0011905181454494596,0.022619003430008888,0.022619003430008888,0.01661900343000889,close,0,0,6,2022-10-01
2022-10-26,2497,57.897544860839844,0.659775204414806,1,0.011182046495378017,0.030351385474205017,0.007987146265804768,0.022364165633916855,0.03,0.024,take_profit,1,0,6,2022-10-01
2022-10-26,5225,24.870302200317383,0.658388708543148,1,0.00816999189555645,0.050653692334890366,0.00816999189555645,0.034313760697841644,0.03,0.024,take_profit,1,0,6,2022-10-01
2022-10-26,3047,13.910847663879395,0.6569128131714035,1,0.01010095700621605,0.033670004457235336,0.006733940914273262,0.03030298836529255,0.03,0.024,take_profit,1,0,6,2022-10-01
2022-10-26,1560,92.70285034179688,0.6566478347291128,1,0.017346832901239395,0.08673461526632309,0.01632644049823284,0.06632645428180695,0.03,0.024,take_profit,1,0,6,2022-10-01
2022-10-26,4931,37.00084686279297,0.6557910416727774,1,0.022004960104823112,0.09902212023735046,0.013447539880871773,0.09902212023735046,0.03,0.024,take_profit,1,0,6,2022-10-01
2022-10-26,6153,22.060266494750977,0.6555502594516208,1,0.013303717598319054,0.031042085960507393,0.013303717598319054,0.02660745196044445,0.03,0.024,take_profit,1,0,6,2022-10-01
2022-10-26,3508,26.100000381469727,0.653529930208069,1,0.019157087430357933,0.034482743591070175,0.011494223028421402,0.034482743591070175,0.03,0.024,take_profit,1,0,6,2022-10-01
2022-10-26,8121,22.574352264404297,0.6530630951123901,1,0.0021459239069372416,0.030043018981814384,0.0021459239069372416,0.021459238603711128,0.03,0.024,take_profit,1,0,6,2022-10-01
2022-10-26,2723,87.81724548339844,0.6524606117443169,1,0.003118522698059678,0.027027077972888947,0.003118522698059678,0.027027077972888947,0.027027077972888947,0.021027077972888948,close,0,0,6,2022-10-01
2022-10-26,3653,302.4742126464844,0.6520112172007108,1,0.007961837574839592,0.09872617572546005,0.007961837574839592,0.09872617572546005,0.03,0.024,take_profit,1,0,6,2022-10-01
2022-10-26,4934,22.850000381469727,0.6492460647495529,1,0.015317303128540516,0.02625822275876999,0.006564534734934568,0.02625822275876999,0.02625822275876999,0.02025822275876999,close,0,0,6,2022-10-01
2022-10-26,3034,192.75595092773438,0.6485746832087281,1,0.008510736748576164,0.02978733368217945,0.006383076775819063,0.025532014667987823,0.025532014667987823,0.019532014667987825,close,0,0,6,2022-10-01
2022-10-26,3362,52.45499038696289,0.6463177885307835,1,0.015094289556145668,0.049056537449359894,0.0094339270144701,0.04150941222906113,0.03,0.024,take_profit,1,0,6,2022-10-01
2022-10-26,3591,13.011382102966309,0.644366285653064,1,0.025089623406529427,0.028673866763710976,0.007168476469814777,0.021505380049347878,0.021505380049347878,0.015505380049347877,close,0,0,6,2022-10-01
2022-10-26,2388,59.35316467285156,0.6442818187981402,1,0.010050255805253983,0.060301512479782104,0.0016750461654737592,0.05360138416290283,0.03,0.024,take_profit,1,0,6,2022-10-01
2022-10-26,7402,36.08823013305664,0.6442472737992733,1,0.007518778555095196,0.007518778555095196,0.007518778555095196,0.007518778555095196,0.007518778555095196,0.0015187785550951956,close,0,0,6,2022-10-01
2022-10-26,2413,22.95381736755371,0.6441543601751896,1,0.025423752143979073,0.05720341205596924,0.012711839750409126,0.04449149966239929,0.03,0.024,take_profit,1,0,6,2022-10-01
2022-10-26,3062,21.200000762939453,0.6439097649639611,1,0.011792452074587345,0.05660371854901314,-0.002358544385060668,0.04952826350927353,0.03,0.024,take_profit,1,0,6,2022-10-01
2022-10-26,6133,18.267892837524414,0.6438023850938489,1,0.010582054033875465,0.052910055965185165,0.010582054033875465,0.0396825447678566,0.03,0.024,take_profit,1,0,6,2022-10-01
2022-10-27,5876,39.830848693847656,0.6230267871111955,1,-9.007000301153312e-08,0.007692205253988504,-0.004395723808556795,0.0010987970745190978,0.0010987970745190978,-0.004901202925480902,close,0,0,6,2022-10-01
2022-10-27,6669,630.1883544921875,0.618810264360783,1,0.031930308789014816,0.07111753523349762,0.018867898732423782,0.06531202048063278,0.03,0.024,gap_take_profit,1,0,6,2022-10-01
2022-10-27,4991,35.5,0.6139698508494028,0,0.0,0.0,-0.014084506779909134,-0.004225395154207945,-0.004225395154207945,-0.010225395154207945,close,0,0,6,2022-10-01
2022-10-27,2890,13.319801330566406,0.6134160825212586,0,0.0031152840238064528,0.009345807135105133,-0.009345762431621552,-0.003115239320322871,-0.003115239320322871,-0.009115239320322871,close,0,0,6,2022-10-01
2022-10-27,2885,16.45477867126465,0.6118905384792044,0,0.0025382747408002615,0.007614398840814829,-0.010152139700949192,-0.005076014902442694,-0.005076014902442694,-0.011076014902442694,close,0,0,6,2022-10-01
2022-10-27,9935,14.125701904296875,0.6111921290986271,1,-0.003030193969607353,0.0030304070096462965,-0.009090853855013847,0.0030304070096462965,0.0030304070096462965,-0.0029695929903537036,close,0,0,6,2022-10-01
2022-10-27,2317,93.33696746826172,0.6106232159744702,0,0.004807692486792803,0.004807692486792803,-0.009615384973585606,0.0,0.0,-0.006,close,0,0,6,2022-10-01
2022-10-27,4904,64.6074447631836,0.6072172459265868,0,-0.002853023586794734,0.00998579990118742,-0.0071326675824820995,0.0,0.0,-0.006,close,0,0,6,2022-10-01
2022-10-27,2312,13.042817115783691,0.6067044337303783,1,0.0035842072684317827,0.014336868189275265,-0.003584278514608741,0.0035842072684317827,0.0035842072684317827,-0.0024157927315682174,close,0,0,6,2022-10-01
2022-10-27,1471,7.070000171661377,0.6065432466933744,0,0.0,0.0,-0.01697317697107792,-0.014144325628876686,-0.014144325628876686,-0.020144325628876684,close,0,0,6,2022-10-01
2022-10-27,1419,35.34937286376953,0.6063726523769041,0,0.005188071168959141,0.005188071168959141,-0.006485100369900465,-0.006485100369900465,-0.006485100369900465,-0.012485100369900465,close,0,0,6,2022-10-01
2022-10-27,4545,24.03176498413086,0.6062591058873004,0,-0.011090458370745182,8.739665702250932e-08,-0.016635730862617493,-0.016635730862617493,-0.016635730862617493,-0.02263573086261749,close,0,0,6,2022-10-01
2022-10-27,9914,159.45567321777344,0.6061725722774999,0,-1.5437005629337364e-07,0.011428414843976498,-0.014285866171121597,-0.0028572967275977135,-0.0028572967275977135,-0.008857296727597714,close,0,0,6,2022-10-01
2022-10-27,8064,12.344780921936035,0.6058657706416546,0,0.0036363773979246616,0.007272754795849323,-0.0036363773979246616,0.0,0.0,-0.006,close,0,0,6,2022-10-01
2022-10-27,3653,332.3363342285156,0.6056184769086439,0,-0.0028985869139432907,0.027536194771528244,-0.011594238691031933,-0.0014493117341771722,-0.0014493117341771722,-0.007449311734177172,close,0,0,6,2022-10-01
2022-10-27,1506,15.600000381469727,0.6054557020900423,0,0.0,0.006410219706594944,-0.009615421295166016,-0.009615421295166016,-0.009615421295166016,-0.015615421295166016,close,0,0,6,2022-10-01
2022-10-27,9921,193.9150848388672,0.6050753215013469,0,5.376191225536786e-08,0.011792498640716076,-0.03537735342979431,-0.033018819987773895,-0.02,-0.026000000000000002,stop_loss,0,1,6,2022-10-01
2022-10-27,2348,39.253116607666016,0.6047147198471333,0,-0.004877993371337652,-0.004877993371337652,-0.03902428224682808,-0.0341462641954422,-0.02,-0.026000000000000002,stop_loss,0,1,6,2022-10-01
2022-10-27,3529,1047.634765625,0.6046354315952482,1,-0.009302348829805851,0.04651160165667534,-0.023255836218595505,0.04651160165667534,-0.02,-0.026000000000000002,ambiguous_stop_loss,1,1,6,2022-10-01
2022-10-27,2031,30.952768325805664,0.6042643780834974,0,0.0042493706569075584,0.008498597890138626,-0.033994320780038834,-0.03257780522108078,-0.02,-0.026000000000000002,stop_loss,0,1,6,2022-10-01
2022-10-28,1101,28.089780807495117,0.7178234991694327,0,0.008196736685931683,0.01639345847070217,-0.00819670595228672,-0.00819670595228672,-0.00819670595228672,-0.01419670595228672,close,0,0,6,2022-10-01
2022-10-28,4909,13.471725463867188,0.717335934549008,1,0.0033898628316819668,0.010169485583901405,-0.00677966745570302,0.006779706571251154,0.006779706571251154,0.0007797065712511538,close,0,0,6,2022-10-01
2022-10-28,2382,58.36895751953125,0.717011874644967,1,0.004431420937180519,0.01033986359834671,-0.013293794356286526,0.01033986359834671,0.01033986359834671,0.00433986359834671,close,0,0,6,2022-10-01
2022-10-28,2324,18.424638748168945,0.7160183728516019,1,0.004819310735911131,0.0168675035238266,0.0024096171837300062,0.0168675035238266,0.0168675035238266,0.010867503523826599,close,0,0,6,2022-10-01
2022-10-28,3362,51.56424331665039,0.7159000556619146,1,0.011516342870891094,0.06909792125225067,0.007677556946873665,0.04990405961871147,0.03,0.024,take_profit,1,0,6,2022-10-01
2022-10-28,2890,13.27830696105957,0.7158978650254659,1,0.01875000074505806,0.01875000074505806,-4.4408110966287495e-08,0.006249948870390654,0.006249948870390654,0.0002499488703906535,close,0,0,6,2022-10-01
2022-10-28,6274,35.6580810546875,0.7149415289289245,1,0.022167561575770378,0.08497542887926102,0.0061576697044074535,0.0800492987036705,0.03,0.024,take_profit,1,0,6,2022-10-01
2022-10-28,6592,69.10509490966797,0.7143190201847361,1,0.01847822777926922,0.02826077863574028,0.014130361378192902,0.022825995460152626,0.022825995460152626,0.016825995460152628,close,0,0,6,2022-10-01
2022-10-28,8155,76.25279998779297,0.7140305441965396,1,0.021377699449658394,0.05463189259171486,0.008313584141433239,0.0380047969520092,0.03,0.024,take_profit,1,0,6,2022-10-01
2022-10-28,2108,30.186439514160156,0.7136369882085619,1,0.007418428547680378,0.01186939887702465,-0.005934709683060646,0.005934771616011858,0.005934771616011858,-6.522838398814214e-05,close,0,0,6,2022-10-01
2022-10-28,2308,241.8535919189453,0.7135362723290137,0,0.019379734992980957,0.019379734992980957,-0.00775204598903656,-0.0019380929879844189,-0.0019380929879844189,-0.007938092987984419,close,0,0,6,2022-10-01
2022-10-28,6414,160.06239318847656,0.7134494255308896,1,0.013812167569994926,0.03314918279647827,0.002762443386018276,0.022099459543824196,0.03,0.024,take_profit,1,0,6,2022-10-01
2022-10-28,2441,40.52167892456055,0.7133062093476241,1,0.008888846263289452,0.03999990224838257,0.008888846263289452,0.03333325311541557,0.03,0.024,take_profit,1,0,6,2022-10-01
2022-10-28,2347,45.40329360961914,0.712885552518853,0,0.011363702826201916,0.011363702826201916,-0.003787870751693845,-0.003787870751693845,-0.003787870751693845,-0.009787870751693845,close,0,0,6,2022-10-01
2022-10-28,1102,31.679670333862305,0.7126836837007406,1,0.006738472729921341,0.010781640186905861,-0.006738615687936544,0.005390784237533808,0.005390784237533808,-0.0006092157624661924,close,0,0,6,2022-10-01
2022-10-28,6426,52.71380615234375,0.7126500983071578,1,0.009090924635529518,0.04181818291544914,0.005454547703266144,0.01999998837709427,0.03,0.024,take_profit,1,0,6,2022-10-01
2022-10-28,9938,45.515472412109375,0.7126126451520984,1,0.010341238230466843,0.01137542724609375,0.0020682760514318943,0.009307127445936203,0.009307127445936203,0.003307127445936203,close,0,0,6,2022-10-01
2022-10-28,2528,13.905527114868164,0.7123297524496779,0,0.030201317742466927,0.040268391370773315,-0.03355709835886955,-0.003355736378580332,0.03,0.024,gap_take_profit,1,1,6,2022-10-01
2022-10-28,2537,6.869999885559082,0.7120675016340663,1,0.011644821614027023,0.011644821614027023,0.0,0.002911205403506756,0.002911205403506756,-0.0030887945964932443,close,0,0,6,2022-10-01
2022-10-28,2385,65.80591583251953,0.7114685126084886,1,0.0037976070307195187,0.022784950211644173,0.0037976070307195187,0.013924132101237774,0.013924132101237774,0.007924132101237774,close,0,0,6,2022-10-01
2022-10-31,6130,30.564607620239258,0.6171195350828595,1,0.03225802630186081,0.03225802630186081,0.03064514882862568,0.03064514882862568,0.03,0.024,gap_take_profit,1,0,6,2022-10-01
2022-10-31,8033,20.221134185791016,0.6089448039865979,1,0.05326882377266884,0.09927362948656082,0.05326882377266884,0.09927362948656082,0.03,0.024,gap_take_profit,1,0,6,2022-10-01
2022-10-31,4533,9.418706893920898,0.6078109163798269,0,0.009756126441061497,0.01463410072028637,-0.004878075793385506,-0.004878075793385506,-0.004878075793385506,-0.010878075793385506,close,0,0,6,2022-10-01
2022-10-31,3354,12.121583938598633,0.604414833515757,1,0.007968159392476082,0.01992039568722248,0.007968159392476082,0.015936316922307014,0.015936316922307014,0.009936316922307014,close,0,0,6,2022-10-01
2022-10-31,6431,20.0,0.603911390658963,0,0.007499980740249157,0.010000037960708141,-0.0024999617598950863,-0.0024999617598950863,-0.0024999617598950863,-0.008499961759895086,close,0,0,6,2022-10-01
2022-10-31,8390,28.615581512451172,0.6038856576107308,0,-0.0062695033848285675,-0.0062695033848285675,-0.020376110449433327,-0.01410649437457323,-0.02,-0.026000000000000002,stop_loss,0,1,6,2022-10-01
2022-10-31,1802,20.399999618530273,0.6029683619329388,1,-0.004901979584246874,0.03431376442313194,-0.007352922577410936,0.029411783441901207,0.03,0.024,take_profit,1,0,6,2022-10-01
2022-10-31,4174,65.30000305175781,0.6020919788949585,1,0.0,0.032159239053726196,0.0,0.016845304518938065,0.03,0.024,take_profit,1,0,6,2022-10-01
2022-10-31,2903,15.34095287322998,0.6020052924187584,1,0.00833332072943449,0.013888897374272346,0.0027777436189353466,0.005555585026741028,0.005555585026741028,-0.0004444149732589723,close,0,0,6,2022-10-01
2022-10-31,4551,133.5359649658203,0.6017780709874344,1,-0.006756728980690241,0.020270299166440964,-0.006756728980690241,0.010135163553059101,0.010135163553059101,0.004135163553059101,close,0,0,6,2022-10-01
2022-10-31,2208,14.231287956237793,0.6010072411761301,1,0.00680270791053772,0.03061218559741974,0.00680270791053772,0.02721089869737625,0.03,0.024,take_profit,1,0,6,2022-10-01
2022-10-31,3481,11.809268951416016,0.6008639865361995,1,0.004219341091811657,0.050632864236831665,0.004219341091811657,0.04641338065266609,0.03,0.024,take_profit,1,0,6,2022-10-01
2022-10-31,3228,135.31005859375,0.5999445928989802,1,-0.003584152553230524,0.05017919838428497,-0.003584152553230524,0.032258041203022,0.03,0.024,take_profit,1,0,6,2022-10-01
2022-10-31,2887,10.870404243469238,0.5999336262149554,1,0.007547117304056883,0.0264151468873024,0.0037735584191977978,0.022641509771347046,0.022641509771347046,0.016641509771347048,close,0,0,6,2022-10-01
2022-10-31,2613,18.091384887695312,0.5996644788981011,1,0.024999961256980896,0.03249994292855263,-0.005000056233257055,0.017499981448054314,0.03,0.024,take_profit,1,0,6,2022-10-01
2022-10-31,2377,98.36677551269531,0.5992757707040176,1,0.004566230345517397,0.018264859914779663,2.0095267672104455e-08,0.004566230345517397,0.004566230345517397,-0.0014337696544826032,close,0,0,6,2022-10-01
2022-10-31,2614,29.782833099365234,0.5991313841343149,1,0.012019185349345207,0.0721154510974884,0.009615384973585606,0.036057692021131516,0.03,0.024,take_profit,1,0,6,2022-10-01
2022-10-31,8086,61.20289611816406,0.5991313841343149,1,3.890169608666838e-08,0.022653786465525627,-0.012944933027029037,0.021035626530647278,0.021035626530647278,0.015035626530647278,close,0,0,6,2022-10-01
2022-10-31,1611,12.602195739746094,0.5977751734049659,1,-3.326752917587328e-08,0.028880804777145386,-3.326752917587328e-08,0.01083026360720396,0.01083026360720396,0.00483026360720396,close,0,0,6,2022-10-01
2022-10-31,5904,349.3758239746094,0.5971468659029614,1,0.019512290135025978,0.09512203186750412,0.009756130166351795,0.06097570061683655,0.03,0.024,take_profit,1,0,6,2022-10-01
2022-11-01,6485,62.64582061767578,0.537402525026854,1,0.0014946203446015716,0.007473715580999851,-0.019432155415415764,0.005978970322757959,0.005978970322757959,-2.102967724204076e-05,close,0,0,7,2022-11-01
2022-11-01,6133,22.375751495361328,0.537402525026854,1,-0.002159780589863658,0.07991363853216171,-0.002159780589863658,0.015118821524083614,0.03,0.024,take_profit,1,0,7,2022-11-01
2022-11-01,3434,19.77435302734375,0.5323340629061488,1,0.03198295086622238,0.09808105230331421,0.004264438524842262,0.09808105230331421,0.03,0.024,gap_take_profit,1,0,7,2022-11-01
2022-11-01,3128,25.514514923095703,0.5323340629061488,1,0.03852606564760208,0.06867675483226776,0.005025160498917103,0.028475765138864517,0.03,0.024,gap_take_profit,1,0,7,2022-11-01
2022-11-01,9919,16.154144287109375,0.5323340629061488,1,0.014970086514949799,0.09880239516496658,-0.008982100524008274,0.07185624539852142,0.03,0.024,take_profit,1,0,7,2022-11-01
2022-11-01,6472,186.51779174804688,0.5323340629061488,1,0.006611523684114218,0.024793289601802826,-0.019834816455841064,0.024793289601802826,0.024793289601802826,0.018793289601802828,close,0,0,7,2022-11-01
2022-11-01,5225,29.29981803894043,0.5323340629061488,1,0.009708703495562077,0.07628283649682999,-0.03328721597790718,0.06518720090389252,-0.02,-0.026000000000000002,ambiguous_stop_loss,1,1,7,2022-11-01
2022-11-01,3625,14.449999809265137,0.5323340629061488,0,0.0,0.013840817846357822,-0.03806229680776596,-0.017301037907600403,-0.02,-0.026000000000000002,stop_loss,0,1,7,2022-11-01
2022-11-01,8033,22.228559494018555,0.5304525706237513,1,0.044052913784980774,0.09911897033452988,0.03744497522711754,0.09911897033452988,0.03,0.024,gap_take_profit,1,0,7,2022-11-01
2022-11-01,6558,18.77400016784668,0.530142244876947,1,-0.007936470210552216,0.09788364171981812,-0.015872959047555923,0.09788364171981812,0.03,0.024,take_profit,1,0,7,2022-11-01
2022-11-01,5469,30.397199630737305,0.530142244876947,1,0.004746747203171253,0.08544296771287918,-0.004746952559798956,0.045885998755693436,0.03,0.024,take_profit,1,0,7,2022-11-01
2022-11-01,6492,44.54999923706055,0.5300116633230127,1,0.04713809862732887,0.09988778829574585,0.026936044916510582,0.09988778829574585,0.03,0.024,gap_take_profit,1,0,7,2022-11-01
2022-11-01,6156,15.804356575012207,0.5105086047592086,1,0.05681818723678589,0.09943182021379471,0.05113634467124939,0.09943182021379471,0.03,0.024,gap_take_profit,1,0,7,2022-11-01
2022-11-01,4967,29.819169998168945,0.5043753984856243,1,0.0016260292613878846,0.0146342096850276,-0.011382088996469975,0.004878074396401644,0.004878074396401644,-0.0011219256035983564,close,0,0,7,2022-11-01
2022-11-01,4760,39.009544372558594,0.503406314920031,1,-0.0011222725734114647,0.00561170931905508,-0.005611593835055828,0.00561170931905508,0.00561170931905508,-0.0003882906809449197,close,0,0,7,2022-11-01
2022-11-01,4562,14.800000190734863,0.5025448754145613,1,0.0067567178048193455,0.013513500802218914,0.0,0.013513500802218914,0.013513500802218914,0.007513500802218914,close,0,0,7,2022-11-01
2022-11-01,6573,12.800000190734863,0.5025448754145613,1,0.015624985098838806,0.015624985098838806,0.0,0.011718720197677612,0.011718720197677612,0.005718720197677612,close,0,0,7,2022-11-01
2022-11-01,5608,20.34896469116211,0.501831125948888,0,0.006818198133260012,0.024999942630529404,0.0,0.0,0.0,-0.006,close,0,0,7,2022-11-01
2022-11-01,3498,24.11074447631836,0.5015883072360744,1,-7.754564990136714e-09,0.04572562500834465,-7.754564990136714e-09,0.01590454950928688,0.03,0.024,take_profit,1,0,7,2022-11-01
2022-11-01,6625,25.391502380371094,0.5009858733867486,0,-0.0016474276781082153,0.0016474276781082153,-0.0049423519521951675,0.0,0.0,-0.006,close,0,0,7,2022-11-01
2022-11-02,6156,17.375812530517578,0.5202552886548617,0,-0.0025840257294476032,0.01808788813650608,-0.03617573529481888,-0.028423819690942764,-0.02,-0.026000000000000002,stop_loss,0,1,7,2022-11-01
2022-11-02,2468,23.082963943481445,0.518256617394344,1,0.02874741330742836,0.09856264293193817,0.026694055646657944,0.09856264293193817,0.03,0.024,take_profit,1,0,7,2022-11-01
2022-11-02,8033,24.43183135986328,0.5178165644337646,1,0.09619241207838058,0.09819642454385757,0.06012022867798805,0.09819642454385757,0.03,0.024,gap_take_profit,1,0,7,2022-11-01
2022-11-02,6153,26.364709854125977,0.5097085319221499,1,0.0018552255351096392,0.09833015501499176,-0.011131776496767998,0.09647492319345474,0.03,0.024,take_profit,1,0,7,2022-11-01
2022-11-02,6274,42.15734100341797,0.5082319562073652,1,-4.176329682081814e-08,0.058333273977041245,-0.01875007338821888,0.015624957159161568,0.03,0.024,take_profit,1,0,7,2022-11-01
2022-11-02,3508,30.950000762939453,0.5082319562073652,1,0.001615484245121479,0.09854601323604584,0.0,0.09854601323604584,0.03,0.024,take_profit,1,0,7,2022-11-01
2022-11-02,6213,56.60548782348633,0.5082319562073652,1,-0.0016340463189408183,0.0931372418999672,-0.013071904890239239,0.0898691937327385,0.03,0.024,take_profit,1,0,7,2022-11-01
2022-11-02,3434,21.713842391967773,0.5030517958521428,0,-0.023300927132368088,2.3533170079304e-08,-0.038834866136312485,-0.0019417080329731107,-0.023300927132368088,-0.029300927132368086,gap_stop,0,1,7,2022-11-01
2022-11-02,2609,36.98704528808594,0.5026294929128281,1,-0.028428204357624054,0.008361103013157845,-0.03344491496682167,0.006688887719064951,-0.028428204357624054,-0.03442820435762405,gap_stop,0,1,7,2022-11-01
2022-11-02,6689,84.5285873413086,0.4999335945711556,0,-0.018847009167075157,0.006651916541159153,-0.04656319320201874,-0.012195141054689884,-0.02,-0.026000000000000002,stop_loss,0,1,7,2022-11-01
2022-11-02,6558,20.61166763305664,0.49967771523757726,1,-0.009638616815209389,0.07469873130321503,-0.019277116283774376,0.04337344691157341,0.03,0.024,take_profit,1,0,7,2022-11-01
2022-11-02,3308,14.961451530456543,0.4981772827563324,1,-0.011811028234660625,0.06692913919687271,-0.011811028234660625,0.0354330837726593,0.03,0.024,take_profit,1,0,7,2022-11-01
2022-11-02,5386,24.14137077331543,0.49422978625954317,1,-8.873422885358195e-09,0.0275651216506958,-0.004594145808368921,0.004594205413013697,0.004594205413013697,-0.0014057945869863035,close,0,0,7,2022-11-01
2022-11-02,6492,49.0,0.49299686631969214,1,0.06122449040412903,0.09183673560619354,0.020408162847161293,0.07346935570240021,0.03,0.024,gap_take_profit,1,0,7,2022-11-01
2022-11-02,3708,80.71013641357422,0.49138772564050937,0,0.031590308994054794,0.04793017730116844,-0.014161289669573307,-0.014161289669573307,0.03,0.024,gap_take_profit,1,0,7,2022-11-01
2022-11-02,4966,609.0740966796875,0.49091243720504285,0,-0.02140677161514759,-0.0076453047804534435,-0.06269117444753647,-0.05198781192302704,-0.02140677161514759,-0.02740677161514759,gap_stop,0,1,7,2022-11-01
2022-11-02,8215,27.109149932861328,0.4907936137150743,1,-0.014876022934913635,0.05619841068983078,-0.014876022934913635,0.02479342557489872,0.03,0.024,take_profit,1,0,7,2022-11-01
2022-11-02,2637,41.19330596923828,0.49038423011155874,0,-0.009615323506295681,-0.009615323506295681,-0.02499992586672306,-0.011538371443748474,-0.02,-0.026000000000000002,stop_loss,0,1,7,2022-11-01
2022-11-02,2477,19.07309341430664,0.490064224244111,0,-0.002659536199644208,-0.002659536199644208,-0.03989357873797417,-0.01861698366701603,-0.02,-0.026000000000000002,stop_loss,0,1,7,2022-11-01
2022-11-02,3066,24.049999237060547,0.490064224244111,1,0.01247406005859375,0.09771312028169632,0.0062370700761675835,0.054054103791713715,0.03,0.024,take_profit,1,0,7,2022-11-01
2022-11-03,6530,19.23810386657715,0.5086167333782673,1,0.004651184193789959,0.09302326291799545,0.004651184193789959,0.0534883588552475,0.03,0.024,take_profit,1,0,7,2022-11-01
2022-11-03,3625,14.0,0.5058888105250714,1,0.007142884191125631,0.09999997168779373,0.0035714420955628157,0.057142872363328934,0.03,0.024,take_profit,1,0,7,2022-11-01
2022-11-03,3002,11.176737785339355,0.5058888105250714,1,5.6948415760871285e-08,0.012987037189304829,-0.004328964278101921,0.008658016100525856,0.008658016100525856,0.002658016100525856,close,0,0,7,2022-11-01
2022-11-03,8085,18.91262435913086,0.5058888105250714,0,0.002638470381498337,0.002638470381498337,-0.013192622922360897,-0.007915658876299858,-0.007915658876299858,-0.013915658876299858,close,0,0,7,2022-11-01
2022-11-03,1304,18.904081344604492,0.5058888105250714,0,-0.009852179326117039,-0.0024630350526422262,-0.024630561470985413,-0.0049260519444942474,-0.02,-0.026000000000000002,stop_loss,0,1,7,2022-11-01
2022-11-03,2491,11.550000190734863,0.5058888105250714,1,-0.004329020623117685,0.06493506580591202,-0.004329020623117685,0.0389610230922699,0.03,0.024,take_profit,1,0,7,2022-11-01
2022-11-03,3236,20.895179748535156,0.5052752848934137,1,0.010162671096622944,0.07317079603672028,0.0040650879964232445,0.010162671096622944,0.03,0.024,take_profit,1,0,7,2022-11-01
2022-11-03,8431,52.93359375,0.5051720748331077,1,0.011194033548235893,0.013059676624834538,-3.8837498550492455e-08,0.013059676624834538,0.013059676624834538,0.007059676624834537,close,0,0,7,2022-11-01
2022-11-03,2440,12.5,0.5051720748331077,1,0.0,0.015999983996152878,-0.008000030182301998,0.004000015091150999,0.004000015091150999,-0.001999984908849001,close,0,0,7,2022-11-01
2022-11-03,3588,55.5228385925293,0.5046260965830813,1,0.0671030804514885,0.0998363271355629,0.04746313393115997,0.06873977929353714,0.03,0.024,gap_take_profit,1,0,7,2022-11-01
2022-11-03,2468,25.358081817626953,0.5046260965830813,0,0.039252281188964844,0.046728942543268204,-0.0448598675429821,-0.013084152713418007,0.03,0.024,gap_take_profit,1,1,7,2022-11-01
2022-11-03,8932,16.45896339416504,0.5046170108945726,1,8.50457126944093e-09,0.04497756436467171,8.50457126944093e-09,0.04197902977466583,0.03,0.024,take_profit,1,0,7,2022-11-01
2022-11-03,2208,14.521721839904785,0.5035195240766588,1,0.013333373703062534,0.10000000894069672,0.006666719447821379,0.10000000894069672,0.03,0.024,take_profit,1,0,7,2022-11-01
2022-11-03,3390,16.351694107055664,0.5026947966132027,1,0.008241691626608372,0.008241691626608372,-0.016483621671795845,0.008241691626608372,0.008241691626608372,0.0022416916266083716,close,0,0,7,2022-11-01
2022-11-03,6761,59.58063507080078,0.5026947966132027,1,0.015748048201203346,0.015748048201203346,-2.2350057804487733e-08,0.006561619229614735,0.006561619229614735,0.0005616192296147345,close,0,0,7,2022-11-01
2022-11-03,3708,79.56717681884766,0.5019245716375637,0,-0.011049633845686913,9.109189136324858e-08,-0.02541431039571762,-0.0055247712880373,-0.02,-0.026000000000000002,stop_loss,0,1,7,2022-11-01
2022-11-03,3607,10.203289031982422,0.5015218332010721,1,0.012765862047672272,0.029787201434373856,0.008510608226060867,0.021276531741023064,0.021276531741023064,0.015276531741023064,close,0,0,7,2022-11-01
2022-11-03,6248,16.883838653564453,0.5013084890199146,0,0.0024389871396124363,0.0024389871396124363,-0.009756134822964668,0.0,0.0,-0.006,close,0,0,7,2022-11-01
2022-11-03,8249,23.12842559814453,0.5008812826478558,1,0.05660373345017433,0.09853243827819824,0.052410807460546494,0.09853243827819824,0.03,0.024,gap_take_profit,1,0,7,2022-11-01
2022-11-03,1735,13.050727844238281,0.5002669795080777,0,0.0,0.0,0.0,0.0,0.0,-0.006,close,0,0,7,2022-11-01
2022-11-04,4991,34.150001525878906,0.5684443335122868,1,0.0,0.013177069835364819,-0.010248968377709389,0.00585642596706748,0.00585642596706748,-0.00014357403293252004,close,0,0,7,2022-11-01
2022-11-04,4561,19.961559295654297,0.56673391420903,1,0.016279006376862526,0.016279006376862526,0.0023254656698554754,0.00930227991193533,0.00930227991193533,0.0033022799119353293,close,0,0,7,2022-11-01
2022-11-04,6425,18.272005081176758,0.5661502312925376,1,0.022842584177851677,0.022842584177851677,0.0025380351580679417,0.012690357863903046,0.012690357863903046,0.0066903578639030455,close,0,0,7,2022-11-01
2022-11-04,4303,15.370691299438477,0.5650329270530502,1,0.006349245086312294,0.025396816432476044,0.006349245086312294,0.015873029828071594,0.015873029828071594,0.009873029828071594,close,0,0,7,2022-11-01
2022-11-04,3004,57.50567626953125,0.564229112720023,1,0.02272729203104973,0.02759740874171257,0.004870173521339893,0.021103940904140472,0.021103940904140472,0.015103940904140472,close,0,0,7,2022-11-01
2022-11-04,6449,36.588157653808594,0.5640304509619389,0,0.014981336891651154,0.014981336891651154,-0.0012484145117923617,-0.0012484145117923617,-0.0012484145117923617,-0.007248414511792362,close,0,0,7,2022-11-01
2022-11-04,4915,46.352783203125,0.5629162444476664,1,0.007407505065202713,0.029629671946167946,0.0037037869915366173,0.02037041261792183,0.02037041261792183,0.014370412617921829,close,0,0,7,2022-11-01
2022-11-04,4726,34.04999923706055,0.5629162444476664,1,0.010279068723320961,0.020558025687932968,0.0,0.01174747571349144,0.01174747571349144,0.00574747571349144,close,0,0,7,2022-11-01
2022-11-04,3219,42.23882293701172,0.5625528573735898,1,0.034482691437006,0.034482691437006,0.002298751613125205,0.02643675170838833,0.03,0.024,gap_take_profit,1,0,7,2022-11-01
2022-11-04,6431,20.0,0.5617118198469584,1,0.0,0.039999961853027344,-0.005000018980354071,0.0024999617598950863,0.03,0.024,take_profit,1,0,7,2022-11-01
2022-11-04,6221,33.96702194213867,0.5615543403680473,1,-3.664440129114155e-08,0.015503844246268272,-0.0038759512826800346,0.011627929285168648,0.011627929285168648,0.005627929285168648,close,0,0,7,2022-11-01
2022-11-04,3712,20.724462509155273,0.5603305804824358,1,0.008316019549965858,0.01663205958902836,0.004157999996095896,0.0145530104637146,0.0145530104637146,0.0085530104637146,close,0,0,7,2022-11-01
2022-11-04,3231,23.34099006652832,0.5601712818286878,1,0.021696211770176888,0.09664688259363174,0.021696211770176888,0.057199154049158096,0.03,0.024,take_profit,1,0,7,2022-11-01
2022-11-04,5508,44.28003692626953,0.5598934542798608,1,-5.619763143727141e-08,0.012152734212577343,-0.005208376329392195,0.0069444146938622,0.0069444146938622,0.0009444146938621997,close,0,0,7,2022-11-01
2022-11-04,3555,20.25,0.5598934542798608,1,0.0049382904544472694,0.022222260013222694,0.0049382904544472694,0.022222260013222694,0.022222260013222694,0.016222260013222696,close,0,0,7,2022-11-01
2022-11-04,1595,34.40697479248047,0.5597898820743992,1,-1.215434366486079e-07,0.00808621384203434,-0.008086353540420532,0.002695357659831643,0.002695357659831643,-0.003304642340168357,close,0,0,7,2022-11-01
2022-11-04,6405,19.760787963867188,0.5589035173783719,0,-0.005000018980354071,0.012500000186264515,-0.012500000186264515,0.0,0.0,-0.006,close,0,0,7,2022-11-01
2022-11-04,4770,244.70701599121094,0.5588026508224576,1,0.011049685068428516,0.038673993200063705,-0.023941105231642723,0.029465891420841217,-0.02,-0.026000000000000002,ambiguous_stop_loss,1,1,7,2022-11-01
2022-11-04,4105,65.12718200683594,0.5587828630621526,1,0.007989301346242428,0.013315552845597267,-0.005326278042048216,0.006657763384282589,0.006657763384282589,0.0006577633842825888,close,0,0,7,2022-11-01
2022-11-04,4722,29.3951416015625,0.558128557941663,1,0.015432118438184261,0.01697530411183834,1.994251164205707e-08,0.0030863925348967314,0.0030863925348967314,-0.0029136074651032687,close,0,0,7,2022-11-01
2022-11-07,2439,74.64591979980469,0.5545812316488645,1,0.009876580908894539,0.02469135820865631,0.0049382904544472694,0.006172839552164078,0.006172839552164078,0.00017283955216407763,close,0,0,7,2022-11-01
2022-11-07,3390,16.66615104675293,0.5540924199752767,0,-0.010781709104776382,-0.005390853621065617,-0.04312674328684807,-0.03773588687181473,-0.02,-0.026000000000000002,stop_loss,0,1,7,2022-11-01
2022-11-07,1569,20.071781158447266,0.5540924199752767,0,-0.008810560218989849,0.00660795858129859,-0.008810560218989849,-0.008810560218989849,-0.008810560218989849,-0.01481056021898985,close,0,0,7,2022-11-01
2022-11-07,4768,144.41879272460938,0.5540924199752767,1,0.017045393586158752,0.03693173825740814,0.002840803237631917,0.005681680049747229,0.03,0.024,take_profit,1,0,7,2022-11-01
2022-11-07,6788,76.5765380859375,0.5525293438375771,1,0.02383658103644848,0.04199783131480217,0.004540360998362303,0.006810474209487438,0.03,0.024,take_profit,1,0,7,2022-11-01
2022-11-07,3543,17.743549346923828,0.5523521177018474,0,0.005025144666433334,0.007537669502198696,0.0,0.0,0.0,-0.006,close,0,0,7,2022-11-01
2022-11-07,4904,62.67198944091797,0.5523253825711872,1,0.005882305558770895,0.014705811627209187,0.0014704964123666286,0.013235246762633324,0.013235246762633324,0.0072352467626333235,close,0,0,7,2022-11-01
2022-11-07,2431,10.31072998046875,0.5522825238156168,0,0.014423130080103874,0.014423130080103874,-0.004807621240615845,-0.004807621240615845,-0.004807621240615845,-0.010807621240615845,close,0,0,7,2022-11-01
2022-11-07,6449,36.54248046875,0.5522825238156168,1,0.004999998025596142,0.011249997653067112,0.004999998025596142,0.006249979138374329,0.006249979138374329,0.0002499791383743285,close,0,0,7,2022-11-01
2022-11-07,8240,23.897415161132812,0.551336210001738,0,0.005464466754347086,0.009107467718422413,-0.005464536137878895,0.0,0.0,-0.006,close,0,0,7,2022-11-01
2022-11-07,2457,36.9348030090332,0.551336210001738,0,0.014569463208317757,0.03046351857483387,-0.007947026751935482,-0.007947026751935482,0.03,0.024,take_profit,1,0,7,2022-11-01
2022-11-07,8064,13.556814193725586,0.551336210001738,0,5.293251703619717e-08,0.006622531916946173,-0.00993376038968563,-0.00662248907610774,-0.00662248907610774,-0.01262248907610774,close,0,0,7,2022-11-01
2022-11-07,2401,23.201927185058594,0.551336210001738,0,0.008438769727945328,0.03375524282455444,-0.00421942537650466,0.0,0.03,0.024,take_profit,1,0,7,2022-11-01
2022-11-07,4989,25.46760368347168,0.551336210001738,0,0.009671145118772984,0.017408045008778572,-0.025145085528492928,-0.023210879415273666,-0.02,-0.026000000000000002,stop_loss,0,1,7,2022-11-01
2022-11-07,6186,21.202024459838867,0.5509666230986733,1,1.746265532176494e-08,0.0038461615331470966,-0.0019230545731261373,0.0019230894977226853,0.0019230894977226853,-0.004076910502277315,close,0,0,7,2022-11-01
2022-11-07,3094,23.640737533569336,0.5509666230986733,1,0.015999924391508102,0.03599992394447327,0.001999910455197096,0.001999910455197096,0.03,0.024,take_profit,1,0,7,2022-11-01
2022-11-07,4749,155.85951232910156,0.5505677283459984,1,-0.018749864771962166,0.1125001534819603,-0.062499869614839554,0.05625014752149582,-0.02,-0.026000000000000002,ambiguous_stop_loss,1,1,7,2022-11-01
2022-11-07,6205,71.37340545654297,0.5498142260135487,1,0.010126815177500248,0.09240531176328659,0.010126815177500248,0.04556979984045029,0.03,0.024,take_profit,1,0,7,2022-11-01
2022-11-07,3002,11.128353118896484,0.5497713228186383,1,3.0230360437144554e-08,0.013043475337326527,-0.00869565550237894,0.004347872920334339,0.004347872920334339,-0.001652127079665661,close,0,0,7,2022-11-01
2022-11-07,3360,13.009259223937988,0.5497713228186383,1,3.3456561965294895e-08,0.007272788789123297,-0.003636344103142619,0.0036364111583679914,0.0036364111583679914,-0.0023635888416320087,close,0,0,7,2022-11-01
2022-11-08,3630,27.899999618530273,0.5796094345247252,0,0.010752729140222073,0.017921147868037224,-0.0035842431243509054,-0.0035842431243509054,-0.0035842431243509054,-0.009584243124350906,close,0,0,7,2022-11-01
2022-11-08,3228,155.19432067871094,0.5775876507156394,1,-0.0031249155290424824,0.1000000461935997,-0.021874962374567986,0.1000000461935997,-0.02,-0.026000000000000002,ambiguous_stop_loss,1,1,7,2022-11-01
2022-11-08,8476,21.58397674560547,0.5761403933513449,0,0.005893983878195286,0.005893983878195286,-0.011787875555455685,-0.005893840920180082,-0.005893840920180082,-0.011893840920180082,close,0,0,7,2022-11-01
2022-11-08,5291,30.421300888061523,0.5749410999906232,1,0.011764722876250744,0.02499992586672306,0.011764722876250744,0.01764698512852192,0.01764698512852192,0.011646985128521919,close,0,0,7,2022-11-01
2022-11-08,6418,13.963934898376465,0.5731557467515687,0,0.01562502793967724,0.01562502793967724,-0.006249996833503246,-0.006249996833503246,-0.006249996833503246,-0.012249996833503246,close,0,0,7,2022-11-01
2022-11-08,4931,47.94730758666992,0.5726853887866425,0,0.009433946572244167,0.047169797122478485,-0.028301902115345,-0.018867939710617065,-0.02,-0.026000000000000002,ambiguous_stop_loss,1,1,7,2022-11-01
2022-11-08,3357,64.50919342041016,0.5726853887866425,1,0.02159232832491398,0.070175401866436,0.02159232832491398,0.06612677872180939,0.03,0.024,take_profit,1,0,7,2022-11-01
2022-11-08,8069,190.73431396484375,0.5720042072180774,0,-0.009852100163698196,1.18154183326169e-07,-0.03940875455737114,-0.03940875455737114,-0.02,-0.026000000000000002,stop_loss,0,1,7,2022-11-01
2022-11-08,1611,12.829672813415527,0.5720042072180774,1,0.010638203471899033,0.028368698433041573,0.010638203471899033,0.0141843156889081,0.0141843156889081,0.0081843156889081,close,0,0,7,2022-11-01
2022-11-08,6547,66.80000305175781,0.5720042072180774,1,0.002993966219946742,0.08383230865001678,0.002993966219946742,0.07485029846429825,0.03,0.024,take_profit,1,0,7,2022-11-01
2022-11-08,2634,29.204206466674805,0.569925354288537,0,0.00474680308252573,0.00474680308252573,-0.022151941433548927,-0.01740511879324913,-0.02,-0.026000000000000002,stop_loss,0,1,7,2022-11-01
2022-11-08,6170,26.961257934570312,0.5696742006698858,1,0.014263059943914413,0.01743258349597454,-0.01109349261969328,0.0031695456709712744,0.0031695456709712744,-0.0028304543290287257,close,0,0,7,2022-11-01
2022-11-08,4989,24.87647819519043,0.5696742006698858,1,0.02178220823407173,0.02178220823407173,5.985504714089984e-08,0.0019802278839051723,0.0019802278839051723,-0.004019772116094828,close,0,0,7,2022-11-01
2022-11-08,8261,88.16402435302734,0.5693900642280789,1,0.013104883022606373,0.0282258503139019,0.008064559660851955,0.018145205453038216,0.018145205453038216,0.012145205453038216,close,0,0,7,2022-11-01
2022-11-08,2472,43.76395797729492,0.568992130029906,1,0.011976039968430996,0.0439121350646019,0.011976039968430996,0.03792412951588631,0.03,0.024,take_profit,1,0,7,2022-11-01
2022-11-08,5481,12.199999809265137,0.5681662463073112,1,0.016393426805734634,0.024590179324150085,0.012295128777623177,0.016393426805734634,0.016393426805734634,0.010393426805734634,close,0,0,7,2022-11-01
2022-11-08,1736,62.88932418823242,0.5675989305269121,0,0.0015243596863001585,0.01524389535188675,-0.022865861654281616,-0.015243910253047943,-0.02,-0.026000000000000002,stop_loss,0,1,7,2022-11-01
2022-11-08,6719,228.01878356933594,0.5675989305269121,1,0.010526305995881557,0.07789472490549088,0.006315780337899923,0.06315788626670837,0.03,0.024,take_profit,1,0,7,2022-11-01
2022-11-08,1342,65.8797378540039,0.5675989305269121,1,-7.559903991705141e-08,0.012254877015948296,-0.0024510249495506287,0.007352875545620918,0.007352875545620918,0.0013528755456209181,close,0,0,7,2022-11-01
2022-11-08,2230,19.7602596282959,0.5675989305269121,1,0.012891321443021297,0.04604050889611244,0.003683277405798435,0.003683277405798435,0.03,0.024,take_profit,1,0,7,2022-11-01
2022-11-09,5488,11.199999809265137,0.5040582304777242,1,0.0,0.0223214291036129,-0.008928520604968071,0.013392908498644829,0.013392908498644829,0.007392908498644829,close,0,0,7,2022-11-01
2022-11-09,4931,47.042640686035156,0.5019915977123807,1,0.011538427323102951,0.028846148401498795,-0.0057692211121320724,0.015384595841169357,0.015384595841169357,0.009384595841169357,close,0,0,7,2022-11-01
2022-11-09,4541,26.607481002807617,0.49790337226985776,0,-0.005366770084947348,0.0053667230531573296,-0.023255856707692146,-0.021466907113790512,-0.02,-0.026000000000000002,stop_loss,0,1,7,2022-11-01
2022-11-09,1319,39.487056732177734,0.4928972412030161,0,-0.011135812848806381,-0.0055678840726614,-0.05790646746754646,-0.0501113161444664,-0.02,-0.026000000000000002,stop_loss,0,1,7,2022-11-01
2022-11-09,8069,183.21771240234375,0.492225853556849,0,-0.020512834191322327,0.00769229419529438,-0.06153847277164459,-0.051282063126564026,-0.020512834191322327,-0.026512834191322325,gap_stop,0,1,7,2022-11-01
2022-11-09,8431,51.74851608276367,0.49103435527548017,1,0.0019084061495959759,0.015267199836671352,-0.00763357849791646,0.011450391262769699,0.011450391262769699,0.005450391262769699,close,0,0,7,2022-11-01
2022-11-09,8489,21.149999618530273,0.4893999386495967,1,0.007092180661857128,0.016548480838537216,-0.004728150554001331,0.0023641204461455345,0.0023641204461455345,-0.0036358795538544656,close,0,0,7,2022-11-01
2022-11-09,6443,32.277076721191406,0.4887236268006634,0,-0.009008900262415409,0.0060060760006308556,-0.06756748259067535,-0.054054003208875656,-0.02,-0.026000000000000002,stop_loss,0,1,7,2022-11-01
2022-11-09,3048,25.2325382232666,0.4857047459433167,0,-0.0035906778648495674,0.0017953047063201666,-0.008976660668849945,0.0,0.0,-0.006,close,0,0,7,2022-11-01
2022-11-09,2634,28.695903778076172,0.48320343653769016,1,-0.0016103129601106048,0.008051497861742973,-0.006441218312829733,0.0016103112138807774,0.0016103112138807774,-0.004389688786119223,close,0,0,7,2022-11-01
2022-11-09,6217,38.92842102050781,0.48315559715054496,0,-7.277823499407532e-08,0.003717436920851469,-0.024783220142126083,-0.01858743280172348,-0.02,-0.026000000000000002,stop_loss,0,1,7,2022-11-01
2022-11-09,2231,124.86189270019531,0.48306846013627386,0,-0.010676206089556217,-0.010676206089556217,-0.06405699998140335,-0.0533808171749115,-0.02,-0.026000000000000002,stop_loss,0,1,7,2022-11-01
2022-11-09,3211,57.17505645751953,0.4825710051701449,1,8.235359061359304e-09,0.028490038588643074,8.235359061359304e-09,0.025641078129410744,0.025641078129410744,0.019641078129410745,close,0,0,7,2022-11-01
2022-11-09,3230,13.506304740905762,0.4818550889221396,0,-0.0036764987744390965,0.011029369197785854,-0.011029467917978764,-0.0036764987744390965,-0.0036764987744390965,-0.009676498774439097,close,0,0,7,2022-11-01
2022-11-09,2069,17.586679458618164,0.48180457917081554,0,-0.002544490387663245,0.002544587478041649,-0.007633568719029427,0.0,0.0,-0.006,close,0,0,7,2022-11-01
2022-11-09,6153,28.22344398498535,0.48119633792532296,0,-0.006932396907359362,0.01039866916835308,-0.03292886167764664,-0.02599645033478737,-0.02,-0.026000000000000002,stop_loss,0,1,7,2022-11-01
2022-11-09,4513,22.026866912841797,0.47961403684706055,1,0.016949156299233437,0.025423666462302208,-3.891094024766062e-08,0.016949156299233437,0.016949156299233437,0.010949156299233436,close,0,0,7,2022-11-01
2022-11-09,6291,82.41238403320312,0.4794408343579712,1,0.019396433606743813,0.023706793785095215,0.0021550727542489767,0.0021550727542489767,0.0021550727542489767,-0.0038449272457510234,close,0,0,7,2022-11-01
2022-11-09,3444,48.75993347167969,0.47724310050116775,1,0.014109360985457897,0.01940031722187996,-0.010582027956843376,0.0052909827791154385,0.0052909827791154385,-0.0007090172208845617,close,0,0,7,2022-11-01
2022-11-09,8147,61.41248321533203,0.47685630055272976,0,0.013595218770205975,0.04833846911787987,-0.007552841678261757,-0.0030210732948035,0.03,0.024,take_profit,1,0,7,2022-11-01
2022-11-10,6741,77.25370025634766,0.5649856445827182,1,0.04738163203001022,0.0773068368434906,0.023690836504101753,0.06857860088348389,0.03,0.024,gap_take_profit,1,0,7,2022-11-01
2022-11-10,3025,23.685699462890625,0.5648284300970264,0,0.03554506227374077,0.0521327406167984,-0.023696647956967354,-0.023696647956967354,0.03,0.024,gap_take_profit,1,1,7,2022-11-01
2022-11-10,3508,32.150001525878906,0.5648284300970264,0,0.03888024762272835,0.051321856677532196,-0.01866259053349495,-0.01866259053349495,0.03,0.024,gap_take_profit,1,0,7,2022-11-01
2022-11-10,5475,11.800000190734863,0.5648284300970264,0,0.025423744693398476,0.04237288236618042,-0.016949135810136795,-0.016949135810136795,0.03,0.024,take_profit,1,0,7,2022-11-01
2022-11-10,3011,14.0,0.5636775831572065,1,0.049999985843896866,0.06428568810224533,0.01785714365541935,0.039285726845264435,0.03,0.024,gap_take_profit,1,0,7,2022-11-01
2022-11-10,8210,66.65028381347656,0.5628299002410169,1,0.004243481904268265,0.012730024755001068,-0.011315198615193367,0.004243481904268265,0.004243481904268265,-0.0017565180957317354,close,0,0,7,2022-11-01
2022-11-10,1735,13.005725860595703,0.5628299002410169,1,0.003460237290710211,0.017301054671406746,-0.0034602044615894556,0.017301054671406746,0.017301054671406746,0.011301054671406746,close,0,0,7,2022-11-01
2022-11-10,2633,25.419971466064453,0.5628299002410169,1,0.010752745904028416,0.01612907648086548,0.0035842598881572485,0.010752745904028416,0.010752745904028416,0.0047527459040284156,close,0,0,7,2022-11-01
2022-11-10,2442,11.81638240814209,0.5628299002410169,0,0.01626014895737171,0.01626014895737171,0.0,0.0,0.0,-0.006,close,0,0,7,2022-11-01
2022-11-10,6591,35.49922180175781,0.5628299002410169,1,0.03121103346347809,0.03121103346347809,0.008739179000258446,0.008739179000258446,0.03,0.024,gap_take_profit,1,0,7,2022-11-01
2022-11-10,4716,12.550000190734863,0.5628299002410169,0,0.015936238691210747,0.019920319318771362,0.0,0.0,0.0,-0.006,close,0,0,7,2022-11-01
2022-11-10,6186,21.202024459838867,0.5628299002410169,1,0.007692303042858839,0.017307663336396217,1.4845441320687769e-08,0.011538447812199593,0.011538447812199593,0.0055384478121995925,close,0,0,7,2022-11-01
2022-11-10,6290,51.9105224609375,0.5628299002410169,1,0.0107914162799716,0.016187086701393127,-0.016187001019716263,0.0071942806243896484,0.0071942806243896484,0.0011942806243896483,close,0,0,7,2022-11-01
2022-11-10,2462,22.078514099121094,0.5628299002410169,1,0.016326429322361946,0.020408080890774727,-0.008163325488567352,0.00408155145123601,0.00408155145123601,-0.0019184485487639905,close,0,0,7,2022-11-01
2022-11-10,4142,34.0,0.5626725097209946,1,0.008823506534099579,0.02499995566904545,0.0,0.02499995566904545,0.02499995566904545,0.01899995566904545,close,0,0,7,2022-11-01
2022-11-10,3052,8.966290473937988,0.5626725097209946,1,0.02512551099061966,0.02512551099061966,0.005024979822337627,0.015075244940817356,0.015075244940817356,0.009075244940817356,close,0,0,7,2022-11-01
2022-11-10,4114,25.07682991027832,0.5626725097209946,1,0.02266295813024044,0.031161559745669365,0.012747983448207378,0.01699724793434143,0.03,0.024,take_profit,1,0,7,2022-11-01
2022-11-10,2731,79.01736450195312,0.5626725097209946,0,0.015783553943037987,0.024802690371870995,-0.005636980291455984,-0.005636980291455984,-0.005636980291455984,-0.011636980291455984,close,0,0,7,2022-11-01
2022-11-10,8240,23.679767608642578,0.5626725097209946,0,0.0073529495857656,0.0073529495857656,-0.009191126562654972,-0.009191126562654972,-0.009191126562654972,-0.015191126562654972,close,0,0,7,2022-11-01
2022-11-10,1309,19.04746437072754,0.5626725097209946,0,0.014851405285298824,0.014851405285298824,-0.004950554110109806,-0.004950554110109806,-0.004950554110109806,-0.010950554110109806,close,0,0,7,2022-11-01
2022-11-11,6781,637.7445678710938,0.6378645705452078,1,-0.010385855101048946,0.025222450494766235,-0.014836893416941166,0.004450938664376736,0.004450938664376736,-0.0015490613356232644,close,0,0,7,2022-11-01
2022-11-11,2515,7.53852653503418,0.6371368337816933,1,-0.0012180344201624393,0.006090177688747644,-0.0024360890965908766,0.002436013426631689,0.002436013426631689,-0.003563986573368311,close,0,0,7,2022-11-01
2022-11-11,9904,25.560169219970703,0.6356507379275464,1,0.022491388022899628,0.09861598908901215,0.022491388022899628,0.09861598908901215,0.03,0.024,take_profit,1,0,7,2022-11-01
2022-11-11,4562,15.25,0.6353028716974956,1,0.006557402200996876,0.006557402200996876,-0.003278701100498438,0.003278701100498438,0.003278701100498438,-0.0027212988995015622,close,0,0,7,2022-11-01
2022-11-11,6592,73.98751831054688,0.6349479609321104,1,0.0010151398601010442,0.025380665436387062,0.0010151398601010442,0.020304521545767784,0.020304521545767784,0.014304521545767784,close,0,0,7,2022-11-01
2022-11-11,1903,49.599998474121094,0.6349479609321104,1,-0.00403219647705555,0.01814519241452217,-0.01108869444578886,0.01814519241452217,0.01814519241452217,0.012145192414522171,close,0,0,7,2022-11-01
2022-11-11,2723,94.93756866455078,0.6349479609321104,1,0.014423131942749023,0.08653852343559265,0.0048077465035021305,0.05769236385822296,0.03,0.024,take_profit,1,0,7,2022-11-01
2022-11-11,2420,32.412750244140625,0.6349479609321104,0,0.003871085587888956,0.00516138831153512,-0.011612845584750175,-0.005161232315003872,-0.005161232315003872,-0.011161232315003872,close,0,0,7,2022-11-01
2022-11-11,2542,34.21537780761719,0.6349479609321104,1,-0.0011792897712439299,0.02240562252700329,-0.0023586007300764322,0.02240562252700329,0.02240562252700329,0.01640562252700329,close,0,0,7,2022-11-01
2022-11-11,6712,133.6549072265625,0.6340992200704287,1,0.010443980805575848,0.010443980805575848,-0.01305466704070568,0.010443980805575848,0.010443980805575848,0.0044439808055758475,close,0,0,7,2022-11-01
2022-11-11,3711,78.36031341552734,0.6340992200704287,1,0.01216815784573555,0.02101774886250496,0.007743362337350845,0.014380513690412045,0.014380513690412045,0.008380513690412044,close,0,0,7,2022-11-01
2022-11-11,8932,19.790237426757812,0.6340992200704287,0,0.007481356151401997,0.007481356151401997,-0.044887736439704895,-0.027431372553110123,-0.02,-0.026000000000000002,stop_loss,0,1,7,2022-11-01
2022-11-11,6510,409.4705505371094,0.6340992200704287,0,4.093368133339936e-08,0.014218050986528397,-0.011848300695419312,-0.0011847931891679764,-0.0011847931891679764,-0.0071847931891679765,close,0,0,7,2022-11-01
2022-11-11,1110,17.755413055419922,0.6338135817220999,1,2.3995768927420613e-08,0.00819682888686657,2.3995768927420613e-08,0.005464525893330574,0.005464525893330574,-0.0005354741066694261,close,0,0,7,2022-11-01
2022-11-11,1342,65.4760513305664,0.6337341043652723,1,0.006165281403809786,0.01972876861691475,-0.0012330033350735903,0.0036992209497839212,0.0036992209497839212,-0.002300779050216079,close,0,0,7,2022-11-01
2022-11-11,2376,93.08055877685547,0.6334882759546042,0,-0.009901046752929688,-5.7498187544524626e-08,-0.02673269808292389,-0.004950552247464657,-0.02,-0.026000000000000002,stop_loss,0,1,7,2022-11-01
2022-11-11,3694,19.52597427368164,0.6334882759546042,1,8.036555421142566e-09,0.03414638713002205,8.036555421142566e-09,0.004878075327724218,0.03,0.024,take_profit,1,0,7,2022-11-01
2022-11-11,2355,25.77111053466797,0.6333951764027115,1,0.02951393462717533,0.07638894766569138,0.022569529712200165,0.07465286552906036,0.03,0.024,take_profit,1,0,7,2022-11-01
2022-11-11,6547,73.5,0.6333951764027115,1,0.009523767977952957,0.035374127328395844,0.0013605235144495964,0.03129255771636963,0.03,0.024,take_profit,1,0,7,2022-11-01
2022-11-11,6670,167.7720184326172,0.6333951764027115,0,-7.653071776303477e-08,0.004819200374186039,-0.016867544502019882,-0.0120482686907053,-0.0120482686907053,-0.018048268690705298,close,0,0,7,2022-11-01
2022-11-14,3617,90.23966217041016,0.5121246691577545,0,0.009478652849793434,0.02369660697877407,-0.014218013733625412,-0.009478695690631866,-0.009478695690631866,-0.015478695690631867,close,0,0,7,2022-11-01
2022-11-14,6667,55.33393859863281,0.510747724481471,1,-0.006644546519964933,0.056478362530469894,-0.006644546519964933,0.036544859409332275,0.03,0.024,take_profit,1,0,7,2022-11-01
2022-11-14,6451,79.36188507080078,0.5086010063707451,1,0.009839892387390137,0.009839892387390137,-0.007380295544862747,0.001229845336638391,0.001229845336638391,-0.004770154663361609,close,0,0,7,2022-11-01
2022-11-14,4729,13.635276794433594,0.5079911690168745,0,0.0,0.023648610338568687,0.0,0.0,0.0,-0.006,close,0,0,7,2022-11-01
2022-11-14,8038,38.43439483642578,0.5067279092385814,1,0.005154562648385763,0.0167525764554739,0.0,0.0025772813241928816,0.0025772813241928816,-0.0034227186758071185,close,0,0,7,2022-11-01
2022-11-14,1586,31.99948501586914,0.5065095277752876,0,-0.013824817724525928,0.0015361884143203497,-0.013824817724525928,-0.0015360363759100437,-0.0015360363759100437,-0.007536036375910044,close,0,0,7,2022-11-01
2022-11-14,9911,51.35666275024414,0.5056482433004135,1,0.006655475590378046,0.014974942430853844,-0.004991790279746056,0.008319343440234661,0.008319343440234661,0.002319343440234661,close,0,0,7,2022-11-01
2022-11-14,8932,19.247364044189453,0.5053190653998839,1,0.0051281447522342205,0.06282045692205429,0.0051281447522342205,0.046153850853443146,0.03,0.024,take_profit,1,0,7,2022-11-01
2022-11-14,3490,22.185253143310547,0.504559141991695,0,-5.542382197631923e-08,0.004175245761871338,-0.006263166666030884,-0.002087785629555583,-0.002087785629555583,-0.008087785629555583,close,0,0,7,2022-11-01
2022-11-14,6640,79.75272369384766,0.5045531802697372,1,0.006810386199504137,0.013620898127555847,0.006810386199504137,0.013620898127555847,0.013620898127555847,0.007620898127555847,close,0,0,7,2022-11-01
2022-11-14,2460,16.899999618530273,0.5044041695578932,0,0.008875717408955097,0.01479289960116148,-0.017751434817910194,-0.011834251694381237,-0.011834251694381237,-0.017834251694381235,close,0,0,7,2022-11-01
2022-11-14,5475,11.699999809265137,0.5038398741661593,1,0.0,0.03418808430433273,0.0,0.017094001173973083,0.03,0.024,take_profit,1,0,7,2022-11-01
2022-11-14,3322,17.369653701782227,0.5033531777540178,1,8.587934985371248e-08,0.03324110805988312,8.587934985371248e-08,0.027700919657945633,0.03,0.024,take_profit,1,0,7,2022-11-01
2022-11-14,6231,58.641563415527344,0.5032847852110252,1,0.0065103815868496895,0.0156250037252903,-0.0013021186459809542,0.001302127493545413,0.001302127493545413,-0.004697872506454587,close,0,0,7,2022-11-01
2022-11-14,1810,12.087783813476562,0.5024825541588908,1,7.595640738600196e-08,0.008000107482075691,-0.031999897211790085,0.0040000914596021175,-0.02,-0.026000000000000002,stop_loss,0,1,7,2022-11-01
2022-11-14,4772,88.84524536132812,0.5021481123965883,1,-0.021977989003062248,0.027472563087940216,-0.021977989003062248,0.016483550891280174,-0.021977989003062248,-0.027977989003062247,gap_stop,0,1,7,2022-11-01
2022-11-14,8374,26.707956314086914,0.5021293876544161,1,8.185687505601891e-08,0.031078709289431572,-0.0018281136872246861,0.005484528839588165,0.03,0.024,take_profit,1,0,7,2022-11-01
2022-11-14,2390,13.350000381469727,0.5021156941944429,0,0.003745261114090681,0.003745261114090681,-0.018726591020822525,-0.014981330372393131,-0.014981330372393131,-0.02098133037239313,close,0,0,7,2022-11-01
2022-11-14,3308,16.375131607055664,0.5016957998481828,0,-0.010791371576488018,0.0,-0.01798565872013569,-0.01438845694065094,-0.01438845694065094,-0.02038845694065094,close,0,0,7,2022-11-01
2022-11-14,6695,33.0,0.5013329081678809,1,0.0,0.09999997913837433,0.0,0.09999997913837433,0.03,0.024,take_profit,1,0,7,2022-11-01
2022-11-15,6472,247.55996704101562,0.5722281345641942,1,0.0037360473070293665,0.07098388671875,-0.002490569371730089,0.04856790229678154,0.03,0.024,take_profit,1,0,7,2022-11-01
2022-11-15,3374,103.85635375976562,0.5722281345641942,0,0.018264824524521828,0.027397245168685913,-0.022831065580248833,-0.013698644936084747,-0.02,-0.026000000000000002,stop_loss,0,1,7,2022-11-01
2022-11-15,6695,36.29999923706055,0.5722281345641942,1,0.013774105347692966,0.09366395324468613,-0.017906272783875465,0.08126723766326904,0.03,0.024,take_profit,1,0,7,2022-11-01
2022-11-15,3131,217.4823760986328,0.5722281345641942,1,0.052287690341472626,0.08932472765445709,0.023965246975421906,0.02614389732480049,0.03,0.024,gap_take_profit,1,0,7,2022-11-01
2022-11-15,1785,32.54116439819336,0.5722281345641942,1,0.015965120866894722,0.03773580119013786,-0.008708273991942406,0.015965120866894722,0.03,0.024,take_profit,1,0,7,2022-11-01
2022-11-15,3594,25.202251434326172,0.5643003814823224,0,0.013461529277265072,0.026923080906271935,-0.007692360784858465,-0.0019230713369324803,-0.0019230713369324803,-0.00792307133693248,close,0,0,7,2022-11-01
2022-11-15,6830,84.34310913085938,0.5643003814823224,1,-0.005524908658117056,0.05635352432727814,-0.006629863753914833,0.02099444344639778,0.03,0.024,take_profit,1,0,7,2022-11-01
2022-11-15,6470,47.69529724121094,0.5643003814823224,1,0.0017483681440353394,0.00874139554798603,-0.019230645149946213,0.003496590768918395,0.003496590768918395,-0.002503409231081605,close,0,0,7,2022-11-01
2022-11-15,8105,12.689739227294922,0.5643003814823224,0,0.01158310566097498,0.01158310566097498,-0.015443951822817326,-0.007721914444118738,-0.007721914444118738,-0.013721914444118738,close,0,0,7,2022-11-01
2022-11-15,2023,14.508931159973145,0.5630876144500825,0,-1.8977599935965372e-08,0.009803816676139832,-0.01633995585143566,-0.009803981520235538,-0.009803981520235538,-0.015803981520235537,close,0,0,7,2022-11-01
2022-11-15,3376,74.27067565917969,0.5612565801040008,0,0.006016854662448168,0.006016854662448168,-0.014440389350056648,-0.013237038627266884,-0.013237038627266884,-0.019237038627266882,close,0,0,7,2022-11-01
2022-11-15,6213,66.1322250366211,0.5606496278793783,1,0.01398592907935381,0.09650342911481857,-0.005594510119408369,0.05034954100847244,0.03,0.024,take_profit,1,0,7,2022-11-01
2022-11-15,6248,16.925018310546875,0.5606496278793783,0,0.002433134475722909,0.002433134475722909,-0.0024330641608685255,-0.0024330641608685255,-0.0024330641608685255,-0.008433064160868526,close,0,0,7,2022-11-01
2022-11-15,2641,15.618480682373047,0.5604127187694079,1,0.005602299235761166,0.030812369659543037,1.3644838148252347e-08,0.0028011566027998924,0.03,0.024,take_profit,1,0,7,2022-11-01
2022-11-15,3548,55.86677551269531,0.5604127187694079,1,0.00833332259207964,0.023333348333835602,-0.008333344012498856,0.011666668578982353,0.011666668578982353,0.005666668578982353,close,0,0,7,2022-11-01
2022-11-15,2426,17.06686019897461,0.5604127187694079,0,0.00288182171061635,0.01729104295372963,-0.00288188923150301,-0.00288188923150301,-0.00288188923150301,-0.00888188923150301,close,0,0,7,2022-11-01
2022-11-15,3051,17.27049446105957,0.5604127187694079,0,0.010050289332866669,0.010050289332866669,-0.015075339004397392,0.0,0.0,-0.006,close,0,0,7,2022-11-01
2022-11-15,3260,53.09394836425781,0.5604127187694079,1,0.004966788925230503,0.07284758985042572,-7.988776218326166e-08,0.0480131134390831,0.03,0.024,take_profit,1,0,7,2022-11-01
2022-11-15,6806,59.83436584472656,0.5604127187694079,0,4.104634854229516e-09,0.011290338821709156,-0.014516149647533894,-0.014516149647533894,-0.014516149647533894,-0.020516149647533892,close,0,0,7,2022-11-01
2022-11-15,8438,23.659761428833008,0.5603817401627256,0,1.4866738062835338e-08,0.03053433634340763,-0.03244274854660034,-0.03244274854660034,-0.02,-0.026000000000000002,ambiguous_stop_loss,1,1,7,2022-11-01
2022-11-16,6186,23.159135818481445,0.5863876319736412,1,-5.461740215650934e-08,0.0316900797188282,-5.461740215650934e-08,0.021126650273799896,0.03,0.024,take_profit,1,0,7,2022-11-01
2022-11-16,3592,260.1120300292969,0.5862519350829339,0,0.010785742662847042,0.02619406208395958,-0.013867568224668503,-0.009245072491466999,-0.009245072491466999,-0.015245072491467,close,0,0,7,2022-11-01
2022-11-16,3122,28.58776092529297,0.5862519350829339,1,0.0051992833614349365,0.015597869642078876,-0.019064174965023994,0.0051992833614349365,0.0051992833614349365,-0.0008007166385650636,close,0,0,7,2022-11-01
2022-11-16,2520,20.917783737182617,0.5859125191349306,1,5.900083621668273e-08,0.04638218879699707,5.900083621668273e-08,0.04081638902425766,0.03,0.024,take_profit,1,0,7,2022-11-01
2022-11-16,3055,24.3709716796875,0.5844570130672175,0,0.0038910177536308765,0.0077820830047130585,-0.01945522613823414,-0.0019455432193353772,-0.0019455432193353772,-0.007945543219335377,close,0,0,7,2022-11-01
2022-11-16,3176,36.400001525878906,0.5839328049749665,0,-0.03434065729379654,-0.02335171028971672,-0.043956104665994644,-0.02472531609237194,-0.03434065729379654,-0.04034065729379654,gap_stop,0,1,7,2022-11-01
2022-11-16,1402,27.652193069458008,0.5837840818685456,1,0.004761969204992056,0.007936584763228893,-0.006349154748022556,0.0015873537631705403,0.0015873537631705403,-0.00441264623682946,close,0,0,7,2022-11-01
2022-11-16,1732,29.100000381469727,0.5837840818685456,1,0.0,0.034364260733127594,0.0,0.018900318071246147,0.03,0.024,take_profit,1,0,7,2022-11-01
2022-11-16,8072,24.14620018005371,0.5837840818685456,1,0.003816682379692793,0.09923651814460754,0.003816682379692793,0.09923651814460754,0.03,0.024,take_profit,1,0,7,2022-11-01
2022-11-16,1735,13.050727844238281,0.5837840818685456,0,0.0,0.013793090358376503,0.0,0.0,0.0,-0.006,close,0,0,7,2022-11-01
2022-11-16,1584,15.502983093261719,0.5837840818685456,1,1.4749134891189897e-07,0.031428709626197815,1.4749134891189897e-07,0.028571566566824913,0.03,0.024,take_profit,1,0,7,2022-11-01
2022-11-16,3054,19.149999618530273,0.5837840818685456,1,0.013054830953478813,0.013054830953478813,0.007832878269255161,0.007832878269255161,0.007832878269255161,0.0018328782692551612,close,0,0,7,2022-11-01
2022-11-16,2886,26.598814010620117,0.5837840818685456,0,0.0,0.003241474274545908,-0.00972448755055666,0.0,0.0,-0.006,close,0,0,7,2022-11-01
2022-11-16,2834,10.23434066772461,0.5837840818685456,1,0.003984087612479925,0.011952200904488564,3.048869956501221e-08,0.007968236692249775,0.007968236692249775,0.001968236692249775,close,0,0,7,2022-11-01
2022-11-16,2881,45.47998046875,0.5837186079632408,0,-0.0036036439705640078,0.0,-0.018018068745732307,0.0,0.0,-0.006,close,0,0,7,2022-11-01
2022-11-16,5876,40.61415100097656,0.5828308952990945,0,-0.0043669193983078,0.0010915956227108836,-0.017467321828007698,-0.009825434535741806,-0.009825434535741806,-0.015825434535741804,close,0,0,7,2022-11-01
2022-11-16,2855,12.643186569213867,0.5827242637061711,1,-0.009523782879114151,0.006349185016006231,-0.009523782879114151,0.0031746183522045612,0.0031746183522045612,-0.002825381647795439,close,0,0,7,2022-11-01
2022-11-16,6419,30.26517677307129,0.5819441735027038,1,0.015088940039277077,0.09602172672748566,-0.006858907639980316,0.09602172672748566,0.03,0.024,take_profit,1,0,7,2022-11-01
2022-11-16,3706,27.182493209838867,0.581107723505137,1,0.008576428517699242,0.008576428517699242,-0.001715141348540783,0.0017154037486761808,0.0017154037486761808,-0.004284596251323819,close,0,0,7,2022-11-01
2022-11-16,2354,46.605690002441406,0.581107723505137,0,0.007984006777405739,0.007984006777405739,-0.005988064222037792,-0.003992010839283466,-0.003992010839283466,-0.009992010839283466,close,0,0,7,2022-11-01
2022-11-17,1402,27.696086883544922,0.6220588276898581,0,-1.0730396837743683e-07,0.009508644230663776,-0.01267838291823864,-0.006339214742183685,-0.006339214742183685,-0.012339214742183685,close,0,0,7,2022-11-01
2022-11-17,3703,23.975322723388672,0.6220588276898581,0,0.0035149420145899057,0.00527245132252574,-0.012302241288125515,-0.008787289261817932,-0.008787289261817932,-0.014787289261817932,close,0,0,7,2022-11-01
2022-11-17,3290,27.92841148376465,0.6200859661278311,0,0.008657860569655895,0.01948038674890995,-0.0173161793500185,-0.0043291011825203896,-0.0043291011825203896,-0.01032910118252039,close,0,0,7,2022-11-01
2022-11-17,2305,31.799999237060547,0.6194415914615604,0,-0.004716969095170498,0.06603781133890152,-0.02358490601181984,-0.02358490601181984,-0.02,-0.026000000000000002,ambiguous_stop_loss,1,1,7,2022-11-01
2022-11-17,1721,14.103728294372559,0.6173199093786417,0,0.003521153936162591,0.00704229436814785,-0.017605621367692947,-0.014084480702877045,-0.014084480702877045,-0.020084480702877043,close,0,0,7,2022-11-01
2022-11-17,9907,14.90267276763916,0.6173199093786417,0,0.002890351228415966,0.00867072120308876,-0.014450757764279842,-0.014450757764279842,-0.014450757764279842,-0.02045075776427984,close,0,0,7,2022-11-01
2022-11-17,8112,28.861026763916016,0.6173199093786417,1,-7.885425645781652e-08,0.012261444702744484,-0.0013624822022393346,0.001362324575893581,0.001362324575893581,-0.004637675424106419,close,0,0,7,2022-11-01
2022-11-17,4991,40.0,0.6165850465925736,0,0.0024999617598950863,0.0024999617598950863,-0.01875000074505806,-0.01875000074505806,-0.01875000074505806,-0.024750000745058058,close,0,0,7,2022-11-01
2022-11-17,3535,24.40921401977539,0.6159384117609694,0,0.005780417006462812,0.01734108291566372,-0.015414233319461346,-0.015414233319461346,-0.015414233319461346,-0.021414233319461344,close,0,0,7,2022-11-01
2022-11-17,3236,20.72530174255371,0.6159384117609694,1,0.012294958345592022,0.016393303871154785,-0.008196769282221794,0.002049139002338052,0.002049139002338052,-0.003950860997661948,close,0,0,7,2022-11-01
2022-11-17,3062,23.549999237060547,0.6159384117609694,0,0.010615712031722069,0.012738902121782303,-0.019108232110738754,-0.014861931093037128,-0.014861931093037128,-0.020861931093037127,close,0,0,7,2022-11-01
2022-11-17,2515,7.446704864501953,0.6157928490339665,0,-2.0669151723495816e-08,0.0024661270435899496,-0.009864376857876778,-0.002466050907969475,-0.002466050907969475,-0.008466050907969475,close,0,0,7,2022-11-01
2022-11-17,3056,12.815526962280273,0.6157928490339665,0,0.001526766107417643,0.001526766107417643,-0.009160255081951618,-0.009160255081951618,-0.009160255081951618,-0.015160255081951618,close,0,0,7,2022-11-01
2022-11-17,3147,41.85860824584961,0.6155669720788399,0,0.007532993331551552,0.01318269968032837,-0.015065912157297134,-0.015065912157297134,-0.015065912157297134,-0.021065912157297133,close,0,0,7,2022-11-01
2022-11-17,1732,29.649999618530273,0.6152025497226148,0,0.001686379313468933,0.013490712270140648,-0.021922415122389793,-0.013490712270140648,-0.02,-0.026000000000000002,stop_loss,0,1,7,2022-11-01
2022-11-17,6261,53.388771057128906,0.6148537114772398,0,0.006525310222059488,0.006525310222059488,-0.009787903167307377,0.0,0.0,-0.006,close,0,0,7,2022-11-01
2022-11-17,2609,40.079612731933594,0.6147062448049613,0,3.0778799953168345e-08,0.0015432171057909727,-0.029320979490876198,-0.027777792885899544,-0.02,-0.026000000000000002,stop_loss,0,1,7,2022-11-01
2022-11-17,6435,87.0684814453125,0.6145444436180425,0,0.00469474820420146,0.037558574229478836,-0.01408461481332779,-0.01408461481332779,0.03,0.024,take_profit,1,0,7,2022-11-01
2022-11-17,2421,41.70338439941406,0.6145444436180425,0,-1.2387290837523324e-07,0.009835957549512386,-0.009836205281317234,-0.00765036279335618,-0.00765036279335618,-0.01365036279335618,close,0,0,7,2022-11-01
2022-11-17,9958,80.60377502441406,0.6145444436180425,0,5.357720667120702e-08,0.007317108567804098,-0.030487753450870514,-0.030487753450870514,-0.02,-0.026000000000000002,stop_loss,0,1,7,2022-11-01
2022-11-18,6130,35.642276763916016,0.5998867649873312,0,-0.1300138533115387,-0.12863074243068695,-0.1936376690864563,-0.17012451589107513,-0.1300138533115387,-0.1360138533115387,gap_stop,0,1,7,2022-11-01
2022-11-18,3217,72.6258544921875,0.5904241518642407,0,0.019253883510828018,0.019253883510828018,-0.016847198829054832,-0.002406710758805275,-0.002406710758805275,-0.008406710758805275,close,0,0,7,2022-11-01
2022-11-18,3128,35.942562103271484,0.5904241518642407,1,0.09988105297088623,0.09988105297088623,0.09988105297088623,0.09988105297088623,0.03,0.024,gap_take_profit,1,0,7,2022-11-01
2022-11-18,3499,20.5,0.5904241518642407,1,0.03902435302734375,0.05609754100441933,-0.019512176513671875,0.0024389871396124363,0.03,0.024,gap_take_profit,1,0,7,2022-11-01
2022-11-18,4142,37.54999923706055,0.5641307243845362,0,0.0013315376127138734,0.0066577899269759655,-0.013315579853951931,-0.01065240241587162,-0.01065240241587162,-0.01665240241587162,close,0,0,7,2022-11-01
2022-11-18,4746,52.84305191040039,0.5600931023064952,1,0.013985928148031235,0.013985928148031235,-0.005244812928140163,0.0069928946904838085,0.0069928946904838085,0.0009928946904838084,close,0,0,7,2022-11-01
2022-11-18,1477,184.7755889892578,0.5599815569956598,0,-6.524113160821798e-08,0.0044443802908062935,-0.024444550275802612,-0.01777784712612629,-0.02,-0.026000000000000002,stop_loss,0,1,7,2022-11-01
2022-11-18,4540,34.77726364135742,0.5597945211058695,0,0.008241700939834118,0.008241700939834118,-0.016483614221215248,-0.0054945615120232105,-0.0054945615120232105,-0.01149456151202321,close,0,0,7,2022-11-01
2022-11-18,4168,31.649999618530273,0.559243819427872,1,0.011058463715016842,0.09794630110263824,-0.012638218700885773,0.09162715822458267,0.03,0.024,take_profit,1,0,7,2022-11-01
2022-11-18,2530,17.574016571044922,0.5590281017181467,0,0.02083352766931057,0.02083352766931057,-0.018228977918624878,-0.018228977918624878,-0.018228977918624878,-0.024228977918624876,close,0,0,7,2022-11-01
2022-11-18,8227,79.4326171875,0.5590090880302466,1,-0.01835988648235798,0.08078339695930481,-0.01835988648235798,0.057527560740709305,0.03,0.024,take_profit,1,0,7,2022-11-01
2022-11-18,6550,105.5,0.5581938654439087,1,0.014218009077012539,0.0995260700583458,0.004739336669445038,0.0995260700583458,0.03,0.024,take_profit,1,0,7,2022-11-01
2022-11-18,1904,25.174421310424805,0.5578992931137544,1,9.635987563427761e-10,0.011049767024815083,-0.0018415915546938777,0.0036832562182098627,0.0036832562182098627,-0.0023167437817901374,close,0,0,7,2022-11-01
2022-11-18,2542,35.34512710571289,0.55709046394298,1,1.0740633626937779e-07,0.004566361662000418,-0.004566041752696037,0.003424850758165121,0.003424850758165121,-0.002575149241834879,close,0,0,7,2022-11-01
2022-11-18,3551,52.61827087402344,0.5565982253083551,0,0.0,0.005181333981454372,-0.001727155176922679,0.0,0.0,-0.006,close,0,0,7,2022-11-01
2022-11-18,6643,341.6494445800781,0.5561465859221204,1,0.006521609146147966,0.08478254079818726,0.004347740672528744,0.04782598465681076,0.03,0.024,take_profit,1,0,7,2022-11-01
2022-11-18,4167,17.49678611755371,0.555972983264319,1,0.00831027515232563,0.022160690277814865,0.0027700879145413637,0.0027700879145413637,0.0027700879145413637,-0.0032299120854586364,close,0,0,7,2022-11-01
2022-11-18,5314,0.8982857465744019,0.5554881226132741,1,0.08764058351516724,0.0988764688372612,0.08764058351516724,0.0988764688372612,0.03,0.024,gap_take_profit,1,0,7,2022-11-01
2022-11-18,4130,22.343719482421875,0.5552051970376796,1,-0.004184105899184942,0.016736449673771858,-0.006276169791817665,0.006276129744946957,0.006276129744946957,0.0002761297449469565,close,0,0,7,2022-11-01
2022-11-18,4726,37.04999923706055,0.5552051970376796,0,0.01754390075802803,0.02024291455745697,-0.010796159505844116,-0.010796159505844116,-0.010796159505844116,-0.016796159505844115,close,0,0,7,2022-11-01
2022-11-21,8072,31.012197494506836,0.5520463046992269,0,-0.00297182728536427,0.010401152074337006,-0.035661231726408005,-0.004457688890397549,-0.02,-0.026000000000000002,stop_loss,0,1,7,2022-11-01
2022-11-21,1342,76.29454040527344,0.5520463046992269,0,0.002116364659741521,0.02539684996008873,-0.044444430619478226,-0.011640208773314953,-0.02,-0.026000000000000002,stop_loss,0,1,7,2022-11-01
2022-11-21,1736,70.36701965332031,0.5489853173342166,1,0.00817429181188345,0.06130782142281532,-0.02997288480401039,0.06130782142281532,-0.02,-0.026000000000000002,ambiguous_stop_loss,1,1,7,2022-11-01
2022-11-21,6156,18.588077545166016,0.5485146462599823,1,0.01932375505566597,0.07729472219944,-0.014492708258330822,0.04589376971125603,0.03,0.024,take_profit,1,0,7,2022-11-01
2022-11-21,2201,49.41314697265625,0.5485146462599823,1,0.012938898988068104,0.02957478165626526,-0.014787500724196434,0.014787282794713974,0.014787282794713974,0.008787282794713974,close,0,0,7,2022-11-01
2022-11-21,6550,116.0,0.5394144153896239,0,0.0,0.0258620698004961,-0.0517241396009922,-0.0517241396009922,-0.02,-0.026000000000000002,stop_loss,0,1,7,2022-11-01
2022-11-21,5314,0.9871050715446472,0.5394144153896239,0,-0.022494884207844734,-0.0020451718010008335,-0.053170498460531235,-0.053170498460531235,-0.022494884207844734,-0.028494884207844733,gap_stop,0,1,7,2022-11-01
2022-11-21,3128,39.53254318237305,0.5275480873095397,1,0.06918913871049881,0.06918913871049881,-0.04000008478760719,0.0010810347739607096,0.03,0.024,gap_take_profit,1,1,7,2022-11-01
2022-11-21,2607,24.375913619995117,0.49663595093745383,0,0.007272668648511171,0.010908976197242737,-0.007272840477526188,-0.005454617086797953,-0.005454617086797953,-0.011454617086797953,close,0,0,7,2022-11-01
2022-11-21,4915,48.24123001098633,0.49663595093745383,1,0.01245559100061655,0.021352387964725494,6.106499483848893e-08,0.008896858431398869,0.008896858431398869,0.0028968584313988684,close,0,0,7,2022-11-01
2022-11-21,2636,54.1529655456543,0.49553402616376657,1,0.004172368906438351,0.01808057352900505,0.0027815697249025106,0.011126471683382988,0.011126471683382988,0.005126471683382988,close,0,0,7,2022-11-01
2022-11-21,9904,28.478805541992188,0.49553402616376657,1,-0.0062111858278512955,0.006211221683770418,-0.00931678805500269,0.0046583316288888454,0.0046583316288888454,-0.0013416683711111547,close,0,0,7,2022-11-01
2022-11-21,8936,20.013547897338867,0.49423590906304665,0,-3.489185473881662e-08,0.014217937365174294,-0.018957361578941345,-0.018957361578941345,-0.018957361578941345,-0.024957361578941344,close,0,0,7,2022-11-01
2022-11-21,1524,20.755678176879883,0.4940731945657722,0,-0.002096466952934861,1.7170735944205262e-08,-0.02096434310078621,-0.02096434310078621,-0.02,-0.026000000000000002,stop_loss,0,1,7,2022-11-01
2022-11-21,2302,17.373470306396484,0.49255246444878426,0,0.00787404552102089,0.00787404552102089,-0.026246769353747368,-0.026246769353747368,-0.02,-0.026000000000000002,stop_loss,0,1,7,2022-11-01
2022-11-21,6472,263.8995361328125,0.49255246444878426,1,0.008177706971764565,0.030373873189091682,-0.004672780632972717,0.028037481009960175,0.03,0.024,take_profit,1,0,7,2022-11-01
2022-11-21,3617,94.0887451171875,0.49255246444878426,1,0.004545506089925766,0.0181818176060915,-0.013636316172778606,0.004545506089925766,0.004545506089925766,-0.0014544939100742341,close,0,0,7,2022-11-01
2022-11-21,3594,25.202251434326172,0.4921790556579503,0,0.011538386344909668,0.011538386344909668,-0.02115386165678501,-0.02115386165678501,-0.02,-0.026000000000000002,stop_loss,0,1,7,2022-11-01
2022-11-21,2308,275.13189697265625,0.4902622565162882,0,-0.008517887443304062,0.001703577465377748,-0.018739352002739906,0.0,0.0,-0.006,close,0,0,7,2022-11-01
2022-11-21,2359,23.470924377441406,0.48903326752343884,0,0.004016025457531214,0.008032104931771755,-0.03012053482234478,-0.026104455813765526,-0.02,-0.026000000000000002,stop_loss,0,1,7,2022-11-01
2022-11-22,6695,45.150001525878906,0.5507969669255673,1,0.02325579710304737,0.09966777265071869,-0.005537098273634911,0.09966777265071869,0.03,0.024,take_profit,1,0,7,2022-11-01
2022-11-22,1584,17.407636642456055,0.550686560474508,1,0.09923657029867172,0.09923657029867172,0.06870223581790924,0.09923657029867172,0.03,0.024,gap_take_profit,1,0,7,2022-11-01
2022-11-22,6558,22.59833335876465,0.550686560474508,1,0.024175815284252167,0.09890112280845642,0.024175815284252167,0.09890112280845642,0.03,0.024,take_profit,1,0,7,2022-11-01
2022-11-22,8222,21.870563507080078,0.5419746747980907,1,0.08277411758899689,0.09843400865793228,0.07829982787370682,0.09843400865793228,0.03,0.024,gap_take_profit,1,0,7,2022-11-01
2022-11-22,2636,54.755496978759766,0.5374512675750264,1,0.009628726169466972,0.03438794985413551,0.004126640968024731,0.033012453466653824,0.03,0.024,take_profit,1,0,7,2022-11-01
2022-11-22,1102,34.967185974121094,0.5374512675750264,0,1.0733423927433705e-08,0.002441975986585021,-0.006104995496571064,-0.004884012974798679,-0.004884012974798679,-0.01088401297479868,close,0,0,7,2022-11-01
2022-11-22,1477,179.8482208251953,0.5374512675750264,1,0.009132456965744495,0.013698668219149113,-0.0068493192084133625,0.009132456965744495,0.009132456965744495,0.0031324569657444953,close,0,0,7,2022-11-01
2022-11-22,5269,697.7885131835938,0.5359981599646699,0,0.02049165777862072,0.028688376769423485,-0.01775970309972763,-0.01775970309972763,-0.01775970309972763,-0.02375970309972763,close,0,0,7,2022-11-01
2022-11-22,6643,359.103271484375,0.5318664562415725,0,0.01551187876611948,0.025853095576167107,-0.025853238999843597,-0.02068258821964264,-0.02,-0.026000000000000002,stop_loss,0,1,7,2022-11-01
2022-11-22,8926,28.253501892089844,0.5315598955735951,1,0.009999957866966724,0.04428574815392494,-0.007142876274883747,0.002857090439647436,0.03,0.024,take_profit,1,0,7,2022-11-01
2022-11-22,5475,11.300000190734863,0.5311250008713809,0,0.013274302706122398,0.026548689231276512,-0.017699098214507103,-0.00884959101676941,-0.00884959101676941,-0.01484959101676941,close,0,0,7,2022-11-01
2022-11-22,2727,121.20535278320312,0.5311250008713809,1,0.006514508277177811,0.01954386755824089,-1.1667295751749407e-07,0.013029133901000023,0.013029133901000023,0.007029133901000023,close,0,0,7,2022-11-01
2022-11-22,3526,101.05554962158203,0.5289413605294584,1,0.004132179077714682,0.024793336167931557,0.004132179077714682,0.004132179077714682,0.004132179077714682,-0.0018678209222853185,close,0,0,7,2022-11-01
2022-11-22,4121,18.97913360595703,0.5289413605294584,1,0.004938321188092232,0.017284000292420387,3.0510996396060364e-08,0.017284000292420387,0.017284000292420387,0.011284000292420387,close,0,0,7,2022-11-01
2022-11-22,2417,21.37222671508789,0.5289413605294584,1,0.011494298465549946,0.03678162023425102,0.011494298465549946,0.018390832468867302,0.03,0.024,take_profit,1,0,7,2022-11-01
2022-11-22,6442,41.98102951049805,0.5289413605294584,1,0.010033512488007545,0.032330021262168884,0.004459386225789785,0.020066924393177032,0.03,0.024,take_profit,1,0,7,2022-11-01
2022-11-22,4142,36.599998474121094,0.5289413605294584,1,0.006830601487308741,0.013661202974617481,-0.001366099459119141,0.00819680467247963,0.00819680467247963,0.0021968046724796294,close,0,0,7,2022-11-01
2022-11-22,3701,36.52333450317383,0.5289413605294584,1,0.011952144093811512,0.026560408994555473,0.00929615180939436,0.013280242681503296,0.013280242681503296,0.007280242681503296,close,0,0,7,2022-11-01
2022-11-22,2406,17.950000762939453,0.5289413605294584,1,0.008356524631381035,0.013927576132118702,0.0027854726649820805,0.008356524631381035,0.008356524631381035,0.0023565246313810347,close,0,0,7,2022-11-01
2022-11-22,3260,54.85202407836914,0.5289413605294584,1,0.00961531512439251,0.014422989450395107,-3.413940774521507e-08,0.001602461445145309,0.001602461445145309,-0.004397538554854691,close,0,0,7,2022-11-01
2022-11-23,6541,102.98072052001953,0.5540445790693574,1,-0.0028530387207865715,0.08701857179403305,-0.007132670842111111,0.05991440638899803,0.03,0.024,take_profit,1,0,7,2022-11-01
2022-11-23,6695,49.650001525878906,0.5540445790693574,1,0.0010070339776575565,0.04531721770763397,-0.04028197377920151,0.01309159491211176,-0.02,-0.026000000000000002,ambiguous_stop_loss,1,1,7,2022-11-01
2022-11-23,4128,60.5803108215332,0.5540445790693574,1,0.005722459871321917,0.01573677361011505,-0.025751059874892235,0.01573677361011505,-0.02,-0.026000000000000002,stop_loss,0,1,7,2022-11-01
2022-11-23,8086,74.7705307006836,0.5539343243935091,1,0.01589403674006462,0.09271527081727982,0.007947036065161228,0.07947023957967758,0.03,0.024,take_profit,1,0,7,2022-11-01
2022-11-23,1795,205.61582946777344,0.5539343243935091,1,0.011494244448840618,0.0988505631685257,0.004597693216055632,0.0988505631685257,0.03,0.024,take_profit,1,0,7,2022-11-01
2022-11-23,6109,15.33890438079834,0.5539343243935091,0,0.01234558504074812,0.02777768298983574,-0.07098770886659622,-0.05864204093813896,-0.02,-0.026000000000000002,stop_loss,0,1,7,2022-11-01
2022-11-23,4534,9.369999885559082,0.5517584983019692,1,0.01921027898788452,0.08858057111501694,-0.0074706184677779675,0.006403460167348385,0.03,0.024,take_profit,1,0,7,2022-11-01
2022-11-23,4743,241.2157745361328,0.5504054284135989,1,-4.2866151517273465e-08,0.01554399635642767,-0.025906795635819435,0.0017270655371248722,-0.02,-0.026000000000000002,stop_loss,0,1,7,2022-11-01
2022-11-23,6491,317.8127136230469,0.5504054284135989,1,0.002865257440134883,0.05873921141028404,-0.040114644914865494,0.0515759103000164,-0.02,-0.026000000000000002,ambiguous_stop_loss,1,1,7,2022-11-01
2022-11-23,6558,24.83333396911621,0.5502067432606985,0,-4.859154145719913e-08,0.011999920010566711,-0.04000004753470421,-0.020000047981739044,-0.02,-0.026000000000000002,stop_loss,0,1,7,2022-11-01
2022-11-23,1810,16.149280548095703,0.5502067432606985,1,0.0718563050031662,0.09880246222019196,0.014970146119594574,0.09880246222019196,0.03,0.024,gap_take_profit,1,0,7,2022-11-01
2022-11-23,1584,19.13511085510254,0.5502067432606985,1,0.02777780219912529,0.055555567145347595,-0.039351798593997955,0.011574105359613895,-0.02,-0.026000000000000002,ambiguous_stop_loss,1,1,7,2022-11-01
2022-11-23,1529,16.602706909179688,0.5466724913336432,1,0.07222224026918411,0.09999999403953552,0.011111007072031498,0.02500000037252903,0.03,0.024,gap_take_profit,1,0,7,2022-11-01
2022-11-23,2476,41.14845657348633,0.5402141502352434,1,0.01182787399739027,0.01182787399739027,0.001075215870514512,0.007526777219027281,0.007526777219027281,0.0015267772190272807,close,0,0,7,2022-11-01
2022-11-23,2539,23.7355899810791,0.5402141502352434,1,0.0031006832141429186,0.004651050549000502,-0.007752048783004284,0.004651050549000502,0.004651050549000502,-0.0013489494509994985,close,0,0,7,2022-11-01
2022-11-23,5285,55.959564208984375,0.5402141502352434,1,0.011111130937933922,0.0682540237903595,0.011111130937933922,0.044444501399993896,0.03,0.024,take_profit,1,0,7,2022-11-01
2022-11-23,3594,24.95992088317871,0.5387622734483646,1,0.007767068687826395,0.017475808039307594,0.0058252764865756035,0.009708786383271217,0.009708786383271217,0.0037087863832712172,close,0,0,7,2022-11-01
2022-11-23,6442,42.82345962524414,0.5387622734483646,0,0.013114687986671925,0.01967206969857216,-0.014207753352820873,-0.014207753352820873,-0.014207753352820873,-0.02020775335282087,close,0,0,7,2022-11-01
2022-11-23,2618,22.843822479248047,0.5364404422050222,1,0.009597000665962696,0.01727457344532013,-0.0019192863255739212,0.0038388569373637438,0.0038388569373637438,-0.0021611430626362563,close,0,0,7,2022-11-01
2022-11-23,4989,25.61538314819336,0.5353786615998952,0,0.0038461685180664062,0.0076923370361328125,-0.0019230475882068276,0.0,0.0,-0.006,close,0,0,7,2022-11-01
2022-11-24,6643,386.21240234375,0.5565120998413904,0,0.04807693511247635,0.04807693511247635,-0.015384625643491745,-0.001923051429912448,0.03,0.024,gap_take_profit,1,0,7,2022-11-01
2022-11-24,6138,111.45668029785156,0.5565120998413904,0,-4.079718962657353e-08,0.0038910096045583487,-0.031128443777561188,-0.027237392961978912,-0.02,-0.026000000000000002,stop_loss,0,1,7,2022-11-01
2022-11-24,1795,225.94107055664062,0.5565120998413904,1,0.010460298508405685,0.06066950410604477,0.008368248119950294,0.027196701616048813,0.03,0.024,take_profit,1,0,7,2022-11-01
2022-11-24,8996,157.6680145263672,0.5565120998413904,0,0.0061350008472800255,0.039877332746982574,-0.012269907630980015,-0.009202422574162483,0.03,0.024,take_profit,1,0,7,2022-11-01
2022-11-24,3591,15.669620513916016,0.5543387314708188,0,-0.017857085913419724,0.011904819868505001,-0.020833231508731842,-0.017857085913419724,-0.02,-0.026000000000000002,stop_loss,0,1,7,2022-11-01
2022-11-24,2102,21.850000381469727,0.5543387314708188,0,0.009153265506029129,0.009153265506029129,-0.03432494401931763,-0.027459971606731415,-0.02,-0.026000000000000002,stop_loss,0,1,7,2022-11-01
2022-11-24,2462,25.052352905273438,0.5543387314708188,0,-0.007194280158728361,0.0,-0.048561178147792816,0.0,-0.02,-0.026000000000000002,stop_loss,0,1,7,2022-11-01
2022-11-24,2460,17.700000762939453,0.5529871401938,1,0.04519769549369812,0.08192083239555359,0.016949107870459557,0.039547957479953766,0.03,0.024,gap_take_profit,1,0,7,2022-11-01
2022-11-24,6781,663.2921752929688,0.5529871401938,1,0.011412214487791061,0.09985728561878204,0.009985681623220444,0.09985728561878204,0.03,0.024,take_profit,1,0,7,2022-11-01
2022-11-24,2455,76.13655090332031,0.5516939589323487,0,0.011152518913149834,0.016109168529510498,-0.014869770035147667,-0.001239056116901338,-0.001239056116901338,-0.007239056116901338,close,0,0,7,2022-11-01
2022-11-24,1810,17.744869232177734,0.5429242858289971,1,0.03814690560102463,0.09809242188930511,-0.021798502653837204,0.07084447145462036,0.03,0.024,gap_take_profit,1,1,7,2022-11-01
2022-11-24,8222,26.420814514160156,0.5429242858289971,1,0.022222261875867844,0.06666666269302368,-0.037037014961242676,0.0074074603617191315,-0.02,-0.026000000000000002,ambiguous_stop_loss,1,1,7,2022-11-01
2022-11-24,5302,9.039999961853027,0.5333716613531212,0,0.023230092599987984,0.05641595646739006,-0.017699098214507103,-0.016592878848314285,0.03,0.024,take_profit,1,0,7,2022-11-01
2022-11-24,4904,61.289520263671875,0.5261619593976565,1,-6.502496319171769e-09,0.010526263155043125,-0.0015037429984658957,0.0030074664391577244,0.0030074664391577244,-0.0029925335608422757,close,0,0,7,2022-11-01
2022-11-24,6177,21.62074851989746,0.5261619593976565,0,0.00523566547781229,0.0087260277941823,-0.005235577467828989,-0.0017451371531933546,-0.0017451371531933546,-0.007745137153193355,close,0,0,7,2022-11-01
2022-11-24,8088,20.255443572998047,0.5261619593976565,0,-0.01068385224789381,-0.004273612517863512,-0.01068385224789381,-0.008547050878405571,-0.008547050878405571,-0.014547050878405571,close,0,0,7,2022-11-01
2022-11-24,3483,50.61677551269531,0.5261619593976565,0,0.009259202517569065,0.011111026629805565,-0.02222229167819023,-0.02222229167819023,-0.02,-0.026000000000000002,stop_loss,0,1,7,2022-11-01
2022-11-24,5478,62.9333381652832,0.5261619593976565,0,0.009210551157593727,0.009210551157593727,-0.009210421703755856,-0.0026314740534871817,-0.0026314740534871817,-0.008631474053487182,close,0,0,7,2022-11-01
2022-11-24,1419,35.670310974121094,0.5261619593976565,0,1.8227942177873047e-07,0.003856165101751685,-0.0025705709122121334,-0.0012852434301748872,-0.0012852434301748872,-0.007285243430174887,close,0,0,7,2022-11-01
2022-11-24,2498,53.400001525878906,0.5247047502024382,0,0.005617963150143623,0.009363295510411263,-0.014981330372393131,-0.013108627870678902,-0.013108627870678902,-0.0191086278706789,close,0,0,7,2022-11-01
2022-11-25,2727,117.25728607177734,0.5705819508231871,1,-0.0033669753465801477,0.04377106949687004,-0.0033669753465801477,0.04377106949687004,0.03,0.024,take_profit,1,0,7,2022-11-01
2022-11-25,2062,20.447006225585938,0.5705819508231871,0,3.8080250064354004e-10,3.8080250064354004e-10,-0.02045457996428013,-0.004545471630990505,-0.02,-0.026000000000000002,stop_loss,0,1,7,2022-11-01
2022-11-25,6472,256.5005187988281,0.567706867676267,1,-0.04086552560329437,0.038461390882730484,-0.04086552560329437,0.0288460124284029,-0.04086552560329437,-0.04686552560329437,gap_stop,1,1,7,2022-11-01
2022-11-25,8249,25.98917007446289,0.567706867676267,1,-0.007462687324732542,0.027985066175460815,-0.01119401678442955,0.014925351366400719,0.014925351366400719,0.008925351366400719,close,0,0,7,2022-11-01
2022-11-25,3008,2048.85107421875,0.5670958932199883,1,-0.01769908517599106,0.01106197852641344,-0.019911473616957664,0.006637199316173792,0.006637199316173792,0.0006371993161737918,close,0,0,7,2022-11-01
2022-11-25,8071,14.628328323364258,0.5670029553588573,1,0.0033111979719251394,0.029801301658153534,-0.003311280393972993,0.023178759962320328,0.023178759962320328,0.01717875996232033,close,0,0,7,2022-11-01
2022-11-25,3105,154.31016540527344,0.5670029553588573,1,-0.009463781490921974,0.015772810205817223,-0.015772929415106773,0.006309088785201311,0.006309088785201311,0.000309088785201311,close,0,0,7,2022-11-01
2022-11-25,8147,54.640411376953125,0.5663777419988202,1,-0.0050933100283145905,0.028862550854682922,-0.0050933100283145905,0.018675819039344788,0.018675819039344788,0.012675819039344787,close,0,0,7,2022-11-01
2022-11-25,2353,21.59829330444336,0.566215866481051,0,-0.004073208197951317,0.008146720938384533,-0.010183250531554222,-0.006109914742410183,-0.006109914742410183,-0.012109914742410183,close,0,0,7,2022-11-01
2022-11-25,4164,39.44509506225586,0.566215866481051,1,-0.0287355724722147,0.03333341330289841,-0.0287355724722147,0.03103451058268547,-0.0287355724722147,-0.0347355724722147,gap_stop,1,1,7,2022-11-01
2022-11-25,1536,68.52067565917969,0.5659326522022977,1,-1.4500987077781247e-08,0.01515147928148508,-0.005509677343070507,0.011019310913980007,0.011019310913980007,0.005019310913980007,close,0,0,7,2022-11-01
2022-11-25,2885,18.417659759521484,0.5659326522022977,1,-0.011337804608047009,0.013605508953332901,-0.011337804608047009,0.009070377796888351,0.009070377796888351,0.0030703777968883513,close,0,0,7,2022-11-01
2022-11-25,1303,71.28562927246094,0.5659326522022977,0,-0.014267168007791042,0.0038910878356546164,-0.025940340012311935,-0.014267168007791042,-0.02,-0.026000000000000002,stop_loss,0,1,7,2022-11-01
2022-11-25,4551,143.91207885742188,0.5659326522022977,0,-0.0031347961630672216,0.009404388256371021,-0.006269592326134443,0.0,0.0,-0.006,close,0,0,7,2022-11-01
2022-11-25,3017,104.20822143554688,0.5659326522022977,1,-0.009174254722893238,0.03211015835404396,-0.009174254722893238,0.02293579652905464,0.03,0.024,take_profit,1,0,7,2022-11-01
2022-11-25,3406,355.8996887207031,0.5659326522022977,1,-0.011494270525872707,0.016602791845798492,-0.015325688757002354,0.010217094793915749,0.010217094793915749,0.0042170947939157485,close,0,0,7,2022-11-01
2022-11-25,2731,83.8279037475586,0.5659046173910581,1,-4.640600437255671e-08,0.030818209052085876,-0.0031881332397460938,0.02550473064184189,0.03,0.024,take_profit,1,0,7,2022-11-01
2022-11-25,4105,68.68272399902344,0.565727574261522,0,-1.2979401553536718e-08,0.013888953253626823,-0.008838358335196972,-0.00505044125020504,-0.00505044125020504,-0.01105044125020504,close,0,0,7,2022-11-01
2022-11-25,1802,23.549999237060547,0.5655086610126782,0,-0.023354532197117805,-0.002123109996318817,-0.023354532197117805,-0.006369410548359156,-0.023354532197117805,-0.029354532197117804,gap_stop,0,1,7,2022-11-01
2022-11-25,2376,99.07089233398438,0.5654135811123597,1,-0.004651132971048355,0.018604682758450508,-0.009302295744419098,0.009302356280386448,0.009302356280386448,0.0033023562803864478,close,0,0,7,2022-11-01
2022-11-28,5864,7.849998474121094,0.4502349522307523,1,0.004975022282451391,0.009950116276741028,-0.022885575890541077,0.004975022282451391,-0.02,-0.026000000000000002,stop_loss,0,1,7,2022-11-01
2022-11-28,2605,17.441904067993164,0.4487773000129686,1,-0.005141488742083311,0.03598957136273384,-0.015424303710460663,0.033418916165828705,0.03,0.024,take_profit,1,0,7,2022-11-01
2022-11-28,6768,64.83628845214844,0.44796600468598174,1,0.0025973059237003326,0.0077921305783092976,-0.0012987381778657436,0.0012986245565116405,0.0012986245565116405,-0.00470137544348836,close,0,0,7,2022-11-01
2022-11-28,2637,47.05543518066406,0.44624619151402994,1,-0.0033670146949589252,0.03198649361729622,-0.016835015267133713,0.03198649361729622,0.03,0.024,take_profit,1,0,7,2022-11-01
2022-11-28,6202,64.79399871826172,0.4439107335202563,1,-0.0014367090770974755,0.012931108474731445,-0.021551674231886864,0.00862071942538023,-0.02,-0.026000000000000002,stop_loss,0,1,7,2022-11-01
2022-11-28,6715,116.8546371459961,0.44265753858827583,0,-0.0078125,0.00390625,-0.01171875,0.0,0.0,-0.006,close,0,0,7,2022-11-01
2022-11-28,2630,15.004264831542969,0.44201607683915545,1,0.008981958962976933,0.029940038919448853,0.008981958962976933,0.029940038919448853,0.029940038919448853,0.023940038919448854,close,0,0,7,2022-11-01
2022-11-28,1227,36.029422760009766,0.4414718688110163,1,-8.394536621381121e-08,0.008728152140974998,-0.0024938113056123257,0.007481288630515337,0.007481288630515337,0.0014812886305153369,close,0,0,7,2022-11-01
2022-11-28,1809,13.207940101623535,0.44085071089896966,1,3.541177662214068e-08,0.03636367246508598,3.541177662214068e-08,0.014545476995408535,0.03,0.024,take_profit,1,0,7,2022-11-01
2022-11-28,2611,10.979011535644531,0.44079110072157424,1,-2.4683698640615148e-08,0.06225672364234924,-0.011673220433294773,0.050583600997924805,0.03,0.024,take_profit,1,0,7,2022-11-01
2022-11-28,2530,16.979063034057617,0.4406708671562871,1,0.005390871316194534,0.03504053130745888,0.005390871316194534,0.021563440561294556,0.03,0.024,take_profit,1,0,7,2022-11-01
2022-11-28,3147,42.56808090209961,0.43996425705171865,0,-0.0018518734723329544,0.005555544979870319,-0.012962961569428444,-0.0037037478759884834,-0.0037037478759884834,-0.009703747875988484,close,0,0,7,2022-11-01
2022-11-28,2633,25.556636810302734,0.43996153269907595,1,0.008912759833037853,0.012477835640311241,1.0251712723174933e-07,0.012477835640311241,0.012477835640311241,0.006477835640311241,close,0,0,7,2022-11-01
2022-11-28,2348,39.0616340637207,0.43994420436382864,0,-0.004901930224150419,0.009803940542042255,-0.014705870300531387,-0.0016339229186996818,-0.0016339229186996818,-0.007633922918699682,close,0,0,7,2022-11-01
2022-11-28,3324,143.71633911132812,0.43991650691046585,0,-1.0546514062070855e-07,0.016611188650131226,-0.009966881945729256,-0.0033223642967641354,-0.0033223642967641354,-0.009322364296764135,close,0,0,7,2022-11-01
2022-11-28,4168,31.700000762939453,0.4398927711911579,0,-0.001577323186211288,0.003154525998979807,-0.022082041949033737,0.0,-0.02,-0.026000000000000002,stop_loss,0,1,7,2022-11-01
2022-11-28,3508,30.899999618530273,0.43982640614922464,1,0.0,0.05501614511013031,-0.0016180983511731029,0.05177994817495346,0.03,0.024,take_profit,1,0,7,2022-11-01
2022-11-28,2382,60.78303527832031,0.43975522803695033,1,0.00709220627322793,0.015602822415530682,7.460888795662868e-09,0.014184405095875263,0.014184405095875263,0.008184405095875263,close,0,0,7,2022-11-01
2022-11-28,6233,21.798675537109375,0.43961670200268527,1,0.026431726291775703,0.05506615713238716,0.002202684059739113,0.002202684059739113,0.03,0.024,take_profit,1,0,7,2022-11-01
2022-11-28,2609,39.27553939819336,0.43910202409868426,1,-0.0031494926661252975,0.03464575111865997,-0.009448669850826263,0.02519695647060871,0.03,0.024,take_profit,1,0,7,2022-11-01
2022-11-29,8222,32.14532470703125,0.5368617004334864,0,0.08675804734230042,0.08675804734230042,-0.028919314965605736,-0.028919314965605736,0.03,0.024,gap_take_profit,1,1,7,2022-11-01
2022-11-29,3092,36.546878814697266,0.5333399512319544,1,0.023047415539622307,0.07042255997657776,0.0012804052093997598,0.04993598908185959,0.03,0.024,take_profit,1,0,7,2022-11-01
2022-11-29,4979,41.14120101928711,0.5333399512319544,1,0.012956446968019009,0.09894000738859177,0.005889339838176966,0.09894000738859177,0.03,0.024,take_profit,1,0,7,2022-11-01
2022-11-29,2314,40.70806121826172,0.5333399512319544,1,-0.0036451725754886866,0.07897933572530746,-0.015795903280377388,0.037667032331228256,0.03,0.024,take_profit,1,0,7,2022-11-01
2022-11-29,3047,16.814796447753906,0.5333399512319544,0,0.0027854638174176216,0.027855142951011658,-0.03064073994755745,-0.019498636946082115,-0.02,-0.026000000000000002,stop_loss,0,1,7,2022-11-01
2022-11-29,3354,14.391362190246582,0.5311486954017359,0,1.818887040982986e-09,1.818887040982986e-09,-0.033557046204805374,-0.02684561163187027,-0.02,-0.026000000000000002,stop_loss,0,1,7,2022-11-01
2022-11-29,4523,30.899999618530273,0.5311486954017359,1,-0.0016180983511731029,0.09870553761720657,-0.003236258402466774,0.06148866191506386,0.03,0.024,take_profit,1,0,7,2022-11-01
2022-11-29,1325,23.703712463378906,0.5311486954017359,0,0.0040078964084386826,0.0040078964084386826,-0.03006017580628395,-0.012024151161313057,-0.02,-0.026000000000000002,stop_loss,0,1,7,2022-11-01
2022-11-29,4543,23.063264846801758,0.5297864309749284,1,0.04580164700746536,0.08587799221277237,0.011450476944446564,0.020992502570152283,0.03,0.024,gap_take_profit,1,0,7,2022-11-01
2022-11-29,1584,22.67864990234375,0.5257801362381015,0,-1.2402852078707838e-08,0.02929692715406418,-0.058593738824129105,-0.03125,-0.02,-0.026000000000000002,stop_loss,0,1,7,2022-11-01
2022-11-29,1524,23.32294273376465,0.5257801362381015,1,0.00373130408115685,0.04104473441839218,-0.016791054978966713,0.005597018636763096,0.03,0.024,take_profit,1,0,7,2022-11-01
2022-11-29,1522,25.54181671142578,0.5257801362381015,1,0.010101051069796085,0.03030308522284031,-0.01683495193719864,0.008417574688792229,0.03,0.024,take_profit,1,0,7,2022-11-01
2022-11-29,2208,19.217079162597656,0.5222206190104932,1,0.04282112419605255,0.06801009178161621,-0.00503777340054512,0.002518936526030302,0.03,0.024,gap_take_profit,1,0,7,2022-11-01
2022-11-29,2201,58.18146514892578,0.47379293086755414,1,0.012558870017528534,0.039246488362550735,-0.004709581844508648,0.02354791760444641,0.03,0.024,take_profit,1,0,7,2022-11-01
2022-11-29,8936,19.77642059326172,0.473748748824831,1,0.011990463361144066,0.023980870842933655,0.009592327289283276,0.016786644235253334,0.016786644235253334,0.010786644235253334,close,0,0,7,2022-11-01
2022-11-29,4746,54.321170806884766,0.473748748824831,1,0.008503452874720097,0.03911568596959114,0.00510207936167717,0.023809602484107018,0.03,0.024,take_profit,1,0,7,2022-11-01
2022-11-29,6664,76.51324462890625,0.473748748824831,1,0.008092476986348629,0.023121414706110954,0.005780373699963093,0.02196536213159561,0.02196536213159561,0.015965362131595613,close,0,0,7,2022-11-01
2022-11-29,8042,30.981964111328125,0.473748748824831,1,0.0071327113546431065,0.009985843673348427,-0.007132624741643667,0.0071327113546431065,0.0071327113546431065,0.0011327113546431063,close,0,0,7,2022-11-01
2022-11-29,8105,12.934715270996094,0.473748748824831,1,0.011363730765879154,0.018939444795250893,0.0037879436276853085,0.0037879436276853085,0.0037879436276853085,-0.0022120563723146917,close,0,0,7,2022-11-01
2022-11-29,3625,14.0,0.47245425315851897,1,0.014285700395703316,0.021428585052490234,0.0,0.0035714420955628157,0.0035714420955628157,-0.0024285579044371845,close,0,0,7,2022-11-01
2022-11-30,8476,44.94894790649414,0.5768683323590021,1,0.016981175169348717,0.0433962307870388,-2.674716892414608e-09,0.013207563199102879,0.03,0.024,take_profit,1,0,7,2022-11-01
2022-11-30,2498,57.599998474121094,0.5768683323590021,1,0.02430558204650879,0.055555570870637894,0.0017361509380862117,0.003472235519438982,0.03,0.024,take_profit,1,0,7,2022-11-01
2022-11-30,1312,19.810205459594727,0.5747184878942819,0,0.012019206769764423,0.02403847873210907,-0.016826974228024483,-0.004807701334357262,-0.004807701334357262,-0.010807701334357262,close,0,0,7,2022-11-01
2022-11-30,6234,18.922679901123047,0.5747184878942819,1,0.09547724574804306,0.09798986464738846,0.06532657146453857,0.09798986464738846,0.03,0.024,gap_take_profit,1,0,7,2022-11-01
2022-11-30,1725,19.629850387573242,0.5747184878942819,0,0.048054955899715424,0.05263163521885872,-0.01830654963850975,-0.016018254682421684,0.03,0.024,gap_take_profit,1,0,7,2022-11-01
2022-11-30,6789,233.8786163330078,0.5744820132324225,0,0.02922753617167473,0.06054277345538139,-0.008350752294063568,-0.0062630693428218365,0.03,0.024,take_profit,1,0,7,2022-11-01
2022-11-30,6237,46.59650802612305,0.5733811370345707,1,0.061181288212537766,0.09915594756603241,0.04113907739520073,0.06751038134098053,0.03,0.024,gap_take_profit,1,0,7,2022-11-01
2022-11-30,6118,34.849998474121094,0.5601648281059592,1,0.03873751312494278,0.09899572283029556,0.034433308988809586,0.09899572283029556,0.03,0.024,gap_take_profit,1,0,7,2022-11-01
2022-11-30,1727,26.932035446166992,0.5601648281059592,1,0.03730017691850662,0.08525749295949936,0.03019535541534424,0.044404931366443634,0.03,0.024,gap_take_profit,1,0,7,2022-11-01
2022-11-30,1721,15.494237899780273,0.5601648281059592,1,0.06410250067710876,0.09935885667800903,0.041666578501462936,0.09935885667800903,0.03,0.024,gap_take_profit,1,0,7,2022-11-01
2022-11-30,4764,53.8212776184082,0.5601648281059592,0,0.007352878339588642,0.03860289230942726,-0.025735341012477875,-0.025735341012477875,-0.02,-0.026000000000000002,ambiguous_stop_loss,1,1,7,2022-11-01
2022-11-30,4979,45.21171188354492,0.5601648281059592,1,0.017148908227682114,0.09967837482690811,0.0032153662759810686,0.09967837482690811,0.03,0.024,take_profit,1,0,7,2022-11-01
2022-11-30,3508,35.75,0.5601648281059592,1,0.057342637330293655,0.09930067509412766,0.05454547703266144,0.09930067509412766,0.03,0.024,gap_take_profit,1,0,7,2022-11-01
2022-11-30,1309,20.980497360229492,0.5566150877727166,0,0.0,0.004494399297982454,-0.02471906691789627,0.0,-0.02,-0.026000000000000002,stop_loss,0,1,7,2022-11-01
2022-11-30,8121,30.228317260742188,0.5542028162174415,0,0.04166668653488159,0.043269313871860504,-0.02243584580719471,-0.02243584580719471,0.03,0.024,gap_take_profit,1,1,7,2022-11-01
2022-11-30,4513,22.166868209838867,0.5537083256748555,0,0.006315821316093206,0.021052656695246696,-0.031578924506902695,-0.025263162329792976,-0.02,-0.026000000000000002,stop_loss,0,1,7,2022-11-01
2022-11-30,6451,77.50717163085938,0.548681068508829,1,0.011334965005517006,0.023929422721266747,0.0025187868159264326,0.006297162733972073,0.006297162733972073,0.0002971627339720725,close,0,0,7,2022-11-01
2022-11-30,4171,39.96281433105469,0.5481464507970008,1,0.003860974218696356,0.02702706679701805,0.0019305201712995768,0.023166067898273468,0.023166067898273468,0.01716606789827347,close,0,0,7,2022-11-01
2022-11-30,5536,84.55915832519531,0.5468072784492541,1,0.009950251318514347,0.019900500774383545,0.009950251318514347,0.009950251318514347,0.009950251318514347,0.003950251318514347,close,0,0,7,2022-11-01
2022-11-30,5904,383.4612731933594,0.5467160549186978,1,0.017777888104319572,0.017777888104319572,0.0011112354695796967,0.01000011246651411,0.01000011246651411,0.0040001124665141104,close,0,0,7,2022-11-01
2022-12-01,6491,344.22119140625,0.6203704136011599,1,0.0066136703826487064,0.054232724010944366,0.0066136703826487064,0.015872951596975327,0.03,0.024,take_profit,1,0,8,2022-12-01
2022-12-01,6415,485.11968994140625,0.6149335963864031,1,0.02222226746380329,0.09898994863033295,0.01414145901799202,0.09898994863033295,0.03,0.024,take_profit,1,0,8,2022-12-01
2022-12-01,3027,32.736419677734375,0.6135438315868199,1,0.004511261824518442,0.03458644822239876,-0.01954897865653038,0.03458644822239876,0.03,0.024,take_profit,1,0,8,2022-12-01
2022-12-01,4979,49.71834182739258,0.6042683732486245,0,0.01364521961659193,0.06042886897921562,-0.027290426194667816,-0.0019493047147989273,-0.02,-0.026000000000000002,ambiguous_stop_loss,1,1,8,2022-12-01
2022-12-01,6118,38.29999923706055,0.6022720964399655,0,-0.08616185933351517,0.0,-0.08616185933351517,-0.03524800390005112,-0.08616185933351517,-0.09216185933351517,gap_stop,0,1,8,2022-12-01
2022-12-01,4576,73.12788391113281,0.5997779107727478,1,-3.2268488325826183e-08,0.08333325386047363,-3.2268488325826183e-08,0.0322580523788929,0.03,0.024,take_profit,1,0,8,2022-12-01
2022-12-01,3701,42.87732696533203,0.5977124302383658,1,0.04072405770421028,0.07466068118810654,0.004524944815784693,0.006787346210330725,0.03,0.024,gap_take_profit,1,0,8,2022-12-01
2022-12-01,6719,293.7841796875,0.5975014184907693,1,0.017973870038986206,0.03267975151538849,-0.013071881607174873,0.003267987398430705,0.03,0.024,take_profit,1,0,8,2022-12-01
2022-12-01,6568,151.02760314941406,0.596440711604662,1,0.021874859929084778,0.09999984502792358,0.018749859184026718,0.09999984502792358,0.03,0.024,take_profit,1,0,8,2022-12-01
2022-12-01,6109,16.333091735839844,0.5958725984155709,0,0.0318840891122818,0.07246384769678116,-0.023188313469290733,-0.0028984341770410538,0.03,0.024,gap_take_profit,1,1,8,2022-12-01
2022-12-01,4563,33.35841751098633,0.5890407321278879,1,0.03385041281580925,0.0944991409778595,0.00705208582803607,0.03385041281580925,0.03,0.024,gap_take_profit,1,0,8,2022-12-01
2022-12-01,3675,162.71568298339844,0.588216836883197,1,0.015267143957316875,0.02798977680504322,-0.010178208351135254,0.0025445118080824614,0.0025445118080824614,-0.0034554881919175388,close,0,0,8,2022-12-01
2022-12-01,3356,49.78765106201172,0.5761214808309078,0,0.004098453558981419,0.030737802386283875,-0.07172121852636337,-0.03586053475737572,-0.02,-0.026000000000000002,ambiguous_stop_loss,1,1,8,2022-12-01
2022-12-01,2347,51.33667755126953,0.5734368805477803,1,-0.0016750259092077613,0.01172536052763462,-0.005025058519095182,0.003350151004269719,0.003350151004269719,-0.002649848995730281,close,0,0,8,2022-12-01
2022-12-01,3508,39.29999923706055,0.5725355957383652,1,-0.02544529363512993,0.057251907885074615,-0.06361323595046997,0.010178156197071075,-0.02544529363512993,-0.03144529363512993,gap_stop,1,1,8,2022-12-01
2022-12-01,3128,43.93454360961914,0.5722915441150823,1,0.0272374227643013,0.06225688010454178,-0.007782036438584328,0.011673172935843468,0.03,0.024,take_profit,1,0,8,2022-12-01
2022-12-01,2323,7.464620590209961,0.569597896766112,1,-4.180660084784904e-08,0.022842634469270706,-0.013959448784589767,0.006345099303871393,0.006345099303871393,0.0003450993038713931,close,0,0,8,2022-12-01
2022-12-01,6456,86.68050384521484,0.5678661161546709,1,0.0011001552920788527,0.008800892159342766,-0.00770075898617506,0.00440051918849349,0.00440051918849349,-0.00159948081150651,close,0,0,8,2022-12-01
2022-12-01,1721,17.033727645874023,0.565869739447851,0,0.0029155316296964884,0.011661865748465061,-0.055393509566783905,-0.04373176768422127,-0.02,-0.026000000000000002,stop_loss,0,1,8,2022-12-01
2022-12-01,6234,20.77691078186035,0.5655016731160913,1,0.07093823701143265,0.07322661578655243,-0.016018273308873177,0.013729995116591454,0.03,0.024,gap_take_profit,1,0,8,2022-12-01
2022-12-02,6492,58.70000076293945,0.7068287152323848,1,0.09880748391151428,0.09880748391151428,0.09880748391151428,0.09880748391151428,0.03,0.024,gap_take_profit,1,0,8,2022-12-01
2022-12-02,6415,533.1416625976562,0.6372048271927613,1,0.034926436841487885,0.06433819979429245,-0.003676504362374544,0.0459558479487896,0.03,0.024,gap_take_profit,1,0,8,2022-12-01
2022-12-02,1513,62.37004470825195,0.6276429870931427,0,0.0107362549751997,0.0107362549751997,-0.016871154308319092,-0.00613488769158721,-0.00613488769158721,-0.01213488769158721,close,0,0,8,2022-12-01
2022-12-02,1342,83.96437072753906,0.6194246299402068,1,0.0384615883231163,0.09615390002727509,0.02884616330265999,0.09615390002727509,0.03,0.024,gap_take_profit,1,0,8,2022-12-01
2022-12-02,6558,26.323333740234375,0.6112530183244635,1,0.018867921084165573,0.07735846191644669,-0.024528291076421738,0.03207548335194588,-0.02,-0.026000000000000002,ambiguous_stop_loss,1,1,8,2022-12-01
2022-12-02,6568,166.13034057617188,0.6090874308300992,1,-0.028409026563167572,0.09943189471960068,-0.028409026563167572,0.07102280110120773,-0.028409026563167572,-0.03440902656316757,gap_stop,1,1,8,2022-12-01
2022-12-02,8091,77.8192367553711,0.6076245521400714,1,0.006396490149199963,0.05330481752753258,0.00106600031722337,0.028784530237317085,0.03,0.024,take_profit,1,0,8,2022-12-01
2022-12-02,2468,30.998477935791016,0.6048416236064416,0,0.0290520116686821,0.03975532948970795,-0.03669726848602295,-0.0305810384452343,-0.02,-0.026000000000000002,ambiguous_stop_loss,1,1,8,2022-12-01
2022-12-02,6129,34.83981704711914,0.6028300773814226,0,0.016713082790374756,0.030640659853816032,-0.030640698969364166,-0.030640698969364166,-0.02,-0.026000000000000002,ambiguous_stop_loss,1,1,8,2022-12-01
2022-12-02,8210,70.6097183227539,0.5891009854915407,1,0.004005220718681812,0.021361734718084335,-0.001335151493549347,0.009345694445073605,0.009345694445073605,0.0033456944450736045,close,0,0,8,2022-12-01
2022-12-02,8104,38.0031623840332,0.5867050613237212,0,0.06083646044135094,0.08238277584314346,-0.008872032165527344,-0.0050697121769189835,0.03,0.024,gap_take_profit,1,0,8,2022-12-01
2022-12-02,6806,67.74794006347656,0.5825948347198627,0,0.0014245959464460611,0.021367529407143593,-0.02421647496521473,-0.017093967646360397,-0.02,-0.026000000000000002,stop_loss,0,1,8,2022-12-01
2022-12-02,2883,12.317513465881348,0.5803287101916131,0,3.826526651096174e-08,0.007435011211782694,-0.007434863597154617,-0.003717448329553008,-0.003717448329553008,-0.009717448329553008,close,0,0,8,2022-12-01
2022-12-02,2328,35.96434783935547,0.5799021965064951,1,0.020125767216086388,0.04905662313103676,0.0037736231461167336,0.03522016480565071,0.03,0.024,take_profit,1,0,8,2022-12-01
2022-12-02,2354,50.23367691040039,0.5755098592542661,1,0.014814781956374645,0.016666674986481667,-0.003703736700117588,0.003703698981553316,0.003703698981553316,-0.002296301018446684,close,0,0,8,2022-12-01
2022-12-02,9958,87.189697265625,0.5744300564195337,1,0.0033821507822722197,0.021420463919639587,-0.00450958451256156,0.0011273937998339534,0.0011273937998339534,-0.004872606200166047,close,0,0,8,2022-12-01
2022-12-02,6205,72.36721801757812,0.574153187125136,1,0.022471953183412552,0.058676715940237045,0.022471953183412552,0.034956347197294235,0.03,0.024,take_profit,1,0,8,2022-12-01
2022-12-02,4961,165.6871795654297,0.5723933029277699,0,0.019531207159161568,0.0625000074505806,-0.00390630355104804,0.0,0.03,0.024,take_profit,1,0,8,2022-12-01
2022-12-02,6531,196.33493041992188,0.5698977247008659,0,0.009569397196173668,0.04066987708210945,-0.009569359011948109,-0.009569359011948109,0.03,0.024,take_profit,1,0,8,2022-12-01
2022-12-02,1303,71.28562927246094,0.5689602116335488,0,0.0012970136012881994,0.012970185838639736,-0.0051880707032978535,-0.0051880707032978535,-0.0051880707032978535,-0.011188070703297854,close,0,0,8,2022-12-01
2022-12-05,6492,64.5,0.6872814101938512,1,0.06821707636117935,0.06821707636117935,0.0,0.020155085250735283,0.03,0.024,gap_take_profit,1,0,8,2022-12-01
2022-12-05,1560,121.08126831054688,0.6252326935626199,1,0.011718761175870895,0.050781261175870895,-0.007812489289790392,0.011718761175870895,0.03,0.024,take_profit,1,0,8,2022-12-01
2022-12-05,6187,71.96144104003906,0.6239778093085341,0,0.012145834974944592,0.013495342805981636,-0.03373812884092331,-0.031039012596011162,-0.02,-0.026000000000000002,stop_loss,0,1,8,2022-12-01
2022-12-05,4171,45.59463882446289,0.6224215185208811,0,0.04906930774450302,0.06598984450101852,-0.025380704551935196,-0.02030460722744465,0.03,0.024,gap_take_profit,1,1,8,2022-12-01
2022-12-05,4746,63.744232177734375,0.6194752090994012,0,-0.007246376946568489,0.018840624019503593,-0.023188384249806404,0.0,-0.02,-0.026000000000000002,stop_loss,0,1,8,2022-12-01
2022-12-05,6109,17.895387649536133,0.6169149604902281,0,0.04497356712818146,0.06878313422203064,0.0,0.0,0.03,0.024,gap_take_profit,1,0,8,2022-12-01
2022-12-05,8436,155.61228942871094,0.6153806922032816,1,0.011904789134860039,0.08333336561918259,-0.011904735118150711,0.05059526488184929,0.03,0.024,take_profit,1,0,8,2022-12-01
2022-12-05,1795,254.77456665039062,0.6125284432702017,0,-0.005565895698964596,0.0018552542896941304,-0.07421153038740158,-0.07421153038740158,-0.02,-0.026000000000000002,stop_loss,0,1,8,2022-12-01
2022-12-05,3017,121.41692352294922,0.611227926280595,0,0.003936954773962498,0.011811011470854282,-0.0354330874979496,-0.023622063919901848,-0.02,-0.026000000000000002,stop_loss,0,1,8,2022-12-01
2022-12-05,8044,56.078460693359375,0.6081156735143359,0,-0.007029901724308729,-0.005272426176816225,-0.07557123899459839,-0.0667838603258133,-0.02,-0.026000000000000002,stop_loss,0,1,8,2022-12-01
2022-12-05,8028,58.549468994140625,0.6052393146262783,0,-0.007824784144759178,0.012519537471234798,-0.04851330444216728,-0.04068862646818161,-0.02,-0.026000000000000002,stop_loss,0,1,8,2022-12-01
2022-12-05,8033,44.16334915161133,0.5995541307134336,1,0.04434594884514809,0.0720621645450592,-0.02217288687825203,0.04212864860892296,0.03,0.024,gap_take_profit,1,1,8,2022-12-01
2022-12-05,6695,50.599998474121094,0.5985823786767878,1,0.01778659224510193,0.08695655316114426,0.01778659224510193,0.06719370931386948,0.03,0.024,take_profit,1,0,8,2022-12-01
2022-12-05,3540,25.21601104736328,0.5958227062725063,1,0.02127663418650627,0.09090917557477951,0.01934242807328701,0.054158661514520645,0.03,0.024,take_profit,1,0,8,2022-12-01
2022-12-05,1736,81.58355712890625,0.594785052644073,0,0.001175089506432414,0.012925971299409866,-0.02115151472389698,-0.0035251914523541927,-0.02,-0.026000000000000002,stop_loss,0,1,8,2022-12-01
2022-12-05,3228,192.5379638671875,0.5929869567436779,1,0.0629722997546196,0.09823676198720932,0.042821142822504044,0.09823676198720932,0.03,0.024,gap_take_profit,1,0,8,2022-12-01
2022-12-05,6761,70.99635314941406,0.5913810069837296,0,0.037444934248924255,0.06387662887573242,0.0,0.0,0.03,0.024,gap_take_profit,1,0,8,2022-12-01
2022-12-05,6788,95.61203002929688,0.5848421507601137,0,0.022727273404598236,0.036363635212183,-0.059090908616781235,-0.05000000074505806,-0.02,-0.026000000000000002,ambiguous_stop_loss,1,1,8,2022-12-01
2022-12-05,3290,27.505250930786133,0.569575449860177,0,2.6897151172988742e-08,2.6897151172988742e-08,-0.059340640902519226,-0.059340640902519226,-0.02,-0.026000000000000002,stop_loss,0,1,8,2022-12-01
2022-12-05,6541,110.03218078613281,0.5652977523996712,0,0.044058725237846375,0.045393895357847214,-0.04806409403681755,-0.04806409403681755,0.03,0.024,gap_take_profit,1,1,8,2022-12-01
2022-12-06,6274,48.56877136230469,0.6506512820837821,0,-0.0036167160142213106,0.003616584464907646,-0.043399661779403687,-0.030741488561034203,-0.02,-0.026000000000000002,stop_loss,0,1,8,2022-12-01
2022-12-06,6133,25.082107543945312,0.6345924895903097,0,0.0019267370225861669,0.009633895009756088,-0.055876728147268295,-0.042389240115880966,-0.02,-0.026000000000000002,stop_loss,0,1,8,2022-12-01
2022-12-06,4721,99.87369537353516,0.629081222998067,0,-2.121956299561134e-08,0.013636342249810696,-0.022727293893694878,-0.01818183809518814,-0.02,-0.026000000000000002,stop_loss,0,1,8,2022-12-01
2022-12-06,3290,25.873071670532227,0.6256796299877108,0,-4.936269704103324e-08,0.016355089843273163,-0.01869162917137146,-0.004672928713262081,-0.004672928713262081,-0.010672928713262081,close,0,0,8,2022-12-01
2022-12-06,6781,744.6660766601562,0.624855714772427,1,-6.458324008917771e-08,0.04701390862464905,-0.001270712586119771,0.012706414796411991,0.03,0.024,take_profit,1,0,8,2022-12-01
2022-12-06,1524,22.14809226989746,0.6208319078859733,0,-0.005893968045711517,0.00982318352907896,-0.037328120321035385,-0.02161104418337345,-0.02,-0.026000000000000002,stop_loss,0,1,8,2022-12-01
2022-12-06,6156,17.510507583618164,0.6192652265115279,1,0.005128312390297651,0.04358985275030136,0.005128312390297651,0.02307705208659172,0.03,0.024,take_profit,1,0,8,2022-12-01
2022-12-06,2201,59.27750015258789,0.6157435577493694,0,-0.001540792640298605,0.013867571018636227,-0.029275812208652496,-0.023112455382943153,-0.02,-0.026000000000000002,stop_loss,0,1,8,2022-12-01
2022-12-06,2606,38.31450271606445,0.6098322335872717,1,-1.2623831935343333e-07,0.029999835416674614,-0.0022223142441362143,0.0066665224730968475,0.0066665224730968475,0.0006665224730968474,close,0,0,8,2022-12-01
2022-12-06,3234,23.42327117919922,0.6094068284427678,1,0.0,0.018000023439526558,-0.024000003933906555,0.003999987151473761,-0.02,-0.026000000000000002,stop_loss,0,1,8,2022-12-01
2022-12-06,6470,53.281986236572266,0.6080626938509099,0,-0.0046948096714913845,0.015649504959583282,-0.028169022873044014,-0.0046948096714913845,-0.02,-0.026000000000000002,stop_loss,0,1,8,2022-12-01
2022-12-06,3508,36.79999923706055,0.606489560532564,0,0.005434803664684296,0.023097889497876167,-0.038043417036533356,-0.035326067358255386,-0.02,-0.026000000000000002,stop_loss,0,1,8,2022-12-01
2022-12-06,5009,27.740510940551758,0.6030929093606652,0,0.0015360680408775806,0.01843324303627014,-0.023041481152176857,-0.00921657308936119,-0.02,-0.026000000000000002,stop_loss,0,1,8,2022-12-01
2022-12-06,4968,126.0,0.602851608370129,0,-0.007936508394777775,0.003968254197388887,-0.0396825410425663,-0.01587301678955555,-0.02,-0.026000000000000002,stop_loss,0,1,8,2022-12-01
2022-12-06,1732,30.549999237060547,0.6020687604474027,0,0.0,0.011456641368567944,-0.02454991824924946,-0.014729914255440235,-0.02,-0.026000000000000002,stop_loss,0,1,8,2022-12-01
2022-12-06,4927,57.72291564941406,0.6016320575389996,0,-0.003361320123076439,0.015126113779842854,-0.01848733238875866,-0.01680668629705906,-0.01680668629705906,-0.022806686297059058,close,0,0,8,2022-12-01
2022-12-06,6683,193.86508178710938,0.6004638599927486,0,0.0023697062861174345,0.009478711523115635,-0.045023661106824875,-0.045023661106824875,-0.02,-0.026000000000000002,stop_loss,0,1,8,2022-12-01
2022-12-06,3317,36.981201171875,0.6003911719631899,1,0.0035777867306023836,0.07334517687559128,0.0035777867306023836,0.023255694657564163,0.03,0.024,take_profit,1,0,8,2022-12-01
2022-12-06,6153,26.70710563659668,0.5996067703032644,0,-0.018314950168132782,-0.012820388190448284,-0.07142848521471024,-0.07142848521471024,-0.02,-0.026000000000000002,stop_loss,0,1,8,2022-12-01
2022-12-06,3059,35.05436325073242,0.5994288286919136,0,-0.0013587039429694414,0.014945602044463158,-0.02717394195497036,-0.025815267115831375,-0.02,-0.026000000000000002,stop_loss,0,1,8,2022-12-01
2022-12-07,6235,35.81071472167969,0.6278581021574129,1,0.014646947383880615,0.026630986481904984,0.009320797398686409,0.015978585928678513,0.015978585928678513,0.009978585928678512,close,0,0,8,2022-12-01
2022-12-07,2486,22.934463500976562,0.6232774832302967,1,0.014925187453627586,0.031982820481061935,-0.010661098174750805,0.010660860687494278,0.03,0.024,take_profit,1,0,8,2022-12-01
2022-12-07,3419,18.94297218322754,0.6229851816809737,1,0.007832958362996578,0.02872076816856861,0.005222031380981207,0.018276862800121307,0.018276862800121307,0.012276862800121307,close,0,0,8,2022-12-01
2022-12-07,8155,104.59856414794922,0.622963600943493,1,0.025974083691835403,0.04329010099172592,0.012987070716917515,0.012987070716917515,0.03,0.024,take_profit,1,0,8,2022-12-01
2022-12-07,3558,198.0069122314453,0.6223232408959756,1,4.96051661968977e-08,0.03631966561079025,-0.012106488458812237,0.019370511174201965,0.03,0.024,take_profit,1,0,8,2022-12-01
2022-12-07,5351,42.18987274169922,0.6168330346621665,1,0.014018640853464603,0.023364469408988953,0.0011682059848681092,0.01752333715558052,0.01752333715558052,0.01152333715558052,close,0,0,8,2022-12-01
2022-12-07,4543,22.18299102783203,0.6149438392553879,1,0.0039681727066636086,0.029761802405118942,0.001984053524211049,0.01587296836078167,0.01587296836078167,0.00987296836078167,close,0,0,8,2022-12-01
2022-12-07,6683,185.13656616210938,0.6135956243545575,0,-0.017369747161865234,0.007444147951900959,-0.0272953063249588,-0.022332526743412018,-0.02,-0.026000000000000002,stop_loss,0,1,8,2022-12-01
2022-12-07,6279,138.12600708007812,0.6134892106133109,1,0.0065789595246315,0.042763110250234604,0.0065789595246315,0.03947371616959572,0.03,0.024,take_profit,1,0,8,2022-12-01
2022-12-07,8261,97.76253509521484,0.6119972072657504,1,0.009090976789593697,0.01818188652396202,6.6740142301569e-08,0.004545521456748247,0.004545521456748247,-0.001454478543251753,close,0,0,8,2022-12-01
2022-12-07,6531,176.13778686523438,0.611990830153475,0,0.00799993984401226,0.03199993818998337,-0.0026667264755815268,-0.0026667264755815268,0.03,0.024,take_profit,1,0,8,2022-12-01
2022-12-07,6547,79.0999984741211,0.6113945954690307,1,0.031605564057826996,0.048040494322776794,0.010113818570971489,0.034134067595005035,0.03,0.024,gap_take_profit,1,0,8,2022-12-01
2022-12-07,4566,49.71590042114258,0.6097031162116402,1,3.320852925980944e-08,0.01841624081134796,-0.0036832222249358892,0.011049799621105194,0.011049799621105194,0.005049799621105194,close,0,0,8,2022-12-01
2022-12-07,8249,25.407325744628906,0.6082863260461214,1,0.03053431771695614,0.03816787526011467,0.005725121591240168,0.02862592786550522,0.03,0.024,gap_take_profit,1,0,8,2022-12-01
2022-12-07,3434,23.063051223754883,0.6075084826128647,1,1.7935791518652877e-08,0.029250476509332657,1.7935791518652877e-08,0.005484514404088259,0.005484514404088259,-0.0005154855959117414,close,0,0,8,2022-12-01
2022-12-07,6138,115.79351043701172,0.6050224420631768,0,0.0,0.01498127356171608,-0.00374531839042902,0.0,0.0,-0.006,close,0,0,8,2022-12-01
2022-12-07,2302,16.0966796875,0.6040314493467108,1,0.005665651988238096,0.016997139900922775,-0.0056658354587852955,0.011331395246088505,0.011331395246088505,0.005331395246088505,close,0,0,8,2022-12-01
2022-12-07,6558,24.53533363342285,0.6036569343900092,0,-0.006072936113923788,0.02429143525660038,-0.006072936113923788,0.0,0.0,-0.006,close,0,0,8,2022-12-01
2022-12-07,6485,67.70243072509766,0.6035247513040597,1,0.00968183297663927,0.016597462818026543,-0.0082988440990448,0.002766204299405217,0.002766204299405217,-0.003233795700594783,close,0,0,8,2022-12-01
2022-12-07,6129,31.637269973754883,0.6012438851619711,1,2.038663815540076e-08,0.015337444841861725,2.038663815540076e-08,0.0030675753951072693,0.0030675753951072693,-0.002932424604892731,close,0,0,8,2022-12-01
2022-12-08,4770,307.3484191894531,0.6163403684757038,0,0.01759522408246994,0.0439881831407547,-0.04545462504029274,-0.03225814551115036,-0.02,-0.026000000000000002,ambiguous_stop_loss,1,1,8,2022-12-01
2022-12-08,1342,108.58853149414062,0.59415106227306,1,2.5730102493071172e-08,0.026022346690297127,-0.0223048385232687,0.011152458377182484,-0.02,-0.026000000000000002,stop_loss,0,1,8,2022-12-01
2022-12-08,2444,15.0,0.593249833263595,1,0.0066666919738054276,0.09333331137895584,0.0066666919738054276,0.08000005036592484,0.03,0.024,take_profit,1,0,8,2022-12-01
2022-12-08,4916,28.78255844116211,0.5922640144242866,0,0.06122458353638649,0.06122458353638649,-0.02040812559425831,-0.010204004123806953,0.03,0.024,gap_take_profit,1,1,8,2022-12-01
2022-12-08,2236,23.4642276763916,0.5856654915515702,0,0.043032824993133545,0.043032824993133545,-0.03278689086437225,-0.028688475489616394,0.03,0.024,gap_take_profit,1,1,8,2022-12-01
2022-12-08,3587,139.9037322998047,0.5810150813294681,1,0.0370369590818882,0.05864183232188225,0.006172701250761747,0.027777671813964844,0.03,0.024,gap_take_profit,1,0,8,2022-12-01
2022-12-08,3289,81.33650970458984,0.577604842897555,1,0.035028133541345596,0.06214679405093193,0.009039487689733505,0.02033892087638378,0.03,0.024,gap_take_profit,1,0,8,2022-12-01
2022-12-08,4523,34.400001525878906,0.5755321156261546,1,0.05523248761892319,0.0901162326335907,-0.023255901411175728,0.05232555791735649,0.03,0.024,gap_take_profit,1,1,8,2022-12-01
2022-12-08,3693,82.81111907958984,0.5675146805110802,1,0.03958095982670784,0.09895230829715729,0.01979045383632183,0.09895230829715729,0.03,0.024,gap_take_profit,1,0,8,2022-12-01
2022-12-08,4904,62.21116638183594,0.5625038252431405,0,-0.0014814588939771056,0.0014814588939771056,-0.007407407276332378,0.0,0.0,-0.006,close,0,0,8,2022-12-01
2022-12-08,9802,137.7854461669922,0.5609499236472962,1,0.019543930888175964,0.048859890550374985,-4.170844647433114e-08,0.003257287200540304,0.03,0.024,take_profit,1,0,8,2022-12-01
2022-12-08,6243,28.391571044921875,0.5586412604651777,0,0.03612467646598816,0.06732338666915894,-0.03119877353310585,-0.014778412878513336,0.03,0.024,gap_take_profit,1,1,8,2022-12-01
2022-12-08,3702,40.94133758544922,0.5571545288886065,1,-0.0052355751395225525,0.015706833451986313,-0.0052355751395225525,0.015706833451986313,0.015706833451986313,0.009706833451986313,close,0,0,8,2022-12-01
2022-12-08,9933,35.75009536743164,0.5542269691984626,0,0.0034842658787965775,0.008129988797008991,-0.011614479124546051,-0.009291617199778557,-0.009291617199778557,-0.015291617199778557,close,0,0,8,2022-12-01
2022-12-08,2731,89.97468566894531,0.5478632933718504,0,0.01485139038413763,0.0247524231672287,-0.009901076555252075,-0.009901076555252075,-0.009901076555252075,-0.015901076555252074,close,0,0,8,2022-12-01
2022-12-08,2324,19.223779678344727,0.5478330149943662,1,0.0023094688076525927,0.013856812380254269,-5.2829928876008125e-08,0.013856812380254269,0.013856812380254269,0.007856812380254269,close,0,0,8,2022-12-01
2022-12-08,6257,41.983116149902344,0.545444926306791,1,0.005065757781267166,0.010131613351404667,-0.0010132535826414824,0.003039446659386158,0.003039446659386158,-0.002960553340613842,close,0,0,8,2022-12-01
2022-12-08,1402,28.968963623046875,0.5448458183719869,1,0.0045454795472323895,0.006060608197003603,-0.004545521456748247,0.006060608197003603,0.006060608197003603,6.060819700360286e-05,close,0,0,8,2022-12-01
2022-12-08,2347,51.422672271728516,0.5393479596829458,0,0.0,0.006688988767564297,-0.008361204527318478,0.0,0.0,-0.006,close,0,0,8,2022-12-01
2022-12-08,1477,198.7363739013672,0.5388539618610858,1,0.012396781705319881,0.03305794671177864,-0.002066001994535327,0.010330697521567345,0.03,0.024,take_profit,1,0,8,2022-12-01
2022-12-09,3092,34.81546401977539,0.6252671676333934,0,-0.021505383774638176,-0.004032247234135866,-0.02688164822757244,-0.008064500987529755,-0.021505383774638176,-0.027505383774638174,gap_stop,0,1,8,2022-12-01
2022-12-09,2731,89.0838394165039,0.6119440335820218,1,-6.73380995408479e-08,0.029999908059835434,-6.73380995408479e-08,0.004999915603548288,0.004999915603548288,-0.0010000843964517118,close,0,0,8,2022-12-01
2022-12-09,2351,95.45490264892578,0.6115260216085013,0,0.004807759076356888,0.009615452028810978,-0.014423010870814323,-0.014423010870814323,-0.014423010870814323,-0.020423010870814322,close,0,0,8,2022-12-01
2022-12-09,8383,32.44289779663086,0.6103973132476179,1,1.4301017259299442e-08,0.015831107273697853,1.4301017259299442e-08,0.015831107273697853,0.015831107273697853,0.009831107273697853,close,0,0,8,2022-12-01
2022-12-09,6235,35.76302719116211,0.6088245134562508,1,-0.011999937705695629,0.01200010534375906,-0.019999917596578598,0.009333377704024315,0.009333377704024315,0.0033333777040243148,close,0,0,8,2022-12-01
2022-12-09,3338,30.320985794067383,0.6062259951008377,0,5.659851964878726e-08,5.659851964878726e-08,-0.019287822768092155,-0.013353082351386547,-0.013353082351386547,-0.019353082351386545,close,0,0,8,2022-12-01
2022-12-09,1526,42.69413375854492,0.6040016124522719,1,0.0011061533587053418,0.03429199382662773,-0.004424819722771645,0.029867196455597878,0.03,0.024,take_profit,1,0,8,2022-12-01
2022-12-09,6669,828.6656494140625,0.6036333897163386,1,3.864650821583382e-08,0.014348825439810753,-0.023178769275546074,0.0055188024416565895,-0.02,-0.026000000000000002,stop_loss,0,1,8,2022-12-01
2022-12-09,2399,13.649999618530273,0.6031300767446979,0,0.0036630176473408937,0.0036630176473408937,-0.018315019086003304,-0.007325965445488691,-0.007325965445488691,-0.013325965445488691,close,0,0,8,2022-12-01
2022-12-09,1527,37.18427276611328,0.6023745206105534,0,-8.275595320128559e-08,-8.275595320128559e-08,-0.009661953896284103,-0.004831018391996622,-0.004831018391996622,-0.010831018391996622,close,0,0,8,2022-12-01
2022-12-09,1303,67.95712280273438,0.6022491963804149,0,-9.952904633792059e-08,0.0013604237465187907,-0.01768721453845501,-0.0027211462147533894,-0.0027211462147533894,-0.00872114621475339,close,0,0,8,2022-12-01
2022-12-09,4919,111.86920166015625,0.6020646635912563,1,-0.004115174524486065,0.012345731258392334,-0.008230401203036308,0.0041152783669531345,0.0041152783669531345,-0.0018847216330468656,close,0,0,8,2022-12-01
2022-12-09,1326,66.62889099121094,0.6020143572341909,1,-4.7665743352354184e-08,0.0014103678986430168,-0.008462648838758469,0.0014103678986430168,0.0014103678986430168,-0.004589632101356983,close,0,0,8,2022-12-01
2022-12-09,6781,709.6563110351562,0.6014738524926595,0,1.9034256837358043e-08,1.9034256837358043e-08,-0.041333314031362534,-0.023999981582164764,-0.02,-0.026000000000000002,stop_loss,0,1,8,2022-12-01
2022-12-09,2636,54.378910064697266,0.6010869867833804,0,0.001385182375088334,0.001385182375088334,-0.019390443339943886,-0.009695193730294704,-0.009695193730294704,-0.015695193730294703,close,0,0,8,2022-12-01
2022-12-09,1305,23.258806228637695,0.5990929021367224,1,0.008213472552597523,0.057494815438985825,-0.030800852924585342,0.05133466795086861,-0.02,-0.026000000000000002,ambiguous_stop_loss,1,1,8,2022-12-01
2022-12-09,5426,13.499044418334961,0.5955859362113977,1,0.0035842617508023977,0.04659504443407059,1.8484062280776925e-08,0.03942655771970749,0.03,0.024,take_profit,1,0,8,2022-12-01
2022-12-09,4768,152.6243896484375,0.594740940809714,0,-0.013440890237689018,-0.010752650909125805,-0.053763408213853836,-0.04838712513446808,-0.02,-0.026000000000000002,stop_loss,0,1,8,2022-12-01
2022-12-09,2889,10.140046119689941,0.5946722979783164,0,0.0,0.0,-0.008771945722401142,0.0,0.0,-0.006,close,0,0,8,2022-12-01
2022-12-09,2020,15.921027183532715,0.5930500353151356,1,-0.00439566420391202,0.0065932790748775005,-0.008791301399469376,0.002197741996496916,0.002197741996496916,-0.0038022580035030843,close,0,0,8,2022-12-01
2022-12-12,2444,17.799999237060547,0.5165884535733004,1,0.016853997483849525,0.09831461310386658,-0.011235890910029411,0.0758427232503891,0.03,0.024,take_profit,1,0,8,2022-12-01
2022-12-12,4130,27.90627670288086,0.5162197145514722,1,0.010050244629383087,0.09882751107215881,0.005025153513997793,0.09882751107215881,0.03,0.024,take_profit,1,0,8,2022-12-01
2022-12-12,6234,23.201675415039062,0.5084916579570142,0,0.02459028735756874,0.03893456608057022,-0.045081883668899536,-0.036885131150484085,-0.02,-0.026000000000000002,ambiguous_stop_loss,1,1,8,2022-12-01
2022-12-12,3686,15.75,0.5043201445478729,0,-0.0476190485060215,-0.009523785673081875,-0.0793650820851326,-0.0476190485060215,-0.0476190485060215,-0.0536190485060215,gap_stop,0,1,8,2022-12-01
2022-12-12,3499,18.799999237060547,0.49598971799443287,0,0.013297872617840767,0.021276677027344704,-0.013297872617840767,-0.013297872617840767,-0.013297872617840767,-0.019297872617840765,close,0,0,8,2022-12-01
2022-12-12,4167,20.01709747314453,0.49375191664084656,1,0.0992736890912056,0.0992736890912056,0.07990315556526184,0.0992736890912056,0.03,0.024,gap_take_profit,1,0,8,2022-12-01
2022-12-12,1720,49.61001968383789,0.49140226914503293,1,0.03019542247056961,0.0994672104716301,0.023090599104762077,0.0994672104716301,0.03,0.024,gap_take_profit,1,0,8,2022-12-01
2022-12-12,3138,139.19615173339844,0.49126300800363476,0,0.04276321083307266,0.0822368785738945,-0.059210482984781265,-0.046052560210227966,0.03,0.024,gap_take_profit,1,1,8,2022-12-01
2022-12-12,8072,25.43645477294922,0.49083165851103006,1,0.009057911112904549,0.027173850685358047,0.005434709135442972,0.01992744766175747,0.01992744766175747,0.013927447661757469,close,0,0,8,2022-12-01
2022-12-12,6609,31.725366592407227,0.4901815555294973,0,0.04055937007069588,0.048950958997011185,-0.02377626672387123,-0.013986099511384964,0.03,0.024,gap_take_profit,1,1,8,2022-12-01
2022-12-12,8476,45.8818473815918,0.48639608181149296,1,0.005545388907194138,0.016635967418551445,-0.011090517975389957,0.005545388907194138,0.005545388907194138,-0.00045461109280586255,close,0,0,8,2022-12-01
2022-12-12,6695,45.04999923706055,0.48106239298353837,0,0.01331858616322279,0.028856810182332993,0.0,0.0,0.0,-0.006,close,0,0,8,2022-12-01
2022-12-12,3128,40.72920608520508,0.4805865126927074,0,0.00314789148978889,0.01783835142850876,-0.018887756392359734,-0.018887756392359734,-0.018887756392359734,-0.024887756392359732,close,0,0,8,2022-12-01
2022-12-12,2727,128.3118438720703,0.4764404897038138,1,0.01538466103374958,0.03384621441364288,-0.003076891414821148,0.003076924942433834,0.03,0.024,take_profit,1,0,8,2022-12-01
2022-12-12,2231,134.63755798339844,0.4703869840974228,0,0.013201292604207993,0.013201292604207993,-0.016501640900969505,-0.016501640900969505,-0.016501640900969505,-0.022501640900969504,close,0,0,8,2022-12-01
2022-12-12,2731,89.52925109863281,0.4700588732789887,1,0.004975314252078533,0.019900640472769737,1.2837233498430578e-07,0.009950422681868076,0.009950422681868076,0.003950422681868076,close,0,0,8,2022-12-01
2022-12-12,9910,148.2512664794922,0.46989695484377575,0,0.005390797276049852,0.005390797276049852,-0.024258745834231377,-0.021563341841101646,-0.02,-0.026000000000000002,stop_loss,0,1,8,2022-12-01
2022-12-12,3265,40.50239944458008,0.46975495726299277,0,0.01277941931039095,0.01277941931039095,-0.003195019904524088,-0.003195019904524088,-0.003195019904524088,-0.009195019904524088,close,0,0,8,2022-12-01
2022-12-12,3321,17.901674270629883,0.468012297680766,1,0.008343284018337727,0.008343284018337727,0.0,0.004767606034874916,0.004767606034874916,-0.001232393965125084,close,0,0,8,2022-12-01
2022-12-12,6491,366.5318298339844,0.46567255181693606,0,0.008695673197507858,0.03229818120598793,-0.006211162079125643,0.0,0.03,0.024,take_profit,1,0,8,2022-12-01
2022-12-13,6129,30.278615951538086,0.7342353085266374,1,0.011217989958822727,0.038461655378341675,0.001602628850378096,0.03685899078845978,0.03,0.024,take_profit,1,0,8,2022-12-01
2022-12-13,2338,84.28738403320312,0.7317177267112742,1,0.010101048275828362,0.028058383613824844,0.007856412790715694,0.026936065405607224,0.026936065405607224,0.020936065405607225,close,0,0,8,2022-12-01
2022-12-13,2753,182.29061889648438,0.7238638701232931,1,0.009638482704758644,0.03132522851228714,0.004819205496460199,0.01927703619003296,0.03,0.024,take_profit,1,0,8,2022-12-01
2022-12-13,1802,24.549999237060547,0.7227577553459678,1,0.002036706544458866,0.02647664211690426,0.002036706544458866,0.022403305396437645,0.022403305396437645,0.016403305396437647,close,0,0,8,2022-12-01
2022-12-13,8091,72.50960540771484,0.7224442100760344,1,0.0183065515011549,0.05148734524846077,0.0045766099356114864,0.046910665929317474,0.03,0.024,take_profit,1,0,8,2022-12-01
2022-12-13,1736,74.77693939208984,0.7207599484236906,1,0.003846179461106658,0.015384562313556671,-0.006410269532352686,0.010256435722112656,0.010256435722112656,0.0042564357221126555,close,0,0,8,2022-12-01
2022-12-13,9958,86.30502319335938,0.7196454826552713,1,0.010250451043248177,0.028473753482103348,0.0034167561680078506,0.028473753482103348,0.028473753482103348,0.02247375348210335,close,0,0,8,2022-12-01
2022-12-13,3380,27.57571792602539,0.7156871833022639,1,0.008196735754609108,0.019672159105539322,0.004918035119771957,0.018032776191830635,0.018032776191830635,0.012032776191830635,close,0,0,8,2022-12-01
2022-12-13,6426,65.55680847167969,0.7153266369507685,1,0.008771932683885098,0.03801169991493225,-0.001461941166780889,0.032163724303245544,0.03,0.024,take_profit,1,0,8,2022-12-01
2022-12-13,6245,84.14730072021484,0.7151720164457782,1,0.011340257711708546,0.06185565143823624,-2.2365952645486686e-08,0.05154643952846527,0.03,0.024,take_profit,1,0,8,2022-12-01
2022-12-13,6415,482.1795654296875,0.7141767741804022,1,0.0162601787596941,0.08536586910486221,0.0162601787596941,0.08130083233118057,0.03,0.024,take_profit,1,0,8,2022-12-01
2022-12-13,4536,163.44464111328125,0.7137556547043487,1,0.01295335404574871,0.025906722992658615,0.0025906602386385202,0.018134701997041702,0.018134701997041702,0.012134701997041702,close,0,0,8,2022-12-01
2022-12-13,9902,12.163576126098633,0.7129020061403392,1,0.003968186676502228,0.019841263070702553,0.003968186676502228,0.007936455309391022,0.007936455309391022,0.0019364553093910216,close,0,0,8,2022-12-01
2022-12-13,3228,183.80828857421875,0.7126875040830817,1,0.015831029042601585,0.09762527793645859,-6.124699325482652e-08,0.09762527793645859,0.03,0.024,take_profit,1,0,8,2022-12-01
2022-12-13,1605,43.0862922668457,0.7117766634324234,1,0.006342579610645771,0.014799272641539574,-0.0021140326280146837,0.011627992615103722,0.011627992615103722,0.0056279926151037215,close,0,0,8,2022-12-01
2022-12-13,1303,67.12498474121094,0.7095316092351655,1,0.012396827340126038,0.027548324316740036,0.005509774666279554,0.017906490713357925,0.017906490713357925,0.011906490713357925,close,0,0,8,2022-12-01
2022-12-13,4768,141.5468292236328,0.7093066541106359,1,0.017391223460435867,0.023188365623354912,-0.008695649914443493,0.020289847627282143,0.020289847627282143,0.014289847627282143,close,0,0,8,2022-12-01
2022-12-13,4904,61.56601333618164,0.7086692250101876,1,0.004490939900279045,0.013472952879965305,0.002993956906720996,0.008982003666460514,0.008982003666460514,0.002982003666460514,close,0,0,8,2022-12-01
2022-12-13,2727,128.70664978027344,0.7079628730989542,0,-0.003067469922825694,0.009202511981129646,-0.006134939845651388,0.0,0.0,-0.006,close,0,0,8,2022-12-01
2022-12-13,2412,98.84261322021484,0.7076032639689785,1,0.00900907814502716,0.0180180873721838,0.004504573531448841,0.004504573531448841,0.004504573531448841,-0.001495426468551159,close,0,0,8,2022-12-01
2022-12-14,1784,38.013824462890625,0.6651288489711666,1,-0.008129972964525223,0.017421657219529152,-0.008129972964525223,0.016260255128145218,0.016260255128145218,0.010260255128145218,close,0,0,8,2022-12-01
2022-12-14,2412,99.28785705566406,0.6647091591709332,1,0.008968601934611797,0.008968601934611797,-8.232982295908187e-09,0.004484296776354313,0.004484296776354313,-0.0015157032236456872,close,0,0,8,2022-12-01
2022-12-14,6515,424.54498291015625,0.6506522850283168,0,0.0033369872253388166,0.014460457488894463,-0.01779760606586933,-0.014460564590990543,-0.014460564590990543,-0.020460564590990542,close,0,0,8,2022-12-01
2022-12-14,5475,11.350000381469727,0.6499847422330237,1,0.0,0.03964756056666374,0.0,0.030836952850222588,0.03,0.024,take_profit,1,0,8,2022-12-01
2022-12-14,2014,25.413402557373047,0.64840028440778,1,0.03861004859209061,0.08108110725879669,0.023166047409176826,0.06563710421323776,0.03,0.024,gap_take_profit,1,0,8,2022-12-01
2022-12-14,6727,62.03982925415039,0.6482145225215556,1,0.007072165608406067,0.02687416784465313,0.0042433543130755424,0.014144301414489746,0.014144301414489746,0.008144301414489746,close,0,0,8,2022-12-01
2022-12-14,3219,50.49238204956055,0.6418595469876145,0,0.0019230869365856051,0.028846194967627525,-0.04615383967757225,-0.03846149891614914,-0.02,-0.026000000000000002,stop_loss,0,1,8,2022-12-01
2022-12-14,3050,15.761855125427246,0.6387975911861592,1,1.18243875135704e-07,0.028985628858208656,-0.008695513010025024,0.02028999850153923,0.02028999850153923,0.01428999850153923,close,0,0,8,2022-12-01
2022-12-14,3188,11.451979637145996,0.638222927999226,0,-0.00763354916125536,-0.00763354916125536,-0.015267166309058666,-0.011450357735157013,-0.011450357735157013,-0.01745035773515701,close,0,0,8,2022-12-01
2022-12-14,6425,17.993751525878906,0.6376068140321861,1,-0.01030926126986742,0.0154639333486557,-0.01030926126986742,0.007731896359473467,0.007731896359473467,0.0017318963594734667,close,0,0,8,2022-12-01
2022-12-14,1434,23.311872482299805,0.6372767956478181,0,0.0,0.0037806604523211718,-0.0018904024036601186,0.0,0.0,-0.006,close,0,0,8,2022-12-01
2022-12-14,3622,25.45668601989746,0.6365661507357159,0,0.0017421336378902197,0.0017421336378902197,-0.01567946933209896,0.0,0.0,-0.006,close,0,0,8,2022-12-01
2022-12-14,4960,10.319777488708496,0.6362701507004496,1,0.004999944940209389,0.009999934583902359,-0.0010001076152548194,0.009999934583902359,0.009999934583902359,0.003999934583902359,close,0,0,8,2022-12-01
2022-12-14,2913,22.899999618530273,0.6360993530054605,0,0.008733658120036125,0.008733658120036125,-0.013100403361022472,-0.006550201680511236,-0.006550201680511236,-0.012550201680511236,close,0,0,8,2022-12-01
2022-12-14,1528,10.240328788757324,0.6358685159597771,1,7.544550584270837e-08,0.024038540199398994,7.544550584270837e-08,0.014423209242522717,0.014423209242522717,0.008423209242522716,close,0,0,8,2022-12-01
2022-12-14,1785,31.26596450805664,0.6357289194745152,1,6.456252066300294e-08,0.015105806291103363,6.456252066300294e-08,0.006042384542524815,0.006042384542524815,4.238454252481448e-05,close,0,0,8,2022-12-01
2022-12-14,1307,18.10875701904297,0.6341001261162262,0,2.0708494474774852e-08,0.0023641411680728197,-0.009456190280616283,-0.009456190280616283,-0.009456190280616283,-0.015456190280616284,close,0,0,8,2022-12-01
2022-12-14,3530,77.30000305175781,0.6339571449849797,1,0.005174565128982067,0.020698556676506996,0.0,0.020698556676506996,0.020698556676506996,0.014698556676506996,close,0,0,8,2022-12-01
2022-12-14,3014,63.67299270629883,0.6324832788386442,0,3.340664278539407e-08,0.003994747996330261,-0.01198400929570198,-0.01198400929570198,-0.01198400929570198,-0.01798400929570198,close,0,0,8,2022-12-01
2022-12-14,2838,13.156353950500488,0.6317091977823847,0,1.891271672604944e-08,1.891271672604944e-08,-0.012383824214339256,-0.006191902328282595,-0.006191902328282595,-0.012191902328282595,close,0,0,8,2022-12-01
2022-12-15,2444,20.899999618530273,0.5721140216663971,0,-0.09090907126665115,-0.04066987708210945,-0.09569378197193146,-0.08133965730667114,-0.09090907126665115,-0.09690907126665116,gap_stop,0,1,8,2022-12-01
2022-12-15,4746,62.45087432861328,0.5575638565283174,1,0.04289950430393219,0.09911257028579712,0.028106601908802986,0.09911257028579712,0.03,0.024,gap_take_profit,1,0,8,2022-12-01
2022-12-15,6625,32.37730026245117,0.5558545581398079,1,0.0077519905753433704,0.08268740773200989,0.005168040748685598,0.015503949485719204,0.03,0.024,take_profit,1,0,8,2022-12-01
2022-12-15,2465,44.20000076293945,0.5553503321493447,0,0.013574626296758652,0.021493230015039444,-0.049773771315813065,-0.049773771315813065,-0.02,-0.026000000000000002,stop_loss,0,1,8,2022-12-01
2022-12-15,6517,60.50932693481445,0.545909668965682,1,-0.046875037252902985,0.08437497913837433,-0.060937561094760895,0.06874997913837433,-0.046875037252902985,-0.05287503725290298,gap_stop,1,1,8,2022-12-01
2022-12-15,3686,16.5,0.5419770451931479,1,-0.03636366128921509,0.09999997913837433,-0.054545432329177856,0.07878783345222473,-0.03636366128921509,-0.042363661289215086,gap_stop,1,1,8,2022-12-01
2022-12-15,8227,104.03048706054688,0.5383567725634382,1,-0.018691619858145714,0.0327102467417717,-0.04672900214791298,0.009345762431621552,-0.02,-0.026000000000000002,ambiguous_stop_loss,1,1,8,2022-12-01
2022-12-15,5706,51.948177337646484,0.5308509238954485,0,3.817008931150667e-08,0.044822294265031815,-0.07109729200601578,-0.07109729200601578,-0.02,-0.026000000000000002,ambiguous_stop_loss,1,1,8,2022-12-01
2022-12-15,8033,44.40815734863281,0.5237560044325027,0,-0.016537969931960106,-0.005512685514986515,-0.0584343783557415,-0.03197348862886429,-0.02,-0.026000000000000002,stop_loss,0,1,8,2022-12-01
2022-12-15,3447,45.00478744506836,0.5120694611277573,0,-0.09583325684070587,-0.05937492474913597,-0.12499996274709702,-0.07291662693023682,-0.09583325684070587,-0.10183325684070588,gap_stop,0,1,8,2022-12-01
2022-12-15,1810,21.371204376220703,0.5105534680128752,0,0.020361876115202904,0.05656101927161217,-0.047511421144008636,-0.03619920462369919,-0.02,-0.026000000000000002,ambiguous_stop_loss,1,1,8,2022-12-01
2022-12-15,8222,31.85175895690918,0.5098364247298923,1,-0.0399385504424572,0.003072248538956046,-0.05990781635046005,0.003072248538956046,-0.0399385504424572,-0.0459385504424572,gap_stop,0,1,8,2022-12-01
2022-12-15,3011,16.75,0.5095586780738555,1,-0.008955201134085655,0.038805946707725525,-0.03582092002034187,0.005970172118395567,-0.02,-0.026000000000000002,ambiguous_stop_loss,1,1,8,2022-12-01
2022-12-15,1584,22.014236450195312,0.507516902704522,0,-0.014084447175264359,0.010060411877930164,-0.03219316899776459,-0.008048311807215214,-0.02,-0.026000000000000002,stop_loss,0,1,8,2022-12-01
2022-12-15,6111,48.42218017578125,0.506978111456182,1,-0.010135119780898094,0.028716307133436203,-0.03378370776772499,0.023648718371987343,-0.02,-0.026000000000000002,stop_loss,0,1,8,2022-12-01
2022-12-15,6806,76.72309112548828,0.4936860705232834,0,1.7942004149062996e-07,0.035220351070165634,-0.03521998971700668,-0.03521998971700668,-0.02,-0.026000000000000002,ambiguous_stop_loss,1,1,8,2022-12-01
2022-12-15,3705,37.57185745239258,0.4904296418086253,1,0.0046083033084869385,0.03686640411615372,0.0023041910026222467,0.013824928551912308,0.03,0.024,take_profit,1,0,8,2022-12-01
2022-12-15,6609,30.616085052490234,0.4830079433800118,0,-0.00579705648124218,0.0014493210474029183,-0.014492686837911606,-0.01014481671154499,-0.01014481671154499,-0.01614481671154499,close,0,0,8,2022-12-01
2022-12-15,8038,39.920257568359375,0.48281572124637573,0,-0.007444154005497694,0.0,-0.018610384315252304,-0.014888308010995388,-0.014888308010995388,-0.020888308010995386,close,0,0,8,2022-12-01
2022-12-15,6461,32.98482894897461,0.47828241266086663,1,-0.007385528180748224,0.09896603226661682,-0.008862610906362534,0.0812406912446022,0.03,0.024,take_profit,1,0,8,2022-12-01
2022-12-16,1402,28.617822647094727,0.5733109788551884,0,-0.016871079802513123,-0.009202366694808006,-0.04754592850804329,-0.03987721726298332,-0.02,-0.026000000000000002,stop_loss,0,1,8,2022-12-01
2022-12-16,1802,24.350000381469727,0.5722958415042708,0,-0.010266940109431744,-0.008213583379983902,-0.09856261312961578,-0.09856261312961578,-0.02,-0.026000000000000002,stop_loss,0,1,8,2022-12-01
2022-12-16,3022,65.33271026611328,0.5680569020505123,1,0.004010687116533518,0.028074899688363075,0.004010687116533518,0.014705915004014969,0.014705915004014969,0.008705915004014969,close,0,0,8,2022-12-01
2022-12-16,2379,266.8772277832031,0.5644181525229788,1,-0.0051195137202739716,0.010238846763968468,-0.013651936315000057,0.003412908874452114,0.003412908874452114,-0.002587091125547886,close,0,0,8,2022-12-01
2022-12-16,3665,233.03936767578125,0.5625425026785542,0,0.0019570612348616123,0.005870947614312172,-0.02544020302593708,-0.015655426308512688,-0.02,-0.026000000000000002,stop_loss,0,1,8,2022-12-01
2022-12-16,2542,33.206668853759766,0.5608268825697249,0,-0.0012150491820648313,0.013365780003368855,-0.020656080916523933,-0.015795879065990448,-0.02,-0.026000000000000002,stop_loss,0,1,8,2022-12-01
2022-12-16,6239,69.89995574951172,0.5592952699773865,0,-0.015834253281354904,-0.0036539840511977673,-0.036540765315294266,-0.028014522045850754,-0.02,-0.026000000000000002,stop_loss,0,1,8,2022-12-01
2022-12-16,2383,174.5922393798828,0.5580577187860633,0,1.1195447768841404e-07,0.008241871371865273,-0.024725165218114853,-0.002747141057625413,-0.02,-0.026000000000000002,stop_loss,0,1,8,2022-12-01
2022-12-16,6788,89.09302520751953,0.5576941841873775,0,-7.975717863928367e-09,0.004878040868788958,-0.00975610502064228,-0.004878056701272726,-0.004878056701272726,-0.010878056701272726,close,0,0,8,2022-12-01
2022-12-16,3527,96.05880737304688,0.5576315984148138,0,-0.004739321768283844,0.014218023978173733,-0.004739321768283844,-0.004739321768283844,-0.004739321768283844,-0.010739321768283844,close,0,0,8,2022-12-01
2022-12-16,4105,70.59058380126953,0.5542370971221976,1,-0.0036854688078165054,0.02948412299156189,-0.0036854688078165054,0.02825554646551609,0.02825554646551609,0.022255546465516092,close,0,0,8,2022-12-01
2022-12-16,2412,98.39738464355469,0.5539159903396157,1,-1.6689483572918107e-08,0.01357464399188757,-1.6689483572918107e-08,0.009049756452441216,0.009049756452441216,0.0030497564524412154,close,0,0,8,2022-12-01
2022-12-16,6237,45.416847229003906,0.5532793989878735,0,2.162645884595804e-08,0.022727277129888535,-0.004328999202698469,-0.004328999202698469,-0.004328999202698469,-0.01032899920269847,close,0,0,8,2022-12-01
2022-12-16,3466,30.25,0.5522403817326483,1,0.0033057976979762316,0.08429749310016632,0.0033057976979762316,0.021487589925527573,0.03,0.024,take_profit,1,0,8,2022-12-01
2022-12-16,2731,91.75634765625,0.5520556273640423,0,5.318381823826712e-08,5.318381823826712e-08,-0.05339798331260681,-0.04563101753592491,-0.02,-0.026000000000000002,stop_loss,0,1,8,2022-12-01
2022-12-16,1303,67.03253173828125,0.5515998306442568,0,-0.006896503735333681,0.0013793378602713346,-0.016551634296774864,-0.013793055899441242,-0.013793055899441242,-0.01979305589944124,close,0,0,8,2022-12-01
2022-12-16,4536,163.86805725097656,0.5513619195028704,1,-0.0025838902220129967,0.010336007922887802,-0.010335829108953476,0.005168048199266195,0.005168048199266195,-0.0008319518007338048,close,0,0,8,2022-12-01
2022-12-16,6603,16.732872009277344,0.550895513882301,1,0.008474675007164478,0.019774055108428,0.005649801809340715,0.008474675007164478,0.008474675007164478,0.002474675007164478,close,0,0,8,2022-12-01
2022-12-16,2890,14.025211334228516,0.5484735332199725,0,-0.008875744417309761,0.002958562457934022,-0.023668598383665085,-0.011834290809929371,-0.02,-0.026000000000000002,stop_loss,0,1,8,2022-12-01
2022-12-16,4768,136.2131805419922,0.5476704548786251,0,0.01204813551157713,0.01204813551157713,-0.027108486741781235,-0.024096472188830376,-0.02,-0.026000000000000002,stop_loss,0,1,8,2022-12-01
2022-12-19,2472,48.91780090332031,0.5534630733926443,0,-2.9337714479993338e-08,0.014285670593380928,-0.02678574249148369,-0.021428612992167473,-0.02,-0.026000000000000002,stop_loss,0,1,8,2022-12-01
2022-12-19,1218,31.233396530151367,0.5377028853559116,0,6.85826861968053e-09,0.0014705726644024253,-0.03235289081931114,-0.016176441684365273,-0.02,-0.026000000000000002,stop_loss,0,1,8,2022-12-01
2022-12-19,8249,26.95891761779785,0.5284273428127143,0,0.0143884951248765,0.0143884951248765,-0.032374102622270584,-0.02877693437039852,-0.02,-0.026000000000000002,stop_loss,0,1,8,2022-12-01
2022-12-19,1517,18.67215347290039,0.5235896789180324,0,0.0049876137636601925,0.012468892149627209,-0.009974943473935127,-0.007481215056031942,-0.007481215056031942,-0.013481215056031942,close,0,0,8,2022-12-01
2022-12-19,8121,26.350000381469727,0.5197097778066949,0,0.001897504203952849,0.005692584905773401,-0.039848241955041885,-0.03605315834283829,-0.02,-0.026000000000000002,stop_loss,0,1,8,2022-12-01
2022-12-19,4726,38.599998474121094,0.5162147092262793,0,0.01295336801558733,0.01295336801558733,-0.04015542194247246,-0.038860104978084564,-0.02,-0.026000000000000002,stop_loss,0,1,8,2022-12-01
2022-12-19,2375,54.477725982666016,0.5146949394339955,0,-0.0034483156632632017,0.0068965512327849865,-0.03793107345700264,-0.03793107345700264,-0.02,-0.026000000000000002,stop_loss,0,1,8,2022-12-01
2022-12-19,1104,18.122329711914062,0.5114620275425144,0,3.835810602481615e-08,3.835810602481615e-08,-0.011160659603774548,-0.011160659603774548,-0.011160659603774548,-0.017160659603774546,close,0,0,8,2022-12-01
2022-12-19,2323,7.10465145111084,0.5089654605500854,0,0.0026666445191949606,0.0146666644141078,-0.013333340175449848,-0.012000040151178837,-0.012000040151178837,-0.018000040151178835,close,0,0,8,2022-12-01
2022-12-19,1301,79.8577651977539,0.5082111342942925,0,-0.0034762267023324966,0.004634977784007788,-0.012746250256896019,-0.011587431654334068,-0.011587431654334068,-0.017587431654334067,close,0,0,8,2022-12-01
2022-12-19,2903,18.068235397338867,0.5075866329802545,0,0.0023584545124322176,0.009433908388018608,-0.014150996692478657,0.0,0.0,-0.006,close,0,0,8,2022-12-01
2022-12-19,4744,25.41538429260254,0.5057754050704734,0,-0.001865503378212452,-0.001865503378212452,-0.04664165899157524,-0.037313297390937805,-0.02,-0.026000000000000002,stop_loss,0,1,8,2022-12-01
2022-12-19,6146,185.35665893554688,0.5054692998465129,0,-0.00666658952832222,0.008888943120837212,-0.03111104853451252,-0.019999943673610687,-0.02,-0.026000000000000002,stop_loss,0,1,8,2022-12-01
2022-12-19,6491,374.27227783203125,0.5054212029744192,0,0.003649595659226179,0.02189779281616211,-0.029197143390774727,-0.02676401473581791,-0.02,-0.026000000000000002,stop_loss,0,1,8,2022-12-01
2022-12-19,6156,17.824800491333008,0.5052357603697936,0,-0.0075567495077848434,0.0050377072766423225,-0.04030241444706917,-0.032745663076639175,-0.02,-0.026000000000000002,stop_loss,0,1,8,2022-12-01
2022-12-19,2597,62.34675598144531,0.5046498811043688,0,7.930999856853305e-08,0.016260232776403427,-0.024390151724219322,-0.02032516524195671,-0.02,-0.026000000000000002,stop_loss,0,1,8,2022-12-01
2022-12-19,2516,5.010000228881836,0.5017575912441087,0,0.011976036243140697,0.011976036243140697,-0.005988065619021654,-0.005988065619021654,-0.005988065619021654,-0.011988065619021654,close,0,0,8,2022-12-01
2022-12-19,6664,88.36616516113281,0.5009890500301774,0,0.0010010026162490249,0.011011012829840183,-0.059059057384729385,-0.05705708637833595,-0.02,-0.026000000000000002,stop_loss,0,1,8,2022-12-01
2022-12-19,2228,63.82441711425781,0.5009415584504022,0,-6.115070760870367e-08,0.002604065462946892,-0.026041725650429726,-0.026041725650429726,-0.02,-0.026000000000000002,stop_loss,0,1,8,2022-12-01
2022-12-19,2615,66.01858520507812,0.5009356835471366,1,6.302057187212995e-08,0.04461951181292534,-0.0052492013201117516,0.006561743561178446,0.03,0.024,take_profit,1,0,8,2022-12-01
2022-12-20,1514,26.359102249145508,0.6530225270918064,1,0.02272726781666279,0.040209803730249405,0.017482465133070946,0.02972026728093624,0.03,0.024,take_profit,1,0,8,2022-12-01
2022-12-20,4536,158.78688049316406,0.6524959112438119,1,0.010666648857295513,0.039999980479478836,0.007999982684850693,0.02666664868593216,0.03,0.024,take_profit,1,0,8,2022-12-01
2022-12-20,8210,68.53572845458984,0.6398041659024554,1,0.01788170076906681,0.023383785039186478,0.0013755528489127755,0.022008290514349937,0.022008290514349937,0.01600829051434994,close,0,0,8,2022-12-01
2022-12-20,1736,72.57197570800781,0.6388202018405096,0,0.010567983612418175,0.02245703898370266,-0.01188904233276844,-0.010568058118224144,-0.010568058118224144,-0.016568058118224142,close,0,0,8,2022-12-01
2022-12-20,3081,107.33242797851562,0.6323675829164392,1,0.022421564906835556,0.031390175223350525,-0.013452875427901745,0.004484344739466906,0.03,0.024,take_profit,1,0,8,2022-12-01
2022-12-20,6568,159.99484252929688,0.6322496307815563,1,0.01179952546954155,0.03834820166230202,0.0088496720418334,0.01179952546954155,0.03,0.024,take_profit,1,0,8,2022-12-01
2022-12-20,6788,83.00862884521484,0.6313080988095047,0,0.0073297941125929356,0.02722509764134884,-0.015706822276115417,-0.010471220128238201,-0.010471220128238201,-0.0164712201282382,close,0,0,8,2022-12-01
2022-12-20,6532,45.31793975830078,0.6309176208261755,1,0.01369868591427803,0.017612595111131668,0.003913948778063059,0.01369868591427803,0.01369868591427803,0.00769868591427803,close,0,0,8,2022-12-01
2022-12-20,6664,83.32424926757812,0.6301689639582625,1,0.006369450595229864,0.0477706603705883,0.006369450595229864,0.040339693427085876,0.03,0.024,take_profit,1,0,8,2022-12-01
2022-12-20,6143,59.401885986328125,0.6300666147040563,1,0.01615264266729355,0.02496330440044403,-0.008810601197183132,0.0014683549525216222,0.0014683549525216222,-0.004531645047478378,close,0,0,8,2022-12-01
2022-12-20,6510,480.3031311035156,0.629869947445139,1,0.012121263891458511,0.04040409252047539,0.0010101520456373692,0.00404045544564724,0.03,0.024,take_profit,1,0,8,2022-12-01
2022-12-20,9914,149.88832092285156,0.629505897518653,1,0.012158004567027092,0.03343459963798523,0.0030394638888537884,0.02735557220876217,0.03,0.024,take_profit,1,0,8,2022-12-01
2022-12-20,3128,37.69481658935547,0.629038277458773,1,0.015872975811362267,0.03628113865852356,-0.006802708841860294,0.03628113865852356,0.03,0.024,take_profit,1,0,8,2022-12-01
2022-12-20,6109,14.439399719238281,0.6279902553560038,1,0.019672170281410217,0.036065611988306046,0.003278727177530527,0.009836066514253616,0.03,0.024,take_profit,1,0,8,2022-12-01
2022-12-20,1524,19.885419845581055,0.6275222299488421,0,0.0021881351713091135,0.01750543713569641,-0.008752783760428429,-0.0021882490254938602,-0.0021882490254938602,-0.00818824902549386,close,0,0,8,2022-12-01
2022-12-20,5483,121.81604766845703,0.6274728763407464,0,0.010416582226753235,0.024305470287799835,-0.006944527383893728,-0.006944527383893728,-0.006944527383893728,-0.012944527383893728,close,0,0,8,2022-12-01
2022-12-20,8091,70.68441009521484,0.6263045744004239,1,0.017605658620595932,0.022300511598587036,-0.005868521053344011,0.0011738042812794447,0.0011738042812794447,-0.004826195718720555,close,0,0,8,2022-12-01
2022-12-20,8358,47.23640441894531,0.6261061966318879,0,0.005859375931322575,0.021484360098838806,-0.015624969266355038,-0.009765609167516232,-0.009765609167516232,-0.01576560916751623,close,0,0,8,2022-12-01
2022-12-20,2201,56.080718994140625,0.6257265732914983,0,0.013029338791966438,0.019544027745723724,-0.029315920546650887,-0.0228012315928936,-0.02,-0.026000000000000002,stop_loss,0,1,8,2022-12-01
2022-12-20,4916,25.453964233398438,0.6254293819642078,1,0.013461530208587646,0.028846129775047302,0.0019230246543884277,0.00961536169052124,0.00961536169052124,0.00361536169052124,close,0,0,8,2022-12-01
2022-12-21,5225,29.259178161621094,0.5869981599887589,1,0.027777807787060738,0.03888896107673645,0.0041667390614748,0.03333338722586632,0.03,0.024,take_profit,1,0,8,2022-12-01
2022-12-21,3706,27.74199676513672,0.5735582598402146,0,0.011764719150960445,0.011764719150960445,0.0,0.0,0.0,-0.006,close,0,0,8,2022-12-01
2022-12-21,5274,1761.49365234375,0.5657384749969719,0,0.027472475543618202,0.0329669825732708,-0.005494554992765188,-0.0027473021764308214,0.03,0.024,take_profit,1,0,8,2022-12-01
2022-12-21,2412,99.28785705566406,0.5555366185456934,1,0.004484280478209257,0.013452890329062939,-2.4480371507706877e-08,0.013452890329062939,0.013452890329062939,0.0074528903290629386,close,0,0,8,2022-12-01
2022-12-21,1605,43.4962043762207,0.554784631520412,0,0.03036663308739662,0.031413737684488297,-0.007329690735787153,-0.004188376944512129,0.03,0.024,gap_take_profit,1,0,8,2022-12-01
2022-12-21,6278,78.41403198242188,0.5523608764966903,1,0.020629752427339554,0.02171551249921322,0.009771989658474922,0.011943508870899677,0.011943508870899677,0.005943508870899677,close,0,0,8,2022-12-01
2022-12-21,3152,163.94053649902344,0.5492910390066603,1,0.013966350816190243,0.02513953298330307,0.002793167484924197,0.005586463026702404,0.005586463026702404,-0.0004135369732975961,close,0,0,8,2022-12-01
2022-12-21,5483,120.9700927734375,0.548119170229913,1,0.020979074761271477,0.027972081676125526,0.013986066915094852,0.017482571303844452,0.017482571303844452,0.011482571303844452,close,0,0,8,2022-12-01
2022-12-21,4123,39.234344482421875,0.547198945529073,1,0.01100114081054926,0.018701991066336632,-0.0022001194301992655,0.01320139691233635,0.01320139691233635,0.007201396912336349,close,0,0,8,2022-12-01
2022-12-21,3592,238.06861877441406,0.5413720005098513,1,0.015151442028582096,0.05892248451709747,0.015151442028582096,0.03535345941781998,0.03,0.024,take_profit,1,0,8,2022-12-01
2022-12-21,1522,22.44584083557129,0.5406068115067614,1,0.013409965671598911,0.019157078117132187,0.0038314221892505884,0.009578533470630646,0.009578533470630646,0.0035785334706306456,close,0,0,8,2022-12-01
2022-12-21,2351,88.75470733642578,0.540299278656957,1,0.018614232540130615,0.025853082537651062,0.013443601317703724,0.016546010971069336,0.016546010971069336,0.010546010971069336,close,0,0,8,2022-12-01
2022-12-21,6015,8.412858009338379,0.5394451918926502,1,0.016666674986481667,0.016666674986481667,-0.004444390069693327,0.00666676415130496,0.00666676415130496,0.0006667641513049601,close,0,0,8,2022-12-01
2022-12-21,6409,1460.2757568359375,0.5394342023721933,0,0.02215186133980751,0.028480974957346916,-0.018987378105521202,-0.018987378105521202,-0.018987378105521202,-0.0249873781055212,close,0,0,8,2022-12-01
2022-12-21,2404,156.37205505371094,0.5352618350658607,1,0.010810724459588528,0.016216129064559937,-0.0054054902866482735,0.008108021691441536,0.008108021691441536,0.002108021691441536,close,0,0,8,2022-12-01
2022-12-21,3530,73.5,0.53525801553931,0,0.006802720949053764,0.013605441898107529,-0.020408162847161293,-0.01904764026403427,-0.02,-0.026000000000000002,stop_loss,0,1,8,2022-12-01
2022-12-21,2317,89.74708557128906,0.534110865141551,1,0.010000059381127357,0.010000059381127357,0.005000059027224779,0.010000059381127357,0.010000059381127357,0.004000059381127357,close,0,0,8,2022-12-01
2022-12-21,4915,47.98371887207031,0.5312198388972157,0,0.01252221129834652,0.01252221129834652,-0.005366874393075705,-0.005366874393075705,-0.005366874393075705,-0.011366874393075705,close,0,0,8,2022-12-01
2022-12-21,8227,92.84963989257812,0.5272052935567932,1,0.021989479660987854,0.13089001178741455,0.009424066171050072,0.08376959711313248,0.03,0.024,take_profit,1,0,8,2022-12-01
2022-12-21,1442,30.3920955657959,0.5269959576918523,1,0.002770187333226204,0.019390644505620003,-0.0013849800452589989,0.015235583297908306,0.015235583297908306,0.009235583297908306,close,0,0,8,2022-12-01
2022-12-22,6517,66.56026458740234,0.5764385208302689,0,-0.04119320586323738,-0.0014204344479367137,-0.05681818351149559,-0.012784114107489586,-0.04119320586323738,-0.04719320586323738,gap_stop,0,1,8,2022-12-01
2022-12-22,2612,39.46916961669922,0.5447624256438051,1,-3.548703730871239e-08,0.024663692340254784,-0.014573975466191769,0.020179370418190956,0.020179370418190956,0.014179370418190956,close,0,0,8,2022-12-01
2022-12-22,6111,48.34038543701172,0.532903881351091,1,-0.003384095150977373,0.06091372296214104,-0.003384095150977373,0.03891709819436073,0.03,0.024,take_profit,1,0,8,2022-12-01
2022-12-22,6568,156.2191619873047,0.5309212320462842,1,0.003021123819053173,0.027190307155251503,-0.006042320281267166,0.015105715952813625,0.015105715952813625,0.009105715952813625,close,0,0,8,2022-12-01
2022-12-22,9910,167.83160400390625,0.5306421093849334,0,-0.009523764252662659,0.016666747629642487,-0.030952313914895058,-0.011904705315828323,-0.02,-0.026000000000000002,stop_loss,0,1,8,2022-12-01
2022-12-22,5274,1756.654296875,0.5292524471291236,1,-0.016528915613889694,0.008264472708106041,-0.027548199519515038,0.008264472708106041,-0.02,-0.026000000000000002,stop_loss,0,1,8,2022-12-01
2022-12-22,3529,1301.01611328125,0.5290914410331695,1,-0.018726587295532227,0.011235958896577358,-0.02247190661728382,0.011235958896577358,-0.02,-0.026000000000000002,stop_loss,0,1,8,2022-12-01
2022-12-22,3008,1940.0625,0.5271293871072739,0,-0.004672897048294544,0.004672897048294544,-0.011682243086397648,0.0,0.0,-0.006,close,0,0,8,2022-12-01
2022-12-22,6143,58.09347152709961,0.5262982954772831,1,5.586961648873512e-08,0.013513593003153801,-0.016516439616680145,0.00450460659340024,0.00450460659340024,-0.0014953934065997602,close,0,0,8,2022-12-01
2022-12-22,4128,59.19363784790039,0.5191767939977564,0,-0.019033685326576233,-0.007320682983845472,-0.04245975241065025,-0.021961934864521027,-0.02,-0.026000000000000002,stop_loss,0,1,8,2022-12-01
2022-12-22,4743,218.71896362304688,0.5115645707285537,0,-0.00952383503317833,0.007619020529091358,-0.020952358841896057,-0.01142858900129795,-0.02,-0.026000000000000002,stop_loss,0,1,8,2022-12-01
2022-12-22,6231,64.6737060546875,0.5095290680447983,1,-0.004722631070762873,0.03896098956465721,-0.00944521650671959,0.029515819624066353,0.03,0.024,take_profit,1,0,8,2022-12-01
2022-12-22,3050,15.716170310974121,0.5063112310109219,0,-0.005813916213810444,-0.0029069839511066675,-0.014534824527800083,-0.011627892032265663,-0.011627892032265663,-0.01762789203226566,close,0,0,8,2022-12-01
2022-12-22,3706,27.74199676513672,0.5016127036216127,0,-0.005041958764195442,-0.0016806010389700532,-0.01008396316319704,-0.0016806010389700532,-0.0016806010389700532,-0.007680601038970053,close,0,0,8,2022-12-01
2022-12-22,6187,62.54138946533203,0.5015497497546869,1,-0.007763954345136881,0.009316767565906048,-0.024844735860824585,0.009316767565906048,-0.02,-0.026000000000000002,stop_loss,0,1,8,2022-12-01
2022-12-22,1476,439.4402160644531,0.5015306808751703,1,-0.02261047251522541,0.026721490547060966,-0.03391571342945099,0.012333001010119915,-0.02261047251522541,-0.02861047251522541,gap_stop,0,1,8,2022-12-01
2022-12-22,4977,90.81282806396484,0.49858528729302354,0,-0.019211431965231895,-0.0020223844330757856,-0.02831154689192772,-0.01415582001209259,-0.02,-0.026000000000000002,stop_loss,0,1,8,2022-12-01
2022-12-22,8996,165.40634155273438,0.4963813155543509,1,-0.005848019849509001,0.09064320474863052,-0.01754392497241497,0.07309934496879578,0.03,0.024,take_profit,1,0,8,2022-12-01
2022-12-22,1529,18.032384872436523,0.4954539971690648,0,-0.007672675885260105,0.0025575796607881784,-0.025575416162610054,-0.012787699699401855,-0.02,-0.026000000000000002,stop_loss,0,1,8,2022-12-01
2022-12-22,8932,19.46944808959961,0.4934087383695841,1,-0.019011393189430237,0.0595690943300724,-0.06083652004599571,0.0063371420837938786,-0.02,-0.026000000000000002,ambiguous_stop_loss,1,1,8,2022-12-01
2022-12-23,4979,40.317405700683594,0.6852583811569934,1,0.00961555726826191,0.0480770580470562,-0.004807550925761461,0.015625085681676865,0.03,0.024,take_profit,1,0,8,2022-12-01
2022-12-23,6245,79.63632202148438,0.6731151780760913,1,0.0032680099830031395,0.016339870169758797,-0.010893238708376884,0.0043573095463216305,0.0043573095463216305,-0.0016426904536783696,close,0,0,8,2022-12-01
2022-12-23,6134,21.233333587646484,0.6606585013614165,1,-0.011655032634735107,0.02097894437611103,-0.011655032634735107,0.013985955156385899,0.013985955156385899,0.007985955156385898,close,0,0,8,2022-12-01
2022-12-23,1597,68.0523452758789,0.6585761544380313,0,-1.265344806711255e-08,0.0014024904230609536,-0.007012635003775358,-0.007012635003775358,-0.007012635003775358,-0.013012635003775358,close,0,0,8,2022-12-01
2022-12-23,3484,39.09716033935547,0.6570615566267581,1,0.003488397691398859,0.016279146075248718,0.00116287253331393,0.009302390739321709,0.009302390739321709,0.0033023907393217086,close,0,0,8,2022-12-01
2022-12-23,8383,32.61410140991211,0.6531912144860172,0,-5.5131600618096854e-08,0.0026246767956763506,-0.0026246870402246714,-0.0026246870402246714,-0.0026246870402246714,-0.008624687040224671,close,0,0,8,2022-12-01
2022-12-23,6451,87.46400451660156,0.650776049243215,0,0.006696454249322414,0.010044703260064125,-0.02455349639058113,-0.01562497578561306,-0.02,-0.026000000000000002,stop_loss,0,1,8,2022-12-01
2022-12-23,5475,10.300000190734863,0.6493840739617589,1,-0.009708774276077747,0.014563069678843021,-0.009708774276077747,0.014563069678843021,0.014563069678843021,0.008563069678843021,close,0,0,8,2022-12-01
2022-12-23,2404,153.83627319335938,0.6488385977910804,0,0.00824181642383337,0.00824181642383337,-0.016483459621667862,-0.0054944478906691074,-0.0054944478906691074,-0.011494447890669108,close,0,0,8,2022-12-01
2022-12-23,5289,159.91229248046875,0.6484921697207703,0,0.008264362812042236,0.011019149795174599,-0.0027549585793167353,-0.0027549585793167353,-0.0027549585793167353,-0.008754958579316735,close,0,0,8,2022-12-01
2022-12-23,3530,71.80000305175781,0.6467495432703125,0,-0.0041783154010772705,0.008356524631381035,-0.0041783154010772705,-0.0027855790685862303,-0.0027855790685862303,-0.00878557906858623,close,0,0,8,2022-12-01
2022-12-23,6806,80.00434112548828,0.6460348031861306,1,0.013268920592963696,0.045838240534067154,0.0024124491028487682,0.03256926313042641,0.03,0.024,take_profit,1,0,8,2022-12-01
2022-12-23,2062,20.772300720214844,0.6456393462289819,1,-0.002237236825749278,0.0067113423720002174,-0.002237236825749278,0.0022370528895407915,0.0022370528895407915,-0.0037629471104592086,close,0,0,8,2022-12-01
2022-12-23,5508,43.588165283203125,0.6447061839041811,0,0.0035273816902190447,0.0035273816902190447,-0.015873011201620102,-0.015873011201620102,-0.015873011201620102,-0.0218730112016201,close,0,0,8,2022-12-01
2022-12-23,3229,19.5,0.644048733870981,0,0.0,0.0,-0.0051282248459756374,-0.0051282248459756374,-0.0051282248459756374,-0.011128224845975638,close,0,0,8,2022-12-01
2022-12-23,6164,10.19644832611084,0.6435397614278286,0,0.00500011071562767,0.00500011071562767,-0.0019998594652861357,-0.0019998594652861357,-0.0019998594652861357,-0.007999859465286136,close,0,0,8,2022-12-01
2022-12-23,3563,123.11775970458984,0.6434355821469636,0,0.007692308165132999,0.011538461782038212,-0.011538460850715637,-0.007692307233810425,-0.007692307233810425,-0.013692307233810425,close,0,0,8,2022-12-01
2022-12-23,3152,164.39846801757812,0.6404364390825756,1,-1.1034777003260388e-07,0.013927464373409748,-1.1034777003260388e-07,0.0027854046784341335,0.0027854046784341335,-0.0032145953215658666,close,0,0,8,2022-12-01
2022-12-23,4164,40.0798454284668,0.6386409077965672,1,0.0067872414365410805,0.02488677017390728,0.0067872414365410805,0.010180940851569176,0.010180940851569176,0.004180940851569176,close,0,0,8,2022-12-01
2022-12-23,3546,57.23281478881836,0.6382853229180514,0,0.009198510088026524,0.013140630908310413,-0.007884297519922256,-0.007884297519922256,-0.007884297519922256,-0.013884297519922257,close,0,0,8,2022-12-01
2022-12-26,3321,19.65130043029785,0.6856428746416805,1,0.0966341570019722,0.0966341570019722,0.009772064164280891,0.03040180541574955,0.03,0.024,gap_take_profit,1,0,8,2022-12-01
2022-12-26,3128,36.79731750488281,0.6851204887494979,1,0.010452928952872753,0.0290360264480114,0.006968640722334385,0.010452928952872753,0.010452928952872753,0.004452928952872753,close,0,0,8,2022-12-01
2022-12-26,4919,106.80516052246094,0.6798745760213336,1,0.008620694279670715,0.0258620735257864,0.008620694279670715,0.017241384834051132,0.017241384834051132,0.011241384834051132,close,0,0,8,2022-12-01
2022-12-26,2887,12.38815975189209,0.6789742799194974,1,0.0033112121745944023,0.00993375200778246,0.0033112121745944023,0.006622516084462404,0.006622516084462404,0.0006225160844624041,close,0,0,8,2022-12-01
2022-12-26,2618,24.685359954833984,0.6754815760878194,1,0.03730026260018349,0.05861459672451019,0.007104864344000816,0.010657276026904583,0.03,0.024,gap_take_profit,1,0,8,2022-12-01
2022-12-26,2385,72.05331420898438,0.669468337871227,0,0.0046242899261415005,0.0046242899261415005,-0.005780351813882589,-0.0011560568818822503,-0.0011560568818822503,-0.0071560568818822504,close,0,0,8,2022-12-01
2022-12-26,4915,47.2970085144043,0.6657412324689518,1,0.005444715730845928,0.007259570062160492,1.4062616848775633e-08,0.005444715730845928,0.005444715730845928,-0.0005552842691540719,close,0,0,8,2022-12-01
2022-12-26,3022,63.673194885253906,0.6625851802662706,1,0.0027434222865849733,0.024691274389624596,-0.020576151087880135,0.005486969370394945,-0.02,-0.026000000000000002,stop_loss,0,1,8,2022-12-01
2022-12-26,9941,130.85519409179688,0.6600100977066661,1,0.006472454871982336,0.016181163489818573,0.006472454871982336,0.006472454871982336,0.006472454871982336,0.0004724548719823359,close,0,0,8,2022-12-01
2022-12-26,5289,159.47174072265625,0.659904800069075,1,0.011049799621105194,0.01381219644099474,0.011049799621105194,0.011049799621105194,0.011049799621105194,0.005049799621105194,close,0,0,8,2022-12-01
2022-12-26,3563,122.17070007324219,0.6587528207431,1,0.00775193702429533,0.023255813866853714,0.00775193702429533,0.015503874979913235,0.015503874979913235,0.009503874979913235,close,0,0,8,2022-12-01
2022-12-26,1709,20.240224838256836,0.6586325870028211,1,0.008908651769161224,0.008908651769161224,1.6709689631966285e-08,0.008908651769161224,0.008908651769161224,0.0029086517691612242,close,0,0,8,2022-12-01
2022-12-26,2489,10.1852445602417,0.6562390379971333,1,0.0070492979139089584,0.01208455115556717,0.0010069769341498613,0.002014044439420104,0.002014044439420104,-0.003985955560579896,close,0,0,8,2022-12-01
2022-12-26,9935,14.639363288879395,0.6554403456619282,1,0.00584805104881525,0.011695999652147293,1.0275742567955604e-07,0.0029240769799798727,0.0029240769799798727,-0.0030759230200201274,close,0,0,8,2022-12-01
2022-12-26,1217,9.866778373718262,0.654732026313211,1,0.013953411020338535,0.013953411020338535,-4.092945360412159e-08,0.004651139490306377,0.004651139490306377,-0.0013488605096936227,close,0,0,8,2022-12-01
2022-12-26,2390,13.25,0.6541292564227642,0,0.01132072601467371,0.01132072601467371,-0.007547198794782162,-0.007547198794782162,-0.007547198794782162,-0.013547198794782162,close,0,0,8,2022-12-01
2022-12-26,4164,40.48789596557617,0.652911066891732,0,-0.003359425812959671,0.0011198747670277953,-0.014557634480297565,-0.010078334249556065,-0.010078334249556065,-0.016078334249556063,close,0,0,8,2022-12-01
2022-12-26,2520,22.198463439941406,0.6524989809827721,1,0.003496532328426838,0.008741301484405994,-0.001748236594721675,0.003496532328426838,0.003496532328426838,-0.002503467671573162,close,0,0,8,2022-12-01
2022-12-26,2834,10.519761085510254,0.6511026757141865,1,0.0038759764283895493,0.011627900414168835,1.4259544656169965e-08,0.0038759764283895493,0.0038759764283895493,-0.002124023571610451,close,0,0,8,2022-12-01
2022-12-26,1597,67.57511901855469,0.650812568401745,1,-0.001412502839230001,0.008474566973745823,-0.001412502839230001,0.007062159478664398,0.007062159478664398,0.001062159478664398,close,0,0,8,2022-12-01
2022-12-27,2474,141.1229705810547,0.5904460514640475,0,0.0,0.005917159840464592,-0.005917159840464592,0.0,0.0,-0.006,close,0,0,8,2022-12-01
2022-12-27,9910,165.8336181640625,0.586870691151012,1,-0.002409707522019744,0.03132522851228714,-0.012048213742673397,0.009638507850468159,0.03,0.024,take_profit,1,0,8,2022-12-01
2022-12-27,2337,31.938398361206055,0.5861987523556964,0,-0.005830961279571056,-0.001457739039324224,-0.023323627188801765,-0.02040822058916092,-0.02,-0.026000000000000002,stop_loss,0,1,8,2022-12-01
2022-12-27,1305,25.36021614074707,0.5859729517457574,1,-0.009416254237294197,0.020715614780783653,-0.009416254237294197,0.020715614780783653,0.020715614780783653,0.014715614780783653,close,0,0,8,2022-12-01
2022-12-27,6443,34.31256866455078,0.5813353896301291,0,-0.002824804512783885,0.007062230259180069,-0.022598765790462494,-0.016949061304330826,-0.02,-0.026000000000000002,stop_loss,0,1,8,2022-12-01
2022-12-27,2330,436.2247619628906,0.5724639738125615,0,-0.0131291588768363,-0.01094097550958395,-0.024070078507065773,-0.0131291588768363,-0.02,-0.026000000000000002,stop_loss,0,1,8,2022-12-01
2022-12-27,2303,34.723812103271484,0.5681118185871925,0,-0.008363225497305393,-0.008363225497305393,-0.028673822060227394,-0.025089647620916367,-0.02,-0.026000000000000002,stop_loss,0,1,8,2022-12-01
2022-12-27,4931,40.981380462646484,0.5665066012207687,0,-2.378377317313607e-08,0.007726295851171017,-0.02428255043923855,-0.02428255043923855,-0.02,-0.026000000000000002,stop_loss,0,1,8,2022-12-01
2022-12-27,5880,21.685579299926758,0.5652996199375558,0,-0.0038313311524689198,4.523721131022285e-08,-0.0076627894304692745,-0.0076627894304692745,-0.0076627894304692745,-0.013662789430469275,close,0,0,8,2022-12-01
2022-12-27,8415,32.757850646972656,0.5597650344523674,1,0.003978678025305271,0.017241276800632477,-4.0670990131275175e-08,0.003978678025305271,0.003978678025305271,-0.002021321974694729,close,0,0,8,2022-12-01
2022-12-27,2606,41.67766189575195,0.5596427153896776,0,0.001021532341837883,0.00919316802173853,-0.015321660786867142,-0.0030642852652817965,-0.0030642852652817965,-0.009064285265281797,close,0,0,8,2022-12-01
2022-12-27,6470,45.27717971801758,0.5594976948909935,0,0.0018417940009385347,0.0018417940009385347,-0.03499065339565277,-0.03499065339565277,-0.02,-0.026000000000000002,stop_loss,0,1,8,2022-12-01
2022-12-27,2603,73.50907897949219,0.5588414352827235,0,-0.00307695590890944,0.009230735711753368,-0.021538494154810905,-0.021538494154810905,-0.02,-0.026000000000000002,stop_loss,0,1,8,2022-12-01
2022-12-27,1476,441.69842529296875,0.5563777402942057,0,0.01226990669965744,0.01226990669965744,-0.016359949484467506,-0.010224979370832443,-0.010224979370832443,-0.01622497937083244,close,0,0,8,2022-12-01
2022-12-27,3479,73.91110229492188,0.5563056599139031,0,0.009323984384536743,0.02097899653017521,-0.046620018780231476,-0.03263403847813606,-0.02,-0.026000000000000002,stop_loss,0,1,8,2022-12-01
2022-12-27,8489,22.549999237060547,0.5561982198175094,0,0.0,0.0022173456382006407,-0.01552099734544754,-0.01552099734544754,-0.01552099734544754,-0.02152099734544754,close,0,0,8,2022-12-01
2022-12-27,6180,54.697357177734375,0.555828706301659,1,0.007440582849085331,0.017857318744063377,-0.007440371438860893,0.0014882920077070594,0.0014882920077070594,-0.004511707992292941,close,0,0,8,2022-12-01
2022-12-27,3093,22.694528579711914,0.5557890294201605,0,-2.6099371552845696e-08,-2.6099371552845696e-08,-0.016574569046497345,-0.016574569046497345,-0.016574569046497345,-0.022574569046497343,close,0,0,8,2022-12-01
2022-12-27,1313,13.19785213470459,0.5550671837700313,0,1.4992181718298525e-08,0.01444043405354023,-0.018050527200102806,-0.014440473169088364,-0.014440473169088364,-0.020440473169088362,close,0,0,8,2022-12-01
2022-12-27,5009,31.319931030273438,0.5545515097439209,0,0.002720979042351246,0.02040809392929077,-0.012244985438883305,-0.008163311518728733,-0.008163311518728733,-0.014163311518728733,close,0,0,8,2022-12-01
2022-12-28,3356,39.53425598144531,0.5994303476603213,1,-0.011612938717007637,0.007741911802440882,-0.018064554780721664,0.0051612998358905315,0.0051612998358905315,-0.0008387001641094686,close,0,0,8,2022-12-01
2022-12-28,3128,34.91685104370117,0.5962253462386031,1,-0.0036719851195812225,0.0183598380535841,-0.0073440237902104855,0.014687799848616123,0.014687799848616123,0.008687799848616123,close,0,0,8,2022-12-01
2022-12-28,8227,83.12716674804688,0.5897881324866466,1,-0.00818717386573553,0.08771921694278717,-0.019883079454302788,0.06666655093431473,0.03,0.024,take_profit,1,0,8,2022-12-01
2022-12-28,3289,65.52873229980469,0.5852278471270456,1,-0.00841515138745308,0.012622717767953873,-0.015427774749696255,0.005610094405710697,0.005610094405710697,-0.00038990559428930295,close,0,0,8,2022-12-01
2022-12-28,4768,122.26362609863281,0.5828977769850514,1,0.003355748252943158,0.02013426646590233,-0.023489894345402718,0.003355748252943158,-0.02,-0.026000000000000002,stop_loss,0,1,8,2022-12-01
2022-12-28,8234,30.11185646057129,0.5796103193606594,1,-0.004580278880894184,0.007633507251739502,-0.01679394766688347,0.006106812972575426,0.006106812972575426,0.00010681297257542598,close,0,0,8,2022-12-01
2022-12-28,9802,142.27357482910156,0.5776650511326411,0,-0.02208208478987217,-6.686132536515288e-08,-0.04416410252451897,-0.0031546407844871283,-0.02208208478987217,-0.028082084789872168,gap_stop,0,1,8,2022-12-01
2022-12-28,5443,25.006820678710938,0.5732627061319112,1,7.179002636803489e-08,0.0036298499908298254,-0.012704048305749893,0.0018149955430999398,0.0018149955430999398,-0.00418500445690006,close,0,0,8,2022-12-01
2022-12-28,3675,132.49114990234375,0.5696732295363583,1,0.00312498165294528,0.006249956786632538,-0.018750060349702835,0.006249956786632538,0.006249956786632538,0.0002499567866325377,close,0,0,8,2022-12-01
2022-12-28,3693,102.67036437988281,0.5640444588179702,1,-0.02347416803240776,0.07042254507541656,-0.02347416803240776,0.07042254507541656,-0.02347416803240776,-0.02947416803240776,gap_stop,1,1,8,2022-12-01
2022-12-28,2347,51.07870864868164,0.5629617403575118,0,-0.008417562581598759,0.005050437059253454,-0.01683507114648819,-0.003367070807144046,-0.003367070807144046,-0.009367070807144046,close,0,0,8,2022-12-01
2022-12-28,3444,53.833717346191406,0.5577633956283483,0,-0.00798711646348238,0.0031949758995324373,-0.01916920766234398,-0.00319482758641243,-0.00319482758641243,-0.00919482758641243,close,0,0,8,2022-12-01
2022-12-28,3515,123.6811752319336,0.55622836230739,1,-0.011111058294773102,0.08888894319534302,-0.018518466502428055,0.059259314090013504,0.03,0.024,take_profit,1,0,8,2022-12-01
2022-12-28,8046,209.07791137695312,0.5542975477701914,0,-0.019438356161117554,0.0043197451159358025,-0.02375801093876362,-0.0021597372833639383,-0.02,-0.026000000000000002,stop_loss,0,1,8,2022-12-01
2022-12-28,6492,58.599998474121094,0.5537754920268282,0,0.0068259648978710175,0.0068259648978710175,-0.023890746757388115,-0.011945340782403946,-0.02,-0.026000000000000002,stop_loss,0,1,8,2022-12-01
2022-12-28,4931,39.98624801635742,0.5483571892444742,1,-0.006787327583879232,0.015837106853723526,-0.02262444794178009,0.015837106853723526,-0.02,-0.026000000000000002,stop_loss,0,1,8,2022-12-01
2022-12-28,3042,68.60310363769531,0.5480888147232154,1,-0.009840029291808605,0.0073801628313958645,-0.009840029291808605,0.0012301007518544793,0.0012301007518544793,-0.004769899248145521,close,0,0,8,2022-12-01
2022-12-28,2472,46.03514099121094,0.5473540571057885,1,0.003795117838308215,0.017077792435884476,3.676097293237035e-08,0.017077792435884476,0.017077792435884476,0.011077792435884476,close,0,0,8,2022-12-01
2022-12-28,4536,151.5885467529297,0.5453855434238509,1,-0.0027932999655604362,0.01675977185368538,-0.01117318868637085,0.00558658828958869,0.00558658828958869,-0.0004134117104113103,close,0,0,8,2022-12-01
2022-12-28,5309,36.47031021118164,0.5441272565139962,1,0.002631579991430044,0.013157936744391918,-0.014473623596131802,0.009210527874529362,0.009210527874529362,0.0032105278745293616,close,0,0,8,2022-12-01
2022-12-29,3066,24.350000381469727,0.6910119164323405,1,0.09856261312961578,0.09856261312961578,0.05954820662736893,0.07802873104810715,0.03,0.024,gap_take_profit,1,0,8,2022-12-01
2022-12-29,4168,30.450000762939453,0.6559697812740208,0,0.01149420253932476,0.014778287149965763,-0.0016420736210420728,0.0,0.0,-0.006,close,0,0,8,2022-12-01
2022-12-29,5522,49.431297302246094,0.6532871329440587,0,0.0070176683366298676,0.0070176683366298676,-0.0035086884163320065,-0.0035086884163320065,-0.0035086884163320065,-0.009508688416332007,close,0,0,8,2022-12-01
2022-12-29,2006,43.33661651611328,0.6446603558092443,1,0.009746703319251537,0.027290593832731247,0.001949475728906691,0.027290593832731247,0.027290593832731247,0.02129059383273125,close,0,0,8,2022-12-01
2022-12-29,1584,19.622346878051758,0.6414161312711063,1,0.01354413852095604,0.0790068730711937,0.009029467590153217,0.009029467590153217,0.03,0.024,take_profit,1,0,8,2022-12-01
2022-12-29,3013,17.22849464416504,0.6412739997534037,0,0.03142858296632767,0.04000009968876839,-0.014285662211477757,-0.014285662211477757,0.03,0.024,gap_take_profit,1,0,8,2022-12-01
2022-12-29,2451,55.269256591796875,0.6411707215126788,1,0.0015222160145640373,0.007610403932631016,0.0015222160145640373,0.0045663099735975266,0.0045663099735975266,-0.0014336900264024736,close,0,0,8,2022-12-01
2022-12-29,1723,91.8209457397461,0.6392412164471135,1,0.004761883057653904,0.009523787535727024,-2.16585078760545e-08,0.004761883057653904,0.004761883057653904,-0.0012381169423460962,close,0,0,8,2022-12-01
2022-12-29,2882,35.99470901489258,0.6389766080882909,0,-0.008728004060685635,0.0037408259231597185,-0.012468690983951092,-0.0024935889523476362,-0.0024935889523476362,-0.008493588952347636,close,0,0,8,2022-12-01
2022-12-29,6461,32.546329498291016,0.6346929241441785,0,0.02245510183274746,0.02245510183274746,-0.00598805071786046,-0.004491067491471767,-0.004491067491471767,-0.010491067491471768,close,0,0,8,2022-12-01
2022-12-29,1101,31.036907196044922,0.6333928607758349,0,0.005934708286076784,0.008902021683752537,-0.0014836890622973442,-0.0014836890622973442,-0.0014836890622973442,-0.007483689062297344,close,0,0,8,2022-12-01
2022-12-29,1303,65.09090423583984,0.6275701819465086,1,0.005681691225618124,0.018465694040060043,0.005681691225618124,0.00852255616337061,0.00852255616337061,0.002522556163370609,close,0,0,8,2022-12-01
2022-12-29,5478,65.41755676269531,0.622500779401252,1,0.0063291373662650585,0.012658251449465752,0.0012658266350626945,0.010126644745469093,0.010126644745469093,0.004126644745469093,close,0,0,8,2022-12-01
2022-12-29,2845,9.770515441894531,0.6215554764902532,0,0.0045454842038452625,0.009090878069400787,0.0,0.0,0.0,-0.006,close,0,0,8,2022-12-01
2022-12-29,3617,80.1465072631836,0.6177539480105976,1,0.00853788387030363,0.023479213938117027,-0.001067202421836555,0.0032017247285693884,0.0032017247285693884,-0.0027982752714306117,close,0,0,8,2022-12-01
2022-12-29,4743,202.4712677001953,0.6170907865938479,1,0.0020576503593474627,0.032921794801950455,-0.002057634061202407,0.010288069024682045,0.03,0.024,take_profit,1,0,8,2022-12-01
2022-12-29,2243,15.624460220336914,0.6160225936993015,1,0.003124985843896866,0.031249981373548508,-0.028124995529651642,0.021874962374567986,-0.02,-0.026000000000000002,ambiguous_stop_loss,1,1,8,2022-12-01
2022-12-29,4968,111.5,0.615601471243215,1,0.013452914543449879,0.026905829086899757,-0.008968610316514969,0.008968610316514969,0.008968610316514969,0.0029686103165149687,close,0,0,8,2022-12-01
2022-12-29,8476,23.449779510498047,0.615226685142275,1,1.0000001192092896,1.1446655988693237,1.0000001192092896,1.1193492412567139,0.03,0.024,gap_take_profit,1,0,8,2022-12-01
2022-12-29,1319,36.76077651977539,0.6150683184856709,1,0.013157852925360203,0.05143541842699051,0.011961699463427067,0.03110043704509735,0.03,0.024,take_profit,1,0,8,2022-12-01
2022-12-30,6568,143.00425720214844,0.7010219318235622,1,0.0033002502750605345,0.04950486868619919,-0.00330040929839015,0.04950486868619919,0.03,0.024,take_profit,1,0,8,2022-12-01
2022-12-30,2915,58.08157730102539,0.7008949923555634,1,0.001538447686471045,0.004615441430360079,-0.012307729572057724,0.001538447686471045,0.001538447686471045,-0.004461552313528955,close,0,0,8,2022-12-01
2022-12-30,3044,81.70767974853516,0.6930133054002678,1,0.0031915411818772554,0.010638317093253136,-0.004255316220223904,0.009574503637850285,0.009574503637850285,0.0035745036378502845,close,0,0,8,2022-12-01
2022-12-30,1305,25.21693992614746,0.6929031750414587,1,0.013257475569844246,0.03409077599644661,0.003787779249250889,0.011363564990460873,0.03,0.024,take_profit,1,0,8,2022-12-01
2022-12-30,3535,19.753122329711914,0.6877040935889449,1,0.002380941528826952,0.030952388420701027,2.5424876426427545e-08,0.030952388420701027,0.03,0.024,take_profit,1,0,8,2022-12-01
2022-12-30,3711,81.39417266845703,0.6826049977660837,1,-0.006389715243130922,0.009584726765751839,-0.0170393418520689,0.007454751990735531,0.007454751990735531,0.0014547519907355307,close,0,0,8,2022-12-01
2022-12-30,2885,18.125316619873047,0.6814179041773166,0,-0.004608280956745148,-3.095481204695716e-09,-0.013824837282299995,-0.0023041421081870794,-0.0023041421081870794,-0.00830414210818708,close,0,0,8,2022-12-01
2022-12-30,6491,386.1105651855469,0.6804264079147838,0,0.00825473852455616,0.00825473852455616,-0.04245283454656601,-0.020047152414917946,-0.02,-0.026000000000000002,stop_loss,0,1,8,2022-12-01
2022-12-30,3706,27.50887107849121,0.6770649113487709,1,5.12949398512319e-08,0.005084784235805273,-0.0016948381671682,0.003389894962310791,0.003389894962310791,-0.002610105037689209,close,0,0,8,2022-12-01
2022-12-30,6415,427.787353515625,0.6730639756887723,1,-0.006872854195535183,0.04696448892354965,-0.018327606841921806,0.038946159183979034,0.03,0.024,take_profit,1,0,8,2022-12-01
2022-12-30,3594,26.220033645629883,0.671430568931551,1,0.009242112748324871,0.04805916175246239,-0.00924217514693737,0.0425138883292675,0.03,0.024,take_profit,1,0,8,2022-12-01
2022-12-30,3188,10.927462577819824,0.6706847539502955,0,-0.011999949812889099,1.996999898778995e-08,-0.019999980926513672,-0.015999965369701385,-0.015999965369701385,-0.021999965369701384,close,0,0,8,2022-12-01
2022-12-30,2912,246.00042724609375,0.6697931626915736,0,-0.011029445566236973,-0.0018382696434855461,-0.016544152051210403,-0.005514740012586117,-0.005514740012586117,-0.011514740012586117,close,0,0,8,2022-12-01
2022-12-30,6205,60.531883239746094,0.6688095534641247,1,0.0014923946000635624,0.02686559408903122,-0.007462805602699518,0.02537296526134014,0.02537296526134014,0.019372965261340143,close,0,0,8,2022-12-01
2022-12-30,2102,20.0,0.6672606736311348,0,-0.005000018980354071,0.0,-0.014999961480498314,-0.0024999617598950863,-0.0024999617598950863,-0.008499961759895086,close,0,0,8,2022-12-01
2022-12-30,3306,20.63570785522461,0.6652030274443217,1,2.859754566486572e-08,0.013333328068256378,-0.006666621193289757,0.013333328068256378,0.013333328068256378,0.007333328068256378,close,0,0,8,2022-12-01
2022-12-30,1303,65.64564514160156,0.6634824270275427,1,-0.008450551889836788,0.012676211073994637,-0.01267594750970602,0.012676211073994637,0.012676211073994637,0.006676211073994636,close,0,0,8,2022-12-01
2022-12-30,3147,40.833824157714844,0.6633376543346384,0,-0.003861143486574292,-9.281598067900632e-08,-0.007722111418843269,-0.003861143486574292,-0.003861143486574292,-0.009861143486574292,close,0,0,8,2022-12-01
2022-12-30,2395,278.7479248046875,0.6632326039657237,1,-0.004531691316515207,0.0105740400031209,-0.0211480762809515,0.009063486941158772,-0.02,-0.026000000000000002,stop_loss,0,1,8,2022-12-01
2022-12-30,3019,55.577247619628906,0.6614288553061831,1,0.0033058689441531897,0.011570332571864128,-0.00661152508109808,0.008264534175395966,0.008264534175395966,0.0022645341753959655,close,0,0,8,2022-12-01
2023-01-03,1477,185.18618774414062,0.7052456830356209,0,0.008869165554642677,0.013303756713867188,-0.011086459271609783,-0.004434607457369566,-0.004434607457369566,-0.010434607457369566,close,0,0,9,2023-01-01
2023-01-03,4130,28.139999389648438,0.6718588091083554,0,0.013289043679833412,0.02657810039818287,-0.021594639867544174,-0.016611285507678986,-0.02,-0.026000000000000002,stop_loss,0,1,9,2023-01-01
2023-01-03,4114,32.67802429199219,0.6682050318011802,0,0.014130395837128162,0.026086987927556038,-0.00978256668895483,-0.008695654571056366,-0.008695654571056366,-0.014695654571056366,close,0,0,9,2023-01-01
2023-01-03,4746,65.49951171875,0.6502956502605046,0,0.009872984141111374,0.01692516915500164,-0.02679836004972458,-0.02679836004972458,-0.02,-0.026000000000000002,stop_loss,0,1,9,2023-01-01
2023-01-03,1325,25.1287841796875,0.649742516644774,1,0.007561382371932268,0.020793911069631577,-1.0889346313547321e-08,0.00378064950928092,0.00378064950928092,-0.00221935049071908,close,0,0,9,2023-01-01
2023-01-03,6517,54.17475509643555,0.6351379922025361,1,0.012216449715197086,0.09947648644447327,0.005235619843006134,0.09947648644447327,0.03,0.024,take_profit,1,0,9,2023-01-01
2023-01-03,6461,32.20527648925781,0.6089191637086933,0,0.0075643002055585384,0.016641436144709587,-0.004538627341389656,-0.0015129548264667392,-0.0015129548264667392,-0.007512954826466739,close,0,0,9,2023-01-01
2023-01-03,5340,27.421859741210938,0.6044466575686751,1,0.023593522608280182,0.09981851279735565,0.018148820847272873,0.09981851279735565,0.03,0.024,take_profit,1,0,9,2023-01-01
2023-01-03,4510,9.510943412780762,0.6042343567246252,1,-6.972740163035951e-10,0.004926126450300217,-6.972740163035951e-10,0.004926126450300217,0.004926126450300217,-0.0010738735496997835,close,0,0,9,2023-01-01
2023-01-03,4123,40.18391418457031,0.6038493231777057,1,0.001074023311957717,0.011815156787633896,-0.002148325787857175,0.007518721278756857,0.007518721278756857,0.0015187212787568568,close,0,0,9,2023-01-01
2023-01-03,6672,65.7608642578125,0.6019597533102058,1,-0.002673870185390115,0.02272721752524376,-0.002673870185390115,0.01871648244559765,0.01871648244559765,0.012716482445597648,close,0,0,9,2023-01-01
2023-01-03,6226,10.149999618530273,0.600918441535991,1,0.0,0.014778382144868374,0.0,0.004926127381622791,0.004926127381622791,-0.0010738726183772088,close,0,0,9,2023-01-01
2023-01-03,4716,12.449999809265137,0.5977002805184342,0,0.0,0.0,-0.024096401408314705,-0.016064241528511047,-0.02,-0.026000000000000002,stop_loss,0,1,9,2023-01-01
2023-01-03,5392,19.575679779052734,0.5969403655420928,0,0.010000037960708141,0.010000037960708141,-0.0024999617598950863,0.0,0.0,-0.006,close,0,0,9,2023-01-01
2023-01-03,2356,23.655689239501953,0.594190838192293,0,0.0019156795460730791,0.007662791293114424,0.0,0.0,0.0,-0.006,close,0,0,9,2023-01-01
2023-01-03,2614,32.71815872192383,0.5934192477318524,1,-0.0021881218999624252,0.03282283991575241,-0.0021881218999624252,0.026258300989866257,0.03,0.024,take_profit,1,0,9,2023-01-01
2023-01-03,1319,37.68419647216797,0.591314091306533,1,0.005834302399307489,0.014002383686602116,0.002333772135898471,0.00700123468413949,0.00700123468413949,0.00100123468413949,close,0,0,9,2023-01-01
2023-01-03,2615,68.61774444580078,0.5896752334311857,0,0.005050585139542818,0.015151634812355042,-0.030302895233035088,-0.02651507407426834,-0.02,-0.026000000000000002,stop_loss,0,1,9,2023-01-01
2023-01-03,2609,39.95590591430664,0.5894202622435586,0,0.0030959511641412973,0.00928780622780323,-0.01702793315052986,-0.01702793315052986,-0.01702793315052986,-0.02302793315052986,close,0,0,9,2023-01-01
2023-01-03,6919,5.800000190734863,0.58786411304805,1,0.0,0.06465516984462738,-0.021551722660660744,0.021551722660660744,-0.02,-0.026000000000000002,ambiguous_stop_loss,1,1,9,2023-01-01
2023-01-04,4746,63.744232177734375,0.6783633404817727,0,0.01739133894443512,0.020289955660700798,-0.02173905447125435,-0.02028980292379856,-0.02,-0.026000000000000002,stop_loss,0,1,9,2023-01-01
2023-01-04,2637,47.530738830566406,0.6760927568323258,1,0.008333347737789154,0.015000040642917156,-0.0033333315514028072,0.013333335518836975,0.013333335518836975,0.007333335518836975,close,0,0,9,2023-01-01
2023-01-04,3036,52.70109558105469,0.6624684178160911,1,0.009884657338261604,0.009884657338261604,0.004942307248711586,0.008237185887992382,0.008237185887992382,0.002237185887992382,close,0,0,9,2023-01-01
2023-01-04,4130,27.672557830810547,0.6537321584280371,1,0.006756700575351715,0.043918903917074203,0.0033783679828047752,0.010135101154446602,0.03,0.024,take_profit,1,0,9,2023-01-01
2023-01-04,1722,49.06282424926758,0.6531807388614422,0,0.0037523647770285606,0.009380868636071682,-0.007504642475396395,-0.003752354299649596,-0.003752354299649596,-0.009752354299649596,close,0,0,9,2023-01-01
2023-01-04,1773,89.49595642089844,0.6525782077967983,0,0.017391270026564598,0.017391270026564598,-0.008695686236023903,-0.008695686236023903,-0.008695686236023903,-0.014695686236023903,close,0,0,9,2023-01-01
2023-01-04,6239,67.94174194335938,0.6495226905153526,0,0.008771863766014576,0.012531300075352192,-0.0037594635505229235,-0.0037594635505229235,-0.0037594635505229235,-0.009759463550522924,close,0,0,9,2023-01-01
2023-01-04,2317,88.0418930053711,0.6491140239281441,0,1.3095348805336471e-08,0.008154988288879395,-0.001019339426420629,-0.001019339426420629,-0.001019339426420629,-0.007019339426420629,close,0,0,9,2023-01-01
2023-01-04,6257,41.34507369995117,0.6464300417805723,0,-0.0020576459355652332,0.004115177784115076,-0.0072016785852611065,-0.006172887980937958,-0.006172887980937958,-0.012172887980937958,close,0,0,9,2023-01-01
2023-01-04,2454,525.9094848632812,0.6453184240750258,0,0.003144629066810012,0.007861610502004623,-0.01729562133550644,-0.007861659862101078,-0.007861659862101078,-0.013861659862101078,close,0,0,9,2023-01-01
2023-01-04,2801,14.175063133239746,0.6452028623118321,1,4.718940616044165e-08,0.008720951154828072,4.718940616044165e-08,0.008720951154828072,0.008720951154828072,0.0027209511548280715,close,0,0,9,2023-01-01
2023-01-04,1590,883.9049072265625,0.6442635714866584,0,0.002185814781114459,0.007650295738130808,-0.013114731758832932,-0.012021835893392563,-0.012021835893392563,-0.01802183589339256,close,0,0,9,2023-01-01
2023-01-04,2610,17.274944305419922,0.6438714265282454,0,0.007978971116244793,0.015957675874233246,-0.007978539913892746,-0.007978539913892746,-0.007978539913892746,-0.013978539913892746,close,0,0,9,2023-01-01
2023-01-04,2356,23.655689239501953,0.6432731751027723,1,0.00574719812721014,0.007662877906113863,-0.0019156669732183218,0.0038315183483064175,0.0038315183483064175,-0.0021684816516935827,close,0,0,9,2023-01-01
2023-01-04,1605,42.767478942871094,0.6424950975598498,1,-3.280787552739639e-08,0.017039353027939796,-0.002130006905645132,0.0010649135801941156,0.0010649135801941156,-0.0049350864198058845,close,0,0,9,2023-01-01
2023-01-04,1784,38.27873611450195,0.6417963718251851,0,0.014994108118116856,0.014994108118116856,-0.01499434094876051,-0.006920595653355122,-0.006920595653355122,-0.012920595653355122,close,0,0,9,2023-01-01
2023-01-04,2382,62.16250991821289,0.6414285465958459,0,0.002774047665297985,0.006934871897101402,-0.013869567774236202,-0.012482626363635063,-0.012482626363635063,-0.01848262636363506,close,0,0,9,2023-01-01
2023-01-04,2301,55.87759017944336,0.6372653081087721,1,0.004694846458733082,0.01877937838435173,0.004694846458733082,0.01564953476190567,0.01564953476190567,0.00964953476190567,close,0,0,9,2023-01-01
2023-01-04,2330,429.0657653808594,0.6368975042919548,1,0.021134428679943085,0.022246776148676872,0.012235653586685658,0.020022081211209297,0.020022081211209297,0.014022081211209297,close,0,0,9,2023-01-01
2023-01-04,3498,36.04627990722656,0.6368954595856079,1,0.0053191580809652805,0.05984041467308998,0.0053191580809652805,0.05984041467308998,0.03,0.024,take_profit,1,0,9,2023-01-01
2023-01-05,2723,127.80058288574219,0.6324011767541038,0,-0.007142883725464344,0.014285687357187271,-0.01785716973245144,-0.007142883725464344,-0.007142883725464344,-0.013142883725464344,close,0,0,9,2023-01-01
2023-01-05,5340,33.14511489868164,0.6155412198363452,1,0.09909903258085251,0.09909903258085251,0.09909903258085251,0.09909903258085251,0.03,0.024,gap_take_profit,1,0,9,2023-01-01
2023-01-05,2753,197.35186767578125,0.6070209819049254,0,-0.0022522760555148125,0.009008985012769699,-0.02477479726076126,-0.004504528362303972,-0.02,-0.026000000000000002,stop_loss,0,1,9,2023-01-01
2023-01-05,4121,21.88458251953125,0.5999053373915219,0,-1.9370919090988536e-08,0.01713058538734913,-0.00856536254286766,-0.002141395816579461,-0.002141395816579461,-0.008141395816579461,close,0,0,9,2023-01-01
2023-01-05,4167,21.955799102783203,0.597064390253482,0,0.022075094282627106,0.035320181399583817,-0.019867461174726486,-0.01765999011695385,0.03,0.024,take_profit,1,0,9,2023-01-01
2023-01-05,3228,158.10421752929688,0.5763592742902104,1,8.933020723134177e-08,0.07361971586942673,-0.05214715376496315,0.07361971586942673,-0.02,-0.026000000000000002,ambiguous_stop_loss,1,1,9,2023-01-01
2023-01-05,3661,844.1400756835938,0.5746113755757656,0,0.0035005772951990366,0.012835466302931309,-0.03033839538693428,-0.02333722822368145,-0.02,-0.026000000000000002,stop_loss,0,1,9,2023-01-01
2023-01-05,4746,62.45087432861328,0.5718912026494593,0,0.020710041746497154,0.02810649201273918,-0.014792938716709614,-0.014792938716709614,-0.014792938716709614,-0.020792938716709612,close,0,0,9,2023-01-01
2023-01-05,3034,278.0606994628906,0.5705673981828127,1,0.008849740028381348,0.03834827244281769,1.8115233046955836e-07,0.03834827244281769,0.03,0.024,take_profit,1,0,9,2023-01-01
2023-01-05,6491,376.5488586425781,0.5657816713463516,0,0.0036274802405387163,0.012091828510165215,-0.01571955904364586,-0.004836793523281813,-0.004836793523281813,-0.010836793523281813,close,0,0,9,2023-01-01
2023-01-05,1590,873.2787475585938,0.558240085484281,1,-0.02544252760708332,0.018805257976055145,-0.038716863840818405,0.014380479231476784,-0.02544252760708332,-0.03144252760708332,gap_stop,0,1,9,2023-01-01
2023-01-05,6469,178.29823303222656,0.5536165713454252,0,-0.0016366326017305255,0.001636713626794517,-0.0065466114319860935,0.0,0.0,-0.006,close,0,0,9,2023-01-01
2023-01-05,1584,19.31229019165039,0.5517105367977492,1,0.009174215607345104,0.011467792093753815,-0.013761642388999462,0.002293485216796398,0.002293485216796398,-0.003706514783203602,close,0,0,9,2023-01-01
2023-01-05,4114,31.7900333404541,0.5492744451148662,1,0.023463724181056023,0.04804464429616928,0.0011173487873747945,0.0011173487873747945,0.03,0.024,take_profit,1,0,9,2023-01-01
2023-01-05,1519,45.45076370239258,0.5474293238222558,0,-0.005272302310913801,-0.0017574111698195338,-0.08787333965301514,-0.08435845375061035,-0.02,-0.026000000000000002,stop_loss,0,1,9,2023-01-01
2023-01-05,6215,20.06075096130371,0.546351757896014,1,0.04545450210571289,0.09999999403953552,0.02954539656639099,0.09999999403953552,0.03,0.024,gap_take_profit,1,0,9,2023-01-01
2023-01-05,2614,34.150028228759766,0.5440856519345892,0,0.0041928598657250404,0.023060863837599754,-0.01048213243484497,-0.008385736495256424,-0.008385736495256424,-0.014385736495256424,close,0,0,9,2023-01-01
2023-01-05,5284,65.42893981933594,0.5419986622798841,1,0.0028612001333385706,0.01859794557094574,-0.010014357976615429,0.004291793331503868,0.004291793331503868,-0.001708206668496132,close,0,0,9,2023-01-01
2023-01-05,4770,287.97015380859375,0.5415445515772755,0,3.3306363889096247e-08,0.007824759930372238,-0.02503909170627594,-0.014084474183619022,-0.02,-0.026000000000000002,stop_loss,0,1,9,2023-01-01
2023-01-05,2727,131.0754852294922,0.5401304789697573,1,0.003011965425685048,0.00903613306581974,-6.792803475264009e-08,0.006024099886417389,0.006024099886417389,2.409988641738879e-05,close,0,0,9,2023-01-01
2023-01-06,5340,36.42976379394531,0.7482046015825755,1,0.09972688555717468,0.09972688555717468,0.06557387858629227,0.09153018891811371,0.03,0.024,gap_take_profit,1,0,9,2023-01-01
2023-01-06,2723,126.8877182006836,0.6833685274437908,1,0.010791338048875332,0.03597119450569153,-0.017985640093684196,0.032374072819948196,0.03,0.024,take_profit,1,0,9,2023-01-01
2023-01-06,1216,59.33061981201172,0.6803240403655503,1,0.013513535261154175,0.01801808550953865,0.009008985012769699,0.01501501351594925,0.01501501351594925,0.00901501351594925,close,0,0,9,2023-01-01
2023-01-06,2338,83.24679565429688,0.6797730269864837,1,0.030681900680065155,0.043181970715522766,-0.001136232167482376,0.025000082328915596,0.03,0.024,gap_take_profit,1,0,9,2023-01-01
2023-01-06,1477,185.18618774414062,0.665418444409432,1,0.011086441576480865,0.033259399235248566,-0.0066518536768853664,0.0221729539334774,0.03,0.024,take_profit,1,0,9,2023-01-01
2023-01-06,3317,35.7903938293457,0.6637120794219691,1,0.009242082946002483,0.02218112163245678,0.0036968402564525604,0.011090531945228577,0.011090531945228577,0.0050905319452285765,close,0,0,9,2023-01-01
2023-01-06,2317,88.3111343383789,0.6615071380432433,1,0.00813012570142746,0.012195182032883167,0.0050813909620046616,0.007113880477845669,0.007113880477845669,0.0011138804778456687,close,0,0,9,2023-01-01
2023-01-06,2468,23.651742935180664,0.6611228393781282,1,0.01202405709773302,0.03206413611769676,0.0040079946629703045,0.02004011906683445,0.03,0.024,take_profit,1,0,9,2023-01-01
2023-01-06,4121,21.837718963623047,0.660845468269681,1,0.00858369655907154,0.02360517345368862,-2.6860094592962014e-08,0.019313311204314232,0.019313311204314232,0.013313311204314232,close,0,0,9,2023-01-01
2023-01-06,2360,178.8842315673828,0.6573082238683323,0,0.010335917584598064,0.018087854608893394,-0.010335917584598064,0.0,0.0,-0.006,close,0,0,9,2023-01-01
2023-01-06,4123,39.79545211791992,0.6572678631831225,1,0.0065076579339802265,0.013015265576541424,4.9617856490158374e-08,0.004338515922427177,0.004338515922427177,-0.0016614840775728227,close,0,0,9,2023-01-01
2023-01-06,6239,68.36743927001953,0.6570142660685099,1,0.012453339993953705,0.016189273446798325,0.006226690020412207,0.016189273446798325,0.016189273446798325,0.010189273446798324,close,0,0,9,2023-01-01
2023-01-06,9910,160.63882446289062,0.6554680066573634,1,0.0199004877358675,0.0398009717464447,0.002487552585080266,0.014925302006304264,0.03,0.024,take_profit,1,0,9,2023-01-01
2023-01-06,2015,54.421382904052734,0.6554608811738437,1,0.014151052571833134,0.025157295167446136,0.0015724465483799577,0.017295658588409424,0.017295658588409424,0.011295658588409424,close,0,0,9,2023-01-01
2023-01-06,8227,84.1966323852539,0.6550865028293691,1,0.02424931898713112,0.0900692269206047,0.008083107881247997,0.07621236145496368,0.03,0.024,take_profit,1,0,9,2023-01-01
2023-01-06,8027,48.00692367553711,0.6536231456796802,1,0.001995990751311183,0.009979977272450924,-6.274994035493364e-08,0.001995990751311183,0.001995990751311183,-0.004004009248688817,close,0,0,9,2023-01-01
2023-01-06,2031,37.660667419433594,0.6534758104379907,1,0.005820595659315586,0.0244468841701746,-0.00814918801188469,0.0197902899235487,0.0197902899235487,0.013790289923548698,close,0,0,9,2023-01-01
2023-01-06,2395,284.64288330078125,0.6527978229385778,1,0.020709998905658722,0.026627175509929657,0.010355016216635704,0.025147905573248863,0.025147905573248863,0.019147905573248865,close,0,0,9,2023-01-01
2023-01-06,2484,29.414854049682617,0.652314979106371,1,0.008784675970673561,0.01317699532955885,0.004392245318740606,0.008784675970673561,0.008784675970673561,0.002784675970673561,close,0,0,9,2023-01-01
2023-01-06,9945,43.561668395996094,0.650266918540958,1,0.009280569851398468,0.02088153176009655,0.00696039292961359,0.015081050805747509,0.015081050805747509,0.009081050805747509,close,0,0,9,2023-01-01
2023-01-09,1476,444.8598327636719,0.6984913134386775,0,4.838654987793234e-08,0.002030505333095789,-0.01421315036714077,-0.011167464777827263,-0.011167464777827263,-0.01716746477782726,close,0,0,9,2023-01-01
2023-01-09,2753,195.5739288330078,0.6972153795610428,1,0.006818150635808706,0.045454513281583786,0.006818150635808706,0.038636330515146255,0.03,0.024,take_profit,1,0,9,2023-01-01
2023-01-09,4171,48.98916244506836,0.6849100987820659,0,0.007874054834246635,0.03149611875414848,-0.02047245018184185,-0.01102356519550085,-0.02,-0.026000000000000002,ambiguous_stop_loss,1,1,9,2023-01-01
2023-01-09,8996,177.0137939453125,0.6838233655511357,0,0.01092890277504921,0.024590104818344116,-0.016393499448895454,-0.008196779526770115,-0.008196779526770115,-0.014196779526770115,close,0,0,9,2023-01-01
2023-01-09,3264,46.04753875732422,0.6806145490027944,0,0.005893964320421219,0.005893964320421219,-0.00589390005916357,-0.0019646119326353073,-0.0019646119326353073,-0.007964611932635307,close,0,0,9,2023-01-01
2023-01-09,8027,48.102745056152344,0.6802772042414368,1,-0.003984022885560989,0.015936296433210373,-0.003984022885560989,0.00796813890337944,0.00796813890337944,0.00196813890337944,close,0,0,9,2023-01-01
2023-01-09,4543,20.46645164489746,0.6797729367524293,0,0.0064514330588281155,0.0064514330588281155,-0.012903415597975254,-0.008602356538176537,-0.008602356538176537,-0.014602356538176537,close,0,0,9,2023-01-01
2023-01-09,5269,748.3114013671875,0.6793452233771801,1,0.001273994566872716,0.017834505066275597,-0.016560401767492294,0.017834505066275597,0.017834505066275597,0.011834505066275596,close,0,0,9,2023-01-01
2023-01-09,3105,165.99295043945312,0.6739392097960075,1,0.020527876913547516,0.0351906344294548,1.723580922430301e-08,0.032258082181215286,0.03,0.024,take_profit,1,0,9,2023-01-01
2023-01-09,2363,22.73204231262207,0.6739355712808637,1,0.0059346966445446014,0.011869363486766815,-4.4087492767630465e-08,0.0029673262033611536,0.0029673262033611536,-0.0030326737966388465,close,0,0,9,2023-01-01
2023-01-09,6243,26.666629791259766,0.6731738159105419,1,0.0017482669791206717,0.026223819702863693,0.0017482669791206717,0.010489526204764843,0.010489526204764843,0.004489526204764843,close,0,0,9,2023-01-01
2023-01-09,6664,84.8279800415039,0.6726975764614,0,0.006256477907299995,0.011470241472125053,-0.01668405346572399,-0.0083420779556036,-0.0083420779556036,-0.0143420779556036,close,0,0,9,2023-01-01
2023-01-09,3305,36.86907196044922,0.670768944500147,1,0.012239936739206314,0.012239936739206314,0.0012240986106917262,0.004896013531833887,0.004896013531833887,-0.001103986468166113,close,0,0,9,2023-01-01
2023-01-09,6435,81.50917053222656,0.6706674681544252,1,0.008024096488952637,0.008024096488952637,0.0030090666841715574,0.008024096488952637,0.008024096488952637,0.0020240964889526366,close,0,0,9,2023-01-01
2023-01-09,4931,39.30774688720703,0.6702300986130492,0,0.010356755927205086,0.026467157527804375,-0.01956276036798954,-0.018411943688988686,-0.018411943688988686,-0.024411943688988684,close,0,0,9,2023-01-01
2023-01-09,2515,7.529344081878662,0.6658095851657516,1,0.00243911100551486,0.01097565982490778,3.069821730150579e-08,0.00243911100551486,0.00243911100551486,-0.00356088899448514,close,0,0,9,2023-01-01
2023-01-09,6284,46.97552490234375,0.6654969433984746,0,-0.027027038857340813,0.007721958681941032,-0.027027038857340813,-0.0019305116729810834,-0.027027038857340813,-0.03302703885734081,gap_stop,0,1,9,2023-01-01
2023-01-09,5289,161.67440795898438,0.6653686284136827,1,-5.956880144708521e-08,0.010899161919951439,-5.956880144708521e-08,0.010899161919951439,0.010899161919951439,0.004899161919951439,close,0,0,9,2023-01-01
2023-01-09,4976,38.70000076293945,0.6651235879419324,0,0.0,0.002583939814940095,-0.014211866073310375,-0.00775191793218255,-0.00775191793218255,-0.01375191793218255,close,0,0,9,2023-01-01
2023-01-09,6509,36.78224563598633,0.662626423479994,1,0.009791997261345387,0.01958395726978779,0.006119988858699799,0.008568025194108486,0.008568025194108486,0.002568025194108486,close,0,0,9,2023-01-01
2023-01-10,4770,291.1247253417969,0.7075151059947223,1,0.006191964726895094,0.027863791212439537,0.0015480017755180597,0.009287940338253975,0.009287940338253975,0.003287940338253975,close,0,0,9,2023-01-01
2023-01-10,4746,60.141300201416016,0.7059396481913978,0,0.01689699850976467,0.023041415959596634,-0.013824965804815292,-0.013824965804815292,-0.013824965804815292,-0.01982496580481529,close,0,0,9,2023-01-01
2023-01-10,6237,44.925323486328125,0.6943189230115578,1,0.0032822652719914913,0.010940958745777607,-0.005470420233905315,0.008752725087106228,0.008752725087106228,0.0027527250871062277,close,0,0,9,2023-01-01
2023-01-10,6190,26.560686111450195,0.6936664816336252,1,0.003460219129920006,0.010380661115050316,-0.006920377258211374,0.0017301416955888271,0.0017301416955888271,-0.004269858304411173,close,0,0,9,2023-01-01
2023-01-10,1477,186.00741577148438,0.6875381436128807,1,0.004414946306496859,0.011037429794669151,-0.008830090053379536,0.004414946306496859,0.004414946306496859,-0.0015850536935031415,close,0,0,9,2023-01-01
2023-01-10,5347,80.47505950927734,0.6874293285576234,1,0.004361974541097879,0.01199561171233654,-0.009814637713134289,0.00981453713029623,0.00981453713029623,0.00381453713029623,close,0,0,9,2023-01-01
2023-01-10,6806,78.0741958618164,0.6847919920090753,1,0.009888657368719578,0.038318853825330734,0.007416507229208946,0.009888657368719578,0.03,0.024,take_profit,1,0,9,2023-01-01
2023-01-10,9955,22.149999618530273,0.6847643475348086,0,0.0,0.004514690022915602,-0.036117348819971085,-0.03386004641652107,-0.02,-0.026000000000000002,stop_loss,0,1,9,2023-01-01
2023-01-10,6227,35.98394012451172,0.6817882311166927,1,0.01341452170163393,0.03414628282189369,0.007316961418837309,0.03414628282189369,0.03,0.024,take_profit,1,0,9,2023-01-01
2023-01-10,8054,31.231462478637695,0.6814154249915056,1,0.00944874994456768,0.012598427943885326,-0.0015748238656669855,0.0031495734583586454,0.0031495734583586454,-0.0028504265416413547,close,0,0,9,2023-01-01
2023-01-10,3363,22.328018188476562,0.6808585914442162,0,-0.00429185526445508,4.864777380930718e-08,-0.006437723524868488,-0.006437723524868488,-0.006437723524868488,-0.012437723524868488,close,0,0,9,2023-01-01
2023-01-10,2606,40.187652587890625,0.6791670375198328,1,0.009534027427434921,0.021186554804444313,0.006356028839945793,0.01165264006704092,0.01165264006704092,0.00565264006704092,close,0,0,9,2023-01-01
2023-01-10,6180,58.84850311279297,0.6776879581654683,1,0.005532490089535713,0.01383132953196764,0.0013831754913553596,0.006915700156241655,0.006915700156241655,0.0009157001562416552,close,0,0,9,2023-01-01
2023-01-10,2017,12.686090469360352,0.6774985119153584,0,0.00709220115095377,0.014184431172907352,-0.0035460705403238535,-0.0035460705403238535,-0.0035460705403238535,-0.009546070540323854,close,0,0,9,2023-01-01
2023-01-10,6443,34.215641021728516,0.6768517853266979,1,0.009915019385516644,0.019830062985420227,0.0014164585154503584,0.00849853828549385,0.00849853828549385,0.0024985382854938506,close,0,0,9,2023-01-01
2023-01-10,3490,22.83367347717285,0.6756653011949655,1,0.012170486152172089,0.012170486152172089,-0.0060851238667964935,0.0020284976344555616,0.0020284976344555616,-0.0039715023655444385,close,0,0,9,2023-01-01
2023-01-10,2031,38.1429328918457,0.6750289117693766,1,0.004597614984959364,0.029884934425354004,-1.0314200693528619e-07,0.0068964301608502865,0.0068964301608502865,0.0008964301608502864,close,0,0,9,2023-01-01
2023-01-10,2436,40.81053161621094,0.6744223395907815,1,0.005701195914298296,0.05929303541779518,-5.824324489367427e-08,0.05701248347759247,0.03,0.024,take_profit,1,0,9,2023-01-01
2023-01-10,4973,18.755407333374023,0.6742162751140895,0,-0.00452490383759141,0.00452490383759141,-0.00452490383759141,0.0,0.0,-0.006,close,0,0,9,2023-01-01
2023-01-10,2369,12.912040710449219,0.673881437997565,1,0.015037580393254757,0.015037580393254757,0.007518754806369543,0.011278167366981506,0.011278167366981506,0.005278167366981506,close,0,0,9,2023-01-01
2023-01-11,4171,46.67471694946289,0.7116851393282262,0,-4.228359884450583e-08,0.006611521355807781,-0.02809922583401203,-0.02809922583401203,-0.02,-0.026000000000000002,stop_loss,0,1,9,2023-01-01
2023-01-11,2727,132.25990295410156,0.6719517525504011,1,0.011940289288759232,0.02686568908393383,0.0029851088766008615,0.008955229073762894,0.008955229073762894,0.0029552290737628936,close,0,0,9,2023-01-01
2023-01-11,5871,190.71395874023438,0.6639991010101878,0,0.006536044180393219,0.010893290862441063,-0.021786412224173546,-0.01525047142058611,-0.02,-0.026000000000000002,stop_loss,0,1,9,2023-01-01
2023-01-11,3708,89.67792510986328,0.6629666354931323,1,0.019607853144407272,0.02941177412867546,0.00490196980535984,0.009803930297493935,0.009803930297493935,0.0038039302974939345,close,0,0,9,2023-01-01
2023-01-11,8038,39.32591247558594,0.6617153779218952,1,0.00377833005040884,0.046599533408880234,-0.0025188543368130922,0.03778339549899101,0.03,0.024,take_profit,1,0,9,2023-01-01
2023-01-11,3580,51.78300094604492,0.6600077360905964,0,-1.0212415446630985e-07,0.004975009243935347,-0.02321730926632881,-0.011608737520873547,-0.02,-0.026000000000000002,stop_loss,0,1,9,2023-01-01
2023-01-11,1308,26.56153678894043,0.6536415489866721,1,0.010327033698558807,0.010327033698558807,-0.0017211718950420618,0.0017211820231750607,0.0017211820231750607,-0.004278817976824939,close,0,0,9,2023-01-01
2023-01-11,2455,75.66483306884766,0.6519313010982063,0,-0.0012469484936445951,-0.0012469484936445951,-0.027431467548012733,-0.01870332658290863,-0.02,-0.026000000000000002,stop_loss,0,1,9,2023-01-01
2023-01-11,1590,930.273681640625,0.6512719332390535,1,0.014537911862134933,0.04880582541227341,0.006230538710951805,0.04361371695995331,0.03,0.024,take_profit,1,0,9,2023-01-01
2023-01-11,3356,39.22818374633789,0.6412995683680257,0,0.006501965690404177,0.010403085500001907,-0.010403151623904705,-0.005201570224016905,-0.005201570224016905,-0.011201570224016905,close,0,0,9,2023-01-01
2023-01-11,2883,11.813822746276855,0.6406173625409655,1,0.003876025089994073,0.007752009201794863,4.0948101798221614e-08,0.003876025089994073,0.003876025089994073,-0.002123974910005927,close,0,0,9,2023-01-01
2023-01-11,2027,31.774520874023438,0.6395141707006572,1,0.006944334600120783,0.013888778164982796,0.0011572276707738638,0.00462944945320487,0.00462944945320487,-0.00137055054679513,close,0,0,9,2023-01-01
2023-01-11,2634,32.392635345458984,0.6379502769647997,0,0.005706277675926685,0.0071327900514006615,-0.007132547441869974,-0.005706035532057285,-0.005706035532057285,-0.011706035532057285,close,0,0,9,2023-01-01
2023-01-11,8210,74.00350952148438,0.6372627375992399,1,0.006369361653923988,0.019108213484287262,0.0038216300308704376,0.0038216300308704376,0.0038216300308704376,-0.0021783699691295625,close,0,0,9,2023-01-01
2023-01-11,3455,67.30003356933594,0.6358036724791001,1,0.012865408323705196,0.026900548487901688,0.0035087368451058865,0.008187027648091316,0.008187027648091316,0.002187027648091316,close,0,0,9,2023-01-01
2023-01-11,6233,20.9824275970459,0.6354139915801643,0,0.004576577804982662,0.00915316678583622,-0.016018420457839966,-0.016018420457839966,-0.016018420457839966,-0.022018420457839964,close,0,0,9,2023-01-01
2023-01-11,2753,201.35226440429688,0.634726808535166,1,0.0022074230946600437,0.039735015481710434,0.0022074230946600437,0.013244950212538242,0.03,0.024,take_profit,1,0,9,2023-01-01
2023-01-11,3066,24.149999618530273,0.6342264931194512,1,0.010351967066526413,0.014492769725620747,-0.0020703617483377457,0.002070440910756588,0.002070440910756588,-0.003929559089243412,close,0,0,9,2023-01-01
2023-01-11,3706,28.068374633789062,0.632945024963734,1,0.006644503213465214,0.006644503213465214,2.2846570857382176e-08,0.0016611270839348435,0.0016611270839348435,-0.004338872916065157,close,0,0,9,2023-01-01
2023-01-11,1326,66.91080474853516,0.6326672352856632,0,0.005617999006062746,0.011235998012125492,0.0,0.0,0.0,-0.006,close,0,0,9,2023-01-01
2023-01-12,8210,74.28632354736328,0.6985273714537861,1,0.008883224800229073,0.02664974145591259,0.0025380467996001244,0.0164974182844162,0.0164974182844162,0.010497418284416199,close,0,0,9,2023-01-01
2023-01-12,1326,66.91080474853516,0.693299151780366,1,0.011236133985221386,0.018258607015013695,0.00842718780040741,0.01685413345694542,0.01685413345694542,0.01085413345694542,close,0,0,9,2023-01-01
2023-01-12,3260,54.1487922668457,0.6932311903504101,1,-0.004870124161243439,0.009740212000906467,-0.004870124161243439,0.004870099946856499,0.004870099946856499,-0.0011299000531435014,close,0,0,9,2023-01-01
2023-01-12,6234,19.683391571044922,0.6876919675172123,1,0.012077276594936848,0.01932363398373127,0.0024154046550393105,0.004830826539546251,0.004830826539546251,-0.0011691734604537488,close,0,0,9,2023-01-01
2023-01-12,2486,21.369638442993164,0.6853299065425935,0,0.022883117198944092,0.022883117198944092,-0.009153524413704872,-0.006865143310278654,-0.006865143310278654,-0.012865143310278654,close,0,0,9,2023-01-01
2023-01-12,8086,71.79951477050781,0.6790729819059325,0,0.011034547351300716,0.01241383608430624,-0.028965475037693977,-0.027586186304688454,-0.02,-0.026000000000000002,stop_loss,0,1,9,2023-01-01
2023-01-12,1784,37.61647415161133,0.6788634529479323,0,0.00938965380191803,0.00938965380191803,-0.018779324367642403,-0.0023474451154470444,-0.0023474451154470444,-0.008347445115447044,close,0,0,9,2023-01-01
2023-01-12,6485,66.48509979248047,0.6786259837675935,0,0.01408451423048973,0.01408451423048973,-0.014084499329328537,-0.011267641559243202,-0.011267641559243202,-0.0172676415592432,close,0,0,9,2023-01-01
2023-01-12,2890,14.315674781799316,0.6770468598109506,1,0.0028985936660319567,0.008695689029991627,1.5786488560820544e-08,0.0028985936660319567,0.0028985936660319567,-0.0031014063339680435,close,0,0,9,2023-01-01
2023-01-12,4167,20.550241470336914,0.6769956662919859,1,0.011792430654168129,0.0235848817974329,-2.165213608407157e-08,0.009433886036276817,0.009433886036276817,0.003433886036276817,close,0,0,9,2023-01-01
2023-01-12,1618,13.76761245727539,0.6765233203606836,1,0.006733924616128206,0.02356893941760063,-0.003367059165611863,0.0033669087570160627,0.0033669087570160627,-0.0026330912429839374,close,0,0,9,2023-01-01
2023-01-12,3294,16.785383224487305,0.6761604750871943,1,0.017646994441747665,0.017646994441747665,0.0029411122668534517,0.008823487907648087,0.008823487907648087,0.0028234879076480864,close,0,0,9,2023-01-01
2023-01-12,6461,29.233230590820312,0.6749646333172132,1,0.0,0.016666674986481667,0.0,0.00833327230066061,0.00833327230066061,0.00233327230066061,close,0,0,9,2023-01-01
2023-01-12,6278,76.455810546875,0.6743453852877914,0,0.004454204346984625,0.00890856422483921,-0.014476717449724674,-0.013363149017095566,-0.013363149017095566,-0.019363149017095564,close,0,0,9,2023-01-01
2023-01-12,4746,58.0164909362793,0.6738434356868702,1,0.00955414678901434,0.04777073115110397,-0.0015923618339002132,0.02388538047671318,0.03,0.024,take_profit,1,0,9,2023-01-01
2023-01-12,9907,14.816533088684082,0.6738411634899621,1,0.002906941343098879,0.005813873838633299,-0.002907034009695053,0.002906941343098879,0.002906941343098879,-0.0030930586569011213,close,0,0,9,2023-01-01
2023-01-12,2027,31.921619415283203,0.6699760477982052,0,0.005760523956269026,0.006912527605891228,-0.009216471575200558,-0.009216471575200558,-0.009216471575200558,-0.015216471575200558,close,0,0,9,2023-01-01
2023-01-12,2363,22.46222496032715,0.6693037776367617,0,0.01201203279197216,0.015015047043561935,-0.009008994325995445,-0.009008994325995445,-0.009008994325995445,-0.015008994325995445,close,0,0,9,2023-01-01
2023-01-12,6719,270.2622375488281,0.6686980085047084,0,0.01420960109680891,0.024866795167326927,-0.026642974466085434,-0.024866776540875435,-0.02,-0.026000000000000002,stop_loss,0,1,9,2023-01-01
2023-01-12,5871,187.80548095703125,0.6675573241594683,0,0.00663716858252883,0.01106196641921997,-0.026548705995082855,-0.017699109390378,-0.02,-0.026000000000000002,stop_loss,0,1,9,2023-01-01
2023-01-13,6719,263.54168701171875,0.687773991999758,1,0.010929088108241558,0.04189448431134224,0.005464606918394566,0.030965520069003105,0.03,0.024,take_profit,1,0,9,2023-01-01
2023-01-13,2379,289.19287109375,0.6680595861986411,1,0.011023638769984245,0.020472457632422447,0.004724426195025444,0.011023638769984245,0.011023638769984245,0.005023638769984245,close,0,0,9,2023-01-01
2023-01-13,8249,27.49227523803711,0.6680165593794817,0,0.0017636761767789721,0.021163955330848694,-0.012345678173005581,-0.012345678173005581,-0.012345678173005581,-0.01834567817300558,close,0,0,9,2023-01-01
2023-01-13,4966,843.76318359375,0.6664700442247627,1,0.003311211708933115,0.011037481017410755,-0.006622562650591135,0.00993372779339552,0.00993372779339552,0.003933727793395519,close,0,0,9,2023-01-01
2023-01-13,3027,33.819427490234375,0.6629261661888874,1,0.004366775043308735,0.017467232421040535,-0.011644846759736538,0.007277938537299633,0.007277938537299633,0.001277938537299633,close,0,0,9,2023-01-01
2023-01-13,8299,320.4942626953125,0.6624964748278375,1,0.014347352087497711,0.027259835973381996,0.011477910913527012,0.017216792330145836,0.017216792330145836,0.011216792330145836,close,0,0,9,2023-01-01
2023-01-13,3356,38.207942962646484,0.6620697049769186,1,0.0013351528905332088,0.01735648885369301,-0.004005322698503733,0.01602139323949814,0.01602139323949814,0.010021393239498138,close,0,0,9,2023-01-01
2023-01-13,5269,740.6852416992188,0.6604825800990275,1,0.006435122806578875,0.04761916771531105,0.0051481216214597225,0.04247116297483444,0.03,0.024,take_profit,1,0,9,2023-01-01
2023-01-13,3479,66.58890533447266,0.6570781536921558,1,0.010349346324801445,0.025873340666294098,0.002587399445474148,0.012936728075146675,0.012936728075146675,0.006936728075146675,close,0,0,9,2023-01-01
2023-01-13,3630,27.950000762939453,0.6560677325553296,0,-0.001788949710316956,0.0053667123429477215,-0.003577830968424678,-0.003577830968424678,-0.003577830968424678,-0.009577830968424678,close,0,0,9,2023-01-01
2023-01-13,6415,496.8801574707031,0.6543483983002902,1,0.00591708067804575,0.04142003506422043,0.00591708067804575,0.02366855926811695,0.03,0.024,take_profit,1,0,9,2023-01-01
2023-01-13,6139,37.16241455078125,0.6543087691299941,0,0.007425806485116482,0.007425806485116482,-0.022277139127254486,-0.01732669584453106,-0.02,-0.026000000000000002,stop_loss,0,1,9,2023-01-01
2023-01-13,2344,19.791481018066406,0.6516115429339477,1,2.3331066856258076e-08,0.01207728311419487,2.3331066856258076e-08,0.004830945748835802,0.004830945748835802,-0.001169054251164198,close,0,0,9,2023-01-01
2023-01-13,6182,38.99224090576172,0.6485894500143886,1,0.0023924424313008785,0.011961766518652439,-0.001196111086755991,0.009569457732141018,0.009569457732141018,0.003569457732141018,close,0,0,9,2023-01-01
2023-01-13,6531,171.91049194335938,0.6470992190654684,1,0.01092901173979044,0.03551917523145676,0.005464530549943447,0.030054695904254913,0.03,0.024,take_profit,1,0,9,2023-01-01
2023-01-13,2404,165.24720764160156,0.6453289442632841,1,0.010230218060314655,0.020460397005081177,3.829843109315334e-08,0.005115128122270107,0.005115128122270107,-0.0008848718777298929,close,0,0,9,2023-01-01
2023-01-13,3419,16.915136337280273,0.6451174203344618,0,0.005847907159477472,0.008771838620305061,-0.011696018278598785,-0.011696018278598785,-0.011696018278598785,-0.017696018278598784,close,0,0,9,2023-01-01
2023-01-13,6129,30.133045196533203,0.6436927860936246,1,0.006441224366426468,0.011272129602730274,-0.004830929450690746,0.006441224366426468,0.006441224366426468,0.00044122436642646777,close,0,0,9,2023-01-01
2023-01-13,3128,32.77995681762695,0.6429342529844231,1,0.010430262424051762,0.03650593385100365,0.0013038433389738202,0.03650593385100365,0.03,0.024,take_profit,1,0,9,2023-01-01
2023-01-13,2484,28.59657859802246,0.642831398790555,1,-0.0015060456935316324,0.009036076255142689,-0.0015060456935316324,0.006024074275046587,0.006024074275046587,2.4074275046586865e-05,close,0,0,9,2023-01-01
2023-01-16,6015,7.973519802093506,0.7068566368815492,1,0.0011724178912118077,0.04806569591164589,0.0011724178912118077,0.03282546252012253,0.03,0.024,take_profit,1,0,9,2023-01-01
2023-01-16,1210,40.79185104370117,0.7006055532912682,1,0.005458442959934473,0.008733585476875305,-0.003275131108239293,0.001091614132747054,0.001091614132747054,-0.004908385867252946,close,0,0,9,2023-01-01
2023-01-16,2472,48.48103332519531,0.6990894572734071,1,0.009009022265672684,0.010810796171426773,1.310127295539587e-08,0.007207247894257307,0.007207247894257307,0.001207247894257307,close,0,0,9,2023-01-01
2023-01-16,3455,67.30003356933594,0.6990696138331989,1,0.01052625197917223,0.01052625197917223,-8.115165428534965e-08,0.0035087261348962784,0.0035087261348962784,-0.0024912738651037217,close,0,0,9,2023-01-01
2023-01-16,2891,20.064924240112305,0.6983056979956541,1,6.984296874179563e-08,0.008676893077790737,-0.004338259343057871,0.006507728714495897,0.006507728714495897,0.0005077287144958972,close,0,0,9,2023-01-01
2023-01-16,3546,55.05180358886719,0.696512830308279,1,-0.0027322510723024607,0.012295113876461983,-0.0027322510723024607,0.009562831372022629,0.009562831372022629,0.0035628313720226287,close,0,0,9,2023-01-01
2023-01-16,3419,16.717296600341797,0.6962858975193988,1,0.0029587370809167624,0.02071017399430275,0.0029587370809167624,0.02071017399430275,0.02071017399430275,0.01471017399430275,close,0,0,9,2023-01-01
2023-01-16,2308,263.88287353515625,0.6961869282062428,1,0.001776226912625134,0.021314416080713272,2.7901137400476728e-08,0.015985818579792976,0.015985818579792976,0.009985818579792976,close,0,0,9,2023-01-01
2023-01-16,6168,16.252277374267578,0.6926868525504986,1,8.364439452179795e-08,0.016997316852211952,8.364439452179795e-08,0.016997316852211952,0.016997316852211952,0.010997316852211952,close,0,0,9,2023-01-01
2023-01-16,4105,67.9022445678711,0.6926279307039998,0,0.0038314443081617355,0.005108564160764217,-0.005108491517603397,-0.005108491517603397,-0.005108491517603397,-0.011108491517603397,close,0,0,9,2023-01-01
2023-01-16,2845,10.259039878845215,0.6918711267843662,0,0.004329032730311155,0.004329032730311155,-0.004328946117311716,0.0,0.0,-0.006,close,0,0,9,2023-01-01
2023-01-16,1802,22.200000762939453,0.6907774862339772,1,0.0,0.018017999827861786,0.0,0.01576569676399231,0.01576569676399231,0.00976569676399231,close,0,0,9,2023-01-01
2023-01-16,3049,9.119999885559082,0.6901671947146327,1,0.0,0.005482477135956287,-0.0010965163819491863,0.0010965163819491863,0.0010965163819491863,-0.004903483618050814,close,0,0,9,2023-01-01
2023-01-16,2344,19.88709259033203,0.6897421882804563,1,-4.8999925894577245e-08,0.009615343995392323,-0.0024039435666054487,0.009615343995392323,0.009615343995392323,0.0036153439953923224,close,0,0,9,2023-01-01
2023-01-16,2385,71.0537338256836,0.6884833789914909,1,-0.00468940194696188,0.009378556162118912,-0.00468940194696188,0.008206241764128208,0.008206241764128208,0.002206241764128208,close,0,0,9,2023-01-01
2023-01-16,5315,15.101982116699219,0.6882335702011961,0,-3.3306690738754696e-16,0.002724753925576806,-0.0027248580008745193,0.0,0.0,-0.006,close,0,0,9,2023-01-01
2023-01-16,2337,32.078067779541016,0.6881353830140675,1,0.002902749925851822,0.005805573891848326,-0.002902787644416094,0.004354106727987528,0.004354106727987528,-0.0016458932720124723,close,0,0,9,2023-01-01
2023-01-16,9904,29.982345581054688,0.6875349945540202,1,-2.4367174944472936e-08,0.013274220749735832,-2.4367174944472936e-08,0.01179931778460741,0.01179931778460741,0.00579931778460741,close,0,0,9,2023-01-01
2023-01-16,3540,25.362333297729492,0.6871558974241883,1,0.003846134291961789,0.017307687550783157,-0.001923081697896123,0.011538397520780563,0.011538397520780563,0.005538397520780563,close,0,0,9,2023-01-01
2023-01-16,1723,93.13267517089844,0.6871402380692205,1,0.004694792907685041,0.009389628656208515,-4.267441511274228e-08,0.009389628656208515,0.009389628656208515,0.003389628656208515,close,0,0,9,2023-01-01
2023-01-17,3219,63.11548614501953,0.5556892897329255,0,0.03846142068505287,0.05692290887236595,-0.05538469925522804,-0.05538469925522804,0.03,0.024,gap_take_profit,1,1,9,2023-01-01
2023-01-17,2540,38.78148651123047,0.5499063297052321,0,0.01877920888364315,0.05399050936102867,-0.01643199846148491,-0.01173717062920332,0.03,0.024,take_profit,1,0,9,2023-01-01
2023-01-17,6788,100.82722473144531,0.5347604182792268,1,0.06465525925159454,0.09913802146911621,0.05172422528266907,0.09913802146911621,0.03,0.024,gap_take_profit,1,0,9,2023-01-01
2023-01-17,8996,198.7777862548828,0.52842014969415,0,0.026764007285237312,0.0510949082672596,-0.038929425179958344,-0.026763973757624626,-0.02,-0.026000000000000002,ambiguous_stop_loss,1,1,9,2023-01-01
2023-01-17,8454,593.1921997070312,0.5127957864552595,1,0.003759450279176235,0.028822124004364014,-0.006265582051128149,0.00626575481146574,0.00626575481146574,0.0002657548114657401,close,0,0,9,2023-01-01
2023-01-17,1504,25.25848388671875,0.508874744891878,1,0.010638311505317688,0.021276582032442093,0.010638311505317688,0.01595744676887989,0.01595744676887989,0.00995744676887989,close,0,0,9,2023-01-01
2023-01-17,1434,23.66441535949707,0.5082388232344338,1,0.0074487170204520226,0.013035365380346775,0.0037243792321532965,0.0074487170204520226,0.0074487170204520226,0.0014487170204520224,close,0,0,9,2023-01-01
2023-01-17,6781,678.4314575195312,0.5066085723090579,1,0.020920483395457268,0.07252439111471176,0.018131084740161896,0.059972088783979416,0.03,0.024,take_profit,1,0,9,2023-01-01
2023-01-17,5439,44.74485778808594,0.5016916077293624,1,0.02061852440237999,0.08247419446706772,0.02061852440237999,0.06391745805740356,0.03,0.024,take_profit,1,0,9,2023-01-01
2023-01-17,6741,109.81199645996094,0.499036761391069,0,0.02631581947207451,0.02631581947207451,-0.00877190101891756,-0.004385936073958874,-0.004385936073958874,-0.010385936073958874,close,0,0,9,2023-01-01
2023-01-17,2228,61.91300582885742,0.4953077999674289,1,0.02147642895579338,0.04697980359196663,0.002684462582692504,0.026845576241612434,0.03,0.024,take_profit,1,0,9,2023-01-01
2023-01-17,6919,8.899999618530273,0.49324172400795163,1,0.002809053286910057,0.14044944941997528,-0.00842694565653801,0.14044944941997528,0.03,0.024,take_profit,1,0,9,2023-01-01
2023-01-17,3040,26.332801818847656,0.49262545518305534,1,0.01877131499350071,0.01877131499350071,0.005119451321661472,0.005119451321661472,0.005119451321661472,-0.0008805486783385278,close,0,0,9,2023-01-01
2023-01-17,6227,37.95866394042969,0.49127398777748116,1,0.0057802964001894,0.028901683166623116,0.0057802964001894,0.023121336475014687,0.023121336475014687,0.017121336475014688,close,0,0,9,2023-01-01
2023-01-17,6603,16.35472869873047,0.491224479339955,1,0.011560766026377678,0.01734102889895439,0.005780389998108149,0.014450839720666409,0.014450839720666409,0.008450839720666408,close,0,0,9,2023-01-01
2023-01-17,1735,13.36574649810791,0.4902619527382303,1,0.006733998656272888,0.006733998656272888,3.057139963402733e-08,0.006733998656272888,0.006733998656272888,0.0007339986562728881,close,0,0,9,2023-01-01
2023-01-17,2610,17.412778854370117,0.4887368218786722,1,0.015831099823117256,0.02374664694070816,0.007915552705526352,0.021108165383338928,0.021108165383338928,0.015108165383338928,close,0,0,9,2023-01-01
2023-01-17,6235,34.42787551879883,0.4882534385879784,1,0.04155128449201584,0.06509705632925034,0.0346260741353035,0.06371203809976578,0.03,0.024,gap_take_profit,1,0,9,2023-01-01
2023-01-17,1517,18.67215347290039,0.48509433361219845,1,0.0074813226237893105,0.012468777596950531,-0.0024937777779996395,0.0024937724228948355,0.0024937724228948355,-0.0035062275771051647,close,0,0,9,2023-01-01
2023-01-17,6005,9.65822696685791,0.4848645190557466,1,0.03111104480922222,0.03555542230606079,0.004444364458322525,0.0222221240401268,0.03,0.024,gap_take_profit,1,0,9,2023-01-01
2023-01-30,5347,88.63664245605469,0.6603252791034202,0,1.0105791403702824e-07,1.0105791403702824e-07,-0.05445535108447075,-0.012871217913925648,-0.02,-0.026000000000000002,stop_loss,0,1,9,2023-01-01
2023-01-30,2455,82.55203247070312,0.6554762252091854,1,0.004571451805531979,0.014857183210551739,-0.012571405619382858,0.012571416795253754,0.012571416795253754,0.0065714167952537535,close,0,0,9,2023-01-01
2023-01-30,5269,846.49755859375,0.6537534017044133,1,-9.36614483748599e-08,0.00788278877735138,-0.029279369860887527,0.00563053647056222,-0.02,-0.026000000000000002,stop_loss,0,1,9,2023-01-01
2023-01-30,2049,211.1585693359375,0.6526229126331211,1,0.004514646250754595,0.04288936406373978,-0.01128670759499073,0.0067719826474785805,0.03,0.024,take_profit,1,0,9,2023-01-01
2023-01-30,2230,33.00654983520508,0.6486827827633092,1,0.009922931902110577,0.09922832250595093,0.009922931902110577,0.09922832250595093,0.03,0.024,take_profit,1,0,9,2023-01-01
2023-01-30,6679,249.7928466796875,0.6455993221082219,1,-0.0018248292617499828,0.07299268990755081,-0.010948916897177696,0.06021896377205849,0.03,0.024,take_profit,1,0,9,2023-01-01
2023-01-30,6282,30.48525047302246,0.6332553997733658,1,0.00613493612036109,0.09969324618577957,0.0030674906447529793,0.0797545462846756,0.03,0.024,take_profit,1,0,9,2023-01-01
2023-01-30,3624,44.22444534301758,0.6317867109917328,1,0.0010171134490519762,0.017293797805905342,-0.013225015252828598,0.017293797805905342,0.017293797805905342,0.011293797805905342,close,0,0,9,2023-01-01
2023-01-30,3217,77.607421875,0.6315728008249514,1,0.0867115706205368,0.0867115706205368,0.012387273833155632,0.018017902970314026,0.03,0.024,gap_take_profit,1,0,9,2023-01-01
2023-01-30,2201,71.33394622802734,0.6275630420428938,1,0.006401979364454746,0.06145959347486496,-0.0025609179865568876,0.06145959347486496,0.03,0.024,take_profit,1,0,9,2023-01-01
2023-01-30,6415,566.4629516601562,0.6273928399053541,1,0.010380693711340427,0.04844297841191292,7.00988422863702e-08,0.03979245945811272,0.03,0.024,take_profit,1,0,9,2023-01-01
2023-01-30,3447,44.20783233642578,0.6209295167352237,1,-0.005302293226122856,0.08165419101715088,-0.024390339851379395,0.04665946215391159,-0.02,-0.026000000000000002,ambiguous_stop_loss,1,1,9,2023-01-01
2023-01-30,8476,51.818504333496094,0.6192938098121368,1,5.6790877778212234e-08,0.09328975528478622,5.6790877778212234e-08,0.07201313972473145,0.03,0.024,take_profit,1,0,9,2023-01-01
2023-01-30,4979,47.343875885009766,0.6101232290355376,1,0.004094230476766825,0.023541565984487534,-0.03377677500247955,0.011259042657911777,-0.02,-0.026000000000000002,stop_loss,0,1,9,2023-01-01
2023-01-30,2376,110.12997436523438,0.6100787867322225,0,-0.008368240669369698,0.020920461043715477,-0.041841041296720505,-0.03347284346818924,-0.02,-0.026000000000000002,stop_loss,0,1,9,2023-01-01
2023-01-30,3533,706.7689819335938,0.6099442459571818,0,-0.002597422106191516,0.009090903215110302,-0.027272749692201614,-0.015584424138069153,-0.02,-0.026000000000000002,stop_loss,0,1,9,2023-01-01
2023-01-30,4770,315.0096130371094,0.6040748025025929,0,-0.0014306539669632912,0.017167342826724052,-0.02432049624621868,-0.015736805275082588,-0.02,-0.026000000000000002,stop_loss,0,1,9,2023-01-01
2023-01-30,3455,68.40201568603516,0.6039989781785969,1,0.0023015346378087997,0.012658284977078438,0.0011508039897307754,0.011507553979754448,0.011507553979754448,0.005507553979754448,close,0,0,9,2023-01-01
2023-01-30,4746,61.342281341552734,0.601975748173358,0,0.009036092087626457,0.02560233324766159,-0.027108507230877876,-0.022590389475226402,-0.02,-0.026000000000000002,stop_loss,0,1,9,2023-01-01
2023-01-30,6217,42.40159225463867,0.5999630735332823,1,0.001137622632086277,0.013651825487613678,-1.6401365598994744e-08,0.011376547627151012,0.011376547627151012,0.005376547627151012,close,0,0,9,2023-01-01
2023-01-31,6176,83.27908325195312,0.6358204586039169,1,3.5132899256495875e-08,0.009756132960319519,-0.009756063111126423,0.004878084175288677,0.004878084175288677,-0.001121915824711323,close,0,0,9,2023-01-01
2023-01-31,2049,212.58853149414062,0.6354473123355246,1,0.008968646638095379,0.02017940953373909,-0.004484268371015787,0.008968646638095379,0.008968646638095379,0.0029686466380953788,close,0,0,9,2023-01-01
2023-01-31,2753,192.01803588867188,0.6328451481002662,1,0.002314820187166333,0.03240741416811943,0.002314820187166333,0.016203708946704865,0.03,0.024,take_profit,1,0,9,2023-01-01
2023-01-31,6605,66.96141815185547,0.6163023976924782,1,0.0026598365511745214,0.013298075646162033,-0.0013295668177306652,0.010638541541993618,0.010638541541993618,0.004638541541993618,close,0,0,9,2023-01-01
2023-01-31,3305,41.87821578979492,0.6152306576888794,1,0.03448280319571495,0.07543111592531204,0.019396578893065453,0.06573282182216644,0.03,0.024,gap_take_profit,1,0,9,2023-01-01
2023-01-31,4915,49.35713577270508,0.6139085519341853,1,0.0052172658033668995,0.024347737431526184,0.0052172658033668995,0.01739118993282318,0.01739118993282318,0.011391189932823181,close,0,0,9,2023-01-01
2023-01-31,2027,32.951351165771484,0.6103297068507368,1,0.007812656462192535,0.017857300117611885,-0.02008916810154915,0.0022322300355881453,-0.02,-0.026000000000000002,stop_loss,0,1,9,2023-01-01
2023-01-31,8464,281.80914306640625,0.6088982736460313,1,0.0016050535487011075,0.01284100767225027,-0.011236037127673626,0.01284100767225027,0.01284100767225027,0.006841007672250271,close,0,0,9,2023-01-01
2023-01-31,6741,105.95894622802734,0.6078439785580955,0,0.004545398987829685,0.027272669598460197,-0.013636418618261814,-0.013636418618261814,-0.013636418618261814,-0.019636418618261813,close,0,0,9,2023-01-01
2023-01-31,3162,49.45258331298828,0.6077615708162036,1,0.009008986875414848,0.09709702432155609,0.007006938569247723,0.039039015769958496,0.03,0.024,take_profit,1,0,9,2023-01-01
2023-01-31,6196,112.0217056274414,0.6075483100046992,1,0.007999910041689873,0.04399990662932396,-8.906221182769514e-08,0.03999990597367287,0.03,0.024,take_profit,1,0,9,2023-01-01
2023-01-31,4764,50.06169891357422,0.6074651029698672,1,0.02569178305566311,0.02766803652048111,0.02569178305566311,0.02766803652048111,0.02766803652048111,0.02166803652048111,close,0,0,9,2023-01-01
2023-01-31,3390,15.902471542358398,0.6057656783574233,1,0.005649777129292488,0.016949256882071495,0.005649777129292488,0.016949256882071495,0.016949256882071495,0.010949256882071495,close,0,0,9,2023-01-01
2023-01-31,2104,19.708332061767578,0.6053957795510678,1,0.01010113675147295,0.02525261417031288,0.007575922179967165,0.020202185958623886,0.020202185958623886,0.014202185958623886,close,0,0,9,2023-01-01
2023-01-31,1301,82.63381958007812,0.6050002889513245,0,0.0011197305284440517,0.002239534165710211,-0.013437973335385323,-0.004479372873902321,-0.004479372873902321,-0.010479372873902321,close,0,0,9,2023-01-01
2023-01-31,3708,96.27188873291016,0.6049126195522238,1,-0.004566123243421316,0.036529771983623505,-0.009132334031164646,0.0091325081884861,0.03,0.024,take_profit,1,0,9,2023-01-01
2023-01-31,3491,134.8673858642578,0.604466108551554,0,0.010714286006987095,0.02500000037252903,0.0,0.0,0.0,-0.006,close,0,0,9,2023-01-01
2023-01-31,3034,291.1845397949219,0.603865024175206,0,-6.893111503813998e-08,0.019718239083886147,-0.008450772613286972,-0.004225420765578747,-0.004225420765578747,-0.010225420765578747,close,0,0,9,2023-01-01
2023-01-31,2009,35.55467224121094,0.6029943759866371,1,0.002735986141487956,0.04787956178188324,-0.02599186636507511,0.010943898931145668,-0.02,-0.026000000000000002,ambiguous_stop_loss,1,1,9,2023-01-01
2023-01-31,6248,18.613401412963867,0.6016893644959783,1,0.008849541656672955,0.022123929113149643,0.0022123903036117554,0.01769913360476494,0.01769913360476494,0.011699133604764938,close,0,0,9,2023-01-01
2023-02-01,3230,12.314571380615234,0.6958894054157102,1,0.016129063442349434,0.016129063442349434,0.004032243508845568,0.012096790596842766,0.012096790596842766,0.006096790596842766,close,0,0,10,2023-02-01
2023-02-01,1442,26.68779945373535,0.692784869097557,1,0.00946361105889082,0.00946361105889082,-0.020504863932728767,0.001577176502905786,-0.02,-0.026000000000000002,stop_loss,0,1,10,2023-02-01
2023-02-01,3444,53.40373992919922,0.6923436073066778,1,0.001610336359590292,0.012882459908723831,-0.0032206017058342695,0.004830897320061922,0.004830897320061922,-0.001169102679938078,close,0,0,10,2023-02-01
2023-02-01,2603,68.7592544555664,0.6907147279594044,1,0.01315792091190815,0.02631581574678421,0.01315792091190815,0.02631581574678421,0.02631581574678421,0.020315815746784212,close,0,0,10,2023-02-01
2023-02-01,3630,28.850000381469727,0.6869057954967743,1,0.010398587211966515,0.022530315443873405,0.008665511384606361,0.022530315443873405,0.022530315443873405,0.016530315443873407,close,0,0,10,2023-02-01
2023-02-01,3592,285.3617248535156,0.6867652492920444,1,0.011235916055738926,0.019662881270051003,-0.0014045328134670854,0.009831422008574009,0.009831422008574009,0.003831422008574009,close,0,0,10,2023-02-01
2023-02-01,4743,217.05252075195312,0.6865628255573896,1,0.013435755856335163,0.03071022778749466,0.001919488306157291,0.015355133451521397,0.03,0.024,take_profit,1,0,10,2023-02-01
2023-02-01,1476,440.7951354980469,0.6864752802534818,1,-0.007172104902565479,0.0061475676484405994,-0.02254095859825611,0.004098386969417334,-0.02,-0.026000000000000002,stop_loss,0,1,10,2023-02-01
2023-02-01,5443,26.36835479736328,0.6852094090815323,1,0.0051635755226016045,0.020654071122407913,0.0051635755226016045,0.013769428245723248,0.013769428245723248,0.007769428245723247,close,0,0,10,2023-02-01
2023-02-01,2206,31.316381454467773,0.6851104014690557,1,-8.853048427681642e-08,0.018571382388472557,-8.853048427681642e-08,0.017142724245786667,0.017142724245786667,0.011142724245786667,close,0,0,10,2023-02-01
2023-02-01,5608,23.170068740844727,0.6837685501231303,1,0.007984129711985588,0.00998016819357872,-0.003991871606558561,0.005988168064504862,0.005988168064504862,-1.1831935495138293e-05,close,0,0,10,2023-02-01
2023-02-01,3628,35.68353271484375,0.6833122513398675,1,0.0048780282959342,0.009756095707416534,0.0024389480240643024,0.007317015435546637,0.007317015435546637,0.0013170154355466365,close,0,0,10,2023-02-01
2023-02-01,1815,12.11441421508789,0.682337802417004,1,0.008032113313674927,0.016064273193478584,0.004016032908111811,0.008032113313674927,0.008032113313674927,0.0020321133136749266,close,0,0,10,2023-02-01
2023-02-01,2492,91.7315444946289,0.6814591388195814,1,0.03744933381676674,0.05769224837422371,0.002024234039708972,0.027327876538038254,0.03,0.024,gap_take_profit,1,0,10,2023-02-01
2023-02-01,2723,140.1241912841797,0.6814503608713949,0,0.009771996177732944,0.009771996177732944,-0.03257328271865845,-0.02605862356722355,-0.02,-0.026000000000000002,stop_loss,0,1,10,2023-02-01
2023-02-01,2385,72.13661193847656,0.6804486807743797,1,0.009237891994416714,0.011547325178980827,0.0011546979658305645,0.011547325178980827,0.011547325178980827,0.005547325178980827,close,0,0,10,2023-02-01
2023-02-01,8935,11.203213691711426,0.6803690826997749,0,0.008695695549249649,0.008695695549249649,-0.0043478477746248245,-0.0043478477746248245,-0.0043478477746248245,-0.010347847774624825,close,0,0,10,2023-02-01
2023-02-01,8076,27.035781860351562,0.6803121634081165,1,0.012006828561425209,0.01543737668544054,-2.505916008033182e-08,0.010291554033756256,0.010291554033756256,0.004291554033756256,close,0,0,10,2023-02-01
2023-02-01,2402,16.164962768554688,0.6801540759578162,1,0.016666585579514503,0.03333331644535065,0.013888849876821041,0.027777738869190216,0.03,0.024,take_profit,1,0,10,2023-02-01
2023-02-01,4746,60.141300201416016,0.6801314443295724,1,0.0046083806082606316,0.05837182328104973,0.003072305815294385,0.04761906713247299,0.03,0.024,take_profit,1,0,10,2023-02-01
2023-02-02,3704,35.67927932739258,0.5865181456137721,0,0.005208177492022514,0.019531171768903732,-0.005208428483456373,-0.005208428483456373,-0.005208428483456373,-0.011208428483456373,close,0,0,10,2023-02-01
2023-02-02,6411,93.0116195678711,0.5730527144004922,1,0.0194174163043499,0.06310673803091049,-5.7379867968165854e-08,0.03398052230477333,0.03,0.024,take_profit,1,0,10,2023-02-01
2023-02-02,3141,100.56350708007812,0.571003618188765,0,0.01904761604964733,0.02380952052772045,-0.02857143245637417,-0.004761908203363419,-0.02,-0.026000000000000002,stop_loss,0,1,10,2023-02-01
2023-02-02,8068,27.799999237060547,0.5693259087107472,0,-0.04676256328821182,-0.035971224308013916,-0.07913665473461151,-0.07194244861602783,-0.04676256328821182,-0.05276256328821182,gap_stop,0,1,10,2023-02-01
2023-02-02,2230,39.73887252807617,0.569064810461421,0,0.07142848521471024,0.09706954658031464,-0.04212460666894913,-0.03846157342195511,0.03,0.024,gap_take_profit,1,1,10,2023-02-01
2023-02-02,6510,536.5810546875,0.5687691728156279,1,0.001808369648642838,0.014466598629951477,-0.009041540324687958,0.001808369648642838,0.001808369648642838,-0.004191630351357162,close,0,0,10,2023-02-01
2023-02-02,3443,835.4931030273438,0.5677768759477154,0,0.0046296813525259495,0.008101903833448887,-0.03703698888421059,-0.0046295784413814545,-0.02,-0.026000000000000002,stop_loss,0,1,10,2023-02-01
2023-02-02,2498,66.9000015258789,0.5656911846149093,0,0.022421523928642273,0.03587445989251137,-0.03139011189341545,-0.02690587379038334,-0.02,-0.026000000000000002,ambiguous_stop_loss,1,1,10,2023-02-01
2023-02-02,6118,41.900001525878906,0.5646398469408634,0,0.005966586992144585,0.03818611800670624,-0.07398573309183121,-0.07398573309183121,-0.02,-0.026000000000000002,ambiguous_stop_loss,1,1,10,2023-02-01
2023-02-02,3527,104.2533950805664,0.5646064749759884,1,-3.974499307446422e-08,0.026200832799077034,-0.013100476004183292,0.01310039684176445,0.01310039684176445,0.00710039684176445,close,0,0,10,2023-02-01
2023-02-02,3576,21.03628921508789,0.5643724021863826,1,0.004728224128484726,0.011820405721664429,7.333336071724261e-08,0.00709225470200181,0.00709225470200181,0.00109225470200181,close,0,0,10,2023-02-01
2023-02-02,3455,70.13371276855469,0.5625112421648572,0,0.004489284474402666,0.0067339190281927586,-0.012345731258392334,-0.010101096704602242,-0.010101096704602242,-0.01610109670460224,close,0,0,10,2023-02-01
2023-02-02,2241,31.206811904907227,0.5621891670264849,1,-0.0015698575880378485,0.0015698575880378485,-0.004709572531282902,0.0015698575880378485,0.0015698575880378485,-0.004430142411962152,close,0,0,10,2023-02-01
2023-02-02,3038,17.978975296020508,0.5615119085142996,0,0.004807710647583008,0.009615421295166016,0.0,0.0,0.0,-0.006,close,0,0,10,2023-02-01
2023-02-02,8131,34.54444885253906,0.5612529701700955,1,-1.536926674816641e-07,0.013630651868879795,-1.536926674816641e-07,0.013630651868879795,0.013630651868879795,0.007630651868879795,close,0,0,10,2023-02-01
2023-02-02,2328,35.42149353027344,0.5604192757756608,0,0.006385674234479666,0.006385674234479666,-0.014048629440367222,-0.014048629440367222,-0.014048629440367222,-0.02004862944036722,close,0,0,10,2023-02-01
2023-02-02,8383,33.512916564941406,0.5599574231887533,1,5.347553511114711e-08,0.0025542930234223604,-0.0025542834773659706,0.0025542930234223604,0.0025542930234223604,-0.0034457069765776397,close,0,0,10,2023-02-01
2023-02-02,6412,65.22862243652344,0.5590063202628579,1,-0.006510557606816292,0.018228942528367043,-0.006510557606816292,0.018228942528367043,0.018228942528367043,0.012228942528367042,close,0,0,10,2023-02-01
2023-02-02,2399,14.550000190734863,0.5587885007362711,1,0.0068728127516806126,0.013745691627264023,0.0,0.010309251956641674,0.010309251956641674,0.004309251956641674,close,0,0,10,2023-02-01
2023-02-02,6716,76.90536499023438,0.5584711385737181,0,0.027111658826470375,0.027111658826470375,-0.05422310158610344,-0.041710034012794495,-0.02,-0.026000000000000002,stop_loss,0,1,10,2023-02-01
2023-02-03,6741,103.06916046142578,0.5778362644015524,1,-0.00934582483023405,0.01869155839085579,-0.00934582483023405,0.004672866314649582,0.004672866314649582,-0.0013271336853504182,close,0,0,10,2023-02-01
2023-02-03,3162,50.88814163208008,0.5676318425855148,1,-0.005836592987179756,0.02334628626704216,-0.015564220026135445,0.02140079066157341,0.02140079066157341,0.01540079066157341,close,0,0,10,2023-02-01
2023-02-03,5274,2419.634033203125,0.5633133530080465,0,-0.0059999870136380196,-0.0059999870136380196,-0.07199998944997787,-0.043999988585710526,-0.02,-0.026000000000000002,stop_loss,0,1,10,2023-02-01
2023-02-03,6233,22.32683563232422,0.559405875300623,0,-0.006451467517763376,1.3001715615246212e-07,-0.010752559639513493,-0.008602054789662361,-0.008602054789662361,-0.014602054789662361,close,0,0,10,2023-02-01
2023-02-03,6719,293.7841796875,0.5588210810587237,1,-0.0016339533030986786,0.019607877358794212,-0.0016339533030986786,0.008169968612492085,0.008169968612492085,0.0021699686124920844,close,0,0,10,2023-02-01
2023-02-03,3712,24.98999786376953,0.5574390403954638,1,0.003448162693530321,0.012068850919604301,-1.259772091088962e-07,0.006896451115608215,0.006896451115608215,0.0008964511156082152,close,0,0,10,2023-02-01
2023-02-03,3257,43.557273864746094,0.5555615503090686,1,0.03534291312098503,0.056132931262254715,-0.004158076364547014,0.005197368562221527,0.03,0.024,gap_take_profit,1,0,10,2023-02-01
2023-02-03,6485,70.2307357788086,0.5518118308555766,1,5.3390014187471024e-08,0.01733342744410038,-0.00666661374270916,0.004000094253569841,0.004000094253569841,-0.0019999057464301587,close,0,0,10,2023-02-01
2023-02-03,2236,34.66743469238281,0.5510177177985852,1,-2.8326406109613345e-08,0.04576968774199486,-0.024965358898043633,0.034674059599637985,-0.02,-0.026000000000000002,ambiguous_stop_loss,1,1,10,2023-02-01
2023-02-03,6532,49.66349792480469,0.550477002034445,1,-7.007309221762625e-08,0.01785707101225853,-0.003571511944755912,0.01785707101225853,0.01785707101225853,0.01185707101225853,close,0,0,10,2023-02-01
2023-02-03,3035,183.59141540527344,0.5495906612077818,0,-1.0367222813556509e-07,0.007711977697908878,-0.03341912478208542,-0.02313634753227234,-0.02,-0.026000000000000002,stop_loss,0,1,10,2023-02-01
2023-02-03,6442,44.648719787597656,0.5474297907245277,0,0.0,0.015723243355751038,-0.007337464950978756,0.0,0.0,-0.006,close,0,0,10,2023-02-01
2023-02-03,2231,143.52452087402344,0.5464517734151709,0,-0.00928792729973793,0.024767747148871422,-0.00928792729973793,-0.0030959949363023043,-0.0030959949363023043,-0.009095994936302304,close,0,0,10,2023-02-01
2023-02-03,3317,38.17201232910156,0.5454990377143845,0,-0.012131636962294579,-0.0017330071423202753,-0.013864757493138313,-0.012131636962294579,-0.012131636962294579,-0.018131636962294577,close,0,0,10,2023-02-01
2023-02-03,5425,79.38218688964844,0.544730293718761,0,-0.0011223702458664775,0.0022446673829108477,-0.02132442407310009,-0.011223397217690945,-0.02,-0.026000000000000002,stop_loss,0,1,10,2023-02-01
2023-02-03,3588,62.610862731933594,0.5436836393295402,1,0.014513786882162094,0.023222006857395172,-6.73783873139655e-08,0.0014512831112369895,0.0014512831112369895,-0.004548716888763011,close,0,0,10,2023-02-01
2023-02-03,3499,18.950000762939453,0.5426187615729796,0,-0.007915647700428963,0.01583109423518181,-0.013192611746490002,-0.007915647700428963,-0.007915647700428963,-0.013915647700428963,close,0,0,10,2023-02-01
2023-02-03,6109,16.19106674194336,0.5425659434951441,1,-0.005848086439073086,0.046783462166786194,-0.008772018365561962,0.04385953024029732,0.03,0.024,take_profit,1,0,10,2023-02-01
2023-02-03,4956,16.350000381469727,0.5420614554342823,0,0.009174288250505924,0.024464808404445648,-0.03363915532827377,-0.024464866146445274,-0.02,-0.026000000000000002,stop_loss,0,1,10,2023-02-01
2023-02-03,8088,21.640430450439453,0.5416609156592447,0,-0.003999887965619564,-0.001999841770157218,-0.005999857559800148,-0.003999887965619564,-0.003999887965619564,-0.009999887965619564,close,0,0,10,2023-02-01
2023-02-06,6515,418.40582275390625,0.4883131258965405,1,0.01580137573182583,0.09706548601388931,0.012415370903909206,0.08013546466827393,0.03,0.024,take_profit,1,0,10,2023-02-01
2023-02-06,6510,522.996826171875,0.4830348960961959,1,-1.2137083160723705e-07,0.027829188853502274,-1.2137083160723705e-07,0.020408039912581444,0.020408039912581444,0.014408039912581444,close,0,0,10,2023-02-01
2023-02-06,8255,163.3339385986328,0.4778773145142878,1,0.002898551756516099,0.02608693204820156,0.002898551756516099,0.01739131100475788,0.01739131100475788,0.011391311004757881,close,0,0,10,2023-02-01
2023-02-06,1560,110.67584228515625,0.47687484925228313,1,1.2209602573420852e-07,0.017094140872359276,-0.008546887896955013,0.008547131903469563,0.008547131903469563,0.0025471319034695624,close,0,0,10,2023-02-01
2023-02-06,6239,74.4123764038086,0.4615808573728539,0,0.00686497101560235,0.00686497101560235,-0.0011441472452133894,0.0,0.0,-0.006,close,0,0,10,2023-02-01
2023-02-06,6111,51.61215591430664,0.4545987614386637,1,0.004754317924380302,0.015847863629460335,1.38436559993238e-08,0.006339109968394041,0.006339109968394041,0.00033910996839404094,close,0,0,10,2023-02-01
2023-02-06,5876,41.32356643676758,0.4506288105492955,1,0.006437782198190689,0.0085836723446846,0.0010729753412306309,0.004291810095310211,0.004291810095310211,-0.001708189904689789,close,0,0,10,2023-02-01
2023-02-06,6182,41.69744873046875,0.4422679926887024,1,-0.002237206557765603,0.03467557951807976,-0.002237206557765603,0.03355702757835388,0.03,0.024,take_profit,1,0,10,2023-02-01
2023-02-06,2231,143.08016967773438,0.4418703970168221,0,-0.015527953393757343,0.0031056306324899197,-0.021739115938544273,0.0,-0.02,-0.026000000000000002,stop_loss,0,1,10,2023-02-01
2023-02-06,6227,38.30972671508789,0.4410524617698856,1,0.0034364284947514534,0.00458188634365797,-0.0022909485269337893,0.0011455126805230975,0.0011455126805230975,-0.004854487319476903,close,0,0,10,2023-02-01
2023-02-06,3260,57.22542953491211,0.43948269919189065,1,-0.004608390387147665,0.0199691504240036,-0.004608390387147665,0.015360931865870953,0.015360931865870953,0.009360931865870952,close,0,0,10,2023-02-01
2023-02-06,6683,182.83958435058594,0.43943430480992257,1,0.020100397989153862,0.08040189743041992,0.012562709860503674,0.06281396001577377,0.03,0.024,take_profit,1,0,10,2023-02-01
2023-02-06,2356,23.247831344604492,0.4389598116975316,1,0.00974659901112318,0.011695961467921734,0.0019493727013468742,0.00974659901112318,0.00974659901112318,0.0037465990111231803,close,0,0,10,2023-02-01
2023-02-06,5530,39.04999923706055,0.43723480107280954,1,0.001280390191823244,0.019206145778298378,-0.0038411705754697323,0.006402048747986555,0.006402048747986555,0.000402048747986555,close,0,0,10,2023-02-01
2023-02-06,6435,85.84215545654297,0.4371550178864383,1,0.019047677516937256,0.023809567093849182,3.565076056588623e-08,0.019047677516937256,0.019047677516937256,0.013047677516937256,close,0,0,10,2023-02-01
2023-02-06,4123,41.521942138671875,0.43688315281873674,1,-0.0031185399275273085,0.010394975543022156,-0.0031185399275273085,0.006236903835088015,0.006236903835088015,0.00023690383508801448,close,0,0,10,2023-02-01
2023-02-06,4540,37.73905944824219,0.43578983745156585,0,-0.005063274409621954,0.006329150404781103,-0.006329077761620283,-0.002531570615246892,-0.002531570615246892,-0.008531570615246892,close,0,0,10,2023-02-01
2023-02-06,2915,59.33256530761719,0.43552453337970504,1,-0.0015060137957334518,0.01656622812151909,-0.0015060137957334518,0.006024106405675411,0.006024106405675411,2.41064056754111e-05,close,0,0,10,2023-02-01
2023-02-06,2102,20.399999618530273,0.43512235240183544,0,0.004901979584246874,0.009803959168493748,-0.0024509429931640625,-0.0024509429931640625,-0.0024509429931640625,-0.008450942993164063,close,0,0,10,2023-02-01
2023-02-06,8210,81.35672760009766,0.43279225397885135,1,0.0023174609523266554,0.011587484739720821,-0.01042875461280346,0.010428665205836296,0.010428665205836296,0.004428665205836296,close,0,0,10,2023-02-01
2023-02-07,3548,60.05678176879883,0.6615665073711522,1,0.010852708481252193,0.04961239919066429,0.010852708481252193,0.03100779466331005,0.03,0.024,take_profit,1,0,10,2023-02-01
2023-02-07,2103,26.93768882751465,0.6533188009031167,0,0.015100706368684769,0.015100706368684769,-0.013422797434031963,-0.0016778177814558148,-0.0016778177814558148,-0.007677817781455815,close,0,0,10,2023-02-01
2023-02-07,3653,395.43206787109375,0.6431790606473752,0,0.0012179379118606448,0.004872018005698919,-0.02314259670674801,-0.021924568340182304,-0.02,-0.026000000000000002,stop_loss,0,1,10,2023-02-01
2023-02-07,2883,11.951193809509277,0.637858196062732,0,3.947566185047435e-08,0.0038314717821776867,-0.003831392852589488,-0.003831392852589488,-0.003831392852589488,-0.009831392852589488,close,0,0,10,2023-02-01
2023-02-07,2308,277.47540283203125,0.6265937599383857,0,0.006756756920367479,0.00844594556838274,-0.0033783784601837397,0.0,0.0,-0.006,close,0,0,10,2023-02-01
2023-02-07,1303,69.62137603759766,0.6251265213501852,0,-0.003984082955867052,2.1088260027113392e-08,-0.00796818733215332,-0.00796818733215332,-0.00796818733215332,-0.01396818733215332,close,0,0,10,2023-02-01
2023-02-07,8431,51.164024353027344,0.6233025714683883,1,0.019379843026399612,0.019379843026399612,0.001938025699928403,0.007751964498311281,0.007751964498311281,0.001751964498311281,close,0,0,10,2023-02-01
2023-02-07,6443,36.735774993896484,0.6232694734059793,0,0.007915465161204338,0.01187328901141882,-0.009234934113919735,-0.009234934113919735,-0.009234934113919735,-0.015234934113919735,close,0,0,10,2023-02-01
2023-02-07,6122,15.5039644241333,0.6207008232040793,1,0.01101925689727068,0.016528915613889694,-5.975974204375234e-08,0.01101925689727068,0.01101925689727068,0.005019256897270679,close,0,0,10,2023-02-01
2023-02-07,2327,81.15725708007812,0.6202338033975575,1,0.009451683610677719,0.01701314002275467,-8.67169021034897e-08,0.0037806073669344187,0.0037806073669344187,-0.0022193926330655814,close,0,0,10,2023-02-01
2023-02-07,8054,32.55941390991211,0.6157613315609296,1,0.0090635372325778,0.08761334419250488,0.0060423193499445915,0.06948649883270264,0.03,0.024,take_profit,1,0,10,2023-02-01
2023-02-07,8085,21.158185958862305,0.6145252706109339,1,1.0308935927128005e-08,0.007075463887304068,-0.004716988652944565,0.007075463887304068,0.007075463887304068,0.0010754638873040675,close,0,0,10,2023-02-01
2023-02-07,2408,56.44877243041992,0.6140339429481162,1,0.0034364107996225357,0.01718210242688656,0.0017181584844365716,0.0034364107996225357,0.0034364107996225357,-0.0025635892003774644,close,0,0,10,2023-02-01
2023-02-07,3219,65.73719787597656,0.6123306541812595,0,0.03397355228662491,0.07385534048080444,-0.035450343042612076,-0.03249617666006088,0.03,0.024,gap_take_profit,1,1,10,2023-02-01
2023-02-07,6625,39.195777893066406,0.6106574274669954,1,0.04589109495282173,0.09925290197134018,0.010672311298549175,0.059765227138996124,0.03,0.024,gap_take_profit,1,0,10,2023-02-01
2023-02-07,2208,19.65273094177246,0.61014450195737,0,0.009852197952568531,0.009852197952568531,-0.007389099802821875,-0.0024630979169160128,-0.0024630979169160128,-0.008463097916916013,close,0,0,10,2023-02-01
2023-02-07,2608,33.90153121948242,0.609641743369704,0,0.0,0.0025413543917238712,-0.0012706286506727338,0.0,0.0,-0.006,close,0,0,10,2023-02-01
2023-02-07,1217,10.0044527053833,0.6090045791293957,1,0.004587228875607252,0.018348749727010727,5.5112227670406355e-08,0.004587228875607252,0.004587228875607252,-0.001412771124392748,close,0,0,10,2023-02-01
2023-02-07,3490,23.06525230407715,0.6076946244812884,1,-1.8503278909065557e-08,0.028112461790442467,-1.8503278909065557e-08,0.016064222902059555,0.016064222902059555,0.010064222902059555,close,0,0,10,2023-02-01
2023-02-07,3230,12.46353816986084,0.6068148701149308,0,-0.007968127727508545,2.9917767818687935e-08,-0.01593621075153351,-0.011952207423746586,-0.011952207423746586,-0.017952207423746584,close,0,0,10,2023-02-01
2023-02-08,6515,496.79791259765625,0.5789474289812323,1,0.019011374562978745,0.04752848297357559,0.00570339011028409,0.024714795872569084,0.03,0.024,take_profit,1,0,10,2023-02-01
2023-02-08,6781,808.06201171875,0.5769742118358393,1,0.007025803904980421,0.05269325152039528,-0.003512838389724493,0.009367723949253559,0.03,0.024,take_profit,1,0,10,2023-02-01
2023-02-08,6415,640.946044921875,0.5663799478571179,0,0.010703256353735924,0.029051877558231354,-0.021406831219792366,-0.006116313859820366,-0.02,-0.026000000000000002,stop_loss,0,1,10,2023-02-01
2023-02-08,3443,894.4805297851562,0.562775432040453,0,-0.003243302693590522,0.06810804456472397,-0.008648707531392574,-0.0054054646752774715,0.03,0.024,take_profit,1,0,10,2023-02-01
2023-02-08,6235,44.72762680053711,0.5604207300998214,1,0.010661029256880283,0.07675907760858536,0.0021322122775018215,0.060767605900764465,0.03,0.024,take_profit,1,0,10,2023-02-01
2023-02-08,6138,140.5134735107422,0.560083037366821,0,0.003086382057517767,0.037036996334791183,-0.018518555909395218,-0.009259296581149101,0.03,0.024,take_profit,1,0,10,2023-02-01
2023-02-08,6472,316.92608642578125,0.5552553185261546,1,0.03112832084298134,0.048638083040714264,0.01167308073490858,0.027237271890044212,0.03,0.024,gap_take_profit,1,0,10,2023-02-01
2023-02-08,6215,24.255271911621094,0.5523609020051498,1,-0.0018797734519466758,0.04511270672082901,-0.01127826888114214,0.016917217522859573,0.03,0.024,take_profit,1,0,10,2023-02-01
2023-02-08,6552,35.130924224853516,0.5506141606949305,1,0.030726466327905655,0.09916214644908905,0.023743225261569023,0.09916214644908905,0.03,0.024,gap_take_profit,1,0,10,2023-02-01
2023-02-08,3357,90.10392761230469,0.550543769950847,0,-0.004830912221223116,0.019323676824569702,-0.03864733874797821,-0.03864733874797821,-0.02,-0.026000000000000002,stop_loss,0,1,10,2023-02-01
2023-02-08,4171,48.912017822265625,0.5493928284840913,0,0.007886368781328201,0.018927404657006264,-0.020504770800471306,-0.020504770800471306,-0.02,-0.026000000000000002,stop_loss,0,1,10,2023-02-01
2023-02-08,6531,251.7595977783203,0.5458175719101326,0,-0.005596972070634365,0.0167910885065794,-0.029850704595446587,-0.022388016805052757,-0.02,-0.026000000000000002,stop_loss,0,1,10,2023-02-01
2023-02-08,3034,319.89288330078125,0.5405323610216666,0,-0.017948785796761513,0.0064101871103048325,-0.021794939413666725,-0.021794939413666725,-0.02,-0.026000000000000002,stop_loss,0,1,10,2023-02-01
2023-02-08,6285,74.76134490966797,0.5400520830541742,0,0.0035005458630621433,0.0035005458630621433,-0.010501722805202007,-0.005834300071001053,-0.005834300071001053,-0.011834300071001053,close,0,0,10,2023-02-01
2023-02-08,2453,26.34978675842285,0.5377400882891431,1,0.09983078390359879,0.09983078390359879,0.09983078390359879,0.09983078390359879,0.03,0.024,gap_take_profit,1,0,10,2023-02-01
2023-02-08,4168,32.900001525878906,0.536521984615076,0,0.0,0.015197567641735077,-0.004559316672384739,-0.0015198495239019394,-0.0015198495239019394,-0.0075198495239019395,close,0,0,10,2023-02-01
2023-02-08,8088,21.640430450439453,0.534203285305146,0,0.0,0.014000015333294868,-0.004000015091150999,0.0,0.0,-0.006,close,0,0,10,2023-02-01
2023-02-08,5475,12.75,0.5333377216388409,1,-0.0039215837605297565,0.07450979202985764,-0.027451010420918465,0.05882352963089943,-0.02,-0.026000000000000002,ambiguous_stop_loss,1,1,10,2023-02-01
2023-02-08,8183,50.11146545410156,0.5273930618048366,0,-0.001754474244080484,-0.001754474244080484,-0.01754397340118885,-0.015789613127708435,-0.015789613127708435,-0.021789613127708433,close,0,0,10,2023-02-01
2023-02-08,3526,107.31932067871094,0.5270972995961085,1,2.2043595393483884e-08,0.011673173867166042,-0.019455231726169586,0.003891072701662779,0.003891072701662779,-0.0021089272983372213,close,0,0,10,2023-02-01
2023-02-09,6266,19.7994327545166,0.6546449495282991,1,0.05338079854846001,0.08540929108858109,0.021352306008338928,0.06939508765935898,0.03,0.024,gap_take_profit,1,0,10,2023-02-01
2023-02-09,2453,28.98030662536621,0.6154123434621741,1,0.09999992698431015,0.09999992698431015,0.006153800990432501,0.06769225746393204,0.03,0.024,gap_take_profit,1,0,10,2023-02-01
2023-02-09,3594,32.859859466552734,0.579294302545357,0,0.029498424381017685,0.03834795579314232,-0.03687324747443199,-0.016224373131990433,-0.02,-0.026000000000000002,ambiguous_stop_loss,1,1,10,2023-02-01
2023-02-09,6643,462.712158203125,0.5791702812003252,0,-8.322427191842507e-09,0.0337078794836998,-0.07062599807977676,-0.04494381695985794,-0.02,-0.026000000000000002,ambiguous_stop_loss,1,1,10,2023-02-01
2023-02-09,6558,25.777000427246094,0.5760271306905103,1,0.03660884127020836,0.07129090279340744,0.005780353210866451,0.005780353210866451,0.03,0.024,gap_take_profit,1,0,10,2023-02-01
2023-02-09,3479,81.0610122680664,0.5731241043152157,0,-0.005313563160598278,0.0021253798622637987,-0.07757706195116043,-0.07757706195116043,-0.02,-0.026000000000000002,stop_loss,0,1,10,2023-02-01
2023-02-09,6763,50.233821868896484,0.5601000733584438,0,1.1292384805017264e-08,0.003649660386145115,-0.07299268990755081,-0.06021895259618759,-0.02,-0.026000000000000002,stop_loss,0,1,10,2023-02-01
2023-02-09,4533,10.797053337097168,0.5510915044814132,0,0.017021287232637405,0.017021287232637405,-0.046808503568172455,-0.042553167790174484,-0.02,-0.026000000000000002,stop_loss,0,1,10,2023-02-01
2023-02-09,8476,61.06271743774414,0.5460226982865759,0,-0.020833177492022514,-0.008333198726177216,-0.06805546581745148,-0.0611109659075737,-0.020833177492022514,-0.026833177492022513,gap_stop,0,1,10,2023-02-01
2023-02-09,6552,38.61458206176758,0.542021271072322,0,0.0,0.04193142428994179,-0.01016512606292963,0.0,0.03,0.024,take_profit,1,0,10,2023-02-01
2023-02-09,3701,43.84740447998047,0.5315023609077426,0,2.3607134025382948e-08,0.011061932891607285,-0.02323005348443985,-0.02323005348443985,-0.02,-0.026000000000000002,stop_loss,0,1,10,2023-02-01
2023-02-09,4130,30.05651092529297,0.5274202994757138,0,0.00622078962624073,0.010886450298130512,-0.04976676031947136,-0.03110424242913723,-0.02,-0.026000000000000002,stop_loss,0,1,10,2023-02-01
2023-02-09,6284,50.1495475769043,0.5253553247706386,1,0.0036166300997138023,0.030741434544324875,0.0018083329778164625,0.010849888436496258,0.03,0.024,take_profit,1,0,10,2023-02-01
2023-02-09,2634,34.51825714111328,0.5225411841336145,1,0.01070964802056551,0.08032140135765076,0.006693542469292879,0.016064422205090523,0.03,0.024,take_profit,1,0,10,2023-02-01
2023-02-09,2015,59.555477142333984,0.5206133809097796,1,0.007183900568634272,0.007183900568634272,-0.0057471562176942825,0.005747140850871801,0.005747140850871801,-0.00025285914912819875,close,0,0,10,2023-02-01
2023-02-09,2504,21.96048355102539,0.5200243936848448,1,-3.083709643192378e-08,0.0037878623697906733,-0.005681834649294615,0.0037878623697906733,0.0037878623697906733,-0.002212137630209327,close,0,0,10,2023-02-01
2023-02-09,9914,170.84535217285156,0.5191446216982321,0,0.01333334855735302,0.01333334855735302,-0.015999985858798027,-0.007999984547495842,-0.007999984547495842,-0.013999984547495842,close,0,0,10,2023-02-01
2023-02-09,6781,815.6317138671875,0.5176430598602555,0,0.006960520055145025,0.01392107643187046,-0.03364272788167,-0.01624133624136448,-0.02,-0.026000000000000002,stop_loss,0,1,10,2023-02-01
2023-02-09,3162,55.54133605957031,0.5166022514285584,0,-0.005347541067749262,-0.0017824650276452303,-0.08734395354986191,-0.08556144684553146,-0.02,-0.026000000000000002,stop_loss,0,1,10,2023-02-01
2023-02-09,4770,317.7135314941406,0.5154222778764377,1,0.0014185060281306505,0.05248234048485756,-0.008510572835803032,0.012766024097800255,0.03,0.024,take_profit,1,0,10,2023-02-01
2023-02-10,4768,149.34214782714844,0.676470437301198,1,0.016483526676893234,0.03296705707907677,-5.751863874081664e-09,0.016483526676893234,0.03,0.024,take_profit,1,0,10,2023-02-01
2023-02-10,8358,59.23002243041992,0.6747760309464073,0,-0.003115242812782526,0.01713402569293976,-0.009345795959234238,-0.0062305196188390255,-0.0062305196188390255,-0.012230519618839026,close,0,0,10,2023-02-01
2023-02-10,6788,105.17323303222656,0.6723107973228113,1,0.008264337666332722,0.02066102996468544,0.004132106900215149,0.012396569363772869,0.012396569363772869,0.006396569363772869,close,0,0,10,2023-02-01
2023-02-10,6226,11.050000190734863,0.6633096485115562,1,0.009049721993505955,0.03619905933737755,0.009049721993505955,0.027149338275194168,0.03,0.024,take_profit,1,0,10,2023-02-01
2023-02-10,6233,21.126468658447266,0.6608527472668502,1,-4.5753612454291215e-08,0.015909060835838318,-0.004545517265796661,0.009090897627174854,0.009090897627174854,0.003090897627174854,close,0,0,10,2023-02-01
2023-02-10,6130,39.043819427490234,0.6583595934959167,0,3.369443390965898e-08,3.369443390965898e-08,-0.06565649807453156,-0.05176762863993645,-0.02,-0.026000000000000002,stop_loss,0,1,10,2023-02-01
2023-02-10,4162,103.05060577392578,0.6548498220767153,0,-3.733959985652291e-08,0.01287549827247858,-0.012875573709607124,-0.012875573709607124,-0.012875573709607124,-0.018875573709607123,close,0,0,10,2023-02-01
2023-02-10,2342,39.02961730957031,0.6474275593307934,0,-0.001231505419127643,0.0024631135165691376,-0.013546776957809925,-0.001231505419127643,-0.001231505419127643,-0.007231505419127643,close,0,0,10,2023-02-01
2023-02-10,3041,36.5,0.6432556572046156,0,-0.013698630034923553,-0.006849315017461777,-0.02054794505238533,-0.015981804579496384,-0.02,-0.026000000000000002,stop_loss,0,1,10,2023-02-01
2023-02-10,6109,16.427776336669922,0.6399494597471794,1,0.0028817548882216215,0.04610941931605339,-0.008645555935800076,0.025936486199498177,0.03,0.024,take_profit,1,0,10,2023-02-01
2023-02-10,2753,213.35337829589844,0.6383689192530094,0,0.025000032037496567,0.03333336487412453,-0.05208330601453781,-0.03541663661599159,-0.02,-0.026000000000000002,ambiguous_stop_loss,1,1,10,2023-02-01
2023-02-10,1720,50.403076171875,0.6380881064901724,1,0.01223784126341343,0.029720360413193703,0.00874132476747036,0.017482584342360497,0.017482584342360497,0.011482584342360496,close,0,0,10,2023-02-01
2023-02-10,4919,135.80828857421875,0.6374580979426925,0,0.003389830468222499,0.016949152573943138,-0.006779660936444998,0.0,0.0,-0.006,close,0,0,10,2023-02-01
2023-02-10,2351,110.59919738769531,0.634551547047244,1,-0.008298743516206741,0.020746899768710136,-0.008298743516206741,0.012448144145309925,0.012448144145309925,0.006448144145309925,close,0,0,10,2023-02-01
2023-02-10,3558,244.03274536132812,0.6342408105282652,0,-0.001964643830433488,0.025540268048644066,-0.015717100352048874,-0.0058939168229699135,-0.0058939168229699135,-0.011893916822969914,close,0,0,10,2023-02-01
2023-02-10,6415,618.4051513671875,0.6341453360791214,0,-0.009508784860372543,-0.009508784860372543,-0.04912843182682991,-0.03961971774697304,-0.02,-0.026000000000000002,stop_loss,0,1,10,2023-02-01
2023-02-10,2481,61.17961502075195,0.6321868549381153,0,-0.002984992228448391,0.001492551644332707,-0.011940307915210724,-0.00746264960616827,-0.00746264960616827,-0.01346264960616827,close,0,0,10,2023-02-01
2023-02-10,4726,40.04999923706055,0.6308677408110437,1,0.01373281516134739,0.02996256574988365,0.003745356574654579,0.00499377679079771,0.00499377679079771,-0.0010062232092022897,close,0,0,10,2023-02-01
2023-02-10,3490,22.7873592376709,0.6305544687504846,1,-0.002032585209235549,0.008130015805363655,-0.0040650744922459126,0.006097526755183935,0.006097526755183935,9.752675518393504e-05,close,0,0,10,2023-02-01
2023-02-10,2727,157.1326446533203,0.6294897753918327,1,0.017588073387742043,0.04522630199790001,0.01256297156214714,0.037688564509153366,0.03,0.024,take_profit,1,0,10,2023-02-01
2023-02-13,6669,744.5186157226562,0.6184787458377934,1,0.009827974252402782,0.01719898171722889,0.0024569672532379627,0.01597047969698906,0.01597047969698906,0.00997047969698906,close,0,0,10,2023-02-01
2023-02-13,5263,128.8459014892578,0.61313221133446,1,0.007575753144919872,0.011363632045686245,-0.01515151932835579,0.007575753144919872,0.007575753144919872,0.0015757531449198722,close,0,0,10,2023-02-01
2023-02-13,5340,44.59162521362305,0.6078573498161465,1,0.015625057741999626,0.03794648498296738,0.004464342258870602,0.016741111874580383,0.03,0.024,take_profit,1,0,10,2023-02-01
2023-02-13,6679,252.983642578125,0.6013490823958504,1,-0.019819824025034904,0.025225220248103142,-0.019819824025034904,0.0036035990342497826,0.0036035990342497826,-0.0023964009657502176,close,0,0,10,2023-02-01
2023-02-13,4171,46.211822509765625,0.6009603060938639,1,0.0016694999067112803,0.01836397498846054,0.0016694999067112803,0.0033389872405678034,0.0033389872405678034,-0.0026610127594321967,close,0,0,10,2023-02-01
2023-02-13,6205,74.5355224609375,0.5979773271652694,0,0.006060559302568436,0.01818177103996277,-0.0048485491424798965,-0.0048485491424798965,-0.0048485491424798965,-0.010848549142479897,close,0,0,10,2023-02-01
2023-02-13,6111,48.667564392089844,0.5885759971354149,0,0.010083978995680809,0.013445336371660233,-0.015126124955713749,-0.006722731050103903,-0.006722731050103903,-0.012722731050103903,close,0,0,10,2023-02-01
2023-02-13,6517,57.48386001586914,0.5837856855556129,1,-0.014802650548517704,0.09868421405553818,-0.021381622180342674,0.08881568908691406,-0.02,-0.026000000000000002,ambiguous_stop_loss,1,1,10,2023-02-01
2023-02-13,3023,273.2652282714844,0.5831718086390746,1,0.006600756663829088,0.0231024082750082,-0.003300234442576766,0.021452242508530617,0.021452242508530617,0.015452242508530617,close,0,0,10,2023-02-01
2023-02-13,2606,43.33795928955078,0.5775147955206805,1,0.009823176078498363,0.011787782423198223,-6.387103290705909e-09,0.009823176078498363,0.009823176078498363,0.0038231760784983634,close,0,0,10,2023-02-01
2023-02-13,6491,403.86798095703125,0.5774301305814831,0,0.014656225219368935,0.014656225219368935,-0.012401278130710125,-0.0022547319531440735,-0.0022547319531440735,-0.008254731953144074,close,0,0,10,2023-02-01
2023-02-13,4168,32.099998474121094,0.5767444124147756,0,0.007788162212818861,0.012461107224225998,-0.012460988014936447,0.0,0.0,-0.006,close,0,0,10,2023-02-01
2023-02-13,3349,13.350000381469727,0.5758645590332107,0,-0.003745332593098283,0.003745261114090681,-0.018726591020822525,-0.007490665186196566,-0.007490665186196566,-0.013490665186196566,close,0,0,10,2023-02-01
2023-02-13,3504,83.5999984741211,0.5739864593535838,0,0.0011961540440097451,0.015550276264548302,-0.0023923080880194902,-0.0023923080880194902,-0.0023923080880194902,-0.00839230808801949,close,0,0,10,2023-02-01
2023-02-13,2636,52.762664794921875,0.5714994954238195,1,0.013782557100057602,0.026033753529191017,0.0030628484673798084,0.021439526230096817,0.021439526230096817,0.015439526230096817,close,0,0,10,2023-02-01
2023-02-13,5351,44.999244689941406,0.5699685134345178,1,0.018619896844029427,0.0405256524682045,0.01204819418489933,0.01642932929098606,0.03,0.024,take_profit,1,0,10,2023-02-01
2023-02-13,4167,20.259435653686523,0.5664426777741955,1,0.016746481880545616,0.02870820462703705,0.0023924505803734064,0.019138790667057037,0.019138790667057037,0.013138790667057037,close,0,0,10,2023-02-01
2023-02-13,2360,174.72412109375,0.5621916336211293,1,0.021164149045944214,0.03174616023898125,0.007936634123325348,0.013227639719843864,0.03,0.024,take_profit,1,0,10,2023-02-01
2023-02-13,2417,22.649646759033203,0.5615706670577484,0,0.008676797151565552,0.013015207834541798,-0.0021691902074962854,-0.0021691902074962854,-0.0021691902074962854,-0.008169190207496286,close,0,0,10,2023-02-01
2023-02-13,5425,78.93671417236328,0.5588584833318156,0,0.005643332377076149,0.009029371663928032,-0.012415341101586819,-0.012415341101586819,-0.012415341101586819,-0.018415341101586817,close,0,0,10,2023-02-01
2023-02-14,4743,225.80130004882812,0.6072537823481373,1,0.011070017702877522,0.020295139402151108,-0.007380155846476555,0.001844964805059135,0.001844964805059135,-0.004155035194940865,close,0,0,10,2023-02-01
2023-02-14,2723,153.36068725585938,0.6018754834332057,0,0.0059523917734622955,0.017857152968645096,-0.062499988824129105,-0.056547608226537704,-0.02,-0.026000000000000002,stop_loss,0,1,10,2023-02-01
2023-02-14,6180,67.39496612548828,0.5996004039623154,1,0.002415341790765524,0.013284924440085888,-0.03019331395626068,0.004830763675272465,-0.02,-0.026000000000000002,stop_loss,0,1,10,2023-02-01
2023-02-14,3231,29.233781814575195,0.5946189208964974,1,0.001574876019731164,0.001574876019731164,-0.007873919792473316,0.001574876019731164,0.001574876019731164,-0.004425123980268836,close,0,0,10,2023-02-01
2023-02-14,6477,42.84589767456055,0.5938343778432584,1,5.5607650040201406e-08,0.05125411972403526,5.5607650040201406e-08,0.04798262566328049,0.03,0.024,take_profit,1,0,10,2023-02-01
2023-02-14,2504,22.334808349609375,0.5805123825563133,0,0.0055867149494588375,0.0055867149494588375,-0.00931085180491209,-0.0018621040508151054,-0.0018621040508151054,-0.007862104050815106,close,0,0,10,2023-02-01
2023-02-14,1432,17.450000762939453,0.5784843533584118,0,-0.04011465609073639,0.03151857852935791,-0.048710621893405914,-0.00859607569873333,-0.04011465609073639,-0.04611465609073639,gap_stop,1,1,10,2023-02-01
2023-02-14,3540,32.04433059692383,0.578077778448442,1,0.035007718950510025,0.08675812929868698,0.022831110283732414,0.041096024215221405,0.03,0.024,gap_take_profit,1,0,10,2023-02-01
2023-02-14,6234,20.681821823120117,0.5705275172618433,1,-0.0022987776901572943,0.011494291014969349,-0.0022987776901572943,0.0022988535929471254,0.0022988535929471254,-0.0037011464070528747,close,0,0,10,2023-02-01
2023-02-14,5285,67.50678253173828,0.5698498662620947,1,-7.244661048844137e-08,0.052631501108407974,-7.244661048844137e-08,0.02631571516394615,0.03,0.024,take_profit,1,0,10,2023-02-01
2023-02-14,9921,195.42739868164062,0.56786106019658,0,-0.004716950468719006,-0.002358459634706378,-0.02830185741186142,-0.023584876209497452,-0.02,-0.026000000000000002,stop_loss,0,1,10,2023-02-01
2023-02-14,2731,106.00868225097656,0.5612300902613568,1,0.021367503330111504,0.0982905775308609,0.008546991273760796,0.0982905775308609,0.03,0.024,take_profit,1,0,10,2023-02-01
2023-02-14,3221,24.99587631225586,0.5600805434967863,1,0.05982901155948639,0.06324782967567444,0.003418771782889962,0.011965779587626457,0.03,0.024,gap_take_profit,1,0,10,2023-02-01
2023-02-14,3430,39.89510726928711,0.5587098549983476,0,3.185224173307688e-08,0.0043290527537465096,-0.019480520859360695,-0.005411223508417606,-0.005411223508417606,-0.011411223508417606,close,0,0,10,2023-02-01
2023-02-14,3322,19.390501022338867,0.5583969721958114,1,0.0024814563803374767,0.01736975647509098,-0.007444140035659075,0.0024814563803374767,0.0024814563803374767,-0.0035185436196625234,close,0,0,10,2023-02-01
2023-02-14,2344,21.512479782104492,0.557598929200958,0,-7.54079110265593e-08,0.006666639819741249,-0.008888971991837025,-0.006666705012321472,-0.006666705012321472,-0.012666705012321472,close,0,0,10,2023-02-01
2023-02-14,3661,898.3147583007812,0.5571250233653064,1,-0.0032894848845899105,0.017543848603963852,-0.006578958593308926,0.008771918714046478,0.008771918714046478,0.002771918714046478,close,0,0,10,2023-02-01
2023-02-14,6491,402.9573669433594,0.5564401804252748,1,-0.004519718699157238,0.030508555471897125,-0.004519718699157238,0.005649757105857134,0.03,0.024,take_profit,1,0,10,2023-02-01
2023-02-14,3045,85.4049072265625,0.5562641602577871,0,0.002072508679702878,0.0031088413670659065,-0.01036269310861826,-0.006217599380761385,-0.006217599380761385,-0.012217599380761385,close,0,0,10,2023-02-01
2023-02-14,2417,22.600515365600586,0.5559156588196822,0,1.1579341929746079e-07,0.0021739958319813013,-0.010869450867176056,-0.004347727168351412,-0.004347727168351412,-0.010347727168351412,close,0,0,10,2023-02-01
2023-02-15,3264,49.12340545654297,0.6186472318607701,0,0.009208103641867638,0.009208103641867638,-0.007366440258920193,0.0,0.0,-0.006,close,0,0,10,2023-02-01
2023-02-15,5439,51.110618591308594,0.6166868650854023,1,0.007220197468996048,0.027075834572315216,0.001805048668757081,0.025270739570260048,0.025270739570260048,0.01927073957026005,close,0,0,10,2023-02-01
2023-02-15,2731,116.42833709716797,0.6072873947376947,1,0.03112846240401268,0.07782107591629028,0.019455309957265854,0.06614792346954346,0.03,0.024,gap_take_profit,1,0,10,2023-02-01
2023-02-15,3023,272.3634033203125,0.5939081351193525,0,0.0033113521058112383,0.0033113521058112383,-0.01655619964003563,-0.008278053253889084,-0.008278053253889084,-0.014278053253889084,close,0,0,10,2023-02-01
2023-02-15,1785,34.5720329284668,0.5878577077451081,1,0.005464512854814529,0.017759615555405617,0.00409841351211071,0.016393516212701797,0.016393516212701797,0.010393516212701797,close,0,0,10,2023-02-01
2023-02-15,6456,80.67294311523438,0.5862453278627391,1,0.014184431172907352,0.03191492706537247,0.007092160172760487,0.02718677744269371,0.03,0.024,take_profit,1,0,10,2023-02-01
2023-02-15,6111,47.68603515625,0.5845166794658007,1,0.0034305236767977476,0.032589998096227646,0.0034305236767977476,0.02572890929877758,0.03,0.024,take_profit,1,0,10,2023-02-01
2023-02-15,9917,87.88702392578125,0.5806337974096374,1,0.0020039882510900497,0.007014008238911629,-0.0010020541958510876,0.0020039882510900497,0.0020039882510900497,-0.00399601174890995,close,0,0,10,2023-02-01
2023-02-15,2855,13.767026901245117,0.5803467247249227,0,0.0029153632931411266,0.008746260777115822,-0.008746433071792126,-0.002915534656494856,-0.002915534656494856,-0.008915534656494856,close,0,0,10,2023-02-01
2023-02-15,8071,14.386137008666992,0.5794072880818217,1,0.006733985152095556,0.03030303493142128,0.006733985152095556,0.03030303493142128,0.03,0.024,take_profit,1,0,10,2023-02-01
2023-02-15,6231,73.60737609863281,0.5778656710881815,1,0.014522827230393887,0.06327798217535019,0.011410793289542198,0.058091290295124054,0.03,0.024,take_profit,1,0,10,2023-02-01
2023-02-15,1815,12.017109870910645,0.5766097194036909,1,0.00404859846457839,0.024291513487696648,0.00404859846457839,0.02024291455745697,0.02024291455745697,0.01424291455745697,close,0,0,10,2023-02-01
2023-02-15,6488,471.6486511230469,0.5760577247000205,1,0.0038986331783235073,0.021442493423819542,0.0038986331783235073,0.011695903725922108,0.011695903725922108,0.005695903725922108,close,0,0,10,2023-02-01
2023-02-15,2383,179.38873291015625,0.5754441145253512,1,0.013368988409638405,0.02139037847518921,0.008021394722163677,0.018716581165790558,0.018716581165790558,0.012716581165790558,close,0,0,10,2023-02-01
2023-02-15,6715,116.39817810058594,0.5751241601735577,1,0.003921558614820242,0.01960783265531063,0.003921558614820242,0.007843127474188805,0.007843127474188805,0.0018431274741888045,close,0,0,10,2023-02-01
2023-02-15,6237,47.08802795410156,0.5734186418935987,1,0.020876923575997353,0.042797576636075974,0.018789192661643028,0.04070984572172165,0.03,0.024,take_profit,1,0,10,2023-02-01
2023-02-15,6026,8.905966758728027,0.5728560834100416,1,0.0094339894130826,0.014150988310575485,8.035296872321851e-08,0.0047169895842671394,0.0047169895842671394,-0.0012830104157328607,close,0,0,10,2023-02-01
2023-02-15,3011,18.049999237060547,0.5725138935852715,0,0.0027701465878635645,0.024930791929364204,-0.005540081765502691,-0.0027700408827513456,-0.0027700408827513456,-0.008770040882751346,close,0,0,10,2023-02-01
2023-02-15,2010,14.248870849609375,0.5724599338800532,1,0.009008988738059998,0.012012060731649399,0.0030030738562345505,0.0030030738562345505,0.0030030738562345505,-0.0029969261437654496,close,0,0,10,2023-02-01
2023-02-15,3665,249.45703125,0.571723350737061,1,0.016453474760055542,0.036563120782375336,0.014625324867665768,0.02559422329068184,0.03,0.024,take_profit,1,0,10,2023-02-01
2023-02-16,2375,65.09148406982422,0.5078184351511295,1,1.9190225941656536e-07,0.04617620259523392,-0.00577183673158288,0.03174618259072304,0.03,0.024,take_profit,1,0,10,2023-02-01
2023-02-16,8227,141.94813537597656,0.46661753184693905,1,0.0034247415605932474,0.0924658477306366,-0.010273889638483524,0.08561652898788452,0.03,0.024,take_profit,1,0,10,2023-02-01
2023-02-16,6861,113.30176544189453,0.46422457537621925,1,-0.03734438121318817,0.062240682542324066,-0.03734438121318817,0.062240682542324066,-0.03734438121318817,-0.04334438121318817,gap_stop,1,1,10,2023-02-01
2023-02-16,2324,20.866456985473633,0.4567522610387544,1,6.286571618829839e-08,0.004255398642271757,6.286571618829839e-08,0.0021276900079101324,0.0021276900079101324,-0.0038723099920898677,close,0,0,10,2023-02-01
2023-02-16,6443,36.49345397949219,0.45427802259515426,1,0.013280277140438557,0.021248383447527885,-2.669258369891736e-09,0.0013280663406476378,0.0013280663406476378,-0.004671933659352362,close,0,0,10,2023-02-01
2023-02-16,2886,28.79742431640625,0.44951492863483195,1,-0.002994114300236106,0.007484961301088333,-0.002994114300236106,0.0029938779771327972,0.0029938779771327972,-0.003006122022867203,close,0,0,10,2023-02-01
2023-02-16,1476,445.3114929199219,0.44893953272526427,0,-0.001014229841530323,0.0020283665508031845,-0.0152130126953125,-0.010142018087208271,-0.010142018087208271,-0.01614201808720827,close,0,0,10,2023-02-01
2023-02-16,2474,157.8238983154297,0.4483780188810385,0,0.0,0.005291005130857229,-0.005291005130857229,0.0,0.0,-0.006,close,0,0,10,2023-02-01
2023-02-16,6603,17.300090789794922,0.4453537173591723,0,0.0,0.013661161996424198,-0.0027322538662701845,0.0,0.0,-0.006,close,0,0,10,2023-02-01
2023-02-16,6931,40.3996467590332,0.44458315436325746,0,0.011930533684790134,0.019522691145539284,-0.08242952823638916,-0.026030438020825386,-0.02,-0.026000000000000002,stop_loss,0,1,10,2023-02-01
2023-02-16,4961,205.1673126220703,0.44321360495462075,1,0.0031546596437692642,0.06309158354997635,4.201854864049892e-08,0.04416412487626076,0.03,0.024,take_profit,1,0,10,2023-02-01
2023-02-16,2357,243.06532287597656,0.4431963658503452,1,0.005395702552050352,0.007194263860583305,-0.0017985422164201736,0.005395702552050352,0.005395702552050352,-0.000604297447949648,close,0,0,10,2023-02-01
2023-02-16,2472,53.984283447265625,0.4373936449963374,1,0.021035542711615562,0.04530738666653633,0.008090571500360966,0.030744317919015884,0.03,0.024,take_profit,1,0,10,2023-02-01
2023-02-16,2347,54.34636688232422,0.4361038542127824,1,-0.007911370135843754,0.00791141577064991,-0.007911370135843754,0.006329100579023361,0.006329100579023361,0.0003291005790233611,close,0,0,10,2023-02-01
2023-02-16,3665,255.84169006347656,0.4358518859866293,0,-0.008912633173167706,-0.0017825241666287184,-0.014260214753448963,-0.005347578786313534,-0.005347578786313534,-0.011347578786313534,close,0,0,10,2023-02-01
2023-02-16,3702,42.18458557128906,0.4352886440998891,1,0.002032475546002388,0.004065042361617088,-0.005081314593553543,0.002032475546002388,0.002032475546002388,-0.003967524453997612,close,0,0,10,2023-02-01
2023-02-16,2887,13.331628799438477,0.4352324686284433,1,-8.481791935466276e-10,0.00923076830804348,-0.003076902823522687,0.00923076830804348,0.00923076830804348,0.00323076830804348,close,0,0,10,2023-02-01
2023-02-16,6175,31.967100143432617,0.43485454856633976,1,-0.0041152844205498695,0.03703697770833969,-0.0041152844205498695,0.01920439302921295,0.03,0.024,take_profit,1,0,10,2023-02-01
2023-02-16,2356,23.791641235351562,0.43460825008663995,1,4.428504229991859e-09,0.009523813612759113,-0.005714266560971737,0.005714275408536196,0.005714275408536196,-0.00028572459146380437,close,0,0,10,2023-02-01
2023-02-16,2753,222.2431182861328,0.42814670256452636,0,-0.006000147201120853,0.009999850764870644,-0.026000143960118294,-0.002000147709622979,-0.02,-0.026000000000000002,stop_loss,0,1,10,2023-02-01
2023-02-17,3023,266.0503234863281,0.6030297339877222,0,0.0050847455859184265,0.006779660936444998,-0.008474576286971569,0.0,0.0,-0.006,close,0,0,10,2023-02-01
2023-02-17,3006,76.89814758300781,0.6004582021990206,1,0.00371749559417367,0.030978919938206673,0.00371749559417367,0.027261504903435707,0.03,0.024,take_profit,1,0,10,2023-02-01
2023-02-17,2345,268.66473388671875,0.5965539231877394,0,1.1215197304181856e-07,1.1215197304181856e-07,-0.03180200979113579,-0.02296808920800686,-0.02,-0.026000000000000002,stop_loss,0,1,10,2023-02-01
2023-02-17,3594,36.640193939208984,0.5878435426365418,1,0.03174608200788498,0.09920638054609299,0.02645505592226982,0.09920638054609299,0.03,0.024,gap_take_profit,1,0,10,2023-02-01
2023-02-17,6603,17.300090789794922,0.5877415453163616,1,0.002732140477746725,0.021857811138033867,0.002732140477746725,0.01639341004192829,0.01639341004192829,0.010393410041928291,close,0,0,10,2023-02-01
2023-02-17,4123,41.09031677246094,0.5865564013127771,0,-0.0021008176263421774,0.0010504504898563027,-0.010504228062927723,-0.007352960295975208,-0.007352960295975208,-0.013352960295975208,close,0,0,10,2023-02-01
2023-02-17,5530,38.54999923706055,0.5857419805959251,1,0.003891090163961053,0.0051880874671041965,-0.00907907821238041,0.0012969970703125,0.0012969970703125,-0.0047030029296875,close,0,0,10,2023-02-01
2023-02-17,6668,41.099998474121094,0.5851943456446533,1,0.0,0.018248176202178,0.0,0.014598596841096878,0.014598596841096878,0.008598596841096878,close,0,0,10,2023-02-01
2023-02-17,3362,77.3958511352539,0.584984129390539,1,0.0012787722516804934,0.016624001786112785,-0.0025575836189091206,0.016624001786112785,0.016624001786112785,0.010624001786112785,close,0,0,10,2023-02-01
2023-02-17,6741,122.81604766845703,0.5845341141141156,0,0.01176468376070261,0.07058820873498917,-0.019607864320278168,-0.015686295926570892,0.03,0.024,take_profit,1,0,10,2023-02-01
2023-02-17,3217,80.84105682373047,0.584356024293298,1,0.01621631532907486,0.04540547356009483,0.007567632012069225,0.034594662487506866,0.03,0.024,take_profit,1,0,10,2023-02-01
2023-02-17,3188,11.146010398864746,0.5840722870178303,0,1.0900188840423652e-07,0.003921693190932274,-0.011764568276703358,-0.0039214747957885265,-0.0039214747957885265,-0.009921474795788527,close,0,0,10,2023-02-01
2023-02-17,6669,764.6407470703125,0.584034144478742,0,0.0011961301788687706,0.007176991086453199,-0.005980903282761574,-0.005980903282761574,-0.005980903282761574,-0.011980903282761574,close,0,0,10,2023-02-01
2023-02-17,8072,24.791324615478516,0.5837692074273882,1,5.0026677911318984e-08,0.014869925566017628,-0.007434851955622435,0.009293731302022934,0.009293731302022934,0.003293731302022934,close,0,0,10,2023-02-01
2023-02-17,1503,80.74940490722656,0.5828457216029227,1,0.02479340322315693,0.03187721222639084,-0.004722534213215113,0.004722511861473322,0.03,0.024,take_profit,1,0,10,2023-02-01
2023-02-17,4303,15.12671184539795,0.5826121142664966,1,0.003225855529308319,0.019354889169335365,0.003225855529308319,0.012903250753879547,0.012903250753879547,0.006903250753879547,close,0,0,10,2023-02-01
2023-02-17,5475,12.699999809265137,0.5820689925481547,1,0.0,0.03937007859349251,0.0,0.03543305769562721,0.03,0.024,take_profit,1,0,10,2023-02-01
2023-02-17,3711,88.41539764404297,0.5817094482686406,1,-0.004902005195617676,0.009803876280784607,-0.004902005195617676,0.009803876280784607,0.009803876280784607,0.003803876280784607,close,0,0,10,2023-02-01
2023-02-17,4130,27.392091751098633,0.5782038376793418,1,0.00511948810890317,0.03412971273064613,0.003412992460653186,0.032423216849565506,0.03,0.024,take_profit,1,0,10,2023-02-01
2023-02-17,6234,20.96708869934082,0.5769307612637459,1,0.009070347994565964,0.043083954602479935,0.0022676438093185425,0.043083954602479935,0.03,0.024,take_profit,1,0,10,2023-02-01
2023-02-20,2211,43.675018310546875,0.5956101888060367,0,0.0037806157488375902,0.0037806157488375902,-0.005671179387718439,-0.0018904469907283783,-0.0018904469907283783,-0.007890446990728378,close,0,0,10,2023-02-01
2023-02-20,6431,20.049999237060547,0.594246185680656,0,0.0024938227143138647,0.0024938227143138647,-0.004987455438822508,0.0,0.0,-0.006,close,0,0,10,2023-02-01
2023-02-20,2368,82.1197280883789,0.5923379749139066,1,0.01581912487745285,0.022598767653107643,-9.938194267533618e-08,0.0011298267636448145,0.0011298267636448145,-0.004870173236355186,close,0,0,10,2023-02-01
2023-02-20,1201,19.244213104248047,0.5921511708468183,0,-4.263458919240293e-08,0.002450993750244379,-0.004902021959424019,-0.004902021959424019,-0.004902021959424019,-0.010902021959424019,close,0,0,10,2023-02-01
2023-02-20,4129,43.285213470458984,0.5908634526101229,1,0.0010351577075198293,0.06418222188949585,0.0010351577075198293,0.06418222188949585,0.03,0.024,take_profit,1,0,10,2023-02-01
2023-02-20,5244,28.296144485473633,0.5877275486808159,1,0.0985221341252327,0.0985221341252327,0.018062343820929527,0.029556607827544212,0.03,0.024,gap_take_profit,1,0,10,2023-02-01
2023-02-20,2360,176.11082458496094,0.587250189317057,1,0.005249342415481806,0.03412073478102684,0.005249342415481806,0.028871389105916023,0.03,0.024,take_profit,1,0,10,2023-02-01
2023-02-20,2428,130.4426727294922,0.5844948929818166,0,0.01034482754766941,0.017241379246115685,-0.006896551698446274,0.0,0.0,-0.006,close,0,0,10,2023-02-01
2023-02-20,6670,180.70864868164062,0.583070641064581,1,0.004474245943129063,0.03803129121661186,0.004474245943129063,0.022371336817741394,0.03,0.024,take_profit,1,0,10,2023-02-01
2023-02-20,4545,27.18566131591797,0.5823730120093287,1,-0.0032680595759302378,0.0032679124269634485,-0.013071955181658268,0.0016338883433490992,0.0016338883433490992,-0.004366111656650901,close,0,0,10,2023-02-01
2023-02-20,6550,99.0,0.582109808127509,0,0.006060590501874685,0.008080839179456234,-0.013131343759596348,-0.01212118100374937,-0.01212118100374937,-0.01812118100374937,close,0,0,10,2023-02-01
2023-02-20,3712,26.49801254272461,0.5819636825241411,0,1.550808370609502e-08,0.008130096830427647,-0.013008102774620056,-0.011382111348211765,-0.011382111348211765,-0.017382111348211764,close,0,0,10,2023-02-01
2023-02-20,2476,42.121864318847656,0.579694971697802,1,0.0063024116680026054,0.06932760775089264,0.002100791549310088,0.05882343277335167,0.03,0.024,take_profit,1,0,10,2023-02-01
2023-02-20,3437,18.5,0.5795500373024239,1,0.002702661557123065,0.005405426025390625,0.0,0.002702661557123065,0.002702661557123065,-0.003297338442876935,close,0,0,10,2023-02-01
2023-02-20,1524,21.712963104248047,0.5793067851751752,1,0.008015960454940796,0.04408808797597885,0.008015960454940796,0.04408808797597885,0.03,0.024,take_profit,1,0,10,2023-02-01
2023-02-20,6166,57.78936004638672,0.5781525864251165,1,2.2084190476334697e-08,0.008130103349685669,-0.00325202289968729,0.0032520671375095844,0.0032520671375095844,-0.0027479328624904157,close,0,0,10,2023-02-01
2023-02-20,6776,34.33742904663086,0.5763291286404416,1,0.0012361638946458697,0.029666364192962646,8.869394463317803e-08,0.016069253906607628,0.016069253906607628,0.010069253906607628,close,0,0,10,2023-02-01
2023-02-20,3011,19.850000381469727,0.5759503154309145,1,0.007556655909866095,0.08312340825796127,0.007556655909866095,0.052896685898303986,0.03,0.024,take_profit,1,0,10,2023-02-01
2023-02-20,2457,45.34908676147461,0.5754741735179743,1,0.01618128828704357,0.028047464787960052,-0.020496230572462082,0.007551233749836683,-0.02,-0.026000000000000002,stop_loss,0,1,10,2023-02-01
2023-02-20,2537,7.0,0.5746270963440023,1,0.004285744391381741,0.021428585052490234,0.0014286041259765625,0.01857144571840763,0.01857144571840763,0.01257144571840763,close,0,0,10,2023-02-01
2023-02-21,1519,51.52151870727539,0.5290058693969085,1,0.0077519770711660385,0.03410853073000908,-0.023255784064531326,0.004651172552257776,-0.02,-0.026000000000000002,ambiguous_stop_loss,1,1,10,2023-02-01
2023-02-21,5381,6.599999904632568,0.5220178101802189,1,0.1000000536441803,0.1000000536441803,0.06060607731342316,0.1000000536441803,0.03,0.024,gap_take_profit,1,0,10,2023-02-01
2023-02-21,8111,16.616497039794922,0.5098249886947829,1,0.024258852005004883,0.06738550215959549,0.018867995589971542,0.04582217335700989,0.03,0.024,take_profit,1,0,10,2023-02-01
2023-02-21,8033,51.409664154052734,0.4862788302517918,1,0.003809527959674597,0.09904765337705612,-0.028571385890245438,0.09904765337705612,-0.02,-0.026000000000000002,ambiguous_stop_loss,1,1,10,2023-02-01
2023-02-21,3362,86.50125122070312,0.4786982702733016,0,-0.027460066601634026,-0.020595096051692963,-0.0709383562207222,-0.05263165384531021,-0.027460066601634026,-0.033460066601634024,gap_stop,0,1,10,2023-02-01
2023-02-21,5274,2380.920166015625,0.4757692250838037,0,-0.004065068904310465,0.004065012559294701,-0.0426829531788826,-0.024390270933508873,-0.02,-0.026000000000000002,stop_loss,0,1,10,2023-02-01
2023-02-21,2379,337.46759033203125,0.4751388136039272,0,-0.001349527621641755,0.012145749293267727,-0.01079622097313404,0.0,0.0,-0.006,close,0,0,10,2023-02-01
2023-02-21,2472,57.478416442871094,0.47485729092326207,0,-0.0075987703166902065,-0.006079036742448807,-0.02279633842408657,-0.015197553671896458,-0.02,-0.026000000000000002,stop_loss,0,1,10,2023-02-01
2023-02-21,8937,16.200000762939453,0.4733908702821278,0,-0.0771605521440506,-0.06481488049030304,-0.09259264916181564,-0.08024697750806808,-0.0771605521440506,-0.0831605521440506,gap_stop,0,1,10,2023-02-01
2023-02-21,3624,50.477943420410156,0.47151760044126473,1,-0.00712999701499939,0.00891274493187666,-0.008912568911910057,0.0035651642829179764,0.0035651642829179764,-0.0024348357170820237,close,0,0,10,2023-02-01
2023-02-21,2230,48.6910285949707,0.471192636061712,1,0.022421536967158318,0.061285555362701416,0.0014948220923542976,0.0014948220923542976,0.03,0.024,take_profit,1,0,10,2023-02-01
2023-02-21,2382,68.887451171875,0.463817532754558,0,-0.007509363349527121,-0.00375472754240036,-0.021276649087667465,-0.00876100454479456,-0.02,-0.026000000000000002,stop_loss,0,1,10,2023-02-01
2023-02-21,6605,77.11249542236328,0.4625998970403145,1,-0.00692832563072443,0.026558993384242058,-0.01154728140681982,0.011547408998012543,0.011547408998012543,0.005547408998012543,close,0,0,10,2023-02-01
2023-02-21,8016,199.7607879638672,0.46084260070905886,0,-0.012345694936811924,-0.0041152420453727245,-0.053497958928346634,-0.04115227982401848,-0.02,-0.026000000000000002,stop_loss,0,1,10,2023-02-01
2023-02-21,2399,14.899999618530273,0.45874635923707663,0,-0.0067113712430000305,0.0,-0.020134177058935165,-0.0067113712430000305,-0.02,-0.026000000000000002,stop_loss,0,1,10,2023-02-01
2023-02-21,6237,49.44734573364258,0.45606480493670715,0,-0.00994040071964264,-0.0059642428532242775,-0.03578531742095947,-0.029821116477251053,-0.02,-0.026000000000000002,stop_loss,0,1,10,2023-02-01
2023-02-21,8476,61.14753341674805,0.45470354874140817,0,-0.5027739405632019,-0.49791955947875977,-0.5138696432113647,-0.510402262210846,-0.5027739405632019,-0.5087739405632019,gap_stop,0,1,10,2023-02-01
2023-02-21,2049,235.94467163085938,0.45124682978196157,0,0.0020201450679451227,0.012121154926717281,-0.010101066902279854,-0.0020202589221298695,-0.0020202589221298695,-0.00802025892212987,close,0,0,10,2023-02-01
2023-02-21,4541,30.034561157226562,0.4511553376935763,1,-0.004754321184009314,0.019017530605196953,-0.014263013377785683,0.014263124205172062,0.014263124205172062,0.008263124205172062,close,0,0,10,2023-02-01
2023-02-21,8043,28.435585021972656,0.45026711879105624,0,-0.001631357823498547,0.014681855216622353,-0.017944570630788803,-0.0032627165783196688,-0.0032627165783196688,-0.009262716578319669,close,0,0,10,2023-02-01
2023-02-22,4303,16.88336181640625,0.5523049874548104,1,0.09248562902212143,0.09826599806547165,0.04046252369880676,0.06647413223981857,0.03,0.024,gap_take_profit,1,0,10,2023-02-01
2023-02-22,8033,56.501670837402344,0.5502163597116759,1,-0.0103986244648695,0.02253035269677639,-0.04679374396800995,0.00519931223243475,-0.02,-0.026000000000000002,stop_loss,0,1,10,2023-02-01
2023-02-22,6148,14.708806991577148,0.5497964617834282,0,0.04294488579034805,0.058282312005758286,-0.01840481348335743,-0.01840481348335743,0.03,0.024,gap_take_profit,1,0,10,2023-02-01
2023-02-22,4513,17.59349250793457,0.5496939689661948,1,0.005305101629346609,0.010610154829919338,-0.039787691086530685,0.0026526288129389286,-0.02,-0.026000000000000002,stop_loss,0,1,10,2023-02-01
2023-02-22,5381,7.260000228881836,0.5344159420780672,1,-0.009641896933317184,0.05509636551141739,-0.015151533298194408,0.019283726811408997,0.03,0.024,take_profit,1,0,10,2023-02-01
2023-02-22,5269,926.5715942382812,0.5256081442663262,1,0.01851850561797619,0.06481479853391647,0.01851850561797619,0.04423867166042328,0.03,0.024,take_profit,1,0,10,2023-02-01
2023-02-22,6237,47.97277069091797,0.5232801235943729,1,0.014344342052936554,0.04098367318511009,0.0081968167796731,0.026639394462108612,0.03,0.024,take_profit,1,0,10,2023-02-01
2023-02-22,3289,78.02790069580078,0.5230468257155401,1,0.011778401210904121,0.030624080449342728,0.001177678699605167,0.01295623928308487,0.03,0.024,take_profit,1,0,10,2023-02-01
2023-02-22,8476,29.937694549560547,0.5202245775350016,1,1.0283286571502686,1.0283286571502686,0.9830028414726257,0.99433434009552,0.03,0.024,gap_take_profit,1,0,10,2023-02-01
2023-02-22,2605,19.100900650024414,0.5189145107087912,1,0.018779436126351357,0.09859159588813782,0.018779436126351357,0.09859159588813782,0.03,0.024,take_profit,1,0,10,2023-02-01
2023-02-22,3094,31.111209869384766,0.5137068554363132,1,0.07294834405183792,0.07294834405183792,0.03495441749691963,0.06990887224674225,0.03,0.024,gap_take_profit,1,0,10,2023-02-01
2023-02-22,6679,247.51373291015625,0.5107222953785229,1,0.01657460629940033,0.04604053869843483,-0.0036832208279520273,0.03130757063627243,0.03,0.024,take_profit,1,0,10,2023-02-01
2023-02-22,2903,18.792665481567383,0.5101072997279085,1,0.004535184241831303,0.0385487899184227,0.004535184241831303,0.022675758227705956,0.03,0.024,take_profit,1,0,10,2023-02-01
2023-02-22,6781,767.3750610351562,0.5096007062083289,1,0.01479658018797636,0.04685576632618904,0.00986439734697342,0.024660944938659668,0.03,0.024,take_profit,1,0,10,2023-02-01
2023-02-22,6269,88.25438690185547,0.5080186951444607,0,0.0010203926358371973,0.00816329661756754,0.0,0.0,0.0,-0.006,close,0,0,10,2023-02-01
2023-02-22,8044,66.22974395751953,0.5064907573803752,0,0.004464301746338606,0.011904804036021233,-0.04315474256873131,-0.035714298486709595,-0.02,-0.026000000000000002,stop_loss,0,1,10,2023-02-01
2023-02-22,2454,589.5808715820312,0.5050637954534831,1,0.015427809208631516,0.04488082602620125,0.012622760608792305,0.04488082602620125,0.03,0.024,take_profit,1,0,10,2023-02-01
2023-02-22,2211,43.097084045410156,0.5038370924460519,0,0.0,0.017241334542632103,0.0,0.0,0.0,-0.006,close,0,0,10,2023-02-01
2023-02-22,2609,38.71887969970703,0.5018656215085774,1,0.011182062327861786,0.03035140223801136,0.009584642015397549,0.027156563475728035,0.03,0.024,take_profit,1,0,10,2023-02-01
2023-02-22,4956,16.0,0.5018529515719329,1,0.01250004768371582,0.01874995231628418,0.0031249523162841797,0.00937497615814209,0.00937497615814209,0.0033749761581420897,close,0,0,10,2023-02-01
2023-02-23,1210,44.131797790527344,0.6283668328926033,1,0.009081682190299034,0.023208841681480408,-0.003027267288416624,0.02119063213467598,0.02119063213467598,0.01519063213467598,close,0,0,10,2023-02-01
2023-02-23,1409,15.871814727783203,0.6216774676997022,1,0.002754824236035347,0.002754824236035347,-0.00275483843870461,0.002754824236035347,0.002754824236035347,-0.003245175763964653,close,0,0,10,2023-02-01
2023-02-23,2377,127.11323547363281,0.6126234128883089,0,0.010600687004625797,0.017667824402451515,-0.035335708409547806,-0.031802140176296234,-0.02,-0.026000000000000002,stop_loss,0,1,10,2023-02-01
2023-02-23,2606,48.19112777709961,0.602831942799129,1,0.07597169280052185,0.09540629386901855,0.05477026477456093,0.0777384489774704,0.03,0.024,gap_take_profit,1,0,10,2023-02-01
2023-02-23,6603,17.441892623901367,0.600810147726672,0,0.005420119035989046,0.010840200819075108,-0.010840019211173058,-0.0054200440645217896,-0.0054200440645217896,-0.01142004406452179,close,0,0,10,2023-02-01
2023-02-23,5315,17.859020233154297,0.5999107037993625,0,-0.004608350805938244,0.00460818549618125,-0.025345711037516594,-0.016129087656736374,-0.02,-0.026000000000000002,stop_loss,0,1,10,2023-02-01
2023-02-23,2379,348.397705078125,0.5991006879431101,0,0.01699349284172058,0.019607871770858765,-0.015686247497797012,-0.006535920314490795,-0.006535920314490795,-0.012535920314490795,close,0,0,10,2023-02-01
2023-02-23,2605,20.984088897705078,0.5978618280290269,1,0.07051282376050949,0.09829066693782806,0.042735058814287186,0.09829066693782806,0.03,0.024,gap_take_profit,1,0,10,2023-02-01
2023-02-23,5426,13.257125854492188,0.5973918726334603,0,0.007299322169274092,0.007299322169274092,-0.010948853567242622,-0.007299204356968403,-0.007299204356968403,-0.013299204356968403,close,0,0,10,2023-02-01
2023-02-23,3490,23.713674545288086,0.5972568511761193,0,0.0019530951976776123,0.011718720197677612,-0.003906264901161194,0.0,0.0,-0.006,close,0,0,10,2023-02-01
2023-02-23,3443,1078.211669921875,0.5969708404909995,1,0.035874318331480026,0.053811535239219666,0.004484186414629221,0.04035862162709236,0.03,0.024,gap_take_profit,1,0,10,2023-02-01
2023-02-23,3093,25.661954879760742,0.5966370374973421,1,0.008143221028149128,0.016286542639136314,-0.006514783017337322,0.006514518987387419,0.006514518987387419,0.0005145189873874186,close,0,0,10,2023-02-01
2023-02-23,3054,18.799999237060547,0.5959164356355494,1,0.010638338513672352,0.010638338513672352,0.007978805340826511,0.010638338513672352,0.010638338513672352,0.004638338513672352,close,0,0,10,2023-02-01
2023-02-23,2211,43.097084045410156,0.5951701740756331,1,-4.15236911521788e-08,0.01724129356443882,-0.003831473644822836,0.007662749383598566,0.007662749383598566,0.001662749383598566,close,0,0,10,2023-02-01
2023-02-23,6291,88.45121765136719,0.595061064818962,0,0.0040160673670470715,0.0040160673670470715,-0.006024092901498079,-0.001004012767225504,-0.001004012767225504,-0.007004012767225504,close,0,0,10,2023-02-01
2023-02-23,9935,16.82242774963379,0.5904425448723425,0,0.033079031854867935,0.04834619536995888,-0.03307877480983734,-0.020356137305498123,0.03,0.024,gap_take_profit,1,1,10,2023-02-01
2023-02-23,4967,48.19553756713867,0.5894015266820708,1,0.006036215927451849,0.05835006758570671,-0.005030166823416948,0.04225350543856621,0.03,0.024,take_profit,1,0,10,2023-02-01
2023-02-23,3025,24.303098678588867,0.5893808003240592,0,0.004618942271918058,0.006928411312401295,-0.020785214379429817,-0.01385680865496397,-0.02,-0.026000000000000002,stop_loss,0,1,10,2023-02-01
2023-02-23,2630,15.902724266052246,0.5893585775505276,0,0.011299338191747665,0.011299338191747665,-0.01129946205765009,-0.005649762228131294,-0.005649762228131294,-0.011649762228131294,close,0,0,10,2023-02-01
2023-02-23,4147,77.80000305175781,0.5889844529546051,1,0.03984573855996132,0.05398453399538994,-0.021850958466529846,0.023136187344789505,0.03,0.024,gap_take_profit,1,1,10,2023-02-01
2023-02-24,8436,196.83102416992188,0.6113396603904423,0,0.0,0.025882352143526077,-0.009411764331161976,0.0,0.0,-0.006,close,0,0,10,2023-02-01
2023-02-24,2605,23.046628952026367,0.5740474905225058,0,0.06614772975444794,0.07198429107666016,-0.027237460017204285,-0.0116732744500041,0.03,0.024,gap_take_profit,1,1,10,2023-02-01
2023-02-24,5340,48.17488479614258,0.5723454693102424,0,-0.008264550939202309,0.007231316063553095,-0.026859622448682785,-0.008264550939202309,-0.02,-0.026000000000000002,stop_loss,0,1,10,2023-02-01
2023-02-24,1609,21.320650100708008,0.5722484011855002,0,-0.004123755265027285,-0.0020619030110538006,-0.012371248565614223,-0.004123755265027285,-0.004123755265027285,-0.010123755265027285,close,0,0,10,2023-02-01
2023-02-24,1503,76.84063720703125,0.5708523766688833,0,-0.007444191724061966,-4.225390171086474e-08,-0.017369788140058517,-0.00868486799299717,-0.00868486799299717,-0.01468486799299717,close,0,0,10,2023-02-01
2023-02-24,8222,31.558197021484375,0.5703674242356733,0,-0.00155036395881325,0.01550387591123581,-0.006201574113219976,0.0,0.0,-0.006,close,0,0,10,2023-02-01
2023-02-24,1611,12.966157913208008,0.5610157382218433,1,-3.3140302946321754e-08,0.010526255704462528,-0.007017603609710932,0.003508751979097724,0.003508751979097724,-0.002491248020902276,close,0,0,10,2023-02-01
2023-02-24,8289,41.44158935546875,0.5548958702256698,0,-0.00208112271502614,0.015608752146363258,-0.03746095299720764,-0.015608729794621468,-0.02,-0.026000000000000002,stop_loss,0,1,10,2023-02-01
2023-02-24,5289,197.79783630371094,0.5528763241546917,0,-0.011135832406580448,-0.006681473460048437,-0.03786191716790199,-0.03118034265935421,-0.02,-0.026000000000000002,stop_loss,0,1,10,2023-02-01
2023-02-24,3025,23.96633529663086,0.5475274168545207,1,-0.007025681436061859,0.04918041080236435,-0.009367601945996284,0.030445046722888947,0.03,0.024,take_profit,1,0,10,2023-02-01
2023-02-24,3563,161.47369384765625,0.5427696525159303,1,-2.8829610698721808e-08,0.04398823902010918,-2.8829610698721808e-08,0.03812313824892044,0.03,0.024,take_profit,1,0,10,2023-02-01
2023-02-24,2383,182.74627685546875,0.542007632298636,0,-0.0026247233618050814,-5.15195033301552e-08,-0.0288714412599802,-0.013123410753905773,-0.02,-0.026000000000000002,stop_loss,0,1,10,2023-02-01
2023-02-24,2753,223.132080078125,0.5419634257007093,0,1.9498076042623325e-08,1.9498076042623325e-08,-0.03984062001109123,-0.03585655614733696,-0.02,-0.026000000000000002,stop_loss,0,1,10,2023-02-01
2023-02-24,2208,22.799104690551758,0.5410570294689724,0,0.0,0.006369372364133596,-0.033970292657613754,-0.03184719756245613,-0.02,-0.026000000000000002,stop_loss,0,1,10,2023-02-01
2023-02-24,6669,886.2881469726562,0.5410051067950088,0,-4.505597317461252e-08,0.0061919051222503185,-0.04231170564889908,-0.029927805066108704,-0.02,-0.026000000000000002,stop_loss,0,1,10,2023-02-01
2023-02-24,6284,51.78190231323242,0.5405943108031587,0,-0.001751284347847104,8.698409104113125e-09,-0.01926441676914692,-0.0035026445984840393,-0.0035026445984840393,-0.00950264459848404,close,0,0,10,2023-02-01
2023-02-24,2634,35.58107376098633,0.5373338216096321,0,-0.007792229764163494,-0.001298723742365837,-0.020779242739081383,-0.012987054884433746,-0.02,-0.026000000000000002,stop_loss,0,1,10,2023-02-01
2023-02-24,4916,29.174158096313477,0.5372602769537435,1,0.013422885909676552,0.015100712887942791,-0.00838924665004015,0.010067168623209,0.010067168623209,0.0040671686232089995,close,0,0,10,2023-02-01
2023-02-24,6282,35.53495788574219,0.5344043354619334,1,0.009210503660142422,0.05921049416065216,0.003947308287024498,0.0447368398308754,0.03,0.024,take_profit,1,0,10,2023-02-01
2023-02-24,6806,83.96112823486328,0.5301482639912264,0,-1.0041224740575672e-08,0.005747116170823574,-0.012643670663237572,-0.012643670663237572,-0.012643670663237572,-0.01864367066323757,close,0,0,10,2023-02-01
2023-03-01,1103,17.828292846679688,0.6424385963730339,0,0.005076163914054632,0.012690359726548195,0.0,0.0,0.0,-0.006,close,0,0,11,2023-03-01
2023-03-01,4904,63.224979400634766,0.6365326750721413,1,-0.0014577102847397327,0.01457725279033184,-0.002915414050221443,0.007288623135536909,0.007288623135536909,0.001288623135536909,close,0,0,11,2023-03-01
2023-03-01,4908,28.765928268432617,0.6269738582702422,1,0.0015624967636540532,0.004687568172812462,-0.0015624555526301265,0.0015624967636540532,0.0015624967636540532,-0.004437503236345947,close,0,0,11,2023-03-01
2023-03-01,2903,19.34664535522461,0.6246696841392839,1,0.004405264277011156,0.006607958115637302,-0.00660795159637928,0.002202654955908656,0.002202654955908656,-0.003797345044091344,close,0,0,11,2023-03-01
2023-03-01,2453,44.49591827392578,0.6166442627211178,1,-9.150277691105657e-08,0.01803593337535858,-0.03807627037167549,0.002003885805606842,-0.02,-0.026000000000000002,stop_loss,0,1,11,2023-03-01
2023-03-01,3045,84.51988220214844,0.6108352572619297,1,0.0010471988935023546,0.015706902369856834,9.436310222099564e-08,0.013612693175673485,0.013612693175673485,0.007612693175673485,close,0,0,11,2023-03-01
2023-03-01,3024,13.19244384765625,0.6027505970967276,1,0.010830318555235863,0.01805056259036064,0.003610074520111084,0.007220196537673473,0.007220196537673473,0.0012201965376734732,close,0,0,11,2023-03-01
2023-03-01,3188,11.320850372314453,0.6026260006401889,1,0.003860995639115572,0.007722014095634222,-0.0077219861559569836,0.003860995639115572,0.003860995639115572,-0.002139004360884428,close,0,0,11,2023-03-01
2023-03-01,2616,28.573638916015625,0.6001884814735381,1,0.0016025161603465676,0.0032050558365881443,-2.339467464196332e-08,0.0016025161603465676,0.0016025161603465676,-0.0043974838396534325,close,0,0,11,2023-03-01
2023-03-01,6931,46.35881423950195,0.5993828298558582,1,0.018903544172644615,0.11909257620573044,0.0018903283635154366,0.07939504832029343,0.03,0.024,take_profit,1,0,11,2023-03-01
2023-03-01,6761,71.77824401855469,0.5981758589285237,0,0.0021786547731608152,0.0043573095463216305,-0.003267936874181032,0.0,0.0,-0.006,close,0,0,11,2023-03-01
2023-03-01,9958,102.72066497802734,0.5928303582978973,0,-4.239008077888684e-08,0.0047846464440226555,-0.023923486471176147,-0.019138798117637634,-0.02,-0.026000000000000002,stop_loss,0,1,11,2023-03-01
2023-03-01,6270,20.11716651916504,0.5910857257105829,1,0.006329079624265432,0.014767849817872047,-1.7792205042610476e-08,0.006329079624265432,0.006329079624265432,0.00032907962426543223,close,0,0,11,2023-03-01
2023-03-01,2881,48.34808349609375,0.5896979024289835,1,3.3960340317662485e-08,0.011864395812153816,-0.006779632065445185,0.006779699586331844,0.006779699586331844,0.0007796995863318442,close,0,0,11,2023-03-01
2023-03-01,4766,117.667236328125,0.589019015158597,1,-7.75245752038245e-08,0.007272649090737104,-7.75245752038245e-08,0.0036362858954817057,0.0036362858954817057,-0.0023637141045182945,close,0,0,11,2023-03-01
2023-03-01,2427,12.239398002624512,0.5862079440449507,1,0.0038912449963390827,0.01945541799068451,0.0038912449963390827,0.0038912449963390827,0.0038912449963390827,-0.0021087550036609174,close,0,0,11,2023-03-01
2023-03-01,3207,74.8231201171875,0.5852808154801206,0,0.01910826936364174,0.06242039054632187,-0.02165604569017887,-0.008917209692299366,-0.02,-0.026000000000000002,ambiguous_stop_loss,1,1,11,2023-03-01
2023-03-01,6547,57.20000076293945,0.5849679680922256,0,-0.003496516728773713,0.015734225511550903,-0.02622377499938011,-0.010489550419151783,-0.02,-0.026000000000000002,stop_loss,0,1,11,2023-03-01
2023-03-01,8908,57.426605224609375,0.5844225181254914,0,0.005555582232773304,0.005555582232773304,-0.011111089959740639,-0.008333311416208744,-0.008333311416208744,-0.014333311416208744,close,0,0,11,2023-03-01
2023-03-01,6134,20.837371826171875,0.5833112042706339,0,0.014251836575567722,0.01900244876742363,0.0,0.0,0.0,-0.006,close,0,0,11,2023-03-01
2023-03-02,8476,29.6408634185791,0.7710496488960492,1,1.017167329788208,1.060085654258728,0.9999998807907104,1.060085654258728,0.03,0.024,gap_take_profit,1,0,11,2023-03-01
2023-03-02,6412,69.64513397216797,0.7243223919389915,1,0.0073171984404325485,0.017073335126042366,0.004878210835158825,0.013414760120213032,0.013414760120213032,0.007414760120213032,close,0,0,11,2023-03-01
2023-03-02,3093,25.870925903320312,0.702180264502058,1,0.0032309775706380606,0.027463611215353012,0.0032309775706380606,0.02100161276757717,0.02100161276757717,0.015001612767577171,close,0,0,11,2023-03-01
2023-03-02,4523,41.95000076293945,0.69722087113141,0,0.005959475412964821,0.01072707399725914,-0.045292049646377563,-0.03456497564911842,-0.02,-0.026000000000000002,stop_loss,0,1,11,2023-03-01
2023-03-02,6719,294.7442626953125,0.6934742876703651,1,0.016286712139844894,0.032573357224464417,0.008143389597535133,0.016286712139844894,0.03,0.024,take_profit,1,0,11,2023-03-01
2023-03-02,1432,18.200000762939453,0.6908128493766446,0,0.0,0.016483474522829056,-0.03296705335378647,-0.016483578830957413,-0.02,-0.026000000000000002,stop_loss,0,1,11,2023-03-01
2023-03-02,4960,12.796525001525879,0.6865665296701385,1,0.008064462803304195,0.020161211490631104,-0.008064600639045238,0.008064462803304195,0.008064462803304195,0.0020644628033041953,close,0,0,11,2023-03-01
2023-03-02,5530,38.400001525878906,0.6863230386584933,1,0.0013020634651184082,0.007812479976564646,0.0013020634651184082,0.005208253860473633,0.005208253860473633,-0.0007917461395263673,close,0,0,11,2023-03-01
2023-03-02,2427,12.28702449798584,0.6852169854666365,1,0.011627820320427418,0.03875960037112236,0.003875936381518841,0.03875960037112236,0.03,0.024,take_profit,1,0,11,2023-03-01
2023-03-02,3483,57.8343505859375,0.6835922139857672,1,0.00810376089066267,0.03241494297981262,0.00810376089066267,0.014586705714464188,0.03,0.024,take_profit,1,0,11,2023-03-01
2023-03-02,3038,19.49163055419922,0.6803988195675322,1,0.011086336337029934,0.028824761509895325,0.011086336337029934,0.02217281050980091,0.02217281050980091,0.016172810509800913,close,0,0,11,2023-03-01
2023-03-02,5285,67.15147399902344,0.679489637529335,1,0.005291067063808441,0.031746093183755875,-0.005290984641760588,0.026455068960785866,0.03,0.024,take_profit,1,0,11,2023-03-01
2023-03-02,2451,59.81193542480469,0.6763660692703057,0,-0.005625825375318527,-0.0014063729904592037,-0.016877520829439163,-0.0014063729904592037,-0.0014063729904592037,-0.007406372990459204,close,0,0,11,2023-03-01
2023-03-02,4113,14.850000381469727,0.6739977832603827,0,0.0033669518306851387,0.010100984014570713,-0.003367016091942787,-0.003367016091942787,-0.003367016091942787,-0.009367016091942787,close,0,0,11,2023-03-01
2023-03-02,2211,43.014522552490234,0.673883171375861,1,0.009596885181963444,0.011516314931213856,0.0019193864427506924,0.0019193864427506924,0.0019193864427506924,-0.004080613557249308,close,0,0,11,2023-03-01
2023-03-02,6235,55.6949577331543,0.6735138153173538,0,0.03595878928899765,0.05308207497000694,-0.013698766939342022,-0.0017124541336670518,0.03,0.024,gap_take_profit,1,0,11,2023-03-01
2023-03-02,4540,39.50658416748047,0.6725919416082539,1,0.008464420214295387,0.008464420214295387,-0.004836650565266609,0.0012092988472431898,0.0012092988472431898,-0.00479070115275681,close,0,0,11,2023-03-01
2023-03-02,3305,42.961273193359375,0.6724968362377418,1,0.002100846031680703,0.026260461658239365,0.002100846031680703,0.021008361130952835,0.021008361130952835,0.015008361130952835,close,0,0,11,2023-03-01
2023-03-02,3363,23.14255714416504,0.6722024028671273,1,0.01863357424736023,0.01863357424736023,0.0020704425405710936,0.008281626738607883,0.008281626738607883,0.0022816267386078833,close,0,0,11,2023-03-01
2023-03-02,8227,174.0323028564453,0.6712953635945257,1,0.07262569665908813,0.09497206658124924,0.011173181235790253,0.01396647747606039,0.03,0.024,gap_take_profit,1,0,11,2023-03-01
2023-03-03,7402,38.801631927490234,0.8507456848046604,1,0.0990675538778305,0.0990675538778305,0.0990675538778305,0.0990675538778305,0.03,0.024,gap_take_profit,1,0,11,2023-03-01
2023-03-03,2371,31.79494857788086,0.7923459296415828,1,0.00754150003194809,0.02714937925338745,0.0045249201357364655,0.022624509409070015,0.022624509409070015,0.016624509409070017,close,0,0,11,2023-03-01
2023-03-03,3008,2021.6541748046875,0.7841911752020546,1,0.02466355264186859,0.09865457564592361,0.02466355264186859,0.09865457564592361,0.03,0.024,take_profit,1,0,11,2023-03-01
2023-03-03,3042,74.50989532470703,0.771261237034086,1,0.005662505514919758,0.018120018765330315,0.004529933910816908,0.012457504868507385,0.012457504868507385,0.006457504868507385,close,0,0,11,2023-03-01
2023-03-03,2317,91.99076843261719,0.7663651585474485,1,0.004878023639321327,0.014634120278060436,-2.524155107153092e-08,0.009756072424352169,0.009756072424352169,0.003756072424352169,close,0,0,11,2023-03-01
2023-03-03,8091,75.91107940673828,0.7634204789484338,1,0.007650281768292189,0.013114762492477894,-0.004371560178697109,0.005464522633701563,0.005464522633701563,-0.0005354773662984372,close,0,0,11,2023-03-01
2023-03-03,2308,269.97607421875,0.7610965585794415,1,0.012152941897511482,0.017361275851726532,0.00520849647000432,0.0069446079432964325,0.0069446079432964325,0.0009446079432964324,close,0,0,11,2023-03-01
2023-03-03,2472,56.51752471923828,0.7584753561198908,1,0.024729546159505844,0.026275118812918663,0.0077279070392251015,0.021638285368680954,0.021638285368680954,0.015638285368680956,close,0,0,11,2023-03-01
2023-03-03,2330,492.54266357421875,0.755595761523925,1,0.007751824334263802,0.015503761358559132,0.0019378713332116604,0.009689808823168278,0.009689808823168278,0.0036898088231682776,close,0,0,11,2023-03-01
2023-03-03,1785,34.619266510009766,0.7549210256235411,1,0.004092707764357328,0.01500680111348629,0.004092707764357328,0.010913989506661892,0.010913989506661892,0.004913989506661892,close,0,0,11,2023-03-01
2023-03-03,6456,80.57759094238281,0.7519830380846692,1,0.004733674228191376,0.014201074838638306,0.0023667560890316963,0.011834247037768364,0.011834247037768364,0.005834247037768364,close,0,0,11,2023-03-01
2023-03-03,4523,40.5,0.7512057544153796,1,0.0024690981954336166,0.04938271641731262,-0.009876580908894539,0.0012345490977168083,0.03,0.024,take_profit,1,0,11,2023-03-01
2023-03-03,6134,20.688888549804688,0.7481192016353229,1,0.004784723278135061,0.019138753414154053,1.566322715973456e-08,0.009569430723786354,0.009569430723786354,0.003569430723786354,close,0,0,11,2023-03-01
2023-03-03,2211,43.097084045410156,0.7449826365163387,1,0.0076629105024039745,0.011494343169033527,0.001915798056870699,0.001915798056870699,0.001915798056870699,-0.004084201943129301,close,0,0,11,2023-03-01
2023-03-03,6261,56.78544616699219,0.7420142112072055,1,-0.0015337170334532857,0.01840498112142086,-0.0015337170334532857,0.016871262341737747,0.016871262341737747,0.010871262341737747,close,0,0,11,2023-03-01
2023-03-03,2886,28.28010368347168,0.7416590672609787,1,0.0015243433881551027,0.012195110321044922,-0.0015244211535900831,0.004573168698698282,0.004573168698698282,-0.0014268313013017179,close,0,0,11,2023-03-01
2023-03-03,8076,27.406770706176758,0.740419430512022,1,0.008460200391709805,0.04906940832734108,0.008460200391709805,0.038917072117328644,0.03,0.024,take_profit,1,0,11,2023-03-01
2023-03-03,3023,267.85406494140625,0.7395268761794933,1,0.0033670607954263687,0.010101067833602428,5.7253064511542107e-08,0.005050562787801027,0.005050562787801027,-0.0009494372121989728,close,0,0,11,2023-03-01
2023-03-03,2882,38.508060455322266,0.7370682757736806,1,0.009323959238827229,0.01981348730623722,0.0069929929450154305,0.01631694845855236,0.01631694845855236,0.01031694845855236,close,0,0,11,2023-03-01
2023-03-03,1325,22.65865707397461,0.7364676500930047,1,0.008385724388062954,0.01048220880329609,0.0020964322611689568,0.006289320532232523,0.006289320532232523,0.00028932053223252284,close,0,0,11,2023-03-01
2023-03-06,7402,42.64561462402344,0.7811171605040816,1,0.09862145036458969,0.09862145036458969,0.09862145036458969,0.09862145036458969,0.03,0.024,gap_take_profit,1,0,11,2023-03-01
2023-03-06,8476,31.04021644592285,0.6511835477082066,1,1.0000001192092896,1.0437160730361938,0.9617488980293274,0.9699454307556152,0.03,0.024,gap_take_profit,1,0,11,2023-03-01
2023-03-06,3321,14.338409423828125,0.6320594481578538,0,-0.03273813799023628,-0.002976206364110112,-0.07291668653488159,-0.020833376795053482,-0.03273813799023628,-0.03873813799023628,gap_stop,0,1,11,2023-03-01
2023-03-06,5381,8.140000343322754,0.617192206377692,1,-0.004914000164717436,0.05405399948358536,-0.011056529358029366,0.04422600194811821,0.03,0.024,take_profit,1,0,11,2023-03-01
2023-03-06,3537,32.7030029296875,0.6132881319314515,1,0.001251561800017953,0.005006240680813789,-0.0037546770181506872,0.002503121504560113,0.002503121504560113,-0.003496878495439887,close,0,0,11,2023-03-01
2023-03-06,6206,62.51519012451172,0.6033859587898339,1,0.008086343295872211,0.02021564170718193,0.006738551892340183,0.014824887737631798,0.014824887737631798,0.008824887737631798,close,0,0,11,2023-03-01
2023-03-06,4973,20.282995223999023,0.5979824500538272,1,0.008368209935724735,0.016736363992094994,0.004184093791991472,0.006276112049818039,0.006276112049818039,0.0002761120498180388,close,0,0,11,2023-03-01
2023-03-06,1312,18.905412673950195,0.5950682921185846,1,6.750218162210331e-09,0.010075550526380539,6.750218162210331e-09,0.0075566889718174934,0.0075566889718174934,0.0015566889718174933,close,0,0,11,2023-03-01
2023-03-06,5302,9.640000343322754,0.5946995589599999,0,0.0,0.01659749448299408,-0.032157719135284424,-0.017634861171245575,-0.02,-0.026000000000000002,stop_loss,0,1,11,2023-03-01
2023-03-06,2429,11.850000381469727,0.5935540700689195,1,0.029535815119743347,0.0970463752746582,0.029535815119743347,0.0970463752746582,0.03,0.024,take_profit,1,0,11,2023-03-01
2023-03-06,2460,18.5,0.592344907994112,1,0.0,0.04594596475362778,0.0,0.03783787786960602,0.03,0.024,take_profit,1,0,11,2023-03-01
2023-03-06,8942,48.98310852050781,0.592022074444433,0,-0.002932511270046234,0.0014662717003375292,-0.004398816730827093,-0.0014662055764347315,-0.0014662055764347315,-0.007466205576434732,close,0,0,11,2023-03-01
2023-03-06,2352,27.400657653808594,0.591648231305735,0,-0.014729908667504787,-0.011456573382019997,-0.031096521764993668,-0.016366608440876007,-0.02,-0.026000000000000002,stop_loss,0,1,11,2023-03-01
2023-03-06,6548,33.95465087890625,0.5913924678380852,1,0.009186463430523872,0.05511822551488876,-0.01837257482111454,0.036745499819517136,0.03,0.024,take_profit,1,0,11,2023-03-01
2023-03-06,5443,27.23065948486328,0.5912466405284639,1,-3.3716876401967966e-08,0.04833332449197769,-0.00500002084299922,0.021666619926691055,0.03,0.024,take_profit,1,0,11,2023-03-01
2023-03-06,2387,32.251583099365234,0.5894522023744304,1,0.0012498681899160147,0.007499867584556341,0.0012498681899160147,0.004999905824661255,0.004999905824661255,-0.0010000941753387452,close,0,0,11,2023-03-01
2023-03-06,2375,71.38460540771484,0.5889693263090187,1,-0.0052631874568760395,0.03552626445889473,-0.026315798982977867,0.010526346042752266,-0.02,-0.026000000000000002,ambiguous_stop_loss,1,1,11,2023-03-01
2023-03-06,2890,14.24622631072998,0.5887938991356324,1,0.0029325427021831274,0.008797625079751015,1.5528547336884913e-09,0.005865144543349743,0.005865144543349743,-0.00013485545665025724,close,0,0,11,2023-03-01
2023-03-06,6168,20.11967658996582,0.5859866546928101,1,0.002288235118612647,0.04347814619541168,-5.938602143373828e-08,0.02745991013944149,0.03,0.024,take_profit,1,0,11,2023-03-01
2023-03-06,6129,34.111968994140625,0.584986202066376,1,0.007112336810678244,0.021337086334824562,-0.0028450533282011747,0.01280215010046959,0.01280215010046959,0.006802150100469589,close,0,0,11,2023-03-01
2023-03-07,7402,46.85138702392578,0.7559066216577878,1,0.0984555184841156,0.0984555184841156,0.08301153779029846,0.0984555184841156,0.03,0.024,gap_take_profit,1,0,11,2023-03-01
2023-03-07,1432,20.25,0.7291252270279858,1,0.09629633277654648,0.09876543283462524,0.08641975373029709,0.09876543283462524,0.03,0.024,gap_take_profit,1,0,11,2023-03-01
2023-03-07,2429,13.0,0.6471154165745048,1,0.10000001639127731,0.10000001639127731,0.10000001639127731,0.10000001639127731,0.03,0.024,gap_take_profit,1,0,11,2023-03-01
2023-03-07,5864,10.896265983581543,0.6393029630806857,1,0.032258134335279465,0.05734775587916374,0.007168510463088751,0.017921216785907745,0.03,0.024,gap_take_profit,1,0,11,2023-03-01
2023-03-07,6761,80.92644500732422,0.6377647706064238,1,0.03381644934415817,0.05314008891582489,-0.004830910358577967,0.014492809772491455,0.03,0.024,gap_take_profit,1,0,11,2023-03-01
2023-03-07,3518,23.41646385192871,0.6240691384774496,0,0.023157859221100807,0.029473712667822838,-0.029473720118403435,-0.029473720118403435,-0.02,-0.026000000000000002,stop_loss,0,1,11,2023-03-01
2023-03-07,4760,51.83760070800781,0.6201577681896233,1,-0.0084458589553833,0.09966225177049637,-0.0084458589553833,0.06756763905286789,0.03,0.024,take_profit,1,0,11,2023-03-01
2023-03-07,8111,20.333938598632812,0.6162038922472948,1,-0.0022027394734323025,0.08810567110776901,-0.006608042400330305,0.044052813202142715,0.03,0.024,take_profit,1,0,11,2023-03-01
2023-03-07,1504,31.438749313354492,0.614683838351218,0,-0.00854696985334158,0.00997159257531166,-0.027065424248576164,-0.01709395833313465,-0.02,-0.026000000000000002,stop_loss,0,1,11,2023-03-01
2023-03-07,1440,16.97545623779297,0.6138674142294344,0,-0.008264451287686825,-0.005509672220796347,-0.019283777102828026,-0.013774113729596138,-0.013774113729596138,-0.019774113729596136,close,0,0,11,2023-03-01
2023-03-07,6693,63.129051208496094,0.6125729279413535,1,0.052631497383117676,0.09941507875919342,0.03216364234685898,0.07456132024526596,0.03,0.024,gap_take_profit,1,0,11,2023-03-01
2023-03-07,2359,29.69213104248047,0.6051948629970177,1,0.03015878051519394,0.10000007599592209,0.009523811750113964,0.10000007599592209,0.03,0.024,gap_take_profit,1,0,11,2023-03-01
2023-03-07,4973,20.410293579101562,0.6009441943582188,1,8.099971182673471e-08,0.016632162034511566,-0.002078889636322856,0.014553112909197807,0.014553112909197807,0.008553112909197807,close,0,0,11,2023-03-01
2023-03-07,2049,250.72100830078125,0.5997782817214636,0,0.00760464696213603,0.0342206172645092,-0.017110183835029602,-0.005703338887542486,0.03,0.024,take_profit,1,0,11,2023-03-01
2023-03-07,5009,40.99288558959961,0.599376329696507,1,0.002079170197248459,0.05405423045158386,0.0010396848665550351,0.01871117390692234,0.03,0.024,take_profit,1,0,11,2023-03-01
2023-03-07,3491,145.464111328125,0.5941293331137238,1,0.013244986534118652,0.05629134178161621,0.009933728724718094,0.046357568353414536,0.03,0.024,take_profit,1,0,11,2023-03-01
2023-03-07,2345,288.1263427734375,0.5936654930850135,0,-0.008237175643444061,-0.004942283034324646,-0.02800653502345085,-0.011532069183886051,-0.02,-0.026000000000000002,stop_loss,0,1,11,2023-03-01
2023-03-07,3038,20.485658645629883,0.5925975597910756,1,0.00843876227736473,0.02953580766916275,0.004219336900860071,0.023206710815429688,0.023206710815429688,0.01720671081542969,close,0,0,11,2023-03-01
2023-03-07,6244,28.047645568847656,0.5891722884332646,1,0.010238958522677422,0.018771382048726082,0.006825976073741913,0.018771382048726082,0.018771382048726082,0.012771382048726082,close,0,0,11,2023-03-01
2023-03-07,6558,28.012001037597656,0.5889700604191149,1,-0.0017731053521856666,0.056737516075372696,-0.010638353414833546,0.039007022976875305,0.03,0.024,take_profit,1,0,11,2023-03-01
2023-03-08,2429,14.300000190734863,0.8022701551885373,1,0.09790206700563431,0.09790206700563431,0.07342658936977386,0.09790206700563431,0.03,0.024,gap_take_profit,1,0,11,2023-03-01
2023-03-08,1432,22.25,0.6614691623218685,0,0.013483111746609211,0.0157303549349308,-0.09887643903493881,-0.08988764137029648,-0.02,-0.026000000000000002,stop_loss,0,1,11,2023-03-01
2023-03-08,5381,9.350000381469727,0.6539136676145585,1,0.08021389693021774,0.08021389693021774,-0.016042841598391533,0.023529337719082832,0.03,0.024,gap_take_profit,1,0,11,2023-03-01
2023-03-08,2801,14.381094932556152,0.6448160209545898,1,1.2911946178917333e-08,0.005730695091187954,-0.0028652676846832037,0.005730695091187954,0.005730695091187954,-0.0002693049088120462,close,0,0,11,2023-03-01
2023-03-08,2451,59.89606475830078,0.6438411077947543,0,-1.1581396108795161e-07,0.002808937104418874,-0.007022587116807699,-0.0014045886928215623,-0.0014045886928215623,-0.007404588692821562,close,0,0,11,2023-03-01
2023-03-08,3349,15.050000190734863,0.6397894392632923,1,0.06976745277643204,0.08637874573469162,0.0,0.02325577475130558,0.03,0.024,gap_take_profit,1,0,11,2023-03-01
2023-03-08,8227,203.68585205078125,0.6381516084617872,1,0.059665802866220474,0.08830542117357254,0.009546473622322083,0.04295935854315758,0.03,0.024,gap_take_profit,1,0,11,2023-03-01
2023-03-08,9917,89.82440948486328,0.6299507090153443,0,0.0049019609577953815,0.0049019609577953815,-0.009803921915590763,0.0,0.0,-0.006,close,0,0,11,2023-03-01
2023-03-08,2466,33.400630950927734,0.6254795075017834,1,0.0058393413200974464,0.008759004063904285,0.0014597326517105103,0.00437950948253274,0.00437950948253274,-0.0016204905174672605,close,0,0,11,2023-03-01
2023-03-08,5392,21.924762725830078,0.6239069802010364,0,0.002232180442661047,0.008928592316806316,-0.0022321222350001335,-0.0022321222350001335,-0.0022321222350001335,-0.008232122235000134,close,0,0,11,2023-03-01
2023-03-08,5245,51.27997970581055,0.6237851257678084,1,0.001841653836891055,0.0202578604221344,0.001841653836891055,0.011049756780266762,0.011049756780266762,0.005049756780266762,close,0,0,11,2023-03-01
2023-03-08,5608,27.008625030517578,0.6193235426177749,1,0.01027397345751524,0.022260325029492378,0.003424685448408127,0.00856168381869793,0.00856168381869793,0.0025616838186979293,close,0,0,11,2023-03-01
2023-03-08,2637,53.23442840576172,0.6182014472379677,0,0.005952429957687855,0.01785723865032196,-0.0059522646479308605,-0.0029761192854493856,-0.0029761192854493856,-0.008976119285449386,close,0,0,11,2023-03-01
2023-03-08,1586,33.424964904785156,0.615841703561375,0,0.002941089915111661,0.010294097475707531,-0.0029412030708044767,0.0,0.0,-0.006,close,0,0,11,2023-03-01
2023-03-08,2002,29.191591262817383,0.6154268832059431,0,4.5807876603021214e-08,0.003205125220119953,-0.014423055574297905,-0.014423055574297905,-0.014423055574297905,-0.020423055574297903,close,0,0,11,2023-03-01
2023-03-08,6165,29.75284194946289,0.6140902632814238,1,0.011647265404462814,0.04825293645262718,0.009983398020267487,0.02163066528737545,0.03,0.024,take_profit,1,0,11,2023-03-01
2023-03-08,1215,74.35487365722656,0.6140810924694152,1,0.008303644135594368,0.017793595790863037,2.8837832122263762e-09,0.008303644135594368,0.008303644135594368,0.002303644135594368,close,0,0,11,2023-03-01
2023-03-08,4167,20.01709747314453,0.6139957210021383,0,0.007263968698680401,0.009685331955552101,-0.012106474488973618,-0.007263840176165104,-0.007263840176165104,-0.013263840176165104,close,0,0,11,2023-03-01
2023-03-08,8048,29.777557373046875,0.6113466642225253,1,0.01108017098158598,0.02216046303510666,0.005540024489164352,0.015235251747071743,0.015235251747071743,0.009235251747071743,close,0,0,11,2023-03-01
2023-03-08,1402,28.354469299316406,0.6090513060933586,0,-0.0061918627470731735,-0.004643780179321766,-0.024767668917775154,-0.023219704627990723,-0.02,-0.026000000000000002,stop_loss,0,1,11,2023-03-01
2023-03-09,1616,8.61965274810791,0.6172243919557832,1,0.0043196710757911205,0.046436235308647156,-0.006479506380856037,0.0021597943268716335,0.03,0.024,take_profit,1,0,11,2023-03-01
2023-03-09,2429,15.699999809265137,0.6042455235345956,1,0.07961789518594742,0.08280256390571594,0.022292956709861755,0.05414009094238281,0.03,0.024,gap_take_profit,1,0,11,2023-03-01
2023-03-09,4903,18.549999237060547,0.5860896496077903,1,-0.03773579001426697,0.008086335845291615,-0.04851750284433365,0.008086335845291615,-0.03773579001426697,-0.043735790014266966,gap_stop,0,1,11,2023-03-01
2023-03-09,7402,56.52918243408203,0.5824541799951128,1,-0.016000019386410713,0.09759990125894547,-0.01760004833340645,0.09759990125894547,0.03,0.024,take_profit,1,0,11,2023-03-01
2023-03-09,4542,28.28944969177246,0.5789204478760657,0,-6.2328995298344125e-09,0.06802720576524734,-0.07482989877462387,-0.0476190410554409,-0.02,-0.026000000000000002,ambiguous_stop_loss,1,1,11,2023-03-01
2023-03-09,6841,128.46791076660156,0.5625890062368463,0,-0.02973978780210018,0.03345723822712898,-0.052044618874788284,-0.003717482555657625,-0.02973978780210018,-0.03573978780210018,gap_stop,1,1,11,2023-03-01
2023-03-09,3624,65.50436401367188,0.5623517002431041,0,-1.0585480936242675e-07,0.0013734993990510702,-0.08653859794139862,-0.04945073276758194,-0.02,-0.026000000000000002,stop_loss,0,1,11,2023-03-01
2023-03-09,2413,33.604000091552734,0.5516164056639817,1,0.007235886994749308,0.08827783167362213,0.004341575317084789,0.062228694558143616,0.03,0.024,take_profit,1,0,11,2023-03-01
2023-03-09,2453,56.08803939819336,0.5475780809333236,0,0.0031797229312360287,0.06359313428401947,-0.09061992913484573,-0.04610483720898628,-0.02,-0.026000000000000002,ambiguous_stop_loss,1,1,11,2023-03-01
2023-03-09,3491,167.1392059326172,0.5403360675030994,0,-0.028818279504776,-0.00864536501467228,-0.05475488305091858,-0.05475488305091858,-0.028818279504776,-0.034818279504776,gap_stop,0,1,11,2023-03-01
2023-03-09,3088,63.609859466552734,0.5340894323029989,1,-0.002652537077665329,0.031830258667469025,-0.007957616820931435,0.0026525428984314203,0.03,0.024,take_profit,1,0,11,2023-03-01
2023-03-09,1504,32.244873046875,0.5316284607128811,0,-0.012500038370490074,-0.005555593874305487,-0.04166668280959129,-0.025000059977173805,-0.02,-0.026000000000000002,stop_loss,0,1,11,2023-03-01
2023-03-09,5269,996.1597900390625,0.5312663929984657,1,5.763338961628506e-08,0.0861244648694992,-0.019138699397444725,0.047846950590610504,0.03,0.024,take_profit,1,0,11,2023-03-01
2023-03-09,2388,95.44227600097656,0.5202517326782911,0,-0.011458379216492176,0.010416603647172451,-0.05000009015202522,-0.012500029988586903,-0.02,-0.026000000000000002,stop_loss,0,1,11,2023-03-01
2023-03-09,3712,33.17637252807617,0.5044636088190637,0,-0.016883086413145065,0.016883227974176407,-0.028571320697665215,-0.0012986107030883431,-0.02,-0.026000000000000002,stop_loss,0,1,11,2023-03-01
2023-03-09,5452,19.958757400512695,0.5020982570772023,0,-0.004830976482480764,0.028985390439629555,-0.009661911986768246,-0.004830976482480764,-0.004830976482480764,-0.010830976482480765,close,0,0,11,2023-03-01
2023-03-09,3563,167.15603637695312,0.500148107833323,1,-0.0028327933978289366,0.014164375141263008,-0.00566565478220582,0.0028329293709248304,0.0028329293709248304,-0.0031670706290751697,close,0,0,11,2023-03-01
2023-03-09,4142,44.849998474121094,0.49752159442099464,0,0.0,0.012263167649507523,-0.09921955317258835,-0.09810474514961243,-0.02,-0.026000000000000002,stop_loss,0,1,11,2023-03-01
2023-03-09,1735,14.985836029052734,0.49661451839428283,0,-0.030030041933059692,-0.030030041933059692,-0.07507508993148804,-0.07507508993148804,-0.030030041933059692,-0.03603004193305969,gap_stop,0,1,11,2023-03-01
2023-03-09,8155,121.80524444580078,0.495188855658053,0,-0.037174686789512634,-0.02602226845920086,-0.09293676912784576,-0.08921929448843002,-0.037174686789512634,-0.04317468678951263,gap_stop,0,1,11,2023-03-01
2023-03-10,3046,64.017822265625,0.6686829598532418,0,0.06128139793872833,0.06128139793872833,-0.012534763664007187,-0.012534763664007187,0.03,0.024,gap_take_profit,1,0,11,2023-03-01
2023-03-10,6143,69.78195190429688,0.658706215113674,1,0.0037500490434467793,0.023750029504299164,-0.023750009015202522,0.0012499918229877949,-0.02,-0.026000000000000002,stop_loss,0,1,11,2023-03-01
2023-03-10,7402,62.046424865722656,0.6570388773566739,0,0.02040819451212883,0.02040819451212883,-0.06268215924501419,-0.05830896273255348,-0.02,-0.026000000000000002,stop_loss,0,1,11,2023-03-01
2023-03-10,2427,14.144364356994629,0.6487935129073614,1,0.09764305502176285,0.09764305502176285,-0.013468030840158463,0.0033669015392661095,0.03,0.024,gap_take_profit,1,0,11,2023-03-01
2023-03-10,3147,50.451053619384766,0.641031902173558,0,-0.012500018812716007,0.015624990686774254,-0.039062511175870895,0.0,-0.02,-0.026000000000000002,stop_loss,0,1,11,2023-03-01
2023-03-10,6173,36.06932067871094,0.6319389487095884,0,-0.002531606936827302,0.0037975069135427475,-0.02911396324634552,0.0,-0.02,-0.026000000000000002,stop_loss,0,1,11,2023-03-01
2023-03-10,6146,211.3065948486328,0.6287445522614411,0,-5.747898157437703e-08,-5.747898157437703e-08,-0.021442562341690063,-0.013645322062075138,-0.02,-0.026000000000000002,stop_loss,0,1,11,2023-03-01
2023-03-10,4953,94.79305267333984,0.6220161066352904,1,-0.013824938796460629,0.01843314990401268,-0.03686637058854103,0.004608234390616417,-0.02,-0.026000000000000002,stop_loss,0,1,11,2023-03-01
2023-03-10,2449,41.57435989379883,0.6177658978623556,1,-0.009584612213075161,0.017039457336068153,-0.014909425750374794,0.017039457336068153,0.017039457336068153,0.011039457336068153,close,0,0,11,2023-03-01
2023-03-10,6122,18.621841430664062,0.6144153117691146,1,0.06422025710344315,0.09862393885850906,0.036697328090667725,0.09862393885850906,0.03,0.024,gap_take_profit,1,0,11,2023-03-01
2023-03-10,4164,60.210445404052734,0.6119996741025776,1,0.0075301313772797585,0.030120491981506348,-0.043674711138010025,0.010542133823037148,-0.02,-0.026000000000000002,ambiguous_stop_loss,1,1,11,2023-03-01
2023-03-10,6411,110.62061309814453,0.6095126444433182,1,-0.016326509416103363,0.012244920246303082,-0.03265304118394852,0.004081655293703079,-0.02,-0.026000000000000002,stop_loss,0,1,11,2023-03-01
2023-03-10,8289,39.285423278808594,0.5992878103026125,0,0.012074470520019531,0.012074470520019531,-0.0559825673699379,-0.010977101512253284,-0.02,-0.026000000000000002,stop_loss,0,1,11,2023-03-01
2023-03-10,6548,34.75672912597656,0.5956446535958491,0,-0.02051280066370964,0.0,-0.06410256773233414,0.0,-0.02051280066370964,-0.02651280066370964,gap_stop,0,1,11,2023-03-01
2023-03-10,6245,99.32852172851562,0.591443134602564,0,-0.030567675828933716,-0.02620082162320614,-0.09606984257698059,-0.05240173265337944,-0.030567675828933716,-0.036567675828933714,gap_stop,0,1,11,2023-03-01
2023-03-10,6205,77.0652084350586,0.5817363350639558,0,0.008206458762288094,0.008206458762288094,-0.02110186778008938,-0.01758483238518238,-0.02,-0.026000000000000002,stop_loss,0,1,11,2023-03-01
2023-03-10,3055,27.547733306884766,0.5806492082029622,0,-4.3837665941737214e-08,0.0051635196432471275,-0.027538742870092392,-0.015490537509322166,-0.02,-0.026000000000000002,stop_loss,0,1,11,2023-03-01
2023-03-10,3617,92.37804412841797,0.5802016676744177,1,-0.009259265847504139,0.02314816601574421,-0.018518563359975815,0.0185184795409441,0.0185184795409441,0.0125184795409441,close,0,0,11,2023-03-01
2023-03-10,8476,30.955406188964844,0.5797873781058929,1,1.0054795742034912,1.0054795742034912,0.8109590411186218,0.8958906531333923,0.03,0.024,gap_take_profit,1,0,11,2023-03-01
2023-03-10,8016,183.7305908203125,0.5790098519238022,1,-0.011185729876160622,0.004474224988371134,-0.02908281981945038,0.004474224988371134,-0.02,-0.026000000000000002,stop_loss,0,1,11,2023-03-01
2023-03-13,6291,110.56401824951172,0.6123964222272907,1,0.09638550877571106,0.09638550877571106,0.06024092808365822,0.09638550877571106,0.03,0.024,gap_take_profit,1,0,11,2023-03-01
2023-03-13,1506,21.399999618530273,0.5417479583867301,1,0.004672915209084749,0.025700988247990608,0.004672915209084749,0.009345830418169498,0.009345830418169498,0.0033458304181694983,close,0,0,11,2023-03-01
2023-03-13,6741,110.77525329589844,0.5367278392939984,1,-0.008695521391928196,0.04347839951515198,-0.013043347746133804,0.021739264950156212,0.03,0.024,take_profit,1,0,11,2023-03-01
2023-03-13,3356,43.36014938354492,0.5108824315016426,0,-2.4138826049124873e-08,0.0023529664613306522,-0.017647093161940575,-0.01529410295188427,-0.01529410295188427,-0.021294102951884268,close,0,0,11,2023-03-01
2023-03-13,1540,15.266547203063965,0.5025167703283522,1,-0.005780316423624754,0.011560679413378239,-0.011560685001313686,0.005780311301350594,0.005780311301350594,-0.00021968869864940656,close,0,0,11,2023-03-01
2023-03-13,2636,64.47872924804688,0.5018987504252153,1,-0.020050378516316414,0.013784258626401424,-0.047619257122278214,0.0037591601721942425,-0.020050378516316414,-0.026050378516316412,gap_stop,0,1,11,2023-03-01
2023-03-13,3349,14.300000190734863,0.5006430852514918,1,0.0,0.017482517287135124,-0.03146851807832718,0.01048948336392641,-0.02,-0.026000000000000002,stop_loss,0,1,11,2023-03-01
2023-03-13,3628,37.59825897216797,0.49277415339265573,0,-0.009259341284632683,0.006944378837943077,-0.009259341284632683,-0.004629694391041994,-0.004629694391041994,-0.010629694391041994,close,0,0,11,2023-03-01
2023-03-13,5452,19.090980529785156,0.4844817443502681,0,0.012626263312995434,0.030303049832582474,0.0,0.0,0.03,0.024,take_profit,1,0,11,2023-03-01
2023-03-13,3219,56.31843185424805,0.4839431025811271,0,0.015517235733568668,0.015517235733568668,-0.04137936607003212,-0.03448278829455376,-0.02,-0.026000000000000002,stop_loss,0,1,11,2023-03-01
2023-03-13,8176,11.0,0.4784655305391605,1,-0.0045454720966517925,0.06363634765148163,-0.009090944193303585,0.009090944193303585,0.03,0.024,take_profit,1,0,11,2023-03-01
2023-03-13,6163,17.189876556396484,0.4748292438396157,0,0.005649664904922247,0.014124327339231968,-0.036723215132951736,-0.036723215132951736,-0.02,-0.026000000000000002,stop_loss,0,1,11,2023-03-01
2023-03-13,3128,36.24172592163086,0.47146187686877217,0,0.00943391676992178,0.0188678577542305,-0.028301944956183434,-0.02476414293050766,-0.02,-0.026000000000000002,stop_loss,0,1,11,2023-03-01
2023-03-13,6515,556.30029296875,0.46818152156878173,0,-0.010186795145273209,-3.8543777947097624e-08,-0.023769138380885124,-0.023769138380885124,-0.02,-0.026000000000000002,stop_loss,0,1,11,2023-03-01
2023-03-13,6719,297.62451171875,0.46572689901612885,0,-0.0016129339346662164,0.008064485155045986,-0.03870970755815506,-0.03225809335708618,-0.02,-0.026000000000000002,stop_loss,0,1,11,2023-03-01
2023-03-13,9939,87.89444732666016,0.4657082064376678,0,0.0010110825533047318,0.016177916899323463,-0.007077926769852638,-0.004044529050588608,-0.004044529050588608,-0.010044529050588608,close,0,0,11,2023-03-01
2023-03-13,6573,15.550000190734863,0.4654522154475277,1,0.028938893228769302,0.09967846423387527,0.009646277874708176,0.028938893228769302,0.03,0.024,take_profit,1,0,11,2023-03-01
2023-03-13,3434,23.063051223754883,0.465287493245661,1,6.054538204125492e-08,0.0018281990196555853,-0.014625129289925098,0.0018281990196555853,0.0018281990196555853,-0.004171800980344415,close,0,0,11,2023-03-01
2023-03-13,4904,64.97610473632812,0.4650782478539988,0,-0.007092192769050598,0.007092204876244068,-0.00992902833968401,-0.0028368302155286074,-0.0028368302155286074,-0.008836830215528607,close,0,0,11,2023-03-01
2023-03-13,1432,17.450000762939453,0.4643824078391776,0,-0.0028653950430452824,-0.0028653950430452824,-0.05444130301475525,-0.045845337212085724,-0.02,-0.026000000000000002,stop_loss,0,1,11,2023-03-01
2023-03-14,2002,28.723777770996094,0.8165483261032049,0,0.0,0.006514620501548052,-0.0016287016915157437,0.0,0.0,-0.006,close,0,0,11,2023-03-01
2023-03-14,6781,731.4191284179688,0.8152244359740187,1,0.03234153613448143,0.08020699769258499,0.02328590676188469,0.024579567834734917,0.03,0.024,gap_take_profit,1,0,11,2023-03-01
2023-03-14,2886,27.676563262939453,0.8081659422716336,0,0.006230482365936041,0.00934579223394394,-0.003115263534709811,-0.003115263534709811,-0.003115263534709811,-0.009115263534709811,close,0,0,11,2023-03-01
2023-03-14,3702,41.41291046142578,0.8052317806324706,1,0.005176131147891283,0.016563281416893005,0.00414095027372241,0.009316934272646904,0.009316934272646904,0.003316934272646904,close,0,0,11,2023-03-01
2023-03-14,2327,77.47525787353516,0.8044256604791856,0,-0.00990105327218771,0.009900946170091629,-0.025742609053850174,-0.025742609053850174,-0.02,-0.026000000000000002,stop_loss,0,1,11,2023-03-01
2023-03-14,2010,13.992135047912598,0.8027364948219367,0,0.009174251928925514,0.009174251928925514,-0.015290554612874985,-0.00917432364076376,-0.00917432364076376,-0.01517432364076376,close,0,0,11,2023-03-01
2023-03-14,6533,545.3186645507812,0.7973257364787628,1,0.02376597374677658,0.053016431629657745,0.005484438501298428,0.009140745736658573,0.03,0.024,take_profit,1,0,11,2023-03-01
2023-03-14,2890,13.828447341918945,0.7952971222077945,0,0.003021199954673648,0.012084612622857094,-0.003021075390279293,0.0,0.0,-0.006,close,0,0,11,2023-03-01
2023-03-14,2347,52.54055404663086,0.7910032103183364,0,0.003273335052654147,0.009820004925131798,-0.001636636327020824,0.0,0.0,-0.006,close,0,0,11,2023-03-01
2023-03-14,6505,76.990478515625,0.7898869898271278,0,0.0012166192755103111,0.012165450491011143,-0.00243305298499763,0.0,0.0,-0.006,close,0,0,11,2023-03-01
2023-03-14,3533,719.4468994140625,0.787672839431534,1,0.0179488193243742,0.04102574288845062,0.014102664776146412,0.014102664776146412,0.03,0.024,take_profit,1,0,11,2023-03-01
2023-03-14,2330,486.8153991699219,0.7835796704581122,1,0.00980402436107397,0.011764809489250183,1.021903415221459e-07,0.0019608866423368454,0.0019608866423368454,-0.004039113357663155,close,0,0,11,2023-03-01
2023-03-14,2484,31.9558162689209,0.7824839593177773,0,0.006738482043147087,0.012129337526857853,-0.005390815436840057,-0.005390815436840057,-0.005390815436840057,-0.011390815436840057,close,0,0,11,2023-03-01
2023-03-14,3141,103.9156265258789,0.7823767901226595,1,0.018433189019560814,0.04147466644644737,0.013824895024299622,0.013824895024299622,0.03,0.024,take_profit,1,0,11,2023-03-01
2023-03-14,2412,104.63069915771484,0.7776267466838481,1,0.004255368374288082,0.01702132634818554,0.004255368374288082,0.012766007333993912,0.012766007333993912,0.006766007333993912,close,0,0,11,2023-03-01
2023-03-14,1303,68.5118637084961,0.7772473415146989,1,-0.004048427566885948,0.013495372608304024,-0.004048427566885948,0.005398225970566273,0.005398225970566273,-0.0006017740294337274,close,0,0,11,2023-03-01
2023-03-14,8105,14.257584571838379,0.7766844425595202,1,0.020618479698896408,0.030927730724215508,0.0034363509621471167,0.0034363509621471167,0.03,0.024,take_profit,1,0,11,2023-03-01
2023-03-14,2404,189.3369598388672,0.776392415896268,0,0.01116071455180645,0.013392857275903225,-0.0022321429569274187,0.0,0.0,-0.006,close,0,0,11,2023-03-01
2023-03-14,4968,126.5,0.7762986353050328,0,0.011857707053422928,0.02766798436641693,0.0,0.0,0.0,-0.006,close,0,0,11,2023-03-01
2023-03-14,3558,312.11260986328125,0.7753875690892919,0,0.019969265908002853,0.03840244561433792,-0.023041484877467155,-0.00921660102903843,-0.02,-0.026000000000000002,ambiguous_stop_loss,1,1,11,2023-03-01
2023-03-15,3056,15.222107887268066,0.770528918056966,1,0.09125956892967224,0.09768630564212799,0.057840555906295776,0.09125956892967224,0.03,0.024,gap_take_profit,1,0,11,2023-03-01
2023-03-15,6291,133.2096710205078,0.6405281811708047,0,-1.2727461751183e-08,0.01999998651444912,-0.10000000894069672,-0.10000000894069672,-0.02,-0.026000000000000002,stop_loss,0,1,11,2023-03-01
2023-03-15,3532,145.56402587890625,0.6236977381162722,1,-0.003105603391304612,0.040372658520936966,-0.006211193278431892,0.02795029617846012,0.03,0.024,take_profit,1,0,11,2023-03-01
2023-03-15,6188,46.43037033081055,0.6146449294253058,0,0.0038461685180664062,0.01923076994717121,-0.028846153989434242,0.0,-0.02,-0.026000000000000002,stop_loss,0,1,11,2023-03-01
2023-03-15,2472,58.963417053222656,0.6009722708891576,0,-0.013333408161997795,0.0014814062742516398,-0.02370373159646988,-0.014814866706728935,-0.02,-0.026000000000000002,stop_loss,0,1,11,2023-03-01
2023-03-15,3093,32.934234619140625,0.5908330725105606,1,0.01142120361328125,0.03299486264586449,-0.013959504663944244,0.012690316885709763,0.03,0.024,take_profit,1,0,11,2023-03-01
2023-03-15,3265,50.72504806518555,0.5872813981694365,1,-0.005102030001580715,0.015306146815419197,-0.008503403514623642,0.005102025810629129,0.005102025810629129,-0.0008979741893708707,close,0,0,11,2023-03-01
2023-03-15,4934,32.099998474121094,0.5772550815727416,0,-0.024922095239162445,0.007788162212818861,-0.04984419047832489,-0.04828658327460289,-0.024922095239162445,-0.030922095239162443,gap_stop,0,1,11,2023-03-01
2023-03-15,2363,24.823118209838867,0.5758650252344724,0,-0.0027173806447535753,0.0054348246194422245,-0.02173912525177002,-0.016304321587085724,-0.02,-0.026000000000000002,stop_loss,0,1,11,2023-03-01
2023-03-15,6147,56.66264343261719,0.5731816633272244,0,-0.004360509105026722,0.010174374096095562,-0.004360509105026722,0.0,0.0,-0.006,close,0,0,11,2023-03-01
2023-03-15,3034,342.85955810546875,0.5724359850185515,0,-0.02392355166375637,0.002392235677689314,-0.02392355166375637,-0.001196280587464571,-0.02392355166375637,-0.02992355166375637,gap_stop,0,1,11,2023-03-01
2023-03-15,6163,18.20961570739746,0.5681727173999835,1,-4.548096299572535e-08,0.02133326604962349,-0.029333336278796196,0.013333287090063095,-0.02,-0.026000000000000002,stop_loss,0,1,11,2023-03-01
2023-03-15,4919,135.34793090820312,0.5615293158541595,0,-0.0034014638513326645,0.013605336658656597,-0.02380962483584881,-0.017006903886795044,-0.02,-0.026000000000000002,stop_loss,0,1,11,2023-03-01
2023-03-15,8476,28.411128997802734,0.5612781019422273,0,9.720917404365537e-09,0.0029850443825125694,-0.034328412264585495,-0.017910506576299667,-0.02,-0.026000000000000002,stop_loss,0,1,11,2023-03-01
2023-03-15,5292,71.41991424560547,0.560453677964979,0,-0.0024905779864639044,-0.0024905779864639044,-0.06849309802055359,-0.0647571012377739,-0.02,-0.026000000000000002,stop_loss,0,1,11,2023-03-01
2023-03-15,3036,57.476318359375,0.5602830726376982,0,-9.128942934921724e-09,0.004531722981482744,-0.01510574296116829,-0.009063472971320152,-0.009063472971320152,-0.015063472971320152,close,0,0,11,2023-03-01
2023-03-15,3088,63.778587341308594,0.5567621207594095,1,-0.011904910206794739,0.031745877116918564,-0.011904910206794739,0.007936396636068821,0.03,0.024,take_profit,1,0,11,2023-03-01
2023-03-15,6515,549.68896484375,0.5494803122551389,0,-0.008591171354055405,0.010309170931577682,-0.024055087938904762,-0.017182234674692154,-0.02,-0.026000000000000002,stop_loss,0,1,11,2023-03-01
2023-03-15,6531,277.1234436035156,0.5456995730602833,1,-0.006779585499316454,0.022033976390957832,-0.013559247367084026,0.0033899066038429737,0.0033899066038429737,-0.0026100933961570264,close,0,0,11,2023-03-01
2023-03-15,8112,33.697410583496094,0.5456758968850213,0,-0.0011667984072118998,0.007001264486461878,-0.007001037709414959,-0.0011667984072118998,-0.0011667984072118998,-0.0071667984072119,close,0,0,11,2023-03-01
2023-03-16,3147,46.50956726074219,0.8703457987929504,1,0.025423776358366013,0.049152590334415436,0.023728840053081512,0.030508512631058693,0.03,0.024,take_profit,1,0,11,2023-03-01
2023-03-16,6290,62.4606819152832,0.8693874337729569,1,0.01793721131980419,0.01793721131980419,-0.0014947087038308382,0.010463369078934193,0.010463369078934193,0.0044633690789341925,close,0,0,11,2023-03-01
2023-03-16,6411,106.55699157714844,0.8642702593039076,1,0.021186556667089462,0.050847578793764114,0.01694926805794239,0.03389842435717583,0.03,0.024,take_profit,1,0,11,2023-03-01
2023-03-16,8476,27.902271270751953,0.8637099085500927,1,1.0182372331619263,1.0273557901382446,1.006079077720642,1.0121581554412842,0.03,0.024,gap_take_profit,1,0,11,2023-03-01
2023-03-16,5434,157.32815551757812,0.8569633319000685,1,0.016574498265981674,0.024861743673682213,0.011049638502299786,0.0193368848413229,0.0193368848413229,0.013336884841322899,close,0,0,11,2023-03-01
2023-03-16,3013,20.52652359008789,0.8558235519862851,1,0.023980621248483658,0.028776800259947777,0.009592079557478428,0.016786396503448486,0.016786396503448486,0.010786396503448486,close,0,0,11,2023-03-01
2023-03-16,2883,11.081183433532715,0.8552701432962324,1,0.008264409378170967,0.01652890257537365,0.0041321623139083385,0.008264409378170967,0.008264409378170967,0.002264409378170967,close,0,0,11,2023-03-01
2023-03-16,2357,229.95028686523438,0.8545338580853142,1,0.005703440867364407,0.030418269336223602,1.8609316754236715e-08,0.030418269336223602,0.03,0.024,take_profit,1,0,11,2023-03-01
2023-03-16,2731,101.0253677368164,0.8532320879421165,1,0.013452933169901371,0.07174889743328094,1.8326929307477258e-08,0.07174889743328094,0.03,0.024,take_profit,1,0,11,2023-03-01
2023-03-16,8086,71.40338134765625,0.8522505104158933,1,0.02080436982214451,0.08183073997497559,0.009708734229207039,0.06796111911535263,0.03,0.024,take_profit,1,0,11,2023-03-01
2023-03-16,2369,13.931412696838379,0.8499988472833392,1,0.017421606928110123,0.03135887533426285,0.013937273062765598,0.03135887533426285,0.03,0.024,take_profit,1,0,11,2023-03-01
2023-03-16,3356,41.064613342285156,0.8498961481120247,1,0.01863347552716732,0.027329182252287865,0.0062111071310937405,0.0124222906306386,0.0124222906306386,0.006422290630638599,close,0,0,11,2023-03-01
2023-03-16,2006,51.61534881591797,0.8497706081475256,1,0.003273321781307459,0.031096575781702995,-1.3125005082770258e-08,0.031096575781702995,0.03,0.024,take_profit,1,0,11,2023-03-01
2023-03-16,8289,37.47423553466797,0.849458637206569,1,0.012658275663852692,0.05523591861128807,0.012658275663852692,0.0517837256193161,0.03,0.024,take_profit,1,0,11,2023-03-01
2023-03-16,1101,33.47749328613281,0.847126287226495,1,0.00687756109982729,0.011004150845110416,-1.8157866321644178e-08,0.0013755816034972668,0.0013755816034972668,-0.004624418396502733,close,0,0,11,2023-03-01
2023-03-16,2347,52.36857223510742,0.8463543013592026,1,0.0016420877072960138,0.014778364449739456,0.0016420877072960138,0.009852268733084202,0.009852268733084202,0.0038522687330842017,close,0,0,11,2023-03-01
2023-03-16,4130,24.400463104248047,0.8456503926214503,1,0.0076629361137747765,0.0249042771756649,0.0076629361137747765,0.021072909235954285,0.021072909235954285,0.015072909235954285,close,0,0,11,2023-03-01
2023-03-16,2881,45.15219497680664,0.8452374043742804,1,0.007259569596499205,0.01451902650296688,0.005444628652185202,0.007259569596499205,0.007259569596499205,0.0012595695964992045,close,0,0,11,2023-03-01
2023-03-16,6245,93.25603485107422,0.8452161449183849,1,0.02325577475130558,0.05116279050707817,0.018604643642902374,0.037209320813417435,0.03,0.024,take_profit,1,0,11,2023-03-01
2023-03-16,3219,53.69670867919922,0.8428715577981762,1,0.02531648799777031,0.04520796239376068,0.005424945615231991,0.005424945615231991,0.03,0.024,take_profit,1,0,11,2023-03-01
2023-03-17,5876,39.638702392578125,0.48771334927391186,1,0.012304132804274559,0.015659870579838753,0.002237002830952406,0.010067030787467957,0.010067030787467957,0.004067030787467956,close,0,0,11,2023-03-01
2023-03-17,9917,89.82440948486328,0.4766930920302644,0,0.0049019609577953815,0.009803921915590763,-0.0049019609577953815,0.0,0.0,-0.006,close,0,0,11,2023-03-01
2023-03-17,3540,30.922536849975586,0.46951312153877994,1,-1.7055346024363871e-09,0.025236567482352257,-1.7055346024363871e-09,0.022082040086388588,0.022082040086388588,0.01608204008638859,close,0,0,11,2023-03-01
2023-03-17,6244,32.45103073120117,0.46904157497730065,1,0.014749362133443356,0.0560472309589386,0.004424809943884611,0.0560472309589386,0.03,0.024,take_profit,1,0,11,2023-03-01
2023-03-17,2504,23.00027847290039,0.4496080356977946,1,2.3870571297379684e-08,0.012658266350626945,2.3870571297379684e-08,0.0072333249263465405,0.0072333249263465405,0.0012333249263465403,close,0,0,11,2023-03-01
2023-03-17,1304,24.49149513244629,0.4470062681675559,1,0.020912624895572662,0.04182514548301697,0.011406920850276947,0.022813737392425537,0.03,0.024,take_profit,1,0,11,2023-03-01
2023-03-17,2379,362.06036376953125,0.44237846477019693,0,0.0075472695752978325,0.008805131539702415,-0.017609965056180954,-0.015094242058694363,-0.015094242058694363,-0.02109424205869436,close,0,0,11,2023-03-01
2023-03-17,6505,76.52215576171875,0.43850683418517233,0,0.009792025201022625,0.009792025201022625,-0.002447878010571003,-0.002447878010571003,-0.002447878010571003,-0.008447878010571003,close,0,0,11,2023-03-01
2023-03-17,2347,52.884521484375,0.436214175400699,0,0.0048779831267893314,0.0048779831267893314,-0.006504142191261053,-0.003252097638323903,-0.003252097638323903,-0.009252097638323903,close,0,0,11,2023-03-01
2023-03-17,6788,123.42644500732422,0.4344642600641338,0,0.021126674488186836,0.024647800251841545,-0.01408459059894085,-0.01408459059894085,-0.01408459059894085,-0.020084590598940848,close,0,0,11,2023-03-01
2023-03-17,8476,56.14378356933594,0.43309477513852285,1,0.0015105046331882477,0.030211368575692177,-0.006042420398443937,0.007552781607955694,0.03,0.024,take_profit,1,0,11,2023-03-01
2023-03-17,6689,120.42044067382812,0.42859829165956875,1,5.131138181013739e-08,0.04669266194105148,-0.02723730355501175,0.02334635518491268,-0.02,-0.026000000000000002,ambiguous_stop_loss,1,1,11,2023-03-01
2023-03-17,3045,87.61746215820312,0.4279238712035661,1,0.004040509462356567,0.004040509462356567,-0.007070587482303381,0.004040509462356567,0.004040509462356567,-0.0019594905376434327,close,0,0,11,2023-03-01
2023-03-17,2453,53.32376480102539,0.4275393774446044,1,0.08361212909221649,0.09866219758987427,0.03678933531045914,0.09866219758987427,0.03,0.024,gap_take_profit,1,0,11,2023-03-01
2023-03-17,6679,291.7288818359375,0.42725933411578404,0,0.009375028312206268,0.009375028312206268,-0.03749997168779373,-0.02187497168779373,-0.02,-0.026000000000000002,stop_loss,0,1,11,2023-03-01
2023-03-17,2103,25.44617462158203,0.4257636951219909,0,-0.0017762236529961228,-0.0017762236529961228,-0.02664303407073021,-0.024866795167326927,-0.02,-0.026000000000000002,stop_loss,0,1,11,2023-03-01
2023-03-17,2408,57.51567077636719,0.42552137708350357,0,0.005059024319052696,0.008431718684732914,-0.008431688882410526,-0.001686300034634769,-0.001686300034634769,-0.007686300034634769,close,0,0,11,2023-03-01
2023-03-17,6231,97.73593139648438,0.421285452948314,1,0.039062581956386566,0.09765633195638657,0.03125005587935448,0.09765633195638657,0.03,0.024,gap_take_profit,1,0,11,2023-03-01
2023-03-17,3217,92.20249938964844,0.41903083374341954,0,-0.004739279858767986,5.6763006739402044e-08,-0.02843596413731575,-0.018957290798425674,-0.02,-0.026000000000000002,stop_loss,0,1,11,2023-03-01
2023-03-17,6781,749.3970947265625,0.4190210950639341,1,0.01262625027447939,0.02020200714468956,0.003787866560742259,0.015151502564549446,0.015151502564549446,0.009151502564549446,close,0,0,11,2023-03-01
2023-03-20,3372,11.134366989135742,0.6599695435816005,1,0.01298696268349886,0.06926406919956207,0.01298696268349886,0.04329002648591995,0.03,0.024,take_profit,1,0,11,2023-03-01
2023-03-20,2382,71.73261260986328,0.6565533230466821,1,0.004807651042938232,0.014423072338104248,-5.964344040876313e-08,0.0072115520015358925,0.0072115520015358925,0.0012115520015358924,close,0,0,11,2023-03-01
2023-03-20,2881,45.070247650146484,0.6491010100665043,1,0.003636391367763281,0.012727287597954273,0.0018182274652644992,0.005454555619508028,0.005454555619508028,-0.0005454443804919721,close,0,0,11,2023-03-01
2023-03-20,3017,115.08804321289062,0.640598895448802,1,0.016806788742542267,0.075630322098732,0.004201746545732021,0.06302528083324432,0.03,0.024,take_profit,1,0,11,2023-03-01
2023-03-20,3533,819.0626220703125,0.6308017965673881,1,0.018018074333667755,0.05743249133229256,0.018018074333667755,0.033783841878175735,0.03,0.024,take_profit,1,0,11,2023-03-01
2023-03-20,6664,91.1082534790039,0.6284467788930508,1,0.009708781726658344,0.02427188865840435,0.009708781726658344,0.019417520612478256,0.019417520612478256,0.013417520612478256,close,0,0,11,2023-03-01
2023-03-20,8034,13.071453094482422,0.6284035397714819,1,0.010714368894696236,0.021428614854812622,0.010714368894696236,0.014285722747445107,0.014285722747445107,0.008285722747445106,close,0,0,11,2023-03-01
2023-03-20,8071,14.579889297485352,0.6274121052413537,0,0.003322291187942028,0.006644499953836203,-0.006644524168223143,-0.003322252305224538,-0.003322252305224538,-0.009322252305224538,close,0,0,11,2023-03-01
2023-03-20,3264,52.10880661010742,0.6241195816697548,1,0.00520834606140852,0.012152750976383686,-0.006944444961845875,0.006944430526345968,0.006944430526345968,0.0009444305263459681,close,0,0,11,2023-03-01
2023-03-20,8074,17.538881301879883,0.6186240851687532,1,0.002421246375888586,0.007263787090778351,-1.1621684592455495e-07,0.004842516966164112,0.004842516966164112,-0.001157483033835888,close,0,0,11,2023-03-01
2023-03-20,2454,636.7142944335938,0.6178706099103141,1,0.007792115677148104,0.011688219383358955,-0.009091000072658062,0.0012986095389351249,0.0012986095389351249,-0.004701390461064875,close,0,0,11,2023-03-01
2023-03-20,8039,35.157501220703125,0.6160192634495772,1,0.002395142801105976,0.008383170701563358,0.001197537174448371,0.005987959448248148,0.005987959448248148,-1.204055175185216e-05,close,0,0,11,2023-03-01
2023-03-20,2316,27.096006393432617,0.6131792253058367,1,0.0017793651204556227,0.03202848881483078,0.0017793651204556227,0.007117429748177528,0.03,0.024,take_profit,1,0,11,2023-03-01
2023-03-20,4536,174.03041076660156,0.6124646016235511,0,0.012165545485913754,0.017031725496053696,-0.012165356427431107,-0.009732266888022423,-0.009732266888022423,-0.01573226688802242,close,0,0,11,2023-03-01
2023-03-20,2883,11.081183433532715,0.6117177661508458,1,0.00826436746865511,0.020661108195781708,0.004132120404392481,0.01239661406725645,0.01239661406725645,0.0063966140672564505,close,0,0,11,2023-03-01
2023-03-20,3592,329.0476989746094,0.6108747566875065,1,0.009744144044816494,0.020706383511424065,0.0024359836243093014,0.018270330503582954,0.018270330503582954,0.012270330503582954,close,0,0,11,2023-03-01
2023-03-20,6462,86.18164825439453,0.6107050499717401,1,0.01809953898191452,0.07805432379245758,0.01809953898191452,0.026018057018518448,0.03,0.024,take_profit,1,0,11,2023-03-01
2023-03-20,1308,26.56153678894043,0.6101807553566498,1,0.010327000170946121,0.013769353739917278,0.003442292334511876,0.003442292334511876,0.003442292334511876,-0.002557707665488124,close,0,0,11,2023-03-01
2023-03-20,6456,78.28899383544922,0.6080717575201907,0,0.008526243269443512,0.00974425207823515,-0.0012180082267150283,0.0,0.0,-0.006,close,0,0,11,2023-03-01
2023-03-20,6129,34.93686294555664,0.6075652532109472,0,0.009722179733216763,0.018055597320199013,-0.0027777354698628187,0.0,0.0,-0.006,close,0,0,11,2023-03-01
2023-03-21,3532,149.63258361816406,0.7254864993889605,1,0.012084579095244408,0.033232614398002625,0.006042283494025469,0.027190320193767548,0.03,0.024,take_profit,1,0,11,2023-03-01
2023-03-21,1513,94.22468566894531,0.7164764350462478,0,0.015228458680212498,0.0203046016395092,-0.015228395350277424,-0.015228395350277424,-0.015228395350277424,-0.021228395350277422,close,0,0,11,2023-03-01
2023-03-21,6109,17.279937744140625,0.7070860264898982,0,0.010959014296531677,0.052054908126592636,-0.01643824763596058,-0.01643824763596058,0.03,0.024,take_profit,1,0,11,2023-03-01
2023-03-21,3088,62.8505859375,0.6849604245829141,1,0.010738219134509563,0.057718101888895035,0.010738219134509563,0.05234893411397934,0.03,0.024,take_profit,1,0,11,2023-03-01
2023-03-21,2347,52.884521484375,0.6846069835563665,1,0.011382055468857288,0.011382055468857288,0.004877965897321701,0.004877965897321701,0.004877965897321701,-0.001122034102678299,close,0,0,11,2023-03-01
2023-03-21,1595,36.81824493408203,0.6846034664899935,1,0.007556711323559284,0.02141059748828411,0.007556711323559284,0.016372794285416603,0.016372794285416603,0.010372794285416603,close,0,0,11,2023-03-01
2023-03-21,2211,46.151859283447266,0.682518011154891,1,0.005366810597479343,0.008944641798734665,0.0017889792798087,0.005366810597479343,0.005366810597479343,-0.0006331894025206567,close,0,0,11,2023-03-01
2023-03-21,9917,89.38409423828125,0.6808591644405246,1,0.004926102701574564,0.009852210991084576,-5.439300121423685e-09,0.004926102701574564,0.004926102701574564,-0.0010738972984254361,close,0,0,11,2023-03-01
2023-03-21,5484,14.899999618530273,0.6802809272136312,1,-0.0067113712430000305,0.09731549024581909,-0.040268417447805405,0.09731549024581909,-0.02,-0.026000000000000002,ambiguous_stop_loss,1,1,11,2023-03-01
2023-03-21,5291,30.018667221069336,0.6796681456154472,1,0.035767439752817154,0.04023842513561249,0.017883731052279472,0.03129645809531212,0.03,0.024,gap_take_profit,1,0,11,2023-03-01
2023-03-21,8071,14.531451225280762,0.6762184787018812,0,0.006666664965450764,0.006666664965450764,-0.020000038668513298,-0.006666718516498804,-0.02,-0.026000000000000002,stop_loss,0,1,11,2023-03-01
2023-03-21,6147,58.14509201049805,0.672707599325986,0,0.002832890022546053,0.005665707867592573,-0.0014164447784423828,-0.0014164447784423828,-0.0014164447784423828,-0.007416444778442383,close,0,0,11,2023-03-01
2023-03-21,3685,20.200000762939453,0.6720607819835158,1,0.012376236729323864,0.017326656728982925,-0.002475304063409567,0.009900933131575584,0.009900933131575584,0.0039009331315755843,close,0,0,11,2023-03-01
2023-03-21,3702,41.37004470825195,0.6719778327398661,1,0.0051812962628901005,0.014507737010717392,0.0051812962628901005,0.01139889657497406,0.01139889657497406,0.00539889657497406,close,0,0,11,2023-03-01
2023-03-21,8271,45.08563995361328,0.6718971548031806,1,0.009999966248869896,0.009999966248869896,-0.008000063709914684,0.005999951157718897,0.005999951157718897,-4.8842281103259055e-08,close,0,0,11,2023-03-01
2023-03-21,1101,34.12217712402344,0.6713778786146443,1,0.005398171953856945,0.009446796961128712,0.002699157688766718,0.004048665054142475,0.004048665054142475,-0.001951334945857525,close,0,0,11,2023-03-01
2023-03-21,2385,76.0516586303711,0.669725296489233,1,0.008762212470173836,0.0240962915122509,0.004381035454571247,0.020810388028621674,0.020810388028621674,0.014810388028621673,close,0,0,11,2023-03-01
2023-03-21,2892,21.659944534301758,0.6695021328497196,1,0.007737015374004841,0.015473906882107258,0.005802691914141178,0.013539744541049004,0.013539744541049004,0.0075397445410490035,close,0,0,11,2023-03-01
2023-03-21,6781,755.0744018554688,0.6670564888082056,1,0.015037529170513153,0.025062590837478638,0.00877186469733715,0.012531263753771782,0.012531263753771782,0.006531263753771782,close,0,0,11,2023-03-01
2023-03-21,1709,22.674461364746094,0.6664657037774824,1,0.005964191630482674,0.01590454950928688,0.003976150415837765,0.005964191630482674,0.005964191630482674,-3.580836951732648e-05,close,0,0,11,2023-03-01
2023-03-22,6148,18.453689575195312,0.6702990262704805,1,0.03911968693137169,0.04889967665076256,-0.00978006236255169,0.02689475007355213,0.03,0.024,gap_take_profit,1,0,11,2023-03-01
2023-03-22,6472,366.8697204589844,0.650699148942216,1,0.04537806659936905,0.0991596207022667,0.02521001175045967,0.0991596207022667,0.03,0.024,gap_take_profit,1,0,11,2023-03-01
2023-03-22,2204,52.37647247314453,0.6311525150241575,1,0.027463557198643684,0.05008070543408394,0.022617043927311897,0.040387678891420364,0.03,0.024,take_profit,1,0,11,2023-03-01
2023-03-22,8431,62.46770477294922,0.6237100017054907,1,0.014285747893154621,0.1000000610947609,0.014285747893154621,0.049206335097551346,0.03,0.024,take_profit,1,0,11,2023-03-01
2023-03-22,1101,34.26032638549805,0.6188437874789982,1,0.005376284476369619,0.009408480487763882,-7.949480362867689e-08,0.00403211684897542,0.00403211684897542,-0.00196788315102458,close,0,0,11,2023-03-01
2023-03-22,2402,24.022932052612305,0.6161900793194259,1,0.016822490841150284,0.057943928986787796,0.0056074936874210835,0.02990654669702053,0.03,0.024,take_profit,1,0,11,2023-03-01
2023-03-22,3338,37.24892807006836,0.6146512694247295,1,0.031400833278894424,0.08212542533874512,0.031400833278894424,0.05313990265130997,0.03,0.024,gap_take_profit,1,0,11,2023-03-01
2023-03-22,5484,16.350000381469727,0.6113183599436136,0,-0.024464866146445274,0.0,-0.0458715595304966,-0.0305810384452343,-0.024464866146445274,-0.030464866146445273,gap_stop,0,1,11,2023-03-01
2023-03-22,6223,135.56399536132812,0.6083506571740243,1,0.020979005843400955,0.03846152499318123,-1.4069728493382172e-08,0.0069929929450154305,0.03,0.024,take_profit,1,0,11,2023-03-01
2023-03-22,3221,25.038602828979492,0.6049189069735296,1,0.011945392936468124,0.032423220574855804,0.010238934308290482,0.023890798911452293,0.03,0.024,take_profit,1,0,11,2023-03-01
2023-03-22,3628,43.16836929321289,0.6044819462343014,0,0.03629038482904434,0.04637103155255318,-0.01008064579218626,0.0,0.03,0.024,gap_take_profit,1,0,11,2023-03-01
2023-03-22,3217,98.75718688964844,0.6009216518032472,0,0.013274336233735085,0.017699114978313446,-0.02654867246747017,0.0,-0.02,-0.026000000000000002,stop_loss,0,1,11,2023-03-01
2023-03-22,6531,303.89642333984375,0.5992816134832146,1,0.009273429401218891,0.03400294855237007,-1.3929846431892656e-07,0.03400294855237007,0.03,0.024,take_profit,1,0,11,2023-03-01
2023-03-22,6143,85.13397979736328,0.5984522596753082,1,0.02049180679023266,0.03483608365058899,2.2892598927626295e-09,0.024590183049440384,0.03,0.024,take_profit,1,0,11,2023-03-01
2023-03-22,3483,64.4895248413086,0.5980946077056551,1,0.0319766141474247,0.06104637682437897,0.0058137825690209866,0.0319766141474247,0.03,0.024,gap_take_profit,1,0,11,2023-03-01
2023-03-22,5425,102.90283203125,0.5906797077170431,0,-0.03030306100845337,-0.004329036455601454,-0.04761907830834389,-0.03030306100845337,-0.03030306100845337,-0.03630306100845337,gap_stop,0,1,11,2023-03-01
2023-03-22,1504,33.94668960571289,0.5883452479259638,1,0.013192538172006607,0.07387852668762207,0.010553956031799316,0.05540885403752327,0.03,0.024,take_profit,1,0,11,2023-03-01
2023-03-22,3430,42.097110748291016,0.5856752559352916,1,0.0030769838485866785,0.042051296681165695,0.0030769838485866785,0.025641055777668953,0.03,0.024,take_profit,1,0,11,2023-03-01
2023-03-22,1584,27.063779830932617,0.5844449827689409,0,0.008183232508599758,0.019639920443296432,-0.004910050891339779,-0.0016366655472666025,-0.0016366655472666025,-0.007636665547266603,close,0,0,11,2023-03-01
2023-03-22,3499,20.899999618530273,0.5819920769464036,1,0.021531136706471443,0.09808617830276489,0.021531136706471443,0.09808617830276489,0.03,0.024,take_profit,1,0,11,2023-03-01
2023-03-23,3323,31.444988250732422,0.6960794084570637,1,0.01627209223806858,0.03550291061401367,0.01627209223806858,0.017751419916749,0.03,0.024,take_profit,1,0,11,2023-03-01
2023-03-23,6177,24.526155471801758,0.6936625233718403,0,-8.736989798308059e-08,0.0046153138391673565,-0.012307710014283657,-0.006153932772576809,-0.006153932772576809,-0.012153932772576809,close,0,0,11,2023-03-01
2023-03-23,3050,14.5283203125,0.6753755694744729,0,0.006289350334554911,0.012578682973980904,-0.05660373345017433,-0.05660373345017433,-0.02,-0.026000000000000002,stop_loss,0,1,11,2023-03-01
2023-03-23,6156,17.91459846496582,0.6687901547286194,0,0.002506227232515812,0.007518777623772621,-0.0025063229259103537,0.0,0.0,-0.006,close,0,0,11,2023-03-01
2023-03-23,3607,10.81114387512207,0.6682657926777508,0,-4.360161653949035e-08,0.008032115176320076,-0.012048205360770226,-0.004016123246401548,-0.004016123246401548,-0.010016123246401549,close,0,0,11,2023-03-01
2023-03-23,1215,73.03184509277344,0.6680405350754283,0,-1.9595283617945825e-07,-1.9595283617945825e-07,-0.012077488005161285,-0.007246644701808691,-0.007246644701808691,-0.013246644701808691,close,0,0,11,2023-03-01
2023-03-23,4931,41.705108642578125,0.6659654037097564,1,0.015184396877884865,0.015184396877884865,-2.264002763041617e-09,0.007592238485813141,0.007592238485813141,0.0015922384858131407,close,0,0,11,2023-03-01
2023-03-23,6122,25.028440475463867,0.6646268966595151,0,0.023890797048807144,0.042662113904953,-0.04095560684800148,-0.04095560684800148,-0.02,-0.026000000000000002,ambiguous_stop_loss,1,1,11,2023-03-01
2023-03-23,2504,23.24983024597168,0.6630714880613582,0,0.0017888771835714579,0.0035777585580945015,-0.008944547735154629,-0.0053667849861085415,-0.0053667849861085415,-0.011366784986108542,close,0,0,11,2023-03-01
2023-03-23,8011,13.622525215148926,0.6600238287365184,1,0.010204038582742214,0.010204038582742214,-0.0034013777039945126,0.0034012978430837393,0.0034012978430837393,-0.002598702156916261,close,0,0,11,2023-03-01
2023-03-23,6117,15.100000381469727,0.6564983341133321,0,0.0,0.0,-0.00993381254374981,-0.00993381254374981,-0.00993381254374981,-0.015933812543749808,close,0,0,11,2023-03-01
2023-03-23,6716,82.59908294677734,0.656433112364852,1,0.014563160948455334,0.05339807644486427,0.014563160948455334,0.014563160948455334,0.03,0.024,take_profit,1,0,11,2023-03-01
2023-03-23,3484,40.65321731567383,0.6563944829874434,0,-0.003405169351026416,0.030647045001387596,-0.007945481687784195,0.0,0.03,0.024,take_profit,1,0,11,2023-03-01
2023-03-23,2405,11.971992492675781,0.6560244687067674,1,0.008097176440060139,0.020242972299456596,5.651265055917065e-08,0.004048577975481749,0.004048577975481749,-0.0019514220245182515,close,0,0,11,2023-03-01
2023-03-23,2850,41.90909194946289,0.6540874725158735,0,0.0010020867921411991,0.004008053336292505,-0.010019943118095398,-0.006011987570673227,-0.006011987570673227,-0.012011987570673227,close,0,0,11,2023-03-01
2023-03-23,5243,59.63490295410156,0.6534645468542448,1,0.006369398441165686,0.031847141683101654,0.004777005407959223,0.025477690622210503,0.03,0.024,take_profit,1,0,11,2023-03-01
2023-03-23,5515,13.156417846679688,0.6533940616534966,0,2.7396806601132084e-08,0.003906277474015951,-0.007812472991645336,-0.007812472991645336,-0.007812472991645336,-0.013812472991645336,close,0,0,11,2023-03-01
2023-03-23,6214,68.97749328613281,0.6533438303058093,0,0.005076138768345118,0.005076138768345118,-0.0076142167672514915,-0.005076087545603514,-0.005076087545603514,-0.011076087545603514,close,0,0,11,2023-03-01
2023-03-23,2489,10.616040229797363,0.6527723198939489,0,-4.269452702487797e-08,0.004830881953239441,-0.014492816291749477,-0.004830967169255018,-0.004830967169255018,-0.010830967169255018,close,0,0,11,2023-03-01
2023-03-23,6248,21.619548797607422,0.6522739864405832,1,0.00571419158950448,0.00571419158950448,-0.0038096171338111162,0.0019046535016968846,0.0019046535016968846,-0.0040953464983031155,close,0,0,11,2023-03-01
2023-03-24,2412,106.4116439819336,0.7110405743588365,1,0.004184092860668898,0.008368193171918392,-7.46843653587348e-09,0.004184092860668898,0.004184092860668898,-0.0018159071393311025,close,0,0,11,2023-03-01
2023-03-24,5203,103.91149139404297,0.6825112008035767,0,0.030701706185936928,0.03947363793849945,-0.026315834373235703,-0.01754390448331833,0.03,0.024,gap_take_profit,1,1,11,2023-03-01
2023-03-24,4903,22.149999618530273,0.6691400099737514,0,-0.01580137200653553,-0.009029293432831764,-0.07449208199977875,-0.05869071185588837,-0.02,-0.026000000000000002,stop_loss,0,1,11,2023-03-01
2023-03-24,4513,17.780160903930664,0.669109033497471,0,0.01574808359146118,0.01574808359146118,-0.007873970083892345,-0.005249344743788242,-0.005249344743788242,-0.011249344743788242,close,0,0,11,2023-03-01
2023-03-24,3680,338.7217712402344,0.655262957300966,1,0.006944461725652218,0.052777841687202454,0.004166710190474987,0.04305557906627655,0.03,0.024,take_profit,1,0,11,2023-03-01
2023-03-24,6517,88.40034484863281,0.6538144889774994,1,0.06737963855266571,0.09625660628080368,0.06631004810333252,0.09625660628080368,0.03,0.024,gap_take_profit,1,0,11,2023-03-01
2023-03-24,1504,39.410404205322266,0.6535995823503921,0,-1.3321131575594336e-07,0.013636194169521332,-0.05113648995757103,-0.04772736504673958,-0.02,-0.026000000000000002,stop_loss,0,1,11,2023-03-01
2023-03-24,2645,80.26502990722656,0.6419213629038962,1,0.0022074629087001085,0.060706302523612976,-9.294944902649149e-08,0.057395096868276596,0.03,0.024,take_profit,1,0,11,2023-03-01
2023-03-24,6148,18.002498626708984,0.6418085730392185,0,-0.0025062260683625937,0.045112863183021545,-0.01754378341138363,-0.0025062260683625937,0.03,0.024,take_profit,1,0,11,2023-03-01
2023-03-24,4147,95.69999694824219,0.641409328505691,1,0.006269656587392092,0.030303047969937325,-0.0073144929483532906,0.010449321009218693,0.03,0.024,take_profit,1,0,11,2023-03-01
2023-03-24,5386,27.986244201660156,0.6377622825559096,1,0.003963017370551825,0.029062097892165184,-0.0026419616769999266,0.022457052022218704,0.022457052022218704,0.016457052022218706,close,0,0,11,2023-03-01
2023-03-24,6698,34.650001525878906,0.6361186481188903,1,0.059163033962249756,0.0995670035481453,0.011543945409357548,0.0995670035481453,0.03,0.024,gap_take_profit,1,0,11,2023-03-01
2023-03-24,5289,265.6394348144531,0.6350008592421371,0,0.026533877477049828,0.031509045511484146,-0.05140971764922142,-0.05140971764922142,-0.02,-0.026000000000000002,ambiguous_stop_loss,1,1,11,2023-03-01
2023-03-24,3090,48.254337310791016,0.6344236171282027,1,3.4772835277863123e-08,0.005076228640973568,-0.0016919869231060147,0.0033841426484286785,0.0033841426484286785,-0.0026158573515713216,close,0,0,11,2023-03-01
2023-03-24,8091,74.66664123535156,0.6313900772125806,1,0.0011110242921859026,0.008888852782547474,-0.008888991549611092,0.00333329732529819,0.00333329732529819,-0.00266670267470181,close,0,0,11,2023-03-01
2023-03-24,3499,22.600000381469727,0.6312166986985223,1,-0.004424795508384705,0.013274302706122398,-0.013274386525154114,0.002212355611845851,0.002212355611845851,-0.003787644388154149,close,0,0,11,2023-03-01
2023-03-24,6515,704.5840454101562,0.6307846311966647,1,0.008042980916798115,0.020107325166463852,-0.006702329032123089,0.0067024980671703815,0.0067024980671703815,0.0007024980671703814,close,0,0,11,2023-03-01
2023-03-24,6669,1010.679443359375,0.6304885788986488,0,2.8822606523704053e-08,0.03619912639260292,-0.00904974527657032,-0.0045248582027852535,0.03,0.024,take_profit,1,0,11,2023-03-01
2023-03-24,2408,61.39531326293945,0.6286243917740365,0,-0.0015798028325662017,0.006319091189652681,-0.014218021184206009,-0.0015798028325662017,-0.0015798028325662017,-0.007579802832566202,close,0,0,11,2023-03-01
2023-03-24,3236,25.609336853027344,0.6250296868645204,0,0.006633542012423277,0.013267088681459427,-0.004975076299160719,-0.0016582669923081994,-0.0016582669923081994,-0.0076582669923081995,close,0,0,11,2023-03-01
2023-03-27,2345,289.55035400390625,0.6897197210871754,1,0.00983605720102787,0.022950811311602592,-0.011475417762994766,0.001639336347579956,0.001639336347579956,-0.004360663652420044,close,0,0,11,2023-03-01
2023-03-27,6265,10.0,0.6257465444934561,0,0.014999961480498314,0.014999961480498314,-0.0020000457298010588,0.0,0.0,-0.006,close,0,0,11,2023-03-01
2023-03-27,2324,21.976375579833984,0.6197148925110648,0,2.7089464893492732e-08,0.0020201983861625195,-0.00808081217110157,-0.002020144136622548,-0.002020144136622548,-0.008020144136622548,close,0,0,11,2023-03-01
2023-03-27,2399,16.700000762939453,0.6088260475941604,0,0.005987932439893484,0.005987932439893484,-0.02694615162909031,-0.02694615162909031,-0.02,-0.026000000000000002,stop_loss,0,1,11,2023-03-01
2023-03-27,8028,54.60951614379883,0.6038975566300759,0,0.0067114694975316525,0.0067114694975316525,-0.025167714804410934,-0.02181200496852398,-0.02,-0.026000000000000002,stop_loss,0,1,11,2023-03-01
2023-03-27,5434,165.15109252929688,0.6032036065785986,1,6.410773689680127e-09,0.005263161845505238,-0.018421078100800514,0.005263161845505238,0.005263161845505238,-0.0007368381544947625,close,0,0,11,2023-03-01
2023-03-27,3607,11.80976390838623,0.6015148306094724,1,0.07352938503026962,0.07352938503026962,0.007352874614298344,0.022058742120862007,0.03,0.024,gap_take_profit,1,0,11,2023-03-01
2023-03-27,4956,16.799999237060547,0.6008987669741869,0,0.011904807761311531,0.04166671261191368,-0.0059522902593016624,-0.0059522902593016624,0.03,0.024,take_profit,1,0,11,2023-03-01
2023-03-27,5392,21.09279441833496,0.5998403748487257,0,0.006960628088563681,0.006960628088563681,-0.0023201503790915012,0.0,0.0,-0.006,close,0,0,11,2023-03-01
2023-03-27,4543,25.04389190673828,0.5978585939262219,0,0.010544906370341778,0.010544906370341778,-0.014059712179005146,-0.014059712179005146,-0.014059712179005146,-0.020059712179005144,close,0,0,11,2023-03-01
2023-03-27,8932,21.640947341918945,0.5954759706379921,0,-0.0011403077514842153,0.003420746885240078,-0.018244042992591858,0.0,0.0,-0.006,close,0,0,11,2023-03-01
2023-03-27,6117,14.850000381469727,0.5952835817114522,1,0.0033669518306851387,0.0134680001065135,0.0,0.006733967922627926,0.006733967922627926,0.0007339679226279257,close,0,0,11,2023-03-01
2023-03-27,5011,25.6549129486084,0.59342401866568,0,0.006920389365404844,0.015570907853543758,-0.04498272389173508,-0.03806234896183014,-0.02,-0.026000000000000002,stop_loss,0,1,11,2023-03-01
2023-03-27,1789,25.044523239135742,0.5928709862116289,0,0.0,0.01147231925278902,-0.0019120167708024383,0.0,0.0,-0.006,close,0,0,11,2023-03-01
2023-03-27,8163,36.71438217163086,0.591329624980509,0,0.0045402320101857185,0.005675288382917643,-0.009080617688596249,-0.009080617688596249,-0.009080617688596249,-0.015080617688596249,close,0,0,11,2023-03-01
2023-03-27,8048,31.38603401184082,0.5906511993366049,1,0.0013140643713995814,0.002628146903589368,-0.019710829481482506,0.002628146903589368,0.002628146903589368,-0.0033718530964106323,close,0,0,11,2023-03-01
2023-03-27,3025,31.71189308166504,0.5894654560117237,0,0.026548786088824272,0.028318697586655617,-0.01769900694489479,-0.0017698007868602872,-0.0017698007868602872,-0.007769800786860287,close,0,0,11,2023-03-01
2023-03-27,6209,25.99582290649414,0.5879346603444807,0,-0.0036832881160080433,-0.0036832881160080433,-0.02946593426167965,-0.02946593426167965,-0.02,-0.026000000000000002,stop_loss,0,1,11,2023-03-01
2023-03-27,3430,42.31299591064453,0.5871003029250098,0,0.0,0.0030612556729465723,-0.012244867160916328,0.0,0.0,-0.006,close,0,0,11,2023-03-01
2023-03-27,5536,114.93573760986328,0.586357585102655,1,-3.4188015973768415e-08,0.007547135464847088,-0.007547203917056322,0.0037735505029559135,0.0037735505029559135,-0.0022264494970440866,close,0,0,11,2023-03-01
2023-03-28,3236,24.972288131713867,0.7725286226904041,0,0.013605569489300251,0.02891167439520359,-0.008503306657075882,-0.008503306657075882,-0.008503306657075882,-0.014503306657075882,close,0,0,11,2023-03-01
2023-03-28,1503,77.03131103515625,0.7634824179011002,1,-3.168293716271364e-08,0.008663296699523926,-0.007425849325954914,0.0024751778692007065,0.0024751778692007065,-0.0035248221307992936,close,0,0,11,2023-03-01
2023-03-28,5351,44.35851287841797,0.7591238167288551,1,0.004444361664354801,0.015555491670966148,-0.006666767876595259,0.00666657043620944,0.00666657043620944,0.0006665704362094401,close,0,0,11,2023-03-01
2023-03-28,5425,92.65709686279297,0.7586412985819847,0,0.004807722754776478,0.014423107728362083,-0.039423033595085144,-0.028846124187111855,-0.02,-0.026000000000000002,stop_loss,0,1,11,2023-03-01
2023-03-28,6488,475.32623291015625,0.7546998161219756,0,-0.001934298314154148,0.003868409199640155,-0.019342420622706413,-0.011605477891862392,-0.011605477891862392,-0.01760547789186239,close,0,0,11,2023-03-01
2023-03-28,1560,109.25692749023438,0.7464719605743315,0,0.012987028807401657,0.012987028807401657,-0.00865799281746149,-0.00865799281746149,-0.00865799281746149,-0.01465799281746149,close,0,0,11,2023-03-01
2023-03-28,5269,1101.0186767578125,0.7458580701623834,0,0.012987000867724419,0.012987000867724419,-0.05194806307554245,-0.025974037125706673,-0.02,-0.026000000000000002,stop_loss,0,1,11,2023-03-01
2023-03-28,4128,56.5936279296875,0.7413674613594468,1,0.00918833538889885,0.032159216701984406,0.007656911853700876,0.026033656671643257,0.03,0.024,take_profit,1,0,11,2023-03-01
2023-03-28,3591,20.006750106811523,0.7398134941379424,1,0.0163169726729393,0.0815851092338562,0.006993017625063658,0.034965064376592636,0.03,0.024,take_profit,1,0,11,2023-03-01
2023-03-28,2338,88.44972229003906,0.7381464980758644,0,0.0074865627102553844,0.016042744740843773,-0.024598997086286545,-0.02032090723514557,-0.02,-0.026000000000000002,stop_loss,0,1,11,2023-03-01
2023-03-28,6191,28.536663055419922,0.736858879536544,1,0.007668724749237299,0.03067486174404621,0.007668724749237299,0.018404992297291756,0.03,0.024,take_profit,1,0,11,2023-03-01
2023-03-28,6231,100.02662658691406,0.7352140500995842,0,0.015267097391188145,0.022900639101862907,-0.015267273411154747,-0.011450503021478653,-0.011450503021478653,-0.01745050302147865,close,0,0,11,2023-03-01
2023-03-28,3231,36.27751159667969,0.7304151185928547,1,0.012690379284322262,0.017766444012522697,-0.016497476026415825,0.003807072527706623,0.003807072527706623,-0.002192927472293377,close,0,0,11,2023-03-01
2023-03-28,3094,31.063926696777344,0.7290533593424905,0,0.012176606804132462,0.013698654249310493,-0.010654443874955177,0.0,0.0,-0.006,close,0,0,11,2023-03-01
2023-03-28,8926,34.953617095947266,0.7287565056129275,1,-0.006928407121449709,0.027713680639863014,-0.006928407121449709,0.01270211860537529,0.01270211860537529,0.00670211860537529,close,0,0,11,2023-03-01
2023-03-28,6223,128.92799377441406,0.7267577078552976,0,0.014705904759466648,0.018382376059889793,-0.022058801725506783,-0.011029389686882496,-0.02,-0.026000000000000002,stop_loss,0,1,11,2023-03-01
2023-03-28,8111,19.303802490234375,0.7266489673908559,1,-5.535105174203636e-08,0.025522038340568542,-5.535105174203636e-08,0.0023201832082122564,0.0023201832082122564,-0.0036798167917877437,close,0,0,11,2023-03-01
2023-03-28,4961,216.16998291015625,0.7265207326362109,0,0.011976056732237339,0.011976056732237339,-0.020958052948117256,-0.011976071633398533,-0.02,-0.026000000000000002,stop_loss,0,1,11,2023-03-01
2023-03-28,6411,109.71758270263672,0.7206475406531581,0,0.008230547420680523,0.016461001709103584,-0.012345585972070694,-0.00823035929352045,-0.00823035929352045,-0.01423035929352045,close,0,0,11,2023-03-01
2023-03-28,3653,456.6011657714844,0.7200854219192803,0,0.015822812914848328,0.022151928395032883,-0.012658200226724148,-0.00949364248663187,-0.00949364248663187,-0.01549364248663187,close,0,0,11,2023-03-01
2023-03-29,6205,73.27067565917969,0.7598572482338639,0,0.011097428388893604,0.019728709012269974,-0.009864309802651405,-0.00369908194988966,-0.00369908194988966,-0.00969908194988966,close,0,0,11,2023-03-01
2023-03-29,5425,89.98429870605469,0.7305216472890442,1,0.01980188488960266,0.03465336933732033,0.009900894947350025,0.024752378463745117,0.03,0.024,take_profit,1,0,11,2023-03-01
2023-03-29,8938,91.17404174804688,0.7259231785241799,1,0.010173006914556026,0.027466975152492523,0.006103815045207739,0.017294034361839294,0.017294034361839294,0.011294034361839294,close,0,0,11,2023-03-01
2023-03-29,9945,35.27383041381836,0.7206229319555322,1,0.004297800362110138,0.012893853709101677,0.0014324822695925832,0.004297800362110138,0.004297800362110138,-0.0017021996378898622,close,0,0,11,2023-03-01
2023-03-29,3093,31.680391311645508,0.7176820942280123,1,0.005277052987366915,0.029023796319961548,0.005277052987366915,0.025065971538424492,0.025065971538424492,0.019065971538424493,close,0,0,11,2023-03-01
2023-03-29,1789,25.092411041259766,0.7137382089940593,0,0.003816781099885702,0.007633589673787355,-0.003816763171926141,-0.003816763171926141,-0.003816763171926141,-0.009816763171926141,close,0,0,11,2023-03-01
2023-03-29,1598,40.00969696044922,0.7128882454883003,1,0.011198322288691998,0.011198322288691998,-0.00559903122484684,0.006719009485095739,0.006719009485095739,0.0007190094850957392,close,0,0,11,2023-03-01
2023-03-29,4966,962.0548095703125,0.710168757629585,1,0.02970298007130623,0.06930693984031677,0.019801991060376167,0.06435644626617432,0.03,0.024,take_profit,1,0,11,2023-03-01
2023-03-29,4130,25.008136749267578,0.7084947412608792,0,0.0018692202866077423,0.016822515055537224,-0.014953171834349632,-0.014953171834349632,-0.014953171834349632,-0.02095317183434963,close,0,0,11,2023-03-01
2023-03-29,4105,69.1163330078125,0.7083728410232967,1,0.003931923769414425,0.010485004633665085,0.00131073163356632,0.006553215906023979,0.006553215906023979,0.0005532159060239791,close,0,0,11,2023-03-01
2023-03-29,2607,24.420230865478516,0.7063439267315806,1,0.005444717593491077,0.021778615191578865,-0.0018148384988307953,0.007259571924805641,0.007259571924805641,0.001259571924805641,close,0,0,11,2023-03-01
2023-03-29,4121,22.259477615356445,0.7054180716762039,0,0.0021052842494100332,0.0021052842494100332,-0.008421031758189201,-0.004210489336401224,-0.004210489336401224,-0.010210489336401224,close,0,0,11,2023-03-01
2023-03-29,2845,9.814927101135254,0.7052900363482083,0,0.0,0.009049742482602596,0.0,0.0,0.0,-0.006,close,0,0,11,2023-03-01
2023-03-29,3615,16.527896881103516,0.7052850983248493,1,0.0029154981020838022,0.014577238820493221,0.0029154981020838022,0.0058309054002165794,0.0058309054002165794,-0.0001690945997834207,close,0,0,11,2023-03-01
2023-03-29,6265,9.989999771118164,0.705066146090044,1,0.006006048060953617,0.03103107400238514,0.0010010239202529192,0.016016000881791115,0.03,0.024,take_profit,1,0,11,2023-03-01
2023-03-29,2614,27.062286376953125,0.7016944886578671,0,0.0052910433150827885,0.0052910433150827885,-0.0026455216575413942,0.0,0.0,-0.006,close,0,0,11,2023-03-01
2023-03-29,2059,369.2294006347656,0.7013704028330027,0,0.00916228722780943,0.00916228722780943,-0.005235617980360985,-0.003926717676222324,-0.003926717676222324,-0.009926717676222324,close,0,0,11,2023-03-01
2023-03-29,4123,39.57964324951172,0.7002633068098238,1,0.018538715317845345,0.025081805884838104,0.006543110124766827,0.010905140079557896,0.010905140079557896,0.0049051400795578955,close,0,0,11,2023-03-01
2023-03-29,3052,9.912481307983398,0.6998556216802523,0,0.0,0.004545551724731922,0.0,0.0,0.0,-0.006,close,0,0,11,2023-03-01
2023-03-29,6669,992.3865966796875,0.6969637653360692,1,0.032258108258247375,0.07373276352882385,0.02304151840507984,0.04147469997406006,0.03,0.024,gap_take_profit,1,0,11,2023-03-01
2023-03-30,6435,84.6158447265625,0.6457165681885841,1,0.004830955062061548,0.014492761343717575,5.1659977629014975e-08,0.004830955062061548,0.004830955062061548,-0.001169044937938452,close,0,0,11,2023-03-01
2023-03-30,8076,26.525672912597656,0.644059346283192,1,0.0017482133116573095,0.008741254918277264,0.0017482133116573095,0.005244734231382608,0.005244734231382608,-0.0007552657686173917,close,0,0,11,2023-03-01
2023-03-30,3402,43.022178649902344,0.6323681656269639,1,0.005847922991961241,0.03118911199271679,0.003898634808138013,0.02729046158492565,0.03,0.024,take_profit,1,0,11,2023-03-01
2023-03-30,2417,22.89530372619629,0.6318742171860162,1,2.7090660381645648e-08,0.0042918892577290535,-0.002145863138139248,0.0021459991112351418,0.0021459991112351418,-0.0038540008887648584,close,0,0,11,2023-03-01
2023-03-30,3323,31.212406158447266,0.6304422033894765,1,5.670801073165421e-08,0.016393473371863365,-0.0014902957482263446,0.014903121627867222,0.014903121627867222,0.008903121627867222,close,0,0,11,2023-03-01
2023-03-30,2408,61.97726058959961,0.62996427100477,1,0.017214341089129448,0.04851324483752251,0.009389614686369896,0.040688518434762955,0.03,0.024,take_profit,1,0,11,2023-03-01
2023-03-30,5381,14.649999618530273,0.6261396041161439,1,0.04095565900206566,0.09556311368942261,0.04095565900206566,0.07167237251996994,0.03,0.024,gap_take_profit,1,0,11,2023-03-01
2023-03-30,6189,32.521728515625,0.6260993187136005,1,0.0012033997336402535,0.009626928716897964,0.0012033997336402535,0.006016860716044903,0.006016860716044903,1.6860716044902677e-05,close,0,0,11,2023-03-01
2023-03-30,4909,15.892067909240723,0.6241745980192709,1,0.005747241899371147,0.03448287770152092,0.005747241899371147,0.011494390666484833,0.03,0.024,take_profit,1,0,11,2023-03-01
2023-03-30,1569,22.414962768554688,0.6241722698917552,1,0.009861938655376434,0.009861938655376434,-0.0019724254962056875,0.001972362631931901,0.001972362631931901,-0.004027637368068099,close,0,0,11,2023-03-01
2023-03-30,5014,15.132485389709473,0.6241028133893476,1,0.0029498368967324495,0.011799371801316738,0.0029498368967324495,0.008849564008414745,0.008849564008414745,0.002849564008414745,close,0,0,11,2023-03-01
2023-03-30,2451,61.4102897644043,0.6229456077507791,1,0.006849366240203381,0.009589050896465778,0.0013698928523808718,0.0013698928523808718,0.0013698928523808718,-0.004630107147619128,close,0,0,11,2023-03-01
2023-03-30,2049,234.03805541992188,0.6217328127090813,1,0.0061099654994904995,0.02647656388580799,0.004073305521160364,0.02036658488214016,0.02036658488214016,0.01436658488214016,close,0,0,11,2023-03-01
2023-03-30,8215,32.57579040527344,0.6211736309572998,0,0.0013753892853856087,0.004126378335058689,-0.004126694053411484,-0.0027511995285749435,-0.0027511995285749435,-0.008751199528574944,close,0,0,11,2023-03-01
2023-03-30,8054,33.247982025146484,0.618870294908535,1,0.023668641224503517,0.023668641224503517,0.002958670724183321,0.004437938332557678,0.004437938332557678,-0.001562061667442322,close,0,0,11,2023-03-01
2023-03-30,2243,21.299999237060547,0.618763715587548,1,0.009389707818627357,0.03990612179040909,-0.009389618411660194,0.018779415637254715,0.03,0.024,take_profit,1,0,11,2023-03-01
2023-03-30,3167,40.08460998535156,0.6155075338509575,1,0.01035676896572113,0.01035676896572113,-0.004602984059602022,0.00345224654302001,0.00345224654302001,-0.00254775345697999,close,0,0,11,2023-03-01
2023-03-30,3484,38.99201965332031,0.6142257218325362,1,0.003550357185304165,0.047337304800748825,0.003550357185304165,0.041420143097639084,0.03,0.024,take_profit,1,0,11,2023-03-01
2023-03-30,3189,108.23143005371094,0.6132805220431891,0,0.021551724523305893,0.021551724523305893,-0.004310344811528921,0.0,0.0,-0.006,close,0,0,11,2023-03-01
2023-03-30,3163,50.36617660522461,0.6112870957633452,0,0.007079672999680042,0.008849557489156723,-0.0017698844894766808,0.0,0.0,-0.006,close,0,0,11,2023-03-01
2023-03-31,2451,61.494415283203125,0.744621835876738,1,-0.001368055585771799,0.005471889395266771,-0.005472064018249512,0.005471889395266771,0.005471889395266771,-0.0005281106047332288,close,0,0,11,2023-03-01
2023-03-31,3032,41.18701171875,0.6927820780094874,1,0.004362075123935938,0.013086209073662758,-0.018538672477006912,0.0021810834296047688,0.0021810834296047688,-0.0038189165703952314,close,0,0,11,2023-03-01
2023-03-31,6517,125.74594116210938,0.691275346590888,1,0.05263165384531021,0.09774443507194519,-0.022556321695446968,0.09398504346609116,0.03,0.024,gap_take_profit,1,1,11,2023-03-01
2023-03-31,5880,21.685579299926758,0.682592758527902,1,0.011494310572743416,0.011494310572743416,0.001915706554427743,0.0038313947152346373,0.0038313947152346373,-0.002168605284765363,close,0,0,11,2023-03-01
2023-03-31,5443,26.322969436645508,0.6760056330427126,0,0.0,0.00689657824113965,-0.005172400735318661,0.0,0.0,-0.006,close,0,0,11,2023-03-01
2023-03-31,6548,39.97024154663086,0.6757897722859975,1,0.01672225631773472,0.05128196254372597,0.0033443656284362078,0.030100231990218163,0.03,0.024,take_profit,1,0,11,2023-03-01
2023-03-31,6147,57.074432373046875,0.674504242416116,1,-0.0014430475421249866,0.008658028207719326,-0.004329006187617779,0.008658028207719326,0.008658028207719326,0.002658028207719326,close,0,0,11,2023-03-01
2023-03-31,2613,21.012746810913086,0.6682908848694125,1,0.011235925368964672,0.013483081944286823,-2.908296181658443e-08,0.0022471274714916945,0.0022471274714916945,-0.0037528725285083057,close,0,0,11,2023-03-01
2023-03-31,6235,74.47164154052734,0.668277190406604,1,0.012936516664922237,0.06209557130932808,0.009055494330823421,0.06209557130932808,0.03,0.024,take_profit,1,0,11,2023-03-01
2023-03-31,3037,136.50962829589844,0.6678807335938282,0,-0.013559212908148766,-0.010169382207095623,-0.03728802874684334,-0.023728705942630768,-0.02,-0.026000000000000002,stop_loss,0,1,11,2023-03-01
2023-03-31,1722,51.54818344116211,0.6675443641458982,1,-4.884743720623419e-09,0.007142879534512758,-0.005357134155929089,0.003571437206119299,0.003571437206119299,-0.002428562793880701,close,0,0,11,2023-03-01
2023-03-31,3430,47.062408447265625,0.6655795187870517,0,0.02935774065554142,0.08073394000530243,-0.012844078242778778,-0.009174339473247528,0.03,0.024,take_profit,1,0,11,2023-03-01
2023-03-31,4967,66.3294677734375,0.6654542738174627,1,0.040935713797807693,0.0672515481710434,0.00877201184630394,0.013158021494746208,0.03,0.024,gap_take_profit,1,0,11,2023-03-01
2023-03-31,2606,47.50998306274414,0.6648288602959043,0,0.021505391225218773,0.05376344174146652,-0.0035842431243509054,0.0,0.03,0.024,take_profit,1,0,11,2023-03-01
2023-03-31,6269,89.15493774414062,0.6642789699092219,0,-7.3665287203539265e-09,0.009090917184948921,-0.008080846630036831,-0.007070683408528566,-0.007070683408528566,-0.013070683408528566,close,0,0,11,2023-03-01
2023-03-31,2049,238.8046112060547,0.6637982932831432,0,-0.001995977945625782,0.009980070404708385,-0.023952066898345947,-0.023952066898345947,-0.02,-0.026000000000000002,stop_loss,0,1,11,2023-03-01
2023-03-31,8081,149.12619018554688,0.6626444174952997,0,-0.011080375872552395,-0.005540210288017988,-0.013850458897650242,-0.011080375872552395,-0.011080375872552395,-0.017080375872552393,close,0,0,11,2023-03-01
2023-03-31,6414,234.34547424316406,0.6623794967883825,0,0.007547167129814625,0.007547167129814625,-0.03396226838231087,-0.003773587290197611,-0.02,-0.026000000000000002,stop_loss,0,1,11,2023-03-01
2023-03-31,5469,34.19684982299805,0.6621807948474019,1,-3.735622300382602e-08,0.0028129105921834707,-0.009845355525612831,0.001406436669640243,0.001406436669640243,-0.004593563330359757,close,0,0,11,2023-03-01
2023-03-31,2353,24.765459060668945,0.6609389303763337,1,-0.00888101290911436,0.012433387339115143,-0.00888101290911436,0.012433387339115143,0.012433387339115143,0.006433387339115143,close,0,0,11,2023-03-01
2023-04-06,2547,8.448894500732422,0.725098012497794,0,0.005476466845721006,0.005476466845721006,-0.006571704056113958,-0.005476387217640877,-0.005476387217640877,-0.011476387217640877,close,0,0,12,2023-04-01
2023-04-06,1702,41.03228759765625,0.7205016121138349,1,1.2026954721022776e-07,0.011689797043800354,1.2026954721022776e-07,0.003188250819221139,0.003188250819221139,-0.002811749180778861,close,0,0,12,2023-04-01
2023-04-06,2606,47.50998306274414,0.719792678420487,1,0.016129018738865852,0.037634409964084625,0.0017921157414093614,0.032258011400699615,0.03,0.024,take_profit,1,0,12,2023-04-01
2023-04-06,4534,9.829999923706055,0.7161761632600621,0,0.007121026981621981,0.007121026981621981,-0.006103709805756807,-0.006103709805756807,-0.006103709805756807,-0.012103709805756807,close,0,0,12,2023-04-01
2023-04-06,2102,21.549999237060547,0.7151285115045202,1,0.0,0.013921167701482773,0.0,0.011600928381085396,0.011600928381085396,0.005600928381085396,close,0,0,12,2023-04-01
2023-04-06,3048,25.866744995117188,0.7133128017902027,1,0.008756604976952076,0.008756604976952076,3.729446262923375e-08,0.003502677893266082,0.003502677893266082,-0.0024973221067339183,close,0,0,12,2023-04-01
2023-04-06,1784,41.192684173583984,0.7099469722484452,1,0.013933476991951466,0.0375133641064167,-0.002143616322427988,0.03322608023881912,0.03,0.024,take_profit,1,0,12,2023-04-01
2023-04-06,2637,50.541019439697266,0.7063806284184063,1,0.010971816256642342,0.0470220223069191,0.007837068289518356,0.04388715326786041,0.03,0.024,take_profit,1,0,12,2023-04-01
2023-04-06,2607,24.553192138671875,0.7038906197758427,1,0.0036100680008530617,0.018050555139780045,0.0036100680008530617,0.01083031203597784,0.01083031203597784,0.00483031203597784,close,0,0,12,2023-04-01
2023-04-06,2536,23.1752986907959,0.703018935530488,0,0.004098330624401569,0.004098330624401569,-0.006147570908069611,-0.004098421894013882,-0.004098421894013882,-0.010098421894013882,close,0,0,12,2023-04-01
2023-04-06,2613,21.059965133666992,0.701059599875954,1,0.002242217306047678,0.013452980667352676,0.002242217306047678,0.006726539693772793,0.006726539693772793,0.0007265396937727927,close,0,0,12,2023-04-01
2023-04-06,4707,10.957680702209473,0.6988038195156067,0,0.0038760248571634293,0.0077519649639725685,0.0,0.0,0.0,-0.006,close,0,0,12,2023-04-01
2023-04-06,6505,80.54964447021484,0.6948114489303976,1,0.004651227965950966,0.009302408434450626,4.733666614242793e-08,0.009302408434450626,0.009302408434450626,0.0033024084344506262,close,0,0,12,2023-04-01
2023-04-06,4142,39.5,0.6933296704960943,1,0.010126620531082153,0.020253146067261696,0.002531606936827302,0.013924031518399715,0.013924031518399715,0.007924031518399715,close,0,0,12,2023-04-01
2023-04-06,4174,81.19999694824219,0.6930497438291601,1,0.0,0.013546873815357685,0.0,0.0012316022766754031,0.0012316022766754031,-0.004768397723324597,close,0,0,12,2023-04-01
2023-04-06,3055,28.021875381469727,0.6910944561510232,0,2.667330178951488e-08,0.0033841344993561506,-0.015228361822664738,-0.0016919949557632208,-0.0016919949557632208,-0.007691994955763221,close,0,0,12,2023-04-01
2023-04-06,1216,64.67572021484375,0.6910906303920963,0,-5.930276714138927e-08,-5.930276714138927e-08,-0.009641890414059162,-0.009641890414059162,-0.009641890414059162,-0.01564189041405916,close,0,0,12,2023-04-01
2023-04-06,6167,12.693432807922363,0.6903051167948858,0,0.0,0.014492739923298359,-0.00362320221029222,0.0,0.0,-0.006,close,0,0,12,2023-04-01
2023-04-06,4726,39.70000076293945,0.6899027141052084,1,0.008816082030534744,0.013853885233402252,-0.002518949331715703,0.010075508616864681,0.010075508616864681,0.004075508616864681,close,0,0,12,2023-04-01
2023-04-06,2633,27.515525817871094,0.6892978270185628,0,5.2169944808611035e-08,0.0016556561458855867,-0.0033112189266830683,-0.00165561493486166,-0.00165561493486166,-0.00765561493486166,close,0,0,12,2023-04-01
2023-04-07,4174,81.30000305175781,0.7160480080561369,0,0.0,0.0,-0.009840135462582111,-0.007380148395895958,-0.007380148395895958,-0.013380148395895958,close,0,0,12,2023-04-01
2023-04-07,5285,78.60986328125,0.7148790265564755,1,0.011299444362521172,0.011299444362521172,-0.003389855846762657,0.004519800655543804,0.004519800655543804,-0.001480199344456196,close,0,0,12,2023-04-01
2023-04-07,6226,12.149999618530273,0.7133327491782153,1,0.0041152420453727245,0.028806617483496666,0.0,0.012345726601779461,0.012345726601779461,0.006345726601779461,close,0,0,12,2023-04-01
2023-04-07,6788,124.29563903808594,0.7128473589334021,1,0.010489465668797493,0.020978976041078568,0.0069929626770317554,0.010489465668797493,0.010489465668797493,0.004489465668797493,close,0,0,12,2023-04-01
2023-04-07,5498,10.681877136230469,0.7106714727008387,0,0.004587150178849697,0.009174300357699394,-0.004587150178849697,0.0,0.0,-0.006,close,0,0,12,2023-04-01
2023-04-07,2228,68.72759246826172,0.7039323820627951,1,0.00362761365249753,0.010882734321057796,0.00362761365249753,0.009673562832176685,0.009673562832176685,0.003673562832176685,close,0,0,12,2023-04-01
2023-04-07,2801,14.339889526367188,0.6991171223043365,1,0.0028734547086060047,0.005747029557824135,0.0028734547086060047,0.005747029557824135,0.005747029557824135,-0.0002529704421758653,close,0,0,12,2023-04-01
2023-04-07,2607,24.819110870361328,0.6934993956017904,0,0.01428570132702589,0.01428570132702589,-0.0035714416299015284,-0.001785686588846147,-0.001785686588846147,-0.007785686588846147,close,0,0,12,2023-04-01
2023-04-07,2103,25.35577964782715,0.6913424129546363,1,-1.2178215769154122e-08,0.008912644349038601,-1.2178215769154122e-08,0.0035650639329105616,0.0035650639329105616,-0.0024349360670894386,close,0,0,12,2023-04-01
2023-04-07,4961,224.58375549316406,0.6904290475964046,0,0.005763879977166653,0.014409361407160759,-0.01729096658527851,-0.01729096658527851,-0.01729096658527851,-0.02329096658527851,close,0,0,12,2023-04-01
2023-04-07,6126,21.12994956970215,0.6902736144229847,1,0.013157966546714306,0.026315828785300255,0.010964933782815933,0.01754394918680191,0.01754394918680191,0.01154394918680191,close,0,0,12,2023-04-01
2023-04-07,4977,112.48301696777344,0.6891308619002324,1,0.012244882993400097,0.028571413829922676,-0.008163279853761196,0.024489780887961388,0.024489780887961388,0.01848978088796139,close,0,0,12,2023-04-01
2023-04-07,3628,42.73320770263672,0.6864318627235225,1,-4.3603918697954214e-08,0.014256590977311134,-4.3603918697954214e-08,0.009164941497147083,0.009164941497147083,0.003164941497147083,close,0,0,12,2023-04-01
2023-04-07,2611,11.705248832702637,0.6820055643912007,1,0.003649631282314658,0.01459850836545229,0.003649631282314658,0.003649631282314658,0.003649631282314658,-0.002350368717685342,close,0,0,12,2023-04-01
2023-04-07,8261,92.87440490722656,0.6815968704952061,1,0.009569449350237846,0.03827758505940437,0.009569449350237846,0.03827758505940437,0.03,0.024,take_profit,1,0,12,2023-04-01
2023-04-07,2645,90.3646011352539,0.6805331125223572,0,1.3060828862876406e-08,0.009803934954106808,-0.040196049958467484,-0.02745099738240242,-0.02,-0.026000000000000002,stop_loss,0,1,12,2023-04-01
2023-04-07,2316,27.674570083618164,0.6801673308977496,1,0.006968554574996233,0.013937221840023994,0.003484221175312996,0.012195021845400333,0.012195021845400333,0.006195021845400333,close,0,0,12,2023-04-01
2023-04-07,2328,35.2857780456543,0.679973748630373,0,-1.0311384812666802e-07,0.005128121003508568,-0.00897442176938057,-0.00897442176938057,-0.00897442176938057,-0.01497442176938057,close,0,0,12,2023-04-01
2023-04-07,2613,21.20162582397461,0.6797768045712113,0,0.004454298876225948,0.011135880835354328,-0.002227198565378785,-0.002227198565378785,-0.002227198565378785,-0.008227198565378785,close,0,0,12,2023-04-01
2023-04-07,6127,18.34166717529297,0.6768550348872537,1,0.010752619244158268,0.09946237504482269,0.005376357119530439,0.08870964497327805,0.03,0.024,take_profit,1,0,12,2023-04-01
2023-04-10,5314,1.1523293256759644,0.8154863693865113,1,0.09871245920658112,0.09871245920658112,0.09871245920658112,0.09871245920658112,0.03,0.024,gap_take_profit,1,0,12,2023-04-01
2023-04-10,3548,61.919010162353516,0.735863760413123,1,0.007518805097788572,0.018045075237751007,0.0030074811074882746,0.016541339457035065,0.016541339457035065,0.010541339457035065,close,0,0,12,2023-04-01
2023-04-10,6188,50.89482879638672,0.7300785385833908,1,0.0035087696742266417,0.01929820328950882,-0.005263159982860088,0.017543843016028404,0.017543843016028404,0.011543843016028404,close,0,0,12,2023-04-01
2023-04-10,3306,22.882707595825195,0.724643029503837,1,0.0060120453126728535,0.0200401172041893,0.0060120453126728535,0.016032084822654724,0.016032084822654724,0.010032084822654724,close,0,0,12,2023-04-01
2023-04-10,8476,27.94467544555664,0.7221819526377627,1,1.0303491353988647,1.0485585927963257,0.9908953905105591,1.033384084701538,0.03,0.024,gap_take_profit,1,0,12,2023-04-01
2023-04-10,6168,23.1123046875,0.7153142065925439,1,0.007968059740960598,0.011952138505876064,-0.00398410065099597,0.00996013730764389,0.00996013730764389,0.00396013730764389,close,0,0,12,2023-04-01
2023-04-10,3372,11.616374015808105,0.7109550208157108,1,0.012448051944375038,0.020746838301420212,0.004149345215409994,0.020746838301420212,0.020746838301420212,0.014746838301420212,close,0,0,12,2023-04-01
2023-04-10,3022,74.06703186035156,0.7053818611168241,0,0.0035377407912164927,0.00825474038720131,-0.01533016562461853,-0.01533016562461853,-0.01533016562461853,-0.02133016562461853,close,0,0,12,2023-04-01
2023-04-10,5203,92.06192779541016,0.7043981491291135,1,0.019801978021860123,0.019801978021860123,-2.0212786999707077e-09,0.014851483516395092,0.014851483516395092,0.008851483516395092,close,0,0,12,2023-04-01
2023-04-10,8104,40.07430648803711,0.6999184883778075,1,0.004807719960808754,0.02884618192911148,-0.010817226022481918,0.02043275721371174,0.02043275721371174,0.014432757213711738,close,0,0,12,2023-04-01
2023-04-10,2301,66.89312744140625,0.6980704338579528,1,0.0027248456608504057,0.012261693365871906,9.132668310485315e-08,0.005449703894555569,0.005449703894555569,-0.0005502961054444314,close,0,0,12,2023-04-01
2023-04-10,5457,55.410125732421875,0.6975570666931329,1,0.0034602154046297073,0.013840812258422375,-5.547115211612663e-09,0.0017301378538832068,0.0017301378538832068,-0.004269862146116793,close,0,0,12,2023-04-01
2023-04-10,2328,34.96910858154297,0.6973416049810541,1,0.0038810106925666332,0.010349316522479057,0.001293727895244956,0.0038810106925666332,0.0038810106925666332,-0.002118989307433367,close,0,0,12,2023-04-01
2023-04-10,3527,110.17171478271484,0.6960268815011482,0,-5.660687207864612e-08,0.012396637350320816,-0.012396750040352345,-0.004132287576794624,-0.004132287576794624,-0.010132287576794624,close,0,0,12,2023-04-01
2023-04-10,5484,17.25,0.6938606436971886,1,-0.008695630356669426,0.060869522392749786,-0.02028987742960453,0.014492753893136978,-0.02,-0.026000000000000002,ambiguous_stop_loss,1,1,12,2023-04-01
2023-04-10,6830,130.94151306152344,0.6935473312518629,1,0.003558759344741702,0.039145950227975845,-0.007117397617548704,0.01779363490641117,0.03,0.024,take_profit,1,0,12,2023-04-01
2023-04-10,6207,26.290735244750977,0.6934252122572628,1,0.0017762291245162487,0.0035524009726941586,-0.0035524219274520874,0.0035524009726941586,0.0035524009726941586,-0.0024475990273058416,close,0,0,12,2023-04-01
2023-04-10,3594,46.91496276855469,0.6909268319113637,0,0.009297431446611881,0.0196280088275671,-0.008264520205557346,-0.008264520205557346,-0.008264520205557346,-0.014264520205557346,close,0,0,12,2023-04-01
2023-04-10,3041,35.08333206176758,0.6908491357985028,1,0.00712589081376791,0.019002411514520645,0.0,0.00712589081376791,0.00712589081376791,0.0011258908137679099,close,0,0,12,2023-04-01
2023-04-10,3419,18.79459571838379,0.6904676226643557,0,-0.005263178143650293,0.0026315387804061174,-0.010526356287300587,0.0,0.0,-0.006,close,0,0,12,2023-04-01
2023-04-11,5314,1.2660785913467407,0.7993438671247239,1,-4.384940766044565e-08,0.099609375,-0.033203184604644775,0.099609375,-0.02,-0.026000000000000002,ambiguous_stop_loss,1,1,12,2023-04-01
2023-04-11,6465,20.100000381469727,0.7955252952591867,1,0.09950248897075653,0.09950248897075653,0.09950248897075653,0.09950248897075653,0.03,0.024,gap_take_profit,1,0,12,2023-04-01
2023-04-11,3022,72.93157196044922,0.6902443349047667,1,0.007185553200542927,0.020359186455607414,0.005987966433167458,0.013173576444387436,0.013173576444387436,0.007173576444387436,close,0,0,12,2023-04-01
2023-04-11,2419,27.189178466796875,0.675287551391121,1,-3.227060574317875e-08,0.0104894507676363,-0.0034965488594025373,0.00699293427169323,0.00699293427169323,0.0009929342716932296,close,0,0,12,2023-04-01
2023-04-11,6443,37.80198669433594,0.6723476897760025,1,0.010256347246468067,0.03333330526947975,0.00897434912621975,0.012820443138480186,0.03,0.024,take_profit,1,0,12,2023-04-01
2023-04-11,8027,52.60639190673828,0.6573359635942602,0,-4.2671505440239343e-08,0.0036428887397050858,-0.012750511057674885,-0.005464578978717327,-0.005464578978717327,-0.011464578978717327,close,0,0,12,2023-04-01
2023-04-11,3060,16.818328857421875,0.6561735914908893,1,-8.482256674824384e-08,0.005714222323149443,-0.00857149064540863,0.005714222323149443,0.005714222323149443,-0.00028577767685055745,close,0,0,12,2023-04-01
2023-04-11,2812,11.149782180786133,0.6539745206318471,1,-5.219596133088089e-08,0.007142775226384401,-5.219596133088089e-08,0.007142775226384401,0.007142775226384401,0.0011427752263844012,close,0,0,12,2023-04-01
2023-04-11,9908,28.222143173217773,0.6537129158892452,1,0.004761811345815659,0.004761811345815659,0.0015871963696554303,0.0015871963696554303,0.0015871963696554303,-0.00441280363034457,close,0,0,12,2023-04-01
2023-04-11,3406,348.172607421875,0.6513905172350847,1,0.011749444529414177,0.03263717517256737,0.0013055792078375816,0.02480427548289299,0.03,0.024,take_profit,1,0,12,2023-04-01
2023-04-11,2723,128.2570037841797,0.6488029709062479,1,0.010676166042685509,0.05338079109787941,0.010676166042685509,0.04982207342982292,0.03,0.024,take_profit,1,0,12,2023-04-01
2023-04-11,6150,78.0,0.646373662017638,1,0.02051280066370964,0.047435857355594635,0.008974320255219936,0.008974320255219936,0.03,0.024,take_profit,1,0,12,2023-04-01
2023-04-11,1709,22.94493293762207,0.6463604249139169,1,-7.815645908237911e-09,0.009823174215853214,-7.815645908237911e-09,0.0058938865549862385,0.0058938865549862385,-0.00010611344501376165,close,0,0,12,2023-04-01
2023-04-11,5519,19.28476333618164,0.6458583822870182,1,0.002070376183837652,0.01035190187394619,0.002070376183837652,0.0062110996805131435,0.0062110996805131435,0.00021109968051314341,close,0,0,12,2023-04-01
2023-04-11,3162,54.65030288696289,0.6455082568346261,0,0.003623198252171278,0.021739140152931213,-0.012681176885962486,-0.0018116396386176348,-0.0018116396386176348,-0.007811639638617635,close,0,0,12,2023-04-01
2023-04-11,4534,9.739999771118164,0.6448456152055939,1,0.0,0.012320317327976227,0.0,0.002053435193374753,0.002053435193374753,-0.003946564806625247,close,0,0,12,2023-04-01
2023-04-11,1442,28.371570587158203,0.6444778518816049,0,0.007418310735374689,0.008901967667043209,-0.010385910049080849,-0.007418483030050993,-0.007418483030050993,-0.013418483030050993,close,0,0,12,2023-04-01
2023-04-11,4766,126.65274047851562,0.6416288294280398,1,-1.1927659215871245e-07,0.01689177006483078,-1.1927659215871245e-07,0.01689177006483078,0.01689177006483078,0.01089177006483078,close,0,0,12,2023-04-01
2023-04-11,2597,63.107078552246094,0.6395616435822121,0,-3.4758196321149626e-11,-3.4758196321149626e-11,-0.016064247116446495,-0.012048134580254555,-0.012048134580254555,-0.018048134580254553,close,0,0,12,2023-04-01
2023-04-11,6603,16.732872009277344,0.6367817384689667,1,9.446004867186275e-08,0.005649840924888849,-0.005649651866406202,0.0028249674942344427,0.0028249674942344427,-0.0031750325057655574,close,0,0,12,2023-04-01
2023-04-12,6465,22.100000381469727,0.8430380188678365,1,0.09954746067523956,0.09954746067523956,0.06334839761257172,0.09954746067523956,0.03,0.024,gap_take_profit,1,0,12,2023-04-01
2023-04-12,3308,29.216062545776367,0.692536281521961,1,0.09879040718078613,0.09879040718078613,0.09879040718078613,0.09879040718078613,0.03,0.024,gap_take_profit,1,0,12,2023-04-01
2023-04-12,3135,28.005218505859375,0.68840877173543,0,0.001718234154395759,0.056701067835092545,-0.04123709350824356,-0.025773148983716965,-0.02,-0.026000000000000002,ambiguous_stop_loss,1,1,12,2023-04-01
2023-04-12,3071,24.480276107788086,0.687426523441221,0,0.007233292330056429,0.00904158316552639,-0.003616658505052328,-0.0018082988681271672,-0.0018082988681271672,-0.007808298868127167,close,0,0,12,2023-04-01
2023-04-12,1514,42.5800895690918,0.6852384794862661,1,0.03896097093820572,0.0995669737458229,0.025973927229642868,0.0995669737458229,0.03,0.024,gap_take_profit,1,0,12,2023-04-01
2023-04-12,3580,51.86887741088867,0.6827100482579039,0,0.006622478365898132,0.009933749213814735,-0.0049669379368424416,0.0,0.0,-0.006,close,0,0,12,2023-04-01
2023-04-12,5314,1.3921918869018555,0.6821978494013743,0,-0.047957371920347214,0.00888094026595354,-0.07992900162935257,-0.04085258021950722,-0.047957371920347214,-0.05395737192034721,gap_stop,0,1,12,2023-04-01
2023-04-12,6122,28.27444839477539,0.6795206380111422,1,0.006042298395186663,0.034743230789899826,-0.013595161028206348,0.010574034415185452,0.03,0.024,take_profit,1,0,12,2023-04-01
2023-04-12,2634,44.499446868896484,0.6765590199599625,1,0.036344774067401886,0.09865006804466248,0.02803736925125122,0.09865006804466248,0.03,0.024,gap_take_profit,1,0,12,2023-04-01
2023-04-12,4726,39.45000076293945,0.6663243754499345,1,0.0,0.013941679149866104,-0.0038023199886083603,0.003802223363891244,0.003802223363891244,-0.002197776636108756,close,0,0,12,2023-04-01
2023-04-12,3550,14.8233642578125,0.6661481621008472,1,-0.0032679669093340635,0.009803916327655315,-0.0032679669093340635,0.0032680057920515537,0.0032680057920515537,-0.0027319942079484464,close,0,0,12,2023-04-01
2023-04-12,2102,22.049999237060547,0.665032823622642,0,-0.006802704185247421,-0.002267539268359542,-0.020408112555742264,-0.013605408370494843,-0.02,-0.026000000000000002,stop_loss,0,1,12,2023-04-01
2023-04-12,3376,80.43755340576172,0.6621677788777905,0,0.0022222474217414856,0.0022222474217414856,-0.01222214661538601,-0.007777685299515724,-0.007777685299515724,-0.013777685299515724,close,0,0,12,2023-04-01
2023-04-12,1524,23.105377197265625,0.6610838523181076,0,0.009784655645489693,0.017612474039196968,-0.009784814901649952,-0.009784814901649952,-0.009784814901649952,-0.01578481490164995,close,0,0,12,2023-04-01
2023-04-12,3665,254.0175018310547,0.6591156402323353,0,0.005385865923017263,0.007181193679571152,-0.005386101547628641,-0.005386101547628641,-0.005386101547628641,-0.011386101547628641,close,0,0,12,2023-04-01
2023-04-12,6189,32.83481216430664,0.6576298515521521,0,0.0011918526142835617,0.002383770886808634,-0.0035757110454142094,-0.001191874616779387,-0.001191874616779387,-0.007191874616779387,close,0,0,12,2023-04-01
2023-04-12,2515,9.733055114746094,0.6567892974839367,1,0.018867909908294678,0.09433962404727936,0.018867909908294678,0.051886722445487976,0.03,0.024,take_profit,1,0,12,2023-04-01
2023-04-12,4566,50.72303771972656,0.6561946622936186,1,0.009025351144373417,0.01624552719295025,-0.0054151383228600025,0.003610132960602641,0.003610132960602641,-0.002389867039397359,close,0,0,12,2023-04-01
2023-04-12,4939,15.238746643066406,0.6550795052910203,0,0.006078962702304125,0.006078962702304125,-0.003039554925635457,-0.003039554925635457,-0.003039554925635457,-0.009039554925635457,close,0,0,12,2023-04-01
2023-04-12,6472,485.8711242675781,0.654783824719966,0,-0.007614187430590391,0.0012690256116911769,-0.02664973773062229,-0.012690326198935509,-0.02,-0.026000000000000002,stop_loss,0,1,12,2023-04-01
2023-04-13,3308,32.10232925415039,0.8232236336666798,1,0.0972476378083229,0.09908248484134674,0.00550452945753932,0.09908248484134674,0.03,0.024,gap_take_profit,1,0,12,2023-04-01
2023-04-13,6547,63.0,0.7998911400624994,1,0.0476190485060215,0.1000000461935997,0.04603176936507225,0.1000000461935997,0.03,0.024,gap_take_profit,1,0,12,2023-04-01
2023-04-13,1305,25.59901237487793,0.769760057844309,1,0.014925430528819561,0.014925430528819561,-0.0018656435422599316,0.007462714798748493,0.007462714798748493,0.001462714798748493,close,0,0,12,2023-04-01
2023-04-13,6776,43.97228240966797,0.7549622655645792,1,0.01351346168667078,0.042470987886190414,0.0019304804736748338,0.027026990428566933,0.03,0.024,take_profit,1,0,12,2023-04-01
2023-04-13,2027,33.429447174072266,0.7510851913469616,0,0.005500498227775097,0.005500498227775097,-0.0033003482967615128,-0.002200305461883545,-0.002200305461883545,-0.008200305461883545,close,0,0,12,2023-04-01
2023-04-13,2442,15.80320930480957,0.7459205772092682,0,0.006078966893255711,0.021276598796248436,-0.0030395514331758022,-0.0030395514331758022,-0.0030395514331758022,-0.009039551433175802,close,0,0,12,2023-04-01
2023-04-13,1312,19.762584686279297,0.7411347120935231,1,0.016867440193891525,0.02409636229276657,0.004819298628717661,0.019277144223451614,0.019277144223451614,0.013277144223451614,close,0,0,12,2023-04-01
2023-04-13,3708,91.87590789794922,0.7379037989061503,1,0.009569483809173107,0.047846999019384384,0.009569483809173107,0.02392355166375637,0.03,0.024,take_profit,1,0,12,2023-04-01
2023-04-13,1101,34.582664489746094,0.7365917902715206,0,0.0013315376127138734,0.00266317673958838,-0.0066577899269759655,0.0,0.0,-0.006,close,0,0,12,2023-04-01
2023-04-13,8086,89.52657318115234,0.7357136696590709,0,0.011061946861445904,0.017699098214507103,-0.003318617818877101,0.0,0.0,-0.006,close,0,0,12,2023-04-01
2023-04-13,6274,62.1663818359375,0.7346739856947355,1,0.0074849664233624935,0.05239514261484146,0.00598786910995841,0.03592798486351967,0.03,0.024,take_profit,1,0,12,2023-04-01
2023-04-13,9933,35.87466049194336,0.7345026095886511,0,0.0011573605006560683,0.0034722534473985434,-0.004629580769687891,-0.00347223156131804,-0.00347223156131804,-0.00947223156131804,close,0,0,12,2023-04-01
2023-04-13,4726,39.599998474121094,0.7342319363992134,1,0.008838442154228687,0.02146470546722412,0.0025253104977309704,0.005050524603575468,0.005050524603575468,-0.0009494753964245321,close,0,0,12,2023-04-01
2023-04-13,8210,77.7743911743164,0.7270576827064954,1,0.00363629381172359,0.012121104635298252,0.00363629381172359,0.006060499232262373,0.006060499232262373,6.0499232262372846e-05,close,0,0,12,2023-04-01
2023-04-13,1528,10.978814125061035,0.7270119311617023,1,0.013453037478029728,0.022421596571803093,0.004484392702579498,0.013453037478029728,0.013453037478029728,0.007453037478029728,close,0,0,12,2023-04-01
2023-04-13,1612,17.458717346191406,0.7237805984973712,1,0.004830782301723957,0.021739011630415916,0.004830782301723957,0.014492654241621494,0.014492654241621494,0.008492654241621494,close,0,0,12,2023-04-01
2023-04-13,9940,24.807947158813477,0.721251269266664,1,-1.548679762208849e-08,0.005172384902834892,-1.548679762208849e-08,0.0034482735209167004,0.0034482735209167004,-0.0025517264790832998,close,0,0,12,2023-04-01
2023-04-13,2845,9.948160171508789,0.7204383062676338,1,0.0044643087312579155,0.008928623981773853,-0.004464232362806797,0.0044643087312579155,0.0044643087312579155,-0.0015356912687420846,close,0,0,12,2023-04-01
2023-04-13,2059,400.64288330078125,0.7197162407973922,1,0.007237594574689865,0.008443866856396198,-0.00361885828897357,0.002412504516541958,0.002412504516541958,-0.0035874954834580423,close,0,0,12,2023-04-01
2023-04-13,8255,175.16973876953125,0.7183432086213765,1,0.010810785926878452,0.02162158489227295,0.002702624537050724,0.010810785926878452,0.010810785926878452,0.004810785926878452,close,0,0,12,2023-04-01
2023-04-14,2206,46.61666488647461,0.7635772394590717,1,0.04606523737311363,0.08637230843305588,-0.0019194050692021847,0.04414588212966919,0.03,0.024,gap_take_profit,1,0,12,2023-04-01
2023-04-14,2328,35.42149353027344,0.7444479033105539,1,0.006385673303157091,0.008939912542700768,0.001277097500860691,0.0038313367404043674,0.0038313367404043674,-0.0021686632595956327,close,0,0,12,2023-04-01
2023-04-14,1597,74.44715881347656,0.7440492723284371,1,0.01794879510998726,0.04487185552716255,0.015384634025394917,0.032051339745521545,0.03,0.024,take_profit,1,0,12,2023-04-01
2023-04-14,3689,35.31155776977539,0.7326184345213256,0,-2.1729864130293208e-08,0.002564041642472148,-0.007692309562116861,-0.002564085181802511,-0.002564085181802511,-0.008564085181802511,close,0,0,12,2023-04-01
2023-04-14,3211,68.39187622070312,0.7280719920833196,1,-1.1239393415962695e-07,0.0038558694068342447,-0.005141519475728273,0.0012852147920057178,0.0012852147920057178,-0.004714785207994282,close,0,0,12,2023-04-01
2023-04-14,3548,62.85012435913086,0.7270682816145045,1,0.00444442592561245,0.02962956391274929,0.00444442592561245,0.017777668312191963,0.017777668312191963,0.011777668312191963,close,0,0,12,2023-04-01
2023-04-14,4540,40.98748779296875,0.7256273639678668,1,-0.0034965453669428825,0.023310014978051186,-0.004662028513848782,0.017482509836554527,0.017482509836554527,0.011482509836554527,close,0,0,12,2023-04-01
2023-04-14,2374,19.775617599487305,0.7220953999913484,0,-0.012165450491011143,0.002433145884424448,-0.012165450491011143,0.0,0.0,-0.006,close,0,0,12,2023-04-01
2023-04-14,3167,40.31524658203125,0.720635731287223,1,0.009153349325060844,0.011441689915955067,0.004576757084578276,0.004576757084578276,0.004576757084578276,-0.0014232429154217244,close,0,0,12,2023-04-01
2023-04-14,6148,25.11876106262207,0.719755512271544,1,0.04655490443110466,0.09869641810655594,0.03165734186768532,0.09869641810655594,0.03,0.024,gap_take_profit,1,0,12,2023-04-01
2023-04-14,3537,31.024879455566406,0.7196708794990617,1,0.005276902113109827,0.006596158258616924,0.0013191342586651444,0.0013191342586651444,0.0013191342586651444,-0.004680865741334856,close,0,0,12,2023-04-01
2023-04-14,1711,18.151229858398438,0.7177564910092518,1,0.0026384613011032343,0.02110813744366169,0.0026384613011032343,0.0184695553034544,0.0184695553034544,0.012469555303454399,close,0,0,12,2023-04-01
2023-04-14,2324,22.42034339904785,0.7164501514351703,0,-4.165979206049997e-08,0.005940536968410015,-0.007920864038169384,-0.0039604525081813335,-0.0039604525081813335,-0.009960452508181334,close,0,0,12,2023-04-01
2023-04-14,8210,78.24574279785156,0.7157806073087193,1,7.515220090681396e-08,0.010843467898666859,7.515220090681396e-08,0.0012048761127516627,0.0012048761127516627,-0.004795123887248337,close,0,0,12,2023-04-01
2023-04-14,8147,62.24740219116211,0.7157011112264907,1,0.013412757776677608,0.013412757776677608,0.002980613149702549,0.002980613149702549,0.002980613149702549,-0.003019386850297451,close,0,0,12,2023-04-01
2023-04-14,1526,39.671539306640625,0.7143657067341533,1,0.008333262987434864,0.008333262987434864,-0.004761956632137299,0.0011904239654541016,0.0011904239654541016,-0.0048095760345458986,close,0,0,12,2023-04-01
2023-04-14,2354,50.977882385253906,0.7142272121849355,1,0.007299278862774372,0.012773717753589153,0.00364963011816144,0.00364963011816144,0.00364963011816144,-0.0023503698818385602,close,0,0,12,2023-04-01
2023-04-14,8358,56.18549346923828,0.7130474106412862,0,0.0016420109895989299,0.013136276043951511,-0.0032840846106410027,0.0,0.0,-0.006,close,0,0,12,2023-04-01
2023-04-14,3715,21.865915298461914,0.7111327100249694,1,0.014705844223499298,0.03781513497233391,0.010504147037863731,0.01680673286318779,0.03,0.024,take_profit,1,0,12,2023-04-01
2023-04-14,1442,28.497852325439453,0.7107942396293413,0,0.0,0.010339802131056786,-0.004431247245520353,0.0,0.0,-0.006,close,0,0,12,2023-04-01
2023-04-17,6515,682.8609619140625,0.7053757152682438,1,0.009681934490799904,0.029045697301626205,5.320917040307904e-08,0.0013831791002303362,0.0013831791002303362,-0.004616820899769664,close,0,0,12,2023-04-01
2023-04-17,6269,88.34443664550781,0.6756676366608961,1,0.00509690260514617,0.039755433797836304,-0.0010192905319854617,0.024464910849928856,0.03,0.024,take_profit,1,0,12,2023-04-01
2023-04-17,2328,35.55720520019531,0.6736323094692193,0,0.0025446219369769096,0.007633603177964687,-0.010178024880588055,-0.007633534725755453,-0.007633534725755453,-0.013633534725755453,close,0,0,12,2023-04-01
2023-04-17,3580,51.954750061035156,0.6697442752943092,0,0.006611649412661791,0.008264516480267048,-0.004958611447364092,-0.003305744146928191,-0.003305744146928191,-0.009305744146928191,close,0,0,12,2023-04-01
2023-04-17,5386,30.019590377807617,0.6690488404246006,1,0.004926205612719059,0.020936008542776108,-0.00985216535627842,0.0012315972708165646,0.0012315972708165646,-0.0047684027291834356,close,0,0,12,2023-04-01
2023-04-17,8074,17.921085357666016,0.6641865313097854,1,0.009478503838181496,0.011848226189613342,0.004739240277558565,0.004739240277558565,0.004739240277558565,-0.001260759722441435,close,0,0,12,2023-04-01
2023-04-17,2354,51.16393280029297,0.6594865607833609,0,0.005454550497233868,0.007272773887962103,-0.0036363587714731693,-0.0036363587714731693,-0.0036363587714731693,-0.00963635877147317,close,0,0,12,2023-04-01
2023-04-17,1102,37.35810089111328,0.6559730581071488,0,0.0011429458390921354,0.0022857855074107647,-0.003428500611335039,-0.003428500611335039,-0.003428500611335039,-0.00942850061133504,close,0,0,12,2023-04-01
2023-04-17,2612,35.9293327331543,0.6556431195624548,0,0.0061575984582304955,0.0061575984582304955,-0.014778324402868748,-0.014778324402868748,-0.014778324402868748,-0.020778324402868746,close,0,0,12,2023-04-01
2023-04-17,6170,34.39590072631836,0.65326152797348,0,-0.002484424039721489,0.002484444295987487,-0.011180133558809757,-0.009937915951013565,-0.009937915951013565,-0.015937915951013563,close,0,0,12,2023-04-01
2023-04-17,6126,21.593326568603516,0.6532497261571286,0,0.008583703078329563,0.012875565327703953,-0.004291800782084465,-0.004291800782084465,-0.004291800782084465,-0.010291800782084465,close,0,0,12,2023-04-01
2023-04-17,2731,163.54330444335938,0.6516217054389911,0,0.022160671651363373,0.03324100375175476,-0.024930741637945175,-0.016620492562651634,-0.02,-0.026000000000000002,ambiguous_stop_loss,1,1,12,2023-04-01
2023-04-17,2376,124.41461181640625,0.6508029235361109,1,0.007407388649880886,0.014814795926213264,-0.0037037222646176815,0.003703685011714697,0.003703685011714697,-0.0022963149882853032,close,0,0,12,2023-04-01
2023-04-17,2316,28.253129959106445,0.6499775605654184,0,0.001706576906144619,0.005119559355080128,-0.006825847085565329,-0.003412864403799176,-0.003412864403799176,-0.009412864403799176,close,0,0,12,2023-04-01
2023-04-17,3702,43.041996002197266,0.649118484474421,1,0.0019920619670301676,0.009960220195353031,-0.001992017263546586,0.0059761409647762775,0.0059761409647762775,-2.3859035223722583e-05,close,0,0,12,2023-04-01
2023-04-17,8210,78.34001922607422,0.646940199191912,1,0.03489772602915764,0.09987969696521759,0.03489772602915764,0.09987969696521759,0.03,0.024,gap_take_profit,1,0,12,2023-04-01
2023-04-17,6148,27.59789276123047,0.6468876741707981,0,0.010169479064643383,0.044067785143852234,-0.025423714891076088,-0.018644029274582863,-0.02,-0.026000000000000002,ambiguous_stop_loss,1,1,12,2023-04-01
2023-04-17,3376,79.6331787109375,0.6448783917571594,0,3.73444279944124e-08,0.006734027527272701,-0.004489318002015352,-0.0011222800239920616,-0.0011222800239920616,-0.007122280023992062,close,0,0,12,2023-04-01
2023-04-17,1304,24.025876998901367,0.6424441934835051,1,0.007751928176730871,0.017441850155591965,0.0019379894947633147,0.007751928176730871,0.007751928176730871,0.001751928176730871,close,0,0,12,2023-04-01
2023-04-17,6207,26.75771141052246,0.642001750403917,1,0.005235621705651283,0.008726037107408047,3.275015458825692e-08,0.001745273475535214,0.001745273475535214,-0.004254726524464786,close,0,0,12,2023-04-01
2023-04-18,8476,27.1813907623291,0.8185894613860503,0,-0.0015599417965859175,0.004680289421230555,-0.01872069202363491,-0.014040469191968441,-0.014040469191968441,-0.02004046919196844,close,0,0,12,2023-04-01
2023-04-18,3673,39.91255187988281,0.7448806280908157,0,0.03493969142436981,0.04578308388590813,-0.013253076002001762,-0.0060241795144975185,0.03,0.024,gap_take_profit,1,0,12,2023-04-01
2023-04-18,4510,13.212246894836426,0.6551606267979012,1,0.035461053252220154,0.06382982432842255,5.898635180301426e-08,0.024822713807225227,0.03,0.024,gap_take_profit,1,0,12,2023-04-01
2023-04-18,4129,56.548587799072266,0.6431035726253241,1,0.02535659819841385,0.053882796317338943,0.006339212879538536,0.0079239746555686,0.03,0.024,take_profit,1,0,12,2023-04-01
2023-04-18,6111,54.065982818603516,0.6360413133188767,1,0.012102813459932804,0.03176999092102051,0.012102813459932804,0.013615678064525127,0.03,0.024,take_profit,1,0,12,2023-04-01
2023-04-18,6461,33.22843933105469,0.6338387700081838,1,0.010263889096677303,0.09824047237634659,0.004398760385811329,0.09824047237634659,0.03,0.024,take_profit,1,0,12,2023-04-01
2023-04-18,3231,40.00654983520508,0.6328108873249914,1,0.0195626188069582,0.07479855418205261,0.010356687940657139,0.050632864236831665,0.03,0.024,take_profit,1,0,12,2023-04-01
2023-04-18,8299,367.855712890625,0.6192872888819514,0,0.007500068750232458,0.007500068750232458,-0.01624993234872818,-0.01624993234872818,-0.01624993234872818,-0.02224993234872818,close,0,0,12,2023-04-01
2023-04-18,4919,135.34793090820312,0.6192590979705924,0,0.010204004123806953,0.013605364598333836,-0.027210960164666176,-0.02380959875881672,-0.02,-0.026000000000000002,stop_loss,0,1,12,2023-04-01
2023-04-18,3213,43.73375701904297,0.6147511024547452,0,0.0019267686875537038,0.0019267686875537038,-0.003853563452139497,-0.0019268104806542397,-0.0019268104806542397,-0.00792681048065424,close,0,0,12,2023-04-01
2023-04-18,8059,14.050000190734863,0.6146826848380127,1,0.0,0.060498178005218506,-0.0071174646727740765,0.035587187856435776,0.03,0.024,take_profit,1,0,12,2023-04-01
2023-04-18,5289,269.16363525390625,0.6138693884512103,1,0.009820052422583103,0.024549927562475204,-0.001636642962694168,0.001636743196286261,0.001636743196286261,-0.004363256803713739,close,0,0,12,2023-04-01
2023-04-18,2426,18.985036849975586,0.613825554297951,1,0.005181287880986929,0.01813465543091297,0.005181287880986929,0.0103626549243927,0.0103626549243927,0.0043626549243927,close,0,0,12,2023-04-01
2023-04-18,5490,24.57541847229004,0.6126072699356568,1,0.006024137604981661,0.010040217079222202,-0.004016024060547352,0.002008134266361594,0.002008134266361594,-0.003991865733638406,close,0,0,12,2023-04-01
2023-04-18,3312,18.77303123474121,0.6085582528417335,0,0.01152073685079813,0.01152073685079813,-0.0023042000830173492,0.0,0.0,-0.006,close,0,0,12,2023-04-01
2023-04-18,4123,41.47877502441406,0.605339100773989,1,0.002081215614452958,0.05931328609585762,0.002081215614452958,0.04890746250748634,0.03,0.024,take_profit,1,0,12,2023-04-01
2023-04-18,3709,20.915159225463867,0.6026635130308504,1,0.002169234212487936,0.004338398575782776,-0.002169177168980241,0.004338398575782776,0.004338398575782776,-0.0016616014242172242,close,0,0,12,2023-04-01
2023-04-18,8163,37.1311149597168,0.5984246189977,1,0.008978678844869137,0.008978678844869137,-3.07104492947019e-08,0.0011222866596654058,0.0011222866596654058,-0.004877713340334594,close,0,0,12,2023-04-01
2023-04-18,5371,71.62482452392578,0.5957757278888536,0,0.011097367852926254,0.014796542935073376,-0.02219482511281967,-0.012330516241490841,-0.02,-0.026000000000000002,stop_loss,0,1,12,2023-04-01
2023-04-18,3628,43.7775993347168,0.595215274164909,1,0.019880734384059906,0.05367796868085861,0.009940375573933125,0.019880734384059906,0.03,0.024,take_profit,1,0,12,2023-04-01
2023-04-19,8476,26.79975128173828,0.8476410765362506,1,0.00474683428183198,0.01265821885317564,-0.006329130381345749,0.0015821888810023665,0.0015821888810023665,-0.004417811118997634,close,0,0,12,2023-04-01
2023-04-19,5234,83.7667465209961,0.7313218567200978,1,0.031938336789608,0.0947137176990509,0.026431728154420853,0.04074894264340401,0.03,0.024,gap_take_profit,1,0,12,2023-04-01
2023-04-19,3592,349.087158203125,0.7177612746149598,0,-0.0011482140980660915,0.013777157291769981,-0.04018380120396614,-0.04018380120396614,-0.02,-0.026000000000000002,stop_loss,0,1,12,2023-04-01
2023-04-19,3701,56.55539321899414,0.7096708369115939,0,0.0017152938526123762,0.010291594080626965,-0.024013737216591835,-0.022298438474535942,-0.02,-0.026000000000000002,stop_loss,0,1,12,2023-04-01
2023-04-19,2059,407.89215087890625,0.7094873214915524,1,-0.0023696336429566145,0.023696718737483025,-0.010663473047316074,0.0023697030264884233,0.0023697030264884233,-0.0036302969735115768,close,0,0,12,2023-04-01
2023-04-19,5536,119.27293395996094,0.7085487147740167,0,3.551045324456936e-08,3.551045324456936e-08,-0.010909055359661579,-0.010909055359661579,-0.010909055359661579,-0.016909055359661578,close,0,0,12,2023-04-01
2023-04-19,2753,169.3492431640625,0.704878985315667,0,0.010498696006834507,0.026246726512908936,-0.03674539923667908,-0.015748023986816406,-0.02,-0.026000000000000002,stop_loss,0,1,12,2023-04-01
2023-04-19,3653,451.7846984863281,0.7047743692975889,0,-0.00213208538480103,0.015991583466529846,-0.013859165832400322,-0.011726968921720982,-0.011726968921720982,-0.01772696892172098,close,0,0,12,2023-04-01
2023-04-19,3029,52.43535614013672,0.7039361265065148,0,0.015734266489744186,0.0402098186314106,-0.008741219528019428,-0.006992994341999292,0.03,0.024,take_profit,1,0,12,2023-04-01
2023-04-19,6127,22.729860305786133,0.7020312527246383,0,0.02169194445014,0.023861192166805267,-0.019522756338119507,-0.008676769211888313,-0.008676769211888313,-0.014676769211888313,close,0,0,12,2023-04-01
2023-04-19,4770,279.5548095703125,0.6986592086623211,1,0.013422809541225433,0.050335559993982315,-0.00838927086442709,0.013422809541225433,0.03,0.024,take_profit,1,0,12,2023-04-01
2023-04-19,6515,687.5833740234375,0.6986271939368202,0,0.00412093847990036,0.00824181828647852,-0.02335159108042717,-0.019230710342526436,-0.02,-0.026000000000000002,stop_loss,0,1,12,2023-04-01
2023-04-19,2723,148.3399658203125,0.6903944773303093,0,0.009230752475559711,0.021538443863391876,-0.04307693988084793,-0.018461555242538452,-0.02,-0.026000000000000002,stop_loss,0,1,12,2023-04-01
2023-04-19,3152,213.39744567871094,0.6896111957686148,1,0.012875599786639214,0.04506444185972214,-0.004291783086955547,0.023605214431881905,0.03,0.024,take_profit,1,0,12,2023-04-01
2023-04-19,2892,22.497854232788086,0.6859391489139877,0,-0.001862173667177558,3.049906638352695e-08,-0.003724300768226385,-0.001862173667177558,-0.001862173667177558,-0.007862173667177558,close,0,0,12,2023-04-01
2023-04-19,9917,92.02599334716797,0.6858425701845469,1,-0.004784629680216312,0.019138816744089127,-0.004784629680216312,0.019138816744089127,0.019138816744089127,0.013138816744089126,close,0,0,12,2023-04-01
2023-04-19,2880,19.877283096313477,0.6858353592179754,0,-0.002192887244746089,0.0021930146031081676,-0.004385880660265684,-0.002192887244746089,-0.002192887244746089,-0.008192887244746089,close,0,0,12,2023-04-01
2023-04-19,8299,361.8780822753906,0.6858131428952345,1,-0.0012705109547823668,0.010165322571992874,-0.003811807371675968,0.0012707853456959128,0.0012707853456959128,-0.004729214654304087,close,0,0,12,2023-04-01
2023-04-19,2483,26.780973434448242,0.684326494230104,0,-0.003636374371126294,0.010909066535532475,-0.021818192675709724,-0.021818192675709724,-0.02,-0.026000000000000002,stop_loss,0,1,12,2023-04-01
2023-04-19,1720,60.8009147644043,0.6837568046094986,0,0.017391284927725792,0.018840650096535683,-0.04057972878217697,-0.03768111392855644,-0.02,-0.026000000000000002,stop_loss,0,1,12,2023-04-01
2023-04-20,2460,22.850000381469727,0.7082630834680053,1,-0.0021882338915020227,0.04595182463526726,-0.035010989755392075,0.006564534734934568,-0.02,-0.026000000000000002,ambiguous_stop_loss,1,1,12,2023-04-01
2023-04-20,3362,95.01280975341797,0.7078805371846634,0,0.005208306945860386,0.01562497392296791,-0.03645835816860199,-0.032291676849126816,-0.02,-0.026000000000000002,stop_loss,0,1,12,2023-04-01
2023-04-20,5284,108.11219787597656,0.7072033315572724,1,0.008657987229526043,0.0389610156416893,-0.030303051695227623,0.017315994948148727,-0.02,-0.026000000000000002,ambiguous_stop_loss,1,1,12,2023-04-01
2023-04-20,6120,10.249991416931152,0.6895116455391918,0,0.01408456265926361,0.018779415637254715,-0.028168942779302597,-0.023474177345633507,-0.02,-0.026000000000000002,stop_loss,0,1,12,2023-04-01
2023-04-20,6266,32.55280685424805,0.6888061807740076,0,-1.2958689232789311e-08,0.02164493128657341,-0.03571433201432228,-0.025974091142416,-0.02,-0.026000000000000002,stop_loss,0,1,12,2023-04-01
2023-04-20,5009,49.08919906616211,0.6874290514424607,0,0.008680569939315319,0.019097276031970978,-0.05902772769331932,-0.05729164183139801,-0.02,-0.026000000000000002,stop_loss,0,1,12,2023-04-01
2023-04-20,5289,261.6746520996094,0.68573667029174,0,-7.587931349917199e-08,0.010100916028022766,-0.04713807627558708,-0.03703708201646805,-0.02,-0.026000000000000002,stop_loss,0,1,12,2023-04-01
2023-04-20,6485,96.45020294189453,0.6807956917223822,0,0.009708798490464687,0.024271905422210693,-0.029126154258847237,-0.024271786212921143,-0.02,-0.026000000000000002,stop_loss,0,1,12,2023-04-01
2023-04-20,6568,169.43408203125,0.6800837321277714,0,0.019498612731695175,0.025069642812013626,-0.02506963163614273,-0.02506963163614273,-0.02,-0.026000000000000002,stop_loss,0,1,12,2023-04-01
2023-04-20,6234,28.24138641357422,0.6775460014184459,0,0.016835013404488564,0.023568980395793915,-0.03703705221414566,-0.023569053038954735,-0.02,-0.026000000000000002,stop_loss,0,1,12,2023-04-01
2023-04-20,4744,31.674400329589844,0.6771916985888068,1,0.01796405017375946,0.07485032081604004,0.0029939899686723948,0.026946062222123146,0.03,0.024,take_profit,1,0,12,2023-04-01
2023-04-20,5269,1167.7471923828125,0.67709328705412,0,0.02040807157754898,0.02040807157754898,-0.053061310201883316,-0.04489804431796074,-0.02,-0.026000000000000002,stop_loss,0,1,12,2023-04-01
2023-04-20,3025,36.42658615112305,0.6753227390748612,0,0.02157159335911274,0.023112425580620766,-0.050847508013248444,-0.04930667579174042,-0.02,-0.026000000000000002,stop_loss,0,1,12,2023-04-01
2023-04-20,2236,42.0721321105957,0.6724009464897038,0,0.01714283414185047,0.01714283414185047,-0.05714287981390953,-0.05485713481903076,-0.02,-0.026000000000000002,stop_loss,0,1,12,2023-04-01
2023-04-20,8936,26.17885971069336,0.6723261643573984,1,0.016304243355989456,0.03623181954026222,0.005434706807136536,0.0072462731041014194,0.03,0.024,take_profit,1,0,12,2023-04-01
2023-04-20,4541,37.12671661376953,0.6690615690283055,0,0.0038462418597191572,0.008974368683993816,-0.046153780072927475,-0.025640977546572685,-0.02,-0.026000000000000002,stop_loss,0,1,12,2023-04-01
2023-04-20,9958,112.55039978027344,0.6642758156103828,1,0.01746724173426628,0.030567677691578865,-0.013100444339215755,0.004366804379969835,0.03,0.024,take_profit,1,0,12,2023-04-01
2023-04-20,2231,159.52105712890625,0.6635763944292498,0,0.008356530219316483,0.008356530219316483,-0.04735378548502922,-0.033426206558942795,-0.02,-0.026000000000000002,stop_loss,0,1,12,2023-04-01
2023-04-20,5864,11.872633934020996,0.6635574225277343,0,5.24970431570182e-08,0.009868490509688854,-0.032894641160964966,-0.026315731927752495,-0.02,-0.026000000000000002,stop_loss,0,1,12,2023-04-01
2023-04-20,2405,12.456687927246094,0.6588423430298952,0,0.007782080210745335,0.023346267640590668,-0.027237359434366226,-0.019455229863524437,-0.02,-0.026000000000000002,stop_loss,0,1,12,2023-04-01
2023-04-21,3540,38.823875427246094,0.858067917265581,1,0.027638373896479607,0.036432307213544846,0.005025267601013184,0.02512575313448906,0.03,0.024,take_profit,1,0,12,2023-04-01
2023-04-21,5289,251.9829864501953,0.8527254707898352,1,-0.010489434003829956,0.026223845779895782,-0.010489434003829956,0.010489551350474358,0.010489551350474358,0.0044895513504743575,close,0,0,12,2023-04-01
2023-04-21,2515,9.319859504699707,0.8469923342763194,1,0.009852263145148754,0.029556678608059883,0.009852263145148754,0.01970451883971691,0.01970451883971691,0.013704518839716911,close,0,0,12,2023-04-01
2023-04-21,3338,39.13836669921875,0.8466582250989677,1,0.009195365011692047,0.019540121778845787,-7.199263052370952e-08,0.01149418018758297,0.01149418018758297,0.0054941801875829695,close,0,0,12,2023-04-01
2023-04-21,4129,53.143123626708984,0.845243500414821,1,0.006745459046214819,0.0387858971953392,-0.008431633934378624,0.025295181199908257,0.03,0.024,take_profit,1,0,12,2023-04-01
2023-04-21,3591,21.91881561279297,0.8441580426522299,1,0.004255305510014296,0.012765894643962383,-0.012765954248607159,0.004255305510014296,0.004255305510014296,-0.0017446944899857045,close,0,0,12,2023-04-01
2023-04-21,2413,37.54310607910156,0.8419090171850826,1,0.02331605926156044,0.02720210887491703,-4.2137362044059046e-08,0.02720210887491703,0.02720210887491703,0.021202108874917032,close,0,0,12,2023-04-01
2023-04-21,2231,154.18887329101562,0.84187430330783,1,0.008645535446703434,0.031700219959020615,0.0028817716520279646,0.02881843037903309,0.03,0.024,take_profit,1,0,12,2023-04-01
2023-04-21,4953,100.0350570678711,0.8417206078093521,1,0.004366878420114517,0.04366814345121384,-0.004366743844002485,0.030567744746804237,0.03,0.024,take_profit,1,0,12,2023-04-01
2023-04-21,6209,29.921525955200195,0.835649803954219,0,0.0015999472234398127,0.011199983768165112,-0.03520004078745842,-0.017600003629922867,-0.02,-0.026000000000000002,stop_loss,0,1,12,2023-04-01
2023-04-21,4114,32.109710693359375,0.8350363714958507,1,0.002212326740846038,0.04977880418300629,0.002212326740846038,0.04646012932062149,0.03,0.024,take_profit,1,0,12,2023-04-01
2023-04-21,3324,221.06533813476562,0.829628287150715,1,-0.0021599025931209326,0.032397329807281494,-0.004319729749113321,0.023758022114634514,0.03,0.024,take_profit,1,0,12,2023-04-01
2023-04-21,2359,31.53021812438965,0.8291432231440468,1,0.001494782161898911,0.025411052629351616,0.001494782161898911,0.016442464664578438,0.016442464664578438,0.010442464664578438,close,0,0,12,2023-04-01
2023-04-21,6127,21.546527862548828,0.8281730871465652,1,-9.313216864370588e-09,0.04576658084988594,-9.313216864370588e-09,0.022883284837007523,0.03,0.024,take_profit,1,0,12,2023-04-01
2023-04-21,3017,138.299072265625,0.8269045092945267,1,0.010489555075764656,0.02797207422554493,-0.0034964592196047306,0.006993051618337631,0.006993051618337631,0.000993051618337631,close,0,0,12,2023-04-01
2023-04-21,8476,26.333297729492188,0.8261390736589441,1,1.003220796585083,1.1256040334701538,1.003220796585083,1.1095010042190552,0.03,0.024,gap_take_profit,1,0,12,2023-04-01
2023-04-21,2233,99.00820922851562,0.8251204123549268,1,-6.834727628302062e-08,0.017621075734496117,-0.004405354615300894,0.013215789571404457,0.013215789571404457,0.007215789571404457,close,0,0,12,2023-04-01
2023-04-21,4541,36.17475128173828,0.8245689545609273,1,0.00789464171975851,0.03421042859554291,-7.426051240599918e-08,0.03026312217116356,0.03,0.024,take_profit,1,0,12,2023-04-01
2023-04-21,3594,50.69529724121094,0.8245291447795411,1,-0.009560281410813332,0.02676861733198166,-0.009560281410813332,0.01338428258895874,0.01338428258895874,0.00738428258895874,close,0,0,12,2023-04-01
2023-04-21,3025,34.63051223754883,0.8241697444773394,1,0.008103817701339722,0.04538096860051155,0.008103817701339722,0.027552766725420952,0.03,0.024,take_profit,1,0,12,2023-04-01
2023-04-24,3044,99.52690887451172,0.6728961878241381,0,0.026200857013463974,0.026200857013463974,-0.008733639493584633,-0.008733639493584633,-0.008733639493584633,-0.014733639493584633,close,0,0,12,2023-04-01
2023-04-24,2301,65.61724090576172,0.6674759006461709,0,0.0027776353526860476,0.019444363191723824,-0.011111252009868622,-0.002777834888547659,-0.002777834888547659,-0.008777834888547659,close,0,0,12,2023-04-01
2023-04-24,3498,31.73223114013672,0.6637455267034786,0,-0.009063450619578362,0.0045317392796278,-0.028700843453407288,-0.028700843453407288,-0.02,-0.026000000000000002,stop_loss,0,1,12,2023-04-01
2023-04-24,6830,143.0570831298828,0.6618831504366738,0,0.0032574771903455257,0.019544124603271484,-0.019543828442692757,-0.019543828442692757,-0.019543828442692757,-0.025543828442692755,close,0,0,12,2023-04-01
2023-04-24,6269,89.06488800048828,0.6460703259457273,0,0.004044455010443926,0.008088882081210613,-0.03741161897778511,-0.03741161897778511,-0.02,-0.026000000000000002,stop_loss,0,1,12,2023-04-01
2023-04-24,6122,24.943017959594727,0.6452724516560083,0,0.010273967869579792,0.017123304307460785,-0.03253423795104027,-0.023972639814019203,-0.02,-0.026000000000000002,stop_loss,0,1,12,2023-04-01
2023-04-24,1503,96.76581573486328,0.6429358553015898,0,0.024630527943372726,0.02955663576722145,-0.09162566065788269,-0.07389163970947266,-0.02,-0.026000000000000002,stop_loss,0,1,12,2023-04-01
2023-04-24,3265,46.06662368774414,0.6202718723791439,0,0.0018726246198639274,0.007490587420761585,-0.02621726132929325,-0.01685396581888199,-0.02,-0.026000000000000002,stop_loss,0,1,12,2023-04-01
2023-04-24,6209,29.394906997680664,0.6190753417519086,1,0.021172719076275826,0.04234534502029419,-0.013029275462031364,0.00977205391973257,0.03,0.024,take_profit,1,0,12,2023-04-01
2023-04-24,1717,30.05327796936035,0.6101833081966874,0,0.0077400049194693565,0.009287969209253788,-0.020123763009905815,-0.01857573911547661,-0.02,-0.026000000000000002,stop_loss,0,1,12,2023-04-01
2023-04-24,2527,19.108671188354492,0.606032682731425,0,0.002232232363894582,0.004464341327548027,-0.00669637368991971,-0.004464264959096909,-0.004464264959096909,-0.010464264959096909,close,0,0,12,2023-04-01
2023-04-24,4958,97.24829864501953,0.6039570778854223,0,0.009049838408827782,0.013574725948274136,-0.013574597425758839,-0.013574597425758839,-0.013574597425758839,-0.019574597425758837,close,0,0,12,2023-04-01
2023-04-24,2061,20.0,0.6035234885016003,0,-0.010000037960708141,-0.005000018980354071,-0.04499997943639755,-0.03249998018145561,-0.02,-0.026000000000000002,stop_loss,0,1,12,2023-04-01
2023-04-24,8431,61.87277603149414,0.5991372626962366,0,0.033653829246759415,0.033653829246759415,-0.028846193104982376,-0.022435910999774933,0.03,0.024,gap_take_profit,1,1,12,2023-04-01
2023-04-24,6664,97.30007934570312,0.5981620305762816,0,0.027272716164588928,0.027272716164588928,-0.02727273851633072,-0.013636374846100807,-0.02,-0.026000000000000002,stop_loss,0,1,12,2023-04-01
2023-04-24,5425,82.85682678222656,0.5976127626106614,0,0.015053747221827507,0.01612900011241436,-0.03763443976640701,-0.025806499645113945,-0.02,-0.026000000000000002,stop_loss,0,1,12,2023-04-01
2023-04-24,2241,33.411373138427734,0.5927425882819971,0,0.0029326635412871838,0.016129078343510628,-0.01759529672563076,-0.016128964722156525,-0.016128964722156525,-0.022128964722156523,close,0,0,12,2023-04-01
2023-04-24,1723,100.12855529785156,0.5891349696774437,0,0.008733664639294147,0.008733664639294147,-0.01310039684176445,-0.00873358454555273,-0.00873358454555273,-0.01473358454555273,close,0,0,12,2023-04-01
2023-04-24,6176,90.59140014648438,0.5872246678698255,1,0.008968557231128216,0.01793716661632061,-0.004484356380999088,0.004484253004193306,0.004484253004193306,-0.0015157469958066942,close,0,0,12,2023-04-01
2023-04-24,6492,51.599998474121094,0.5858362103625031,0,0.0,0.007751967757940292,-0.039728667587041855,-0.039728667587041855,-0.02,-0.026000000000000002,stop_loss,0,1,12,2023-04-01
2023-04-25,3540,37.945953369140625,0.7362659800056099,0,-0.012853410094976425,-0.0012853647349402308,-0.02956296131014824,-0.0038560195825994015,-0.02,-0.026000000000000002,stop_loss,0,1,12,2023-04-01
2023-04-25,3032,44.19631576538086,0.735149664436676,1,0.002032401505857706,0.014227569103240967,-0.018292799592018127,0.003048646030947566,0.003048646030947566,-0.002951353969052434,close,0,0,12,2023-04-01
2023-04-25,6104,98.20960235595703,0.710970831770816,1,0.009756025858223438,0.0341462679207325,-0.0048781200312078,0.02926822006702423,0.03,0.024,take_profit,1,0,12,2023-04-01
2023-04-25,3004,93.51982116699219,0.7086839445412692,0,0.010101082734763622,0.025252599269151688,-0.03232313320040703,-0.03131304681301117,-0.02,-0.026000000000000002,stop_loss,0,1,12,2023-04-01
2023-04-25,6026,9.53610610961914,0.7069814867144972,1,-0.01321594137698412,0.013215791434049606,-0.017621245235204697,0.008810488507151604,0.008810488507151604,0.0028104885071516036,close,0,0,12,2023-04-01
2023-04-25,3558,265.1278991699219,0.7009409947517589,1,-0.00542488181963563,0.0379747599363327,-0.009041518904268742,0.028933167457580566,0.03,0.024,take_profit,1,0,12,2023-04-01
2023-04-25,6568,156.69113159179688,0.7009140296312734,0,6.131416085963792e-08,0.009036206640303135,-0.03313247114419937,-0.024096325039863586,-0.02,-0.026000000000000002,stop_loss,0,1,12,2023-04-01
2023-04-25,3025,34.23762130737305,0.6978998715433116,0,1.7192358825468546e-07,0.021311651915311813,-0.013114584609866142,-0.009835895150899887,-0.009835895150899887,-0.015835895150899885,close,0,0,12,2023-04-01
2023-04-25,6531,255.5172119140625,0.6957776777919407,0,-0.011029393412172794,0.007352959830313921,-0.031249981373548508,-0.0018382169073447585,-0.02,-0.026000000000000002,stop_loss,0,1,12,2023-04-01
2023-04-25,2031,42.264122009277344,0.6937988032669264,0,0.006224066484719515,0.010373460128903389,-0.016597477719187737,-0.0051867058500647545,-0.0051867058500647545,-0.011186705850064755,close,0,0,12,2023-04-01
2023-04-25,6485,90.73810577392578,0.6914215724736448,1,-0.008255934342741966,0.016511883586645126,-0.022703833878040314,0.011351925320923328,-0.02,-0.026000000000000002,stop_loss,0,1,12,2023-04-01
2023-04-25,6533,440.6413879394531,0.6912317364065931,0,-0.007918507792055607,0.009049818851053715,-0.01923072524368763,-0.0011311774142086506,-0.0011311774142086506,-0.007131177414208651,close,0,0,12,2023-04-01
2023-04-25,6465,22.049999237060547,0.6905704946440558,1,-0.002267539268359542,0.015873033553361893,-0.006802704185247421,0.015873033553361893,0.015873033553361893,0.009873033553361893,close,0,0,12,2023-04-01
2023-04-25,3362,89.37142181396484,0.6845713939052585,1,-0.0033221805933862925,0.025470716878771782,-0.009966682642698288,0.018826214596629143,0.018826214596629143,0.012826214596629143,close,0,0,12,2023-04-01
2023-04-25,2515,9.22803783416748,0.6842378224451466,1,0.004975148476660252,0.02985076978802681,4.975731382472759e-09,0.02487562596797943,0.02487562596797943,0.018875625967979433,close,0,0,12,2023-04-01
2023-04-25,6197,46.135807037353516,0.6805065060052256,1,0.015473774634301662,0.027079159393906593,0.007736802101135254,0.02321074716746807,0.02321074716746807,0.017210747167468073,close,0,0,12,2023-04-01
2023-04-25,2344,23.52031135559082,0.6789645910277992,1,0.0040650321170687675,0.0060975151136517525,-0.012195145711302757,0.0060975151136517525,0.0060975151136517525,9.751511365175235e-05,close,0,0,12,2023-04-01
2023-04-25,6411,93.0116195678711,0.675549304311829,0,0.0,0.014563106931746006,-0.009708737954497337,0.0,0.0,-0.006,close,0,0,12,2023-04-01
2023-04-25,3466,33.20000076293945,0.6748924756129339,1,0.007530120201408863,0.03765060007572174,0.0,0.013554239645600319,0.03,0.024,take_profit,1,0,12,2023-04-01
2023-04-25,3228,154.224365234375,0.6729506593650212,1,-0.01572326198220253,0.03144656866788864,-0.01886795647442341,0.012578597292304039,0.03,0.024,take_profit,1,0,12,2023-04-01
2023-04-26,4967,66.5234146118164,0.6756520302664,0,0.013119567185640335,0.03207004815340042,-0.013119545765221119,-0.013119545765221119,0.03,0.024,take_profit,1,0,12,2023-04-01
2023-04-26,5478,77.49394989013672,0.6566020719392571,1,0.005747129209339619,0.05057473108172417,0.005747129209339619,0.043678198009729385,0.03,0.024,take_profit,1,0,12,2023-04-01
2023-04-26,3363,30.760915756225586,0.6393030695672671,1,0.07320868223905563,0.09968842566013336,0.05607473850250244,0.09968842566013336,0.03,0.024,gap_take_profit,1,0,12,2023-04-01
2023-04-26,2429,20.950000762939453,0.6328665764769731,1,0.026252945885062218,0.09785199165344238,0.026252945885062218,0.09785199165344238,0.03,0.024,take_profit,1,0,12,2023-04-01
2023-04-26,5880,22.101011276245117,0.6307577933102153,0,-0.0037594379391521215,0.0037593578454107046,-0.005639116745442152,0.0,0.0,-0.006,close,0,0,12,2023-04-01
2023-04-26,4303,16.492996215820312,0.6293851423027265,1,0.002958607394248247,0.014792858622968197,-4.0259205746906446e-08,0.005917142145335674,0.005917142145335674,-8.285785466432584e-05,close,0,0,12,2023-04-01
2023-04-26,6548,36.806488037109375,0.6267635113396429,1,0.0012105697533115745,0.01452783402055502,-0.015738507732748985,0.004842567723244429,0.004842567723244429,-0.0011574322767555715,close,0,0,12,2023-04-01
2023-04-26,2890,13.912004470825195,0.625707737893261,1,0.0030028573237359524,0.009008903987705708,-7.322277895127627e-08,0.006005911622196436,0.006005911622196436,5.9116221964358034e-06,close,0,0,12,2023-04-01
2023-04-26,2753,154.6811981201172,0.6195026162233541,1,4.4686110811653634e-08,0.011494298465549946,-0.011494209058582783,0.008620734326541424,0.008620734326541424,0.0026207343265414237,close,0,0,12,2023-04-01
2023-04-26,3305,42.55513000488281,0.6162861369819171,0,0.007423048838973045,0.007423048838973045,-0.01272542867809534,-0.0010605462593957782,-0.0010605462593957782,-0.007060546259395778,close,0,0,12,2023-04-01
2023-04-26,1711,21.1684513092041,0.6160837570874687,1,0.036199040710926056,0.08597280830144882,0.011312196962535381,0.022624414414167404,0.03,0.024,gap_take_profit,1,0,12,2023-04-01
2023-04-26,3587,157.17576599121094,0.615144627750519,1,0.005494593642652035,0.01923084445297718,-0.0054944236762821674,0.005494593642652035,0.005494593642652035,-0.0005054063573479654,close,0,0,12,2023-04-01
2023-04-26,2903,19.133577346801758,0.6138825094654226,0,0.002227130578830838,0.002227130578830838,-0.008908726274967194,-0.004454366397112608,-0.004454366397112608,-0.010454366397112608,close,0,0,12,2023-04-01
2023-04-26,2852,13.135220527648926,0.6134455921894628,1,5.553025061999506e-08,0.003215502016246319,-0.003215390956029296,0.003215502016246319,0.003215502016246319,-0.0027844979837536813,close,0,0,12,2023-04-01
2023-04-26,1727,34.968589782714844,0.6113242786705825,1,0.042407743632793427,0.09986335784196854,0.03009592555463314,0.09986335784196854,0.03,0.024,gap_take_profit,1,0,12,2023-04-01
2023-04-26,9917,92.90662384033203,0.610612588309941,1,-2.1389123361359452e-08,0.01895732432603836,-2.1389123361359452e-08,0.01895732432603836,0.01895732432603836,0.01295732432603836,close,0,0,12,2023-04-01
2023-04-26,2317,92.88823699951172,0.6105670381018415,0,0.0,0.004830917809158564,-0.004830917809158564,0.0,0.0,-0.006,close,0,0,12,2023-04-01
2023-04-26,1307,17.851896286010742,0.6105280688179173,0,0.002398044802248478,0.002398044802248478,-0.002398136304691434,0.0,0.0,-0.006,close,0,0,12,2023-04-01
2023-04-26,2880,20.008056640625,0.6102767819483353,0,-0.004357384517788887,-0.0021787243895232677,-0.008714619092643261,-0.006536044180393219,-0.006536044180393219,-0.012536044180393219,close,0,0,12,2023-04-01
2023-04-26,3040,28.085323333740234,0.607916723924925,1,-0.0015999601455405354,0.022400040179491043,-0.006400009151548147,0.016000015661120415,0.016000015661120415,0.010000015661120415,close,0,0,12,2023-04-01
2023-04-27,1605,43.99720764160156,0.8374614740198887,1,0.014492909424006939,0.04140801355242729,0.014492909424006939,0.027950499206781387,0.03,0.024,take_profit,1,0,12,2023-04-01
2023-04-27,3532,130.64596557617188,0.8274970392701797,1,0.01730114035308361,0.031141972169280052,0.0138409323990345,0.031141972169280052,0.03,0.024,take_profit,1,0,12,2023-04-01
2023-04-27,9939,87.80557250976562,0.8209770789337302,1,0.0070850057527422905,0.0172064621001482,0.0070850057527422905,0.011133603751659393,0.011133603751659393,0.005133603751659393,close,0,0,12,2023-04-01
2023-04-27,3029,51.15196990966797,0.8166354895890094,1,0.01792116090655327,0.0627240315079689,0.010752743110060692,0.04480288177728653,0.03,0.024,take_profit,1,0,12,2023-04-01
2023-04-27,2603,71.9258041381836,0.8113425056426828,1,0.015723219141364098,0.031446486711502075,0.012578564696013927,0.015723219141364098,0.03,0.024,take_profit,1,0,12,2023-04-01
2023-04-27,2637,49.273536682128906,0.8100010311503903,1,0.011254032142460346,0.030546586960554123,0.00964627880603075,0.030546586960554123,0.03,0.024,take_profit,1,0,12,2023-04-01
2023-04-27,6269,87.26377868652344,0.8089631105254688,0,-0.01960783451795578,-0.017543882131576538,-0.05469556897878647,-0.024767791852355003,-0.02,-0.026000000000000002,stop_loss,0,1,12,2023-04-01
2023-04-27,8476,27.138988494873047,0.8088955861286473,1,1.0,1.0281249284744263,0.996874988079071,1.0,0.03,0.024,gap_take_profit,1,0,12,2023-04-01
2023-04-27,4976,46.70000076293945,0.8061591688357728,0,0.011777285486459732,0.01713060401380062,-0.006423966493457556,-0.004282671492546797,-0.004282671492546797,-0.010282671492546797,close,0,0,12,2023-04-01
2023-04-27,6411,92.56011199951172,0.8058386786937036,1,0.014634085819125175,0.0634145736694336,0.014634085819125175,0.034146279096603394,0.03,0.024,take_profit,1,0,12,2023-04-01
2023-04-27,6781,629.2286376953125,0.7987905390604978,1,0.015037537552416325,0.03759392723441124,0.012030018493533134,0.030075130984187126,0.03,0.024,take_profit,1,0,12,2023-04-01
2023-04-27,8111,19.97562599182129,0.7973108367887657,1,0.017937321215867996,0.031390201300382614,0.011210794560611248,0.013452998362481594,0.03,0.024,take_profit,1,0,12,2023-04-01
2023-04-27,6643,406.2657470703125,0.7958202672434949,1,0.0310786422342062,0.03656313940882683,0.005484496708959341,0.020109722390770912,0.03,0.024,gap_take_profit,1,0,12,2023-04-01
2023-04-27,6187,59.33662796020508,0.7939860317444744,1,0.01145664881914854,0.018003318458795547,0.0032733427360653877,0.0032733427360653877,0.0032733427360653877,-0.0027266572639346124,close,0,0,12,2023-04-01
2023-04-27,3511,31.049999237060547,0.7938600045488002,1,0.002998571377247572,0.017991075292229652,0.002998571377247572,0.013493278995156288,0.013493278995156288,0.007493278995156288,close,0,0,12,2023-04-01
2023-04-27,2491,11.899999618530273,0.7935535120395157,1,0.04621850326657295,0.04621850326657295,0.0,0.012605090625584126,0.03,0.024,gap_take_profit,1,0,12,2023-04-01
2023-04-27,8936,25.894306182861328,0.7921252163578895,1,0.010989020578563213,0.029304038733243942,0.005494528915733099,0.021978003904223442,0.021978003904223442,0.015978003904223444,close,0,0,12,2023-04-01
2023-04-27,2345,274.36083984375,0.7918683592504706,1,0.015570768155157566,0.034601908177137375,0.006920250598341227,0.034601908177137375,0.03,0.024,take_profit,1,0,12,2023-04-01
2023-04-27,4968,158.0,0.791570651834233,1,0.0284810122102499,0.09493670612573624,0.012658228166401386,0.0791139230132103,0.03,0.024,take_profit,1,0,12,2023-04-01
2023-04-27,6133,19.71772575378418,0.7907455554330639,1,0.007352891378104687,0.019607793539762497,0.0024510056246072054,0.012254870496690273,0.012254870496690273,0.006254870496690273,close,0,0,12,2023-04-01
2023-04-28,2454,549.8895263671875,0.7139281960647954,1,-0.01654110848903656,0.012030327692627907,-0.01654110848903656,0.009022808633744717,0.009022808633744717,0.0030228086337447165,close,0,0,12,2023-04-01
2023-04-28,8069,178.98960876464844,0.6982456373666102,1,0.007873909547924995,0.03936997056007385,-0.018372807651758194,0.03674529865384102,0.03,0.024,take_profit,1,0,12,2023-04-01
2023-04-28,6770,29.700000762939453,0.6877266332031532,1,0.0050504920072853565,0.040403999388217926,0.0016834759153425694,0.040403999388217926,0.03,0.024,take_profit,1,0,12,2023-04-01
2023-04-28,2451,59.72781753540039,0.6790118172064571,1,0.004225356969982386,0.007042215205729008,-3.796350611651178e-08,0.007042215205729008,0.007042215205729008,0.0010422152057290076,close,0,0,12,2023-04-01
2023-04-28,4958,98.12837219238281,0.6735943013148707,1,3.089139255507689e-08,0.008968641050159931,-0.008968579582870007,0.004484335891902447,0.004484335891902447,-0.0015156641080975534,close,0,0,12,2023-04-01
2023-04-28,6456,75.80968475341797,0.6649980805538961,1,-2.955169975393801e-08,0.00880496297031641,-2.955169975393801e-08,0.005031436216086149,0.005031436216086149,-0.0009685637839138509,close,0,0,12,2023-04-01
2023-04-28,9939,88.78316497802734,0.6558580941991058,1,0.0010009463876485825,0.011010956019163132,-0.0010010249679908156,0.0010009463876485825,0.0010009463876485825,-0.004999053612351418,close,0,0,12,2023-04-01
2023-04-28,5234,82.65969848632812,0.6544703895155757,1,0.004464333411306143,0.011160745285451412,-0.0078124357387423515,0.005580388009548187,0.005580388009548187,-0.00041961199045181287,close,0,0,12,2023-04-01
2023-04-28,2303,40.73928451538086,0.6541230491354456,1,0.008146696723997593,0.022403331473469734,0.0030550463125109673,0.015274975448846817,0.015274975448846817,0.009274975448846817,close,0,0,12,2023-04-01
2023-04-28,2613,21.10718536376953,0.6374610252973403,1,0.0022371108643710613,0.006711401045322418,-0.006711383815854788,0.006711401045322418,0.006711401045322418,0.0007114010453224181,close,0,0,12,2023-04-01
2023-04-28,2603,73.05670928955078,0.636384379582639,0,-0.009288016706705093,-0.006192042026668787,-0.04643971472978592,-0.03715179115533829,-0.02,-0.026000000000000002,stop_loss,0,1,12,2023-04-01
2023-04-28,3122,24.970937728881836,0.6360784623215741,1,-0.00793649721890688,0.02777777425944805,-0.00793649721890688,0.017857138067483902,0.017857138067483902,0.011857138067483902,close,0,0,12,2023-04-01
2023-04-28,1326,64.7493667602539,0.6352052018889427,1,4.663079522515545e-08,0.0058055841363966465,-0.0014513101195916533,0.0058055841363966465,0.0058055841363966465,-0.00019441586360335363,close,0,0,12,2023-04-01
2023-04-28,3050,13.934394836425781,0.6346014553785652,1,0.0032786987721920013,0.029508182778954506,-2.297830370423526e-09,0.02295084297657013,0.02295084297657013,0.01695084297657013,close,0,0,12,2023-04-01
2023-04-28,3653,438.29864501953125,0.6338848290833028,1,0.0010987422429025173,0.046153679490089417,-1.5870942604578886e-07,0.046153679490089417,0.03,0.024,take_profit,1,0,12,2023-04-01
2023-04-28,5392,20.358707427978516,0.62720389350575,1,0.007211611606180668,0.016826940700411797,-5.891145349323779e-10,0.014423131942749023,0.014423131942749023,0.008423131942749023,close,0,0,12,2023-04-01
2023-04-28,6431,21.450000762939453,0.6260264585083584,1,0.0,0.02564098872244358,0.0,0.023310022428631783,0.023310022428631783,0.017310022428631784,close,0,0,12,2023-04-01
2023-04-28,1319,41.90552520751953,0.6243700870680878,1,0.015739820897579193,0.023085014894604683,0.0020986548624932766,0.018887726590037346,0.018887726590037346,0.012887726590037346,close,0,0,12,2023-04-01
2023-04-28,6275,31.686647415161133,0.6219995082706595,1,0.007204607129096985,0.028818439692258835,-3.694935246656428e-09,0.02161382883787155,0.02161382883787155,0.015613828837871551,close,0,0,12,2023-04-01
2023-04-28,2062,20.818769454956055,0.620780382809573,0,4.988123336602257e-08,4.988123336602257e-08,-0.013392774388194084,-0.0066963620483875275,-0.0066963620483875275,-0.012696362048387528,close,0,0,12,2023-04-01
2023-05-02,2417,25.007963180541992,0.5645367493181166,0,-0.07269161939620972,-0.047151364386081696,-0.09823188185691833,-0.09823188185691833,-0.07269161939620972,-0.07869161939620972,gap_stop,0,1,13,2023-05-01
2023-05-02,5438,19.48733901977539,0.5314841588903364,1,-0.030732829123735428,0.07801418006420135,-0.030732829123735428,0.042553190141916275,-0.030732829123735428,-0.036732829123735426,gap_stop,1,1,13,2023-05-01
2023-05-02,2630,29.363649368286133,0.5260110139748552,0,0.009216594509780407,0.06298009306192398,-0.0783410295844078,-0.03533021733164787,-0.02,-0.026000000000000002,ambiguous_stop_loss,1,1,13,2023-05-01
2023-05-02,3518,34.85355758666992,0.5158557834697961,0,-0.004243263974785805,0.016973143443465233,-0.025459671393036842,-0.00848658848553896,-0.02,-0.026000000000000002,stop_loss,0,1,13,2023-05-01
2023-05-02,4746,84.53040313720703,0.5137109398332877,1,0.02732231467962265,0.09289608150720596,-0.004371688235551119,0.04590151458978653,0.03,0.024,take_profit,1,0,13,2023-05-01
2023-05-02,3443,1058.87158203125,0.513535304703605,0,-0.009132455103099346,0.018264804035425186,-0.022831084206700325,-0.013698664493858814,-0.02,-0.026000000000000002,stop_loss,0,1,13,2023-05-01
2023-05-02,4763,37.37107849121094,0.5121749819362711,1,0.005802706815302372,0.025145141407847404,-0.015473814681172371,0.025145141407847404,0.025145141407847404,0.019145141407847406,close,0,0,13,2023-05-01
2023-05-02,4909,18.221080780029297,0.5101814986723178,1,-0.02255651354789734,0.07518787682056427,-0.03258161246776581,0.03759389370679855,-0.02255651354789734,-0.028556513547897337,gap_stop,1,1,13,2023-05-01
2023-05-02,4968,187.5,0.5006578123350762,0,0.0026666666381061077,0.01600000075995922,-0.06666667014360428,-0.0560000017285347,-0.02,-0.026000000000000002,stop_loss,0,1,13,2023-05-01
2023-05-02,6689,139.1629180908203,0.4968657045479956,0,0.023569010198116302,0.030303016304969788,-0.05387206748127937,-0.05387206748127937,-0.02,-0.026000000000000002,ambiguous_stop_loss,1,1,13,2023-05-01
2023-05-02,3147,58.41286087036133,0.48711294891564777,1,0.009446692653000355,0.04993255436420441,-0.021592477336525917,0.0053981756791472435,-0.02,-0.026000000000000002,ambiguous_stop_loss,1,1,13,2023-05-01
2023-05-02,6568,171.79388427734375,0.4856078103831894,0,0.002747252816334367,0.021978022530674934,-0.016483517363667488,0.0,0.0,-0.006,close,0,0,13,2023-05-01
2023-05-02,3357,87.49221801757812,0.47592157013698205,0,0.0,0.004975124262273312,-0.004975124262273312,0.0,0.0,-0.006,close,0,0,13,2023-05-01
2023-05-02,6931,48.72494888305664,0.47236190886706114,1,0.00719429599121213,0.08273383975028992,0.00719429599121213,0.07374105602502823,0.03,0.024,take_profit,1,0,13,2023-05-01
2023-05-02,1514,49.21595001220703,0.4706021074177283,0,-0.011236052960157394,-0.009363376535475254,-0.09082411229610443,-0.08988776803016663,-0.02,-0.026000000000000002,stop_loss,0,1,13,2023-05-01
2023-05-02,2455,90.85440826416016,0.4657673436715221,0,0.002076881006360054,0.008307395502924919,-0.035306282341480255,-0.022845253348350525,-0.02,-0.026000000000000002,stop_loss,0,1,13,2023-05-01
2023-05-02,8476,59.705772399902344,0.46384841996896475,1,-0.005681819748133421,0.06392049044370651,-0.007102285046130419,0.014204571954905987,0.03,0.024,take_profit,1,0,13,2023-05-01
2023-05-02,6167,18.534250259399414,0.4568067449143539,0,6.723885093151694e-08,0.009925664402544498,-0.044664930552244186,-0.034739334136247635,-0.02,-0.026000000000000002,stop_loss,0,1,13,2023-05-01
2023-05-02,1503,105.34602355957031,0.4562001979001188,1,-0.009049599058926105,0.049773942679166794,-0.031674038618803024,0.0271495021879673,-0.02,-0.026000000000000002,ambiguous_stop_loss,1,1,13,2023-05-01
2023-05-02,4707,10.91520881652832,0.45375650080990015,1,5.2348013923619874e-08,0.007782180793583393,5.2348013923619874e-08,0.0038910740986466408,0.0038910740986466408,-0.0021089259013533593,close,0,0,13,2023-05-01
2023-05-03,2204,65.66097259521484,0.4827456221374963,1,0.009020605124533176,0.014175165444612503,-0.006443370133638382,0.005154586862772703,0.005154586862772703,-0.000845413137227297,close,0,0,13,2023-05-01
2023-05-03,6111,68.54356384277344,0.4787983332760913,1,0.01193311344832182,0.09665864706039429,0.01193311344832182,0.048925984650850296,0.03,0.024,take_profit,1,0,13,2023-05-01
2023-05-03,3324,222.9751739501953,0.46981325041089916,1,0.02569599822163582,0.03854396566748619,-0.0021412621717900038,0.00856537651270628,0.03,0.024,take_profit,1,0,13,2023-05-01
2023-05-03,8085,29.741222381591797,0.46960578733734853,1,0.06208056956529617,0.07718120515346527,0.02013425901532173,0.026845693588256836,0.03,0.024,gap_take_profit,1,0,13,2023-05-01
2023-05-03,1528,12.160390853881836,0.4685585783335539,1,0.00404856912791729,0.03643728047609329,4.77148596189636e-08,0.02429148368537426,0.03,0.024,take_profit,1,0,13,2023-05-01
2023-05-03,1907,28.273740768432617,0.45817448420081186,1,3.503363643631019e-08,0.0453074686229229,3.503363643631019e-08,0.04368937015533447,0.03,0.024,take_profit,1,0,13,2023-05-01
2023-05-03,6492,51.0,0.446348089867289,1,0.025490181520581245,0.029411764815449715,0.00196075439453125,0.025490181520581245,0.025490181520581245,0.019490181520581247,close,0,0,13,2023-05-01
2023-05-03,1504,40.93307876586914,0.44355597152031173,1,4.763882799352359e-08,0.025164112448692322,4.763882799352359e-08,0.019693652167916298,0.019693652167916298,0.013693652167916298,close,0,0,13,2023-05-01
2023-05-03,6148,38.35639572143555,0.44219912415139906,1,0.0329267717897892,0.09756095707416534,-0.020731689408421516,0.017073169350624084,0.03,0.024,gap_take_profit,1,1,13,2023-05-01
2023-05-03,5475,16.25,0.4393800598235201,0,-0.027692295610904694,0.0,-0.03999997675418854,-0.027692295610904694,-0.027692295610904694,-0.03369229561090469,gap_stop,0,1,13,2023-05-01
2023-05-03,6117,15.0,0.4342370957153851,0,0.0,0.0066666919738054276,-0.0066666919738054276,-0.0033333459869027138,-0.0033333459869027138,-0.009333345986902714,close,0,0,13,2023-05-01
2023-05-03,5426,11.902383804321289,0.4313631619875857,1,0.008130007423460484,0.020325176417827606,-2.6746231895913297e-08,0.008130007423460484,0.008130007423460484,0.0021300074234604834,close,0,0,13,2023-05-01
2023-05-03,6603,16.118389129638672,0.4311104791615674,1,0.0058649564161896706,0.017595218494534492,0.0029323906637728214,0.008797637186944485,0.008797637186944485,0.0027976371869444846,close,0,0,13,2023-05-01
2023-05-03,8096,11.14879035949707,0.430446511204513,0,0.0,0.008810660801827908,-0.004405203741043806,0.0,0.0,-0.006,close,0,0,13,2023-05-01
2023-05-03,6456,75.52360534667969,0.428486341902862,0,-0.002525179646909237,3.452843699847108e-08,-0.01515144295990467,-0.005050393752753735,-0.005050393752753735,-0.011050393752753735,close,0,0,13,2023-05-01
2023-05-03,3066,22.200000762939453,0.42750437465637214,1,0.0,0.04954947903752327,-0.01801808550953865,0.03603599965572357,0.03,0.024,take_profit,1,0,13,2023-05-01
2023-05-03,2368,92.9007797241211,0.4254683717490079,0,-0.0020682208705693483,0.007238930556923151,-0.014477703720331192,0.0,0.0,-0.006,close,0,0,13,2023-05-01
2023-05-03,3323,31.444988250732422,0.423505306842164,1,-0.019230790436267853,0.007396449334919453,-0.023668663576245308,0.0059171197935938835,-0.02,-0.026000000000000002,stop_loss,0,1,13,2023-05-01
2023-05-03,3663,33.07271194458008,0.42174580055210054,0,0.014367816038429737,0.014367816038429737,-0.0014367597177624702,0.0,0.0,-0.006,close,0,0,13,2023-05-01
2023-05-03,4167,17.73912239074707,0.4199728288456593,1,0.005464479792863131,0.01639348268508911,-0.005464419722557068,0.010928981937468052,0.010928981937468052,0.004928981937468052,close,0,0,13,2023-05-01
2023-05-04,5381,22.0,0.5812654340719394,0,0.043181851506233215,0.05227271094918251,-0.013636329211294651,-0.009090944193303585,0.03,0.024,gap_take_profit,1,0,13,2023-05-01
2023-05-04,1784,61.36959457397461,0.5620012826520313,1,0.0071942671202123165,0.020143907517194748,-0.018705014139413834,0.0071942671202123165,0.0071942671202123165,0.0011942671202123164,close,0,0,13,2023-05-01
2023-05-04,6218,26.790977478027344,0.5503132468405001,0,0.020220573991537094,0.05882348492741585,-0.025735309347510338,-0.007352955639362335,-0.02,-0.026000000000000002,ambiguous_stop_loss,1,1,13,2023-05-01
2023-05-04,5272,27.540725708007812,0.5452065833031302,1,0.005309687461704016,0.03362831100821495,0.005309687461704016,0.015929196029901505,0.03,0.024,take_profit,1,0,13,2023-05-01
2023-05-04,6291,145.1985321044922,0.5399288612959846,1,0.03363925591111183,0.0978594422340393,0.021406836807727814,0.030581150203943253,0.03,0.024,gap_take_profit,1,0,13,2023-05-01
2023-05-04,8476,59.705772399902344,0.5301883730270917,1,0.0056817783042788506,0.05823862925171852,0.00426131347194314,0.03693177178502083,0.03,0.024,take_profit,1,0,13,2023-05-01
2023-05-04,5292,70.53050231933594,0.5070926892428068,1,0.07061781734228134,0.127364382147789,0.03404787555336952,0.061790622770786285,0.03,0.024,gap_take_profit,1,0,13,2023-05-01
2023-05-04,5244,28.807241439819336,0.5066578253241417,1,0.012903161346912384,0.012903161346912384,0.001612827298231423,0.001612827298231423,0.001612827298231423,-0.004387172701768577,close,0,0,13,2023-05-01
2023-05-04,1515,28.9941349029541,0.5044159860926533,0,0.003246765583753586,0.004870179574936628,-0.01461035292595625,-0.012987000867724419,-0.012987000867724419,-0.018987000867724417,close,0,0,13,2023-05-01
2023-05-04,2382,82.26020050048828,0.503953432672198,1,-4.756183002996295e-08,0.012359485030174255,-0.004494446329772472,0.006741507910192013,0.006741507910192013,0.0007415079101920127,close,0,0,13,2023-05-01
2023-05-04,3533,844.888916015625,0.503541483725973,1,0.009825369343161583,0.03384283930063248,0.006550260353833437,0.020742401480674744,0.03,0.024,take_profit,1,0,13,2023-05-01
2023-05-04,4306,15.093477249145508,0.5033319718729472,1,0.005934698972851038,0.005934698972851038,-0.005934781860560179,0.0029672719538211823,0.0029672719538211823,-0.003032728046178818,close,0,0,13,2023-05-01
2023-05-04,6118,32.349998474121094,0.5021127447311812,0,0.0,0.013910380192101002,-0.0015455714892596006,-0.0015455714892596006,-0.0015455714892596006,-0.007545571489259601,close,0,0,13,2023-05-01
2023-05-04,3339,13.199999809265137,0.5000906720156504,0,0.0075757866725325584,0.01136367954313755,-0.011363607831299305,-0.0037878933362662792,-0.0037878933362662792,-0.00978789333626628,close,0,0,13,2023-05-01
2023-05-04,3234,21.5025634765625,0.4996928816233237,0,0.0,0.00653592636808753,-0.019607868045568466,-0.013071941211819649,-0.013071941211819649,-0.019071941211819647,close,0,0,13,2023-05-01
2023-05-04,6205,65.86229705810547,0.4996156832714812,1,0.010973979718983173,0.03155011311173439,0.004115268588066101,0.015089248307049274,0.03,0.024,take_profit,1,0,13,2023-05-01
2023-05-04,6191,32.65084457397461,0.49847290086921464,0,0.009383375756442547,0.01608578860759735,-0.02680971287190914,-0.02278822474181652,-0.02,-0.026000000000000002,stop_loss,0,1,13,2023-05-01
2023-05-04,2491,12.0,0.49688806126974977,0,-0.012499968521296978,0.0,-0.012499968521296978,-0.008333365432918072,-0.008333365432918072,-0.014333365432918072,close,0,0,13,2023-05-01
2023-05-04,9935,17.1220645904541,0.4961287351213568,0,-0.004999995231628418,0.007499992847442627,-0.004999995231628418,0.0,0.0,-0.006,close,0,0,13,2023-05-01
2023-05-04,3653,452.7480163574219,0.49588708681871735,1,0.012765929102897644,0.023404227569699287,-2.7704686544893775e-08,0.004255291540175676,0.004255291540175676,-0.0017447084598243238,close,0,0,13,2023-05-01
2023-05-05,1304,22.76871109008789,0.6797628686844219,0,0.004089874681085348,0.006134911440312862,-0.014314984902739525,-0.008180031552910805,-0.008180031552910805,-0.014180031552910805,close,0,0,13,2023-05-01
2023-05-05,2303,41.15414810180664,0.6778453981865534,1,0.010080565698444843,0.020161209627985954,0.007056418340653181,0.008064467459917068,0.008064467459917068,0.0020644674599170684,close,0,0,13,2023-05-01
2023-05-05,6205,66.85610961914062,0.6666437411564907,0,-0.013513504527509212,-0.013513504527509212,-0.06081080064177513,-0.03378377482295036,-0.02,-0.026000000000000002,stop_loss,0,1,13,2023-05-01
2023-05-05,2103,24.542224884033203,0.6657384706024855,0,1.0014740148278634e-08,0.001841672812588513,-0.007366430480033159,-0.001841582590714097,-0.001841582590714097,-0.007841582590714097,close,0,0,13,2023-05-01
2023-05-05,4915,53.64905548095703,0.6622223067426352,0,0.0031999938655644655,0.007999981753528118,-0.0240000169724226,-0.014400042593479156,-0.02,-0.026000000000000002,stop_loss,0,1,13,2023-05-01
2023-05-05,3605,29.498001098632812,0.6618412751819576,0,0.0033222991041839123,0.0033222991041839123,-0.004983348771929741,-0.0033222446218132973,-0.0033222446218132973,-0.009322244621813297,close,0,0,13,2023-05-01
2023-05-05,8996,192.7053680419922,0.659172109618244,1,0.0429292693734169,0.09090906381607056,0.025252502411603928,0.050505027174949646,0.03,0.024,gap_take_profit,1,0,13,2023-05-01
2023-05-05,2915,51.826637268066406,0.6590185612853241,1,0.003448285162448883,0.015517263673245907,-3.774613066553911e-09,0.008620685897767544,0.008620685897767544,0.0026206858977675437,close,0,0,13,2023-05-01
2023-05-05,8054,31.2806453704834,0.6586604666003425,1,0.0188679788261652,0.028301917016506195,0.012578646652400494,0.02044028230011463,0.02044028230011463,0.014440282300114632,close,0,0,13,2023-05-01
2023-05-05,2062,20.632890701293945,0.6580597451922838,0,-9.206818418761031e-08,0.004504343029111624,-0.006756916642189026,-0.004504613112658262,-0.004504613112658262,-0.010504613112658262,close,0,0,13,2023-05-01
2023-05-05,2886,29.530290603637695,0.6578340709320835,1,0.0014597887638956308,0.005839414894580841,-0.0014598460402339697,0.0014597887638956308,0.0014597887638956308,-0.004540211236104369,close,0,0,13,2023-05-01
2023-05-05,2367,17.657690048217773,0.6572127714707577,0,0.005570968147367239,0.005570968147367239,-0.005571029148995876,-0.005571029148995876,-0.005571029148995876,-0.011571029148995876,close,0,0,13,2023-05-01
2023-05-05,3042,72.569091796875,0.6566753762633384,1,0.0023255411069840193,0.012790675275027752,-4.833693445505105e-09,0.011627902276813984,0.011627902276813984,0.005627902276813984,close,0,0,13,2023-05-01
2023-05-05,6491,370.62969970703125,0.6543286864085701,0,0.006142592057585716,0.007371074520051479,-0.007370943669229746,-0.002456937450915575,-0.002456937450915575,-0.008456937450915575,close,0,0,13,2023-05-01
2023-05-05,2891,20.064924240112305,0.654148339855171,1,0.004338444210588932,0.013015267439186573,0.002169280080124736,0.013015267439186573,0.013015267439186573,0.007015267439186573,close,0,0,13,2023-05-01
2023-05-05,6182,40.997825622558594,0.652333289581629,0,0.007963625714182854,0.007963625714182854,-0.0034129393752664328,-0.0034129393752664328,-0.0034129393752664328,-0.009412939375266433,close,0,0,13,2023-05-01
2023-05-05,5706,50.02119827270508,0.6518735984816969,0,0.006420499179512262,0.019261619076132774,-0.011236004531383514,-0.011236004531383514,-0.011236004531383514,-0.017236004531383513,close,0,0,13,2023-05-01
2023-05-05,2399,15.199999809265137,0.651148524918964,1,0.0032894862815737724,0.016447369009256363,0.0032894862815737724,0.006578972563147545,0.006578972563147545,0.0005789725631475447,close,0,0,13,2023-05-01
2023-05-05,3527,101.97712707519531,0.6509358541779915,1,0.013392829336225986,0.017857113853096962,0.004464257974177599,0.008928542956709862,0.008928542956709862,0.0029285429567098616,close,0,0,13,2023-05-01
2023-05-05,6269,83.39138793945312,0.6498199759589957,1,0.014038871973752975,0.03131747245788574,0.010799097828567028,0.02807769924402237,0.03,0.024,take_profit,1,0,13,2023-05-01
2023-05-08,6505,79.42569732666016,0.6384360614044021,1,0.00825466774404049,0.02004712074995041,0.003537669312208891,0.015330121852457523,0.015330121852457523,0.009330121852457523,close,0,0,13,2023-05-01
2023-05-08,5269,1072.4207763671875,0.6282115652304203,0,0.004444553982466459,0.017777888104319572,-0.026666561141610146,-0.01333322562277317,-0.02,-0.026000000000000002,stop_loss,0,1,13,2023-05-01
2023-05-08,1721,16.2888126373291,0.6225142347356868,0,0.01219518668949604,0.027439089491963387,-0.0243902038782835,-0.018292618915438652,-0.02,-0.026000000000000002,stop_loss,0,1,13,2023-05-01
2023-05-08,6698,35.25,0.6201883658841121,0,0.0,0.0,-0.021276595070958138,-0.014184396713972092,-0.02,-0.026000000000000002,stop_loss,0,1,13,2023-05-01
2023-05-08,4510,13.259098052978516,0.6194149920419542,1,7.131536960969243e-08,0.017667917534708977,-0.02120129019021988,0.00353365414775908,-0.02,-0.026000000000000002,stop_loss,0,1,13,2023-05-01
2023-05-08,6419,26.52873420715332,0.618892112022114,1,-1.1726029036651653e-09,0.014084529131650925,-1.1726029036651653e-09,0.0015649201814085245,0.0015649201814085245,-0.004435079818591476,close,0,0,13,2023-05-01
2023-05-08,2317,94.23444366455078,0.6169286302629844,1,3.4209231003501372e-09,0.01904762163758278,-0.004761901218444109,0.014285718090832233,0.014285718090832233,0.008285718090832233,close,0,0,13,2023-05-01
2023-05-08,1519,87.06736755371094,0.6132385634221859,0,0.009174397215247154,0.04128450155258179,-0.06422004848718643,-0.05504581332206726,-0.02,-0.026000000000000002,ambiguous_stop_loss,1,1,13,2023-05-01
2023-05-08,2376,124.41461181640625,0.6087758108844625,1,0.018518371507525444,0.03703688830137253,0.01111096516251564,0.029629480093717575,0.03,0.024,take_profit,1,0,13,2023-05-01
2023-05-08,1789,26.385339736938477,0.605020107200003,0,0.0018149104434996843,0.0145190991461277,-0.0036297219339758158,-0.0018148674862459302,-0.0018148674862459302,-0.00781486748624593,close,0,0,13,2023-05-01
2023-05-08,5381,20.399999618530273,0.6023551307940493,0,0.009803959168493748,0.022058861330151558,-0.03431367129087448,-0.019607825204730034,-0.02,-0.026000000000000002,stop_loss,0,1,13,2023-05-01
2023-05-08,6176,91.81011199951172,0.6006241604175542,1,0.004424842540174723,0.008849621750414371,6.341820579791602e-08,0.008849621750414371,0.008849621750414371,0.0028496217504143714,close,0,0,13,2023-05-01
2023-05-08,2368,93.38113403320312,0.6004798021158727,1,0.007201693020761013,0.015432098880410194,-0.004115163814276457,0.00102886906825006,0.00102886906825006,-0.00497113093174994,close,0,0,13,2023-05-01
2023-05-08,2108,36.924522399902344,0.5999120592544062,1,-4.5254530789407e-08,0.011464942246675491,-0.006369471549987793,0.0012738206423819065,0.0012738206423819065,-0.004726179357618094,close,0,0,13,2023-05-01
2023-05-08,3034,351.8821716308594,0.5996203447341235,0,-1.0981221976180677e-07,0.0011653911788016558,-0.03846164420247078,-0.027972133830189705,-0.02,-0.026000000000000002,stop_loss,0,1,13,2023-05-01
2023-05-08,2303,41.48603439331055,0.5941149072888694,0,0.0019999833311885595,0.004000029060989618,-0.004999986384063959,-0.0009999710600823164,-0.0009999710600823164,-0.0069999710600823165,close,0,0,13,2023-05-01
2023-05-08,2357,252.245849609375,0.5915184719187604,1,0.0034662268590182066,0.015597943216562271,0.0017331247217953205,0.012131738476455212,0.012131738476455212,0.0061317384764552115,close,0,0,13,2023-05-01
2023-05-08,4967,71.37206268310547,0.5877781683121804,0,-0.004076015669852495,0.002717462833970785,-0.09918471425771713,-0.09918471425771713,-0.02,-0.026000000000000002,stop_loss,0,1,13,2023-05-01
2023-05-08,3308,47.71171569824219,0.5850436387695422,0,0.0,0.0,-0.10000000149011612,-0.07901232689619064,-0.02,-0.026000000000000002,stop_loss,0,1,13,2023-05-01
2023-05-08,5272,27.491981506347656,0.5819862003222291,0,-1.2662931148099688e-08,-1.2662931148099688e-08,-0.04255323112010956,-0.033687982708215714,-0.02,-0.026000000000000002,stop_loss,0,1,13,2023-05-01
2023-05-09,3624,56.686466217041016,0.4937431015812409,1,0.007936510257422924,0.0269840806722641,0.007936510257422924,0.0222222488373518,0.0222222488373518,0.0162222488373518,close,0,0,13,2023-05-01
2023-05-09,1720,63.180076599121094,0.49165599075066724,1,0.015341900289058685,0.02928890474140644,0.008368398994207382,0.013947115279734135,0.013947115279734135,0.007947115279734135,close,0,0,13,2023-05-01
2023-05-09,4566,55.466896057128906,0.48236590945298885,0,0.00682599563151598,0.017064878717064857,-0.0017064281273633242,-0.0017064281273633242,-0.0017064281273633242,-0.007706428127363324,close,0,0,13,2023-05-01
2023-05-09,4953,107.02440643310547,0.47540471114891886,1,-0.012244886718690395,0.020408164709806442,-0.012244886718690395,0.008163301274180412,0.008163301274180412,0.002163301274180412,close,0,0,13,2023-05-01
2023-05-09,4916,33.775455474853516,0.4752503246808942,1,0.004347770940512419,0.037681035697460175,-9.910009879376958e-08,0.02753615193068981,0.03,0.024,take_profit,1,0,13,2023-05-01
2023-05-09,6234,34.42216110229492,0.47133586947217115,1,0.005524932872503996,0.09944752603769302,0.005524932872503996,0.09944752603769302,0.03,0.024,take_profit,1,0,13,2023-05-01
2023-05-09,2495,22.31629180908203,0.47079332913979194,1,0.024242443963885307,0.03030303493142128,0.010101014748215675,0.020202023908495903,0.03,0.024,take_profit,1,0,13,2023-05-01
2023-05-09,1528,11.815764427185059,0.47050755952126483,1,0.008333359844982624,0.01666664518415928,-0.004166687373071909,0.0041666775941848755,0.0041666775941848755,-0.0018333224058151246,close,0,0,13,2023-05-01
2023-05-09,6167,16.14273452758789,0.46997408148991354,1,0.01424494944512844,0.04273497685790062,-6.42929336436282e-08,0.03703705966472626,0.03,0.024,take_profit,1,0,13,2023-05-01
2023-05-09,3419,20.327836990356445,0.46862405675791396,1,0.00973245408385992,0.019464852288365364,-0.004866050556302071,0.00973245408385992,0.00973245408385992,0.0037324540838599204,close,0,0,13,2023-05-01
2023-05-09,6133,18.751169204711914,0.4646563052189387,1,-0.012886550277471542,0.005154707934707403,-0.012886550277471542,0.005154707934707403,0.005154707934707403,-0.0008452920652925969,close,0,0,13,2023-05-01
2023-05-09,4971,56.9249382019043,0.4646434257713041,0,-0.01694919727742672,-0.00847462099045515,-0.030508505180478096,-0.023728882893919945,-0.02,-0.026000000000000002,stop_loss,0,1,13,2023-05-01
2023-05-09,1810,24.368974685668945,0.46277415728694443,1,0.013888735324144363,0.03968244418501854,0.005952273961156607,0.015872906893491745,0.03,0.024,take_profit,1,0,13,2023-05-01
2023-05-09,1809,14.120489120483398,0.4615505435485898,1,0.0034013576805591583,0.04081633687019348,0.0034013576805591583,0.006802731193602085,0.03,0.024,take_profit,1,0,13,2023-05-01
2023-05-09,3128,33.50649642944336,0.4583433908236966,0,5.734267460866249e-08,0.011479650624096394,-0.011479536071419716,-0.006377506535500288,-0.006377506535500288,-0.012377506535500288,close,0,0,13,2023-05-01
2023-05-09,9910,156.24325561523438,0.4555242334040143,0,-0.0025576301850378513,-9.822569779771584e-08,-0.01278784591704607,-0.005115162115544081,-0.005115162115544081,-0.01111516211554408,close,0,0,13,2023-05-01
2023-05-09,2453,58.85231399536133,0.4551585270923077,1,0.0015151762636378407,0.027272822335362434,-0.0015150806866586208,0.01969706453382969,0.01969706453382969,0.013697064533829689,close,0,0,13,2023-05-01
2023-05-09,6806,111.94815826416016,0.4536827433004557,1,0.03448285907506943,0.06465527415275574,0.008620788343250751,0.01293113362044096,0.03,0.024,gap_take_profit,1,0,13,2023-05-01
2023-05-09,1725,20.34856414794922,0.4517969235267531,0,1.815202743671307e-08,0.028697574511170387,-0.01766001060605049,-0.0066224816255271435,-0.0066224816255271435,-0.012622481625527144,close,0,0,13,2023-05-01
2023-05-09,7402,59.33302688598633,0.45037537922859744,1,3.0407118600805916e-08,0.03658544272184372,-0.019817031919956207,0.019817154854536057,0.03,0.024,take_profit,1,0,13,2023-05-01
2023-05-10,6231,88.57318878173828,0.6644248872579009,0,0.008620706386864185,0.01293102465569973,-0.02155168168246746,-0.01724136248230934,-0.02,-0.026000000000000002,stop_loss,0,1,13,2023-05-01
2023-05-10,1721,15.643219947814941,0.6583238194830016,0,0.015873024240136147,0.019047580659389496,-0.04126980900764465,-0.04126980900764465,-0.02,-0.026000000000000002,stop_loss,0,1,13,2023-05-01
2023-05-10,4915,53.39154052734375,0.651181387120117,0,0.00643082894384861,0.00643082894384861,-0.022508064284920692,-0.022508064284920692,-0.02,-0.026000000000000002,stop_loss,0,1,13,2023-05-01
2023-05-10,3034,347.7809753417969,0.6409858737711087,0,-0.0023584645241498947,0.007075497880578041,-0.021226389333605766,-0.02004714496433735,-0.02,-0.026000000000000002,stop_loss,0,1,13,2023-05-01
2023-05-10,3002,11.61219596862793,0.6370290973710923,1,-8.01337520783818e-08,0.012499887496232986,-0.01250004768371582,0.012499887496232986,0.012499887496232986,0.006499887496232986,close,0,0,13,2023-05-01
2023-05-10,9917,97.75009155273438,0.6337287399902712,0,4.944343601209766e-09,4.944343601209766e-09,-0.009009004570543766,-0.004504499491304159,-0.004504499491304159,-0.01050449949130416,close,0,0,13,2023-05-01
2023-05-10,6148,36.438575744628906,0.6319687223444942,0,0.015404296107590199,0.015404296107590199,-0.056482717394828796,-0.042362067848443985,-0.02,-0.026000000000000002,stop_loss,0,1,13,2023-05-01
2023-05-10,8034,14.612016677856445,0.6307420132740398,0,0.009584620594978333,0.009584620594978333,-0.028754109516739845,-0.028754109516739845,-0.02,-0.026000000000000002,stop_loss,0,1,13,2023-05-01
2023-05-10,3617,109.4850845336914,0.629306580807169,0,0.01562505029141903,0.035156287252902985,-0.03515619784593582,-0.019531192258000374,-0.02,-0.026000000000000002,ambiguous_stop_loss,1,1,13,2023-05-01
2023-05-10,4971,55.57417297363281,0.6289778781050831,0,-0.006944358814507723,4.6393889618912e-08,-0.04513882100582123,-0.04513882100582123,-0.02,-0.026000000000000002,stop_loss,0,1,13,2023-05-01
2023-05-10,6840,62.88029861450195,0.6282237684636077,0,-0.0027586391661316156,-0.0027586391661316156,-0.030344877392053604,-0.02758617326617241,-0.02,-0.026000000000000002,stop_loss,0,1,13,2023-05-01
2023-05-10,3357,88.7980728149414,0.6242800322480618,0,-0.004901868291199207,9.29153785023118e-08,-0.022548958659172058,-0.022548958659172058,-0.02,-0.026000000000000002,stop_loss,0,1,13,2023-05-01
2023-05-10,4533,11.072723388671875,0.6233163412913356,1,0.024896200746297836,0.02904551476240158,0.004149315413087606,0.008298628963530064,0.008298628963530064,0.0022986289635300635,close,0,0,13,2023-05-01
2023-05-10,3041,31.16666603088379,0.6231211184480382,0,0.0026738173328340054,0.013368964195251465,-0.016042781993746758,-0.010695207864046097,-0.010695207864046097,-0.016695207864046095,close,0,0,13,2023-05-01
2023-05-10,2454,552.3703002929688,0.6230432433290626,0,-0.002994012087583542,0.008982036262750626,-0.005988024175167084,0.0,0.0,-0.006,close,0,0,13,2023-05-01
2023-05-10,2537,6.880000114440918,0.6227528874642771,0,0.0,0.005813947878777981,-0.00726746954023838,0.0,0.0,-0.006,close,0,0,13,2023-05-01
2023-05-10,6220,22.989442825317383,0.6218031380823211,0,0.0018214373849332333,0.0036429031752049923,-0.018214963376522064,-0.014572031795978546,-0.014572031795978546,-0.020572031795978545,close,0,0,13,2023-05-01
2023-05-10,3045,91.6000747680664,0.6206856668479196,0,0.0,0.0,-0.004830917809158564,0.0,0.0,-0.006,close,0,0,13,2023-05-01
2023-05-10,5285,66.79617309570312,0.6193200229358935,0,0.01994694583117962,0.01994694583117962,-0.033244553953409195,-0.029255149886012077,-0.02,-0.026000000000000002,stop_loss,0,1,13,2023-05-01
2023-05-10,6109,15.622957229614258,0.6179747355953165,0,0.003030262654647231,0.003030262654647231,-0.05454542487859726,-0.04848485440015793,-0.02,-0.026000000000000002,stop_loss,0,1,13,2023-05-01
2023-05-11,8048,35.63408279418945,0.5447039353246573,1,0.023148180916905403,0.050925955176353455,-0.025462903082370758,0.0486111044883728,-0.02,-0.026000000000000002,ambiguous_stop_loss,1,1,13,2023-05-01
2023-05-11,1529,31.914093017578125,0.5177005356221975,1,0.018786178901791573,0.09971106052398682,0.002890222240239382,0.07225432246923447,0.03,0.024,take_profit,1,0,13,2023-05-01
2023-05-11,1810,22.725034713745117,0.5138614586634145,1,0.004255285020917654,0.014893582090735435,-0.010638347826898098,0.01063824724406004,0.01063824724406004,0.004638247244060039,close,0,0,13,2023-05-01
2023-05-11,6133,18.122909545898438,0.504228636932462,0,0.013333363458514214,0.021333342418074608,-0.007999951019883156,-0.0026665967889130116,-0.0026665967889130116,-0.008666596788913012,close,0,0,13,2023-05-01
2023-05-11,5222,137.9656982421875,0.5013284287465839,0,0.0077520254999399185,0.01291996706277132,-0.018087785691022873,-0.005167932715266943,-0.005167932715266943,-0.011167932715266943,close,0,0,13,2023-05-01
2023-05-11,3499,19.25,0.4990504631817224,1,0.010389650240540504,0.0207792017608881,-0.002597362967208028,0.010389650240540504,0.010389650240540504,0.004389650240540504,close,0,0,13,2023-05-01
2023-05-11,3071,27.490509033203125,0.4956922241966893,0,-0.017713302746415138,-0.009661773219704628,-0.04991942271590233,-0.0273751150816679,-0.02,-0.026000000000000002,stop_loss,0,1,13,2023-05-01
2023-05-11,3289,74.64852142333984,0.49550742495024364,1,0.0062264795415103436,0.019925087690353394,-0.0037361967843025923,0.008717101067304611,0.008717101067304611,0.002717101067304611,close,0,0,13,2023-05-01
2023-05-11,3715,22.646839141845703,0.49496671672891396,1,0.018255634233355522,0.06896557658910751,0.018255634233355522,0.06490876525640488,0.03,0.024,take_profit,1,0,13,2023-05-01
2023-05-11,4510,12.415763854980469,0.49384599325983897,1,-0.011320733465254307,0.037735842168331146,-0.011320733465254307,0.022641515359282494,0.03,0.024,take_profit,1,0,13,2023-05-01
2023-05-11,4953,102.65606689453125,0.49160874343117156,1,-4.0879182705566564e-08,0.02978721633553505,-4.0879182705566564e-08,0.02978721633553505,0.02978721633553505,0.02378721633553505,close,0,0,13,2023-05-01
2023-05-11,3078,47.08991241455078,0.4892957455488377,1,0.015384573489427567,0.07307688146829605,-2.651197128500371e-08,0.0576922781765461,0.03,0.024,take_profit,1,0,13,2023-05-01
2023-05-11,1721,14.997627258300781,0.4882780257810297,1,0.0033112233504652977,0.023178786039352417,-0.0033112552482634783,0.016556307673454285,0.016556307673454285,0.010556307673454285,close,0,0,13,2023-05-01
2023-05-11,3596,96.99626922607422,0.4861562170568369,1,3.8104740696098816e-08,0.02262447401881218,3.8104740696098816e-08,0.01809958554804325,0.01809958554804325,0.012099585548043251,close,0,0,13,2023-05-01
2023-05-11,3673,36.1617317199707,0.4844002379783099,1,0.009308543987572193,0.015957480296492577,0.0013298409758135676,0.013297844678163528,0.013297844678163528,0.007297844678163528,close,0,0,13,2023-05-01
2023-05-11,4746,80.2807846069336,0.4842900775481441,1,0.005753714591264725,0.028768673539161682,-2.5180593610230062e-08,0.017261194065213203,0.017261194065213203,0.011261194065213203,close,0,0,13,2023-05-01
2023-05-11,1904,29.439701080322266,0.48211480376443205,1,-0.009448797442018986,0.011023571714758873,-0.009448797442018986,0.009448792785406113,0.009448792785406113,0.0034487927854061125,close,0,0,13,2023-05-01
2023-05-11,2413,32.388221740722656,0.480651922581102,1,0.01801823079586029,0.01801823079586029,-0.018017834052443504,0.010510721243917942,0.010510721243917942,0.004510721243917942,close,0,0,13,2023-05-01
2023-05-11,8222,54.01588821411133,0.4794239892471011,0,7.131396984050298e-08,0.019927581772208214,-0.02173907496035099,-0.005434697959572077,-0.02,-0.026000000000000002,stop_loss,0,1,13,2023-05-01
2023-05-11,1711,19.156970977783203,0.47877892001360706,1,0.005000010598450899,0.014999953098595142,-0.0074999891221523285,0.007499972824007273,0.007499972824007273,0.0014999728240072726,close,0,0,13,2023-05-01
2023-05-12,2243,18.25,0.5670744029321984,0,0.008219157345592976,0.013698630034923553,-0.019178103655576706,-0.008219157345592976,-0.008219157345592976,-0.014219157345592976,close,0,0,13,2023-05-01
2023-05-12,2382,93.8135986328125,0.5655263582503947,0,0.004926043562591076,0.004926043562591076,-0.048275940120220184,-0.03842372074723244,-0.02,-0.026000000000000002,stop_loss,0,1,13,2023-05-01
2023-05-12,2371,35.87122344970703,0.5618227807793776,1,0.002673845272511244,0.05481288209557533,-0.001336835091933608,0.01604287698864937,0.03,0.024,take_profit,1,0,13,2023-05-01
2023-05-12,5284,137.59735107421875,0.5559550164118591,1,0.010204024612903595,0.07482986897230148,-5.6350298649476827e-08,0.04421762749552727,0.03,0.024,take_profit,1,0,13,2023-05-01
2023-05-12,4147,105.0,0.554720686623332,1,-0.009523809887468815,0.02857142873108387,-0.03809523954987526,0.014285714365541935,-0.02,-0.026000000000000002,stop_loss,0,1,13,2023-05-01
2023-05-12,2886,29.57339859008789,0.5412204274260921,1,4.0720426142115684e-08,0.01020415686070919,-0.0029153383802622557,0.005831030663102865,0.005831030663102865,-0.0001689693368971349,close,0,0,13,2023-05-01
2023-05-12,6122,31.0079288482666,0.5407867583533525,0,0.031680431216955185,0.04132227599620819,-0.07162532210350037,-0.07162532210350037,0.03,0.024,gap_take_profit,1,1,13,2023-05-01
2023-05-12,8011,15.336922645568848,0.5394809715799364,1,0.03323274478316307,0.09969796985387802,0.0271904319524765,0.051359571516513824,0.03,0.024,gap_take_profit,1,0,13,2023-05-01
2023-05-12,3540,42.677001953125,0.5377997428415301,1,-0.005714290775358677,0.017142852768301964,-0.02742859348654747,0.017142852768301964,-0.02,-0.026000000000000002,stop_loss,0,1,13,2023-05-01
2023-05-12,3548,71.4163589477539,0.5352419589248871,0,0.01173412799835205,0.027379561215639114,-0.0456322617828846,-0.04172087833285332,-0.02,-0.026000000000000002,stop_loss,0,1,13,2023-05-01
2023-05-12,6167,14.809004783630371,0.5352089032746317,0,0.01242226455360651,0.015527925454080105,-0.01863357611000538,-0.01863357611000538,-0.01863357611000538,-0.024633576110005377,close,0,0,13,2023-05-01
2023-05-12,4744,39.4981689453125,0.532589871711588,0,0.0012005317257717252,0.027611060068011284,-0.010804270394146442,-0.008403346873819828,-0.008403346873819828,-0.014403346873819828,close,0,0,13,2023-05-01
2023-05-12,2357,246.12550354003906,0.5303399210958154,1,0.08170507103204727,0.09769086539745331,0.05683828890323639,0.07815267890691757,0.03,0.024,gap_take_profit,1,0,13,2023-05-01
2023-05-12,2538,11.061800003051758,0.5293719185944367,0,0.0,0.0078431386500597,0.0,0.0,0.0,-0.006,close,0,0,13,2023-05-01
2023-05-12,5475,14.850000381469727,0.5288255598736797,0,0.010100984014570713,0.023568984121084213,-0.010101048275828362,-0.003367016091942787,-0.003367016091942787,-0.009367016091942787,close,0,0,13,2023-05-01
2023-05-12,2882,38.28365707397461,0.5287854392128118,1,0.0011723180068656802,0.01875731162726879,-0.005861661396920681,0.01641259156167507,0.01641259156167507,0.010412591561675072,close,0,0,13,2023-05-01
2023-05-12,3046,74.18221282958984,0.5286759860516174,0,-0.009615469723939896,0.03846152871847153,-0.03125002980232239,-0.02884623222053051,-0.02,-0.026000000000000002,ambiguous_stop_loss,1,1,13,2023-05-01
2023-05-12,3490,23.43577766418457,0.5286246337079961,0,-0.011857659555971622,-0.0019762360025197268,-0.029644250869750977,-0.015810243785381317,-0.02,-0.026000000000000002,stop_loss,0,1,13,2023-05-01
2023-05-12,2885,18.918821334838867,0.5274088163724553,1,-0.00441498588770628,0.011037495918571949,-0.00441498588770628,0.00662250118330121,0.00662250118330121,0.0006225011833012103,close,0,0,13,2023-05-01
2023-05-12,3188,12.457305908203125,0.5272077151780783,0,-0.010526217520236969,7.230457299556292e-08,-0.02105257473886013,-0.010526217520236969,-0.02,-0.026000000000000002,stop_loss,0,1,13,2023-05-01
2023-05-15,3308,47.71171569824219,0.6841898104606229,0,-0.0012345550348982215,0.07283955067396164,-0.08395062386989594,-0.019753040745854378,-0.02,-0.026000000000000002,ambiguous_stop_loss,1,1,13,2023-05-01
2023-05-15,1104,23.09787940979004,0.6557589438838884,0,-0.019264446571469307,-0.019264446571469307,-0.0525394082069397,-0.033274974673986435,-0.02,-0.026000000000000002,stop_loss,0,1,13,2023-05-01
2023-05-15,3499,18.899999618530273,0.6536271504889443,1,0.029100589454174042,0.03703707829117775,0.015873076394200325,0.021164001896977425,0.03,0.024,take_profit,1,0,13,2023-05-01
2023-05-15,4566,51.20749282836914,0.648155245116076,1,0.01478749979287386,0.024029644206166267,-0.005545260384678841,0.0036968840286135674,0.0036968840286135674,-0.0023031159713864328,close,0,0,13,2023-05-01
2023-05-15,9910,153.446044921875,0.6367502705377386,1,0.010416628792881966,0.03385419398546219,0.0052083213813602924,0.02604164183139801,0.03,0.024,take_profit,1,0,13,2023-05-01
2023-05-15,3518,28.543437957763672,0.6338460029274012,1,0.00518132746219635,0.05354055389761925,0.00518132746219635,0.03454230725765228,0.03,0.024,take_profit,1,0,13,2023-05-01
2023-05-15,4162,81.90974426269531,0.6335769783979806,1,0.00971931777894497,0.015118885785341263,-0.00107981963083148,0.005399646237492561,0.005399646237492561,-0.0006003537625074388,close,0,0,13,2023-05-01
2023-05-15,6167,14.533060073852539,0.6313840624441117,1,0.012658313848078251,0.03797474876046181,0.009493744932115078,0.028481099754571915,0.03,0.024,take_profit,1,0,13,2023-05-01
2023-05-15,5263,109.81185150146484,0.6298474454312739,1,0.02666672319173813,0.05777783691883087,0.017777832224965096,0.022222278639674187,0.03,0.024,take_profit,1,0,13,2023-05-01
2023-05-15,2376,124.87540435791016,0.6266216358690885,1,0.025830231606960297,0.07749074697494507,0.025830231606960297,0.06642063707113266,0.03,0.024,take_profit,1,0,13,2023-05-01
2023-05-15,6533,418.2105712890625,0.621835427115853,1,0.015494592487812042,0.030989227816462517,0.013110802508890629,0.01787838339805603,0.03,0.024,take_profit,1,0,13,2023-05-01
2023-05-15,6515,624.3030395507812,0.6206536090284825,1,0.015128652565181255,0.019667230546474457,-0.004538519773632288,0.0015129175735637546,0.0015129175735637546,-0.004487082426436246,close,0,0,13,2023-05-01
2023-05-15,8033,62.70000076293945,0.6140452869664415,1,0.003189804730936885,0.017543835565447807,-0.009569413959980011,0.003189804730936885,0.003189804730936885,-0.0028101952690631152,close,0,0,13,2023-05-01
2023-05-15,8111,18.184091567993164,0.6119019840630704,1,0.0049261609092354774,0.027093688026070595,0.0049261609092354774,0.01477841567248106,0.01477841567248106,0.00877841567248106,close,0,0,13,2023-05-01
2023-05-15,3037,144.37628173828125,0.6106475371529201,1,0.016025617718696594,0.03846151381731033,0.012820488773286343,0.03205125778913498,0.03,0.024,take_profit,1,0,13,2023-05-01
2023-05-15,1708,29.757343292236328,0.6065013136723634,1,0.005617966875433922,0.022471964359283447,-0.002808978082612157,0.01123596541583538,0.01123596541583538,0.00523596541583538,close,0,0,13,2023-05-01
2023-05-15,6138,124.90087127685547,0.6058636286371165,1,0.006944452412426472,0.027777785435318947,0.006944452412426472,0.017361119389533997,0.017361119389533997,0.011361119389533996,close,0,0,13,2023-05-01
2023-05-15,2314,46.59415817260742,0.6042540815431693,0,0.008492613211274147,0.008492613211274147,-0.007430995814502239,-0.0053078425116837025,-0.0053078425116837025,-0.011307842511683703,close,0,0,13,2023-05-01
2023-05-15,2323,8.061410903930664,0.6040634333970517,0,0.05640421807765961,0.05640421807765961,-0.01057576946914196,-0.01057576946914196,0.03,0.024,gap_take_profit,1,0,13,2023-05-01
2023-05-15,3443,1092.7166748046875,0.6033055336908979,0,0.02654867246747017,0.044247787445783615,-0.0044247787445783615,0.0,0.03,0.024,take_profit,1,0,13,2023-05-01
2023-05-16,6270,21.240079879760742,0.6468010923703099,1,-5.3243933706426105e-08,0.006535877473652363,-0.004357367753982544,0.006535877473652363,0.006535877473652363,0.0005358774736523627,close,0,0,13,2023-05-01
2023-05-16,2368,91.36363983154297,0.6464069123206381,1,8.471407397792063e-08,0.03575194627046585,-0.01156667247414589,0.029442811384797096,0.03,0.024,take_profit,1,0,13,2023-05-01
2023-05-16,6206,58.97659683227539,0.6456109057982338,1,4.4639374863209014e-08,0.015714310109615326,4.4639374863209014e-08,0.014285760000348091,0.014285760000348091,0.008285760000348091,close,0,0,13,2023-05-01
2023-05-16,6133,17.881271362304688,0.6361119756046134,1,-0.005405464209616184,0.03513507544994354,-0.005405464209616184,0.0243243258446455,0.03,0.024,take_profit,1,0,13,2023-05-01
2023-05-16,1471,8.970000267028809,0.6347995006972507,1,-0.015607618726789951,0.006688903551548719,-0.026755932718515396,0.0033444517757743597,-0.02,-0.026000000000000002,stop_loss,0,1,13,2023-05-01
2023-05-16,6499,53.25821304321289,0.6337796079730509,1,0.0035397824831306934,0.005309675354510546,-0.0035398590844124556,0.0017698898445814848,0.0017698898445814848,-0.004230110155418515,close,0,0,13,2023-05-01
2023-05-16,1304,21.60466766357422,0.6337193618960383,1,-3.537441983780809e-08,0.030172327533364296,-3.537441983780809e-08,0.030172327533364296,0.03,0.024,take_profit,1,0,13,2023-05-01
2023-05-16,3008,2025.641357421875,0.6325336979830267,0,0.01598179154098034,0.01598179154098034,-0.006849260535091162,-0.006849260535091162,-0.006849260535091162,-0.012849260535091162,close,0,0,13,2023-05-01
2023-05-16,4967,54.401798248291016,0.6319742995073447,1,0.008912778459489346,0.02852066606283188,0.0017826934345066547,0.012477855198085308,0.012477855198085308,0.006477855198085308,close,0,0,13,2023-05-01
2023-05-16,2404,187.2238311767578,0.6317641510465545,0,-0.002257393905892968,0.004514614585787058,-0.013544075191020966,-0.002257393905892968,-0.002257393905892968,-0.008257393905892968,close,0,0,13,2023-05-01
2023-05-16,6220,22.947566986083984,0.6301956112716096,0,0.0,0.0018248592969030142,-0.005474438890814781,0.0,0.0,-0.006,close,0,0,13,2023-05-01
2023-05-16,4564,22.821611404418945,0.628391548706477,1,5.331407848530034e-08,0.015217461623251438,-0.004347789566963911,0.0043478962033987045,0.0043478962033987045,-0.0016521037966012956,close,0,0,13,2023-05-01
2023-05-16,2547,8.476656913757324,0.627401964274968,1,0.005458407569676638,0.01855895295739174,0.005458407569676638,0.013100304640829563,0.013100304640829563,0.007100304640829563,close,0,0,13,2023-05-01
2023-05-16,3209,32.80097198486328,0.6269650928550711,0,0.0,0.0024300965014845133,-0.0012151409173384309,0.0,0.0,-0.006,close,0,0,13,2023-05-01
2023-05-16,9906,42.89240646362305,0.626657005396095,0,0.02258734032511711,0.02258734032511711,-0.030800780281424522,-0.024640636518597603,-0.02,-0.026000000000000002,stop_loss,0,1,13,2023-05-01
2023-05-16,2534,19.01156997680664,0.6257096948160119,1,0.00447425339370966,0.015659935772418976,0.002237065928056836,0.015659935772418976,0.015659935772418976,0.009659935772418976,close,0,0,13,2023-05-01
2023-05-16,6719,268.8221435546875,0.6252504888252747,1,0.003571514505892992,0.028571516275405884,-0.010714201256632805,0.021428659558296204,0.021428659558296204,0.015428659558296203,close,0,0,13,2023-05-01
2023-05-16,8155,118.6355972290039,0.6247554236137222,1,0.003816832322627306,0.015267214737832546,-0.02290072664618492,0.003816832322627306,-0.02,-0.026000000000000002,stop_loss,0,1,13,2023-05-01
2023-05-16,2342,37.25117492675781,0.6244146802464179,1,0.0012903850292786956,0.01935492269694805,0.0012903850292786956,0.01161300577223301,0.01161300577223301,0.005613005772233009,close,0,0,13,2023-05-01
2023-05-16,3294,17.575281143188477,0.6243688822351837,1,0.011236091144382954,0.016854090616106987,-0.00561780110001564,0.008427144959568977,0.008427144959568977,0.0024271449595689772,close,0,0,13,2023-05-01
2023-05-17,8210,82.95934295654297,0.6523562205579956,1,0.014772695489227772,0.0454544760286808,-0.007954576052725315,0.03522718697786331,0.03,0.024,take_profit,1,0,13,2023-05-01
2023-05-17,2207,744.5606079101562,0.630524826187883,1,0.01719903200864792,0.0687960609793663,0.007371018175035715,0.06265353411436081,0.03,0.024,take_profit,1,0,13,2023-05-01
2023-05-17,1526,37.97133255004883,0.6245735724380719,0,0.004975143354386091,0.006218905560672283,-0.002487619174644351,0.0,0.0,-0.006,close,0,0,13,2023-05-01
2023-05-17,8068,28.549999237060547,0.6243364650168657,0,0.010507921688258648,0.014010561630129814,-0.007005214225500822,0.0,0.0,-0.006,close,0,0,13,2023-05-01
2023-05-17,3607,12.461037635803223,0.6201187481729241,1,0.0034842202439904213,0.06968636065721512,0.0034842202439904213,0.06271769106388092,0.03,0.024,take_profit,1,0,13,2023-05-01
2023-05-17,2641,17.06510353088379,0.6185901867729084,0,0.011049811728298664,0.011049811728298664,-0.002762452932074666,0.0,0.0,-0.006,close,0,0,13,2023-05-01
2023-05-17,1795,291.64361572265625,0.6175362691776267,1,0.02106972597539425,0.09886551648378372,0.017828235402703285,0.09886551648378372,0.03,0.024,take_profit,1,0,13,2023-05-01
2023-05-17,2801,14.957987785339355,0.6167013870890793,1,0.0027548184152692556,0.013774147257208824,0.0027548184152692556,0.008264482952654362,0.008264482952654362,0.0022644829526543616,close,0,0,13,2023-05-01
2023-05-17,2852,13.515338897705078,0.614630794473333,1,-2.7203789443319693e-08,0.006249996367841959,-2.7203789443319693e-08,0.003124925075098872,0.003124925075098872,-0.002875074924901128,close,0,0,13,2023-05-01
2023-05-17,5434,164.7164764404297,0.6122369051728342,0,0.002638657344505191,0.007915700785815716,-0.002638385631144047,-0.002638385631144047,-0.002638385631144047,-0.008638385631144047,close,0,0,13,2023-05-01
2023-05-17,2610,17.642499923706055,0.6114382020778446,1,0.007812370080500841,0.015624849125742912,0.0026040177326649427,0.01041649654507637,0.01041649654507637,0.00441649654507637,close,0,0,13,2023-05-01
2023-05-17,4989,25.664644241333008,0.610710521791125,1,0.003838771255686879,0.007677557412534952,-0.0019193716580048203,0.0019194146152585745,0.0019194146152585745,-0.004080585384741426,close,0,0,13,2023-05-01
2023-05-17,2038,19.0,0.6103025014531234,0,0.007518768310546875,0.0100250244140625,-0.00250635645352304,0.0,0.0,-0.006,close,0,0,13,2023-05-01
2023-05-17,3706,27.700000762939453,0.6096021689312263,1,1.7936148122288387e-09,0.010581985116004944,-0.003527348395437002,0.001763643347658217,0.001763643347658217,-0.004236356652341783,close,0,0,13,2023-05-01
2023-05-17,1325,22.326141357421875,0.6094676473212228,1,0.021276626735925674,0.03191492706537247,0.019148999825119972,0.025531962513923645,0.03,0.024,take_profit,1,0,13,2023-05-01
2023-05-17,3617,141.13311767578125,0.6080557498582434,1,0.030302995815873146,0.08484853804111481,0.00606066407635808,0.05454542487859726,0.03,0.024,gap_take_profit,1,0,13,2023-05-01
2023-05-17,6603,15.929317474365234,0.607362411306891,1,0.0029673126991838217,0.017804063856601715,0.0029673126991838217,0.008902059867978096,0.008902059867978096,0.002902059867978096,close,0,0,13,2023-05-01
2023-05-17,9918,37.69606018066406,0.6073597459035094,1,-0.008403480984270573,0.016806581988930702,-0.008403480984270573,0.009603720158338547,0.009603720158338547,0.0036037201583385466,close,0,0,13,2023-05-01
2023-05-17,1702,44.91313171386719,0.6073179023641172,0,1.3091499795336858e-07,0.007767152041196823,-0.009708608500659466,-0.005825097672641277,-0.005825097672641277,-0.011825097672641277,close,0,0,13,2023-05-01
2023-05-17,5234,91.42384338378906,0.6072459034408809,1,0.03935423120856285,0.06458127498626709,0.005045436322689056,0.005045436322689056,0.03,0.024,gap_take_profit,1,0,13,2023-05-01
2023-05-18,5234,91.88511657714844,0.6623038347684667,0,0.024096336215734482,0.024096336215734482,-0.026104463264346123,-0.018072305247187614,-0.02,-0.026000000000000002,stop_loss,0,1,13,2023-05-01
2023-05-18,3663,29.128694534301758,0.6556216011273261,1,-3.5304655199297486e-08,0.03915170207619667,-0.0016313317464664578,0.016313178464770317,0.03,0.024,take_profit,1,0,13,2023-05-01
2023-05-18,5434,164.28189086914062,0.6432480679877624,1,0.0026453714817762375,0.007936373353004456,-8.892780556379876e-08,0.007936373353004456,0.007936373353004456,0.0019363733530044554,close,0,0,13,2023-05-01
2023-05-18,9939,89.31639099121094,0.6402628504471474,1,5.512316647582338e-08,0.019900552928447723,5.512316647582338e-08,0.0099503044039011,0.0099503044039011,0.0039503044039011,close,0,0,13,2023-05-01
2023-05-18,1409,15.041059494018555,0.6397717339646791,0,0.005813864059746265,0.008720907382667065,-0.011627950705587864,-0.002907043555751443,-0.002907043555751443,-0.008907043555751443,close,0,0,13,2023-05-01
2023-05-18,1722,54.76994705200195,0.6387477477187746,1,0.0067227003164589405,0.010083992965519428,0.001680632121860981,0.008403346873819828,0.008403346873819828,0.002403346873819828,close,0,0,13,2023-05-01
2023-05-18,3045,92.04258728027344,0.6373192679224119,0,0.0,0.004807692486792803,-0.004807692486792803,0.0,0.0,-0.006,close,0,0,13,2023-05-01
2023-05-18,2412,112.64496612548828,0.6346645410207307,1,0.003952554892748594,0.007905123755335808,-1.4342731446959078e-08,0.007905123755335808,0.007905123755335808,0.0019051237553358077,close,0,0,13,2023-05-01
2023-05-18,6167,14.992966651916504,0.6344428164162905,1,0.018404988572001457,0.046012282371520996,0.006135002709925175,0.006135002709925175,0.03,0.024,take_profit,1,0,13,2023-05-01
2023-05-18,2049,227.84152221679688,0.6311488362974775,0,0.008368285372853279,0.008368285372853279,-0.01255221851170063,-0.004184017423540354,-0.004184017423540354,-0.010184017423540354,close,0,0,13,2023-05-01
2023-05-18,3229,19.450000762939453,0.6288513659045719,0,-0.007712160237133503,-0.0051414077170193195,-0.0128534696996212,-0.0051414077170193195,-0.0051414077170193195,-0.01114140771701932,close,0,0,13,2023-05-01
2023-05-18,3325,19.600000381469727,0.628723784665005,0,0.00510206026956439,0.015306083485484123,-0.0204081442207098,-0.0025510787963867188,-0.02,-0.026000000000000002,stop_loss,0,1,13,2023-05-01
2023-05-18,2006,51.641239166259766,0.6273263964860496,0,0.00868052989244461,0.00868052989244461,-0.013888901099562645,-0.01041666604578495,-0.01041666604578495,-0.01641666604578495,close,0,0,13,2023-05-01
2023-05-18,6548,36.85104751586914,0.626912861157757,0,0.007255186326801777,0.012091872282326221,-0.007255147211253643,-0.004836712498217821,-0.004836712498217821,-0.010836712498217821,close,0,0,13,2023-05-01
2023-05-18,2395,331.381591796875,0.6242645785938997,1,0.00635323952883482,0.020330341532826424,-0.003811972215771675,0.00635323952883482,0.00635323952883482,0.00035323952883481967,close,0,0,13,2023-05-01
2023-05-18,4739,82.89878845214844,0.6219069061124433,0,0.011173076927661896,0.015642335638403893,-0.013407928869128227,-0.00893867015838623,-0.00893867015838623,-0.01493867015838623,close,0,0,13,2023-05-01
2023-05-18,6414,249.82110595703125,0.6203227476484556,1,0.008849686942994595,0.019469156861305237,1.2825491069179407e-07,0.01061959844082594,0.01061959844082594,0.004619598440825939,close,0,0,13,2023-05-01
2023-05-18,4904,72.62577819824219,0.6191485699662652,1,0.002538029570132494,0.002538029570132494,-0.005076163914054632,0.001269013388082385,0.001269013388082385,-0.004730986611917615,close,0,0,13,2023-05-01
2023-05-18,3490,23.343149185180664,0.6190659615471097,1,0.011904630810022354,0.013888726942241192,0.003968093544244766,0.005952265579253435,0.005952265579253435,-4.773442074656499e-05,close,0,0,13,2023-05-01
2023-05-18,6165,31.238008499145508,0.6164739592848002,1,0.007923929020762444,0.028526196256279945,0.0031695826910436153,0.020602265372872353,0.020602265372872353,0.014602265372872352,close,0,0,13,2023-05-01
2023-05-19,6477,47.004337310791016,0.6552173890986831,1,0.007952272891998291,0.027832994237542152,0.0059642004780471325,0.02186877839267254,0.02186877839267254,0.01586877839267254,close,0,0,13,2023-05-01
2023-05-19,5243,73.87890625,0.654997289799938,1,0.028277607634663582,0.0899743065237999,-0.0012854128144681454,0.06041128188371658,0.03,0.024,take_profit,1,0,13,2023-05-01
2023-05-19,6741,129.55889892578125,0.652978429178505,1,0.007434799335896969,0.03345710039138794,0.0037173277232795954,0.022304685786366463,0.03,0.024,take_profit,1,0,13,2023-05-01
2023-05-19,2368,109.04073333740234,0.6514361532432338,0,0.013215859420597553,0.044052861630916595,-0.013215859420597553,0.0,0.03,0.024,take_profit,1,0,13,2023-05-01
2023-05-19,8085,37.575740814208984,0.6380802371978144,1,3.0923249738634695e-08,0.04382467269897461,-0.017264286056160927,0.03320056200027466,0.03,0.024,take_profit,1,0,13,2023-05-01
2023-05-19,5498,11.61286735534668,0.6375493453111811,1,0.004219462163746357,0.0168776735663414,5.807850911310197e-08,0.0168776735663414,0.0168776735663414,0.0108776735663414,close,0,0,13,2023-05-01
2023-05-19,6446,316.3172912597656,0.6352764689201711,1,0.02681387960910797,0.09936908632516861,0.02681387960910797,0.09936908632516861,0.03,0.024,take_profit,1,0,13,2023-05-01
2023-05-19,2442,17.53243637084961,0.631382000138226,1,0.052054792642593384,0.09863005578517914,0.04931499809026718,0.09863005578517914,0.03,0.024,gap_take_profit,1,0,13,2023-05-01
2023-05-19,2302,17.419069290161133,0.6280925380152799,1,8.676585849798357e-08,0.052356112748384476,8.676585849798357e-08,0.04712048918008804,0.03,0.024,take_profit,1,0,13,2023-05-01
2023-05-19,2428,140.3383331298828,0.6241416437585346,1,-2.6747928316694924e-08,0.016025613993406296,-2.6747928316694924e-08,0.0032051014713943005,0.0032051014713943005,-0.0027948985286056997,close,0,0,13,2023-05-01
2023-05-19,4533,11.899731636047363,0.6202585490890055,1,0.0038609884213656187,0.038610007613897324,-0.003861048724502325,0.03474899008870125,0.03,0.024,take_profit,1,0,13,2023-05-01
2023-05-19,3042,73.1597671508789,0.6199069764247258,1,0.0011534743243828416,0.012687500566244125,0.0011534743243828416,0.004613629076629877,0.004613629076629877,-0.001386370923370123,close,0,0,13,2023-05-01
2023-05-19,3088,65.38148498535156,0.6181636598959607,1,0.01935471221804619,0.06322568655014038,0.01677415706217289,0.05806446447968483,0.03,0.024,take_profit,1,0,13,2023-05-01
2023-05-19,3122,24.475482940673828,0.6127197750146368,1,4.342660631095896e-08,0.012145761400461197,4.342660631095896e-08,0.004048564471304417,0.004048564471304417,-0.0019514355286955835,close,0,0,13,2023-05-01
2023-05-19,6173,38.85441970825195,0.6111037257109855,1,0.002350246300920844,0.015276198275387287,1.6225760290922153e-08,0.015276198275387287,0.015276198275387287,0.009276198275387287,close,0,0,13,2023-05-01
2023-05-19,2637,49.828060150146484,0.6109322474416404,1,0.0015898379497230053,0.01271862629801035,-0.0015898244455456734,0.006359301041811705,0.006359301041811705,0.0003593010418117045,close,0,0,13,2023-05-01
2023-05-19,2492,91.54584503173828,0.6088973945801015,1,0.004056801553815603,0.024340776726603508,0.004056801553815603,0.019269783049821854,0.019269783049821854,0.013269783049821854,close,0,0,13,2023-05-01
2023-05-19,3483,67.30156707763672,0.607261240790942,1,0.006963755935430527,0.023676805198192596,0.005570913664996624,0.012534701265394688,0.012534701265394688,0.0065347012653946875,close,0,0,13,2023-05-01
2023-05-19,8163,37.96458435058594,0.6052554216564826,1,0.006586153991520405,0.019758542999625206,0.005488475784659386,0.01646542362868786,0.01646542362868786,0.010465423628687858,close,0,0,13,2023-05-01
2023-05-19,6462,81.89205932617188,0.6049766907092974,1,3.344586119169435e-08,0.019047634676098824,3.344586119169435e-08,0.009523879736661911,0.009523879736661911,0.003523879736661911,close,0,0,13,2023-05-01
2023-05-22,2614,27.34865951538086,0.6668111683903499,1,0.00785345770418644,0.0183245986700058,-1.7730659163106566e-09,0.013089028187096119,0.013089028187096119,0.007089028187096119,close,0,0,13,2023-05-01
2023-05-22,3466,29.899999618530273,0.6625792215616546,0,0.01337791420519352,0.016722409054636955,-0.010033419355750084,-0.005016709677875042,-0.005016709677875042,-0.011016709677875042,close,0,0,13,2023-05-01
2023-05-22,2417,21.02830696105957,0.6614330901714764,1,0.007009261287748814,0.011682176031172276,-6.656079420963579e-08,0.009345763362944126,0.009345763362944126,0.003345763362944126,close,0,0,13,2023-05-01
2023-05-22,8383,36.16655349731445,0.6609032297304366,1,2.489356987211977e-08,0.005917184986174107,-0.008283962495625019,0.0011834388133138418,0.0011834388133138418,-0.004816561186686158,close,0,0,13,2023-05-01
2023-05-22,6609,31.19291114807129,0.6600048669656644,1,0.005689831916242838,0.005689831916242838,1.8253954792157856e-08,0.004267378244549036,0.004267378244549036,-0.001732621755450964,close,0,0,13,2023-05-01
2023-05-22,3527,96.96932220458984,0.6575209175828369,1,0.004694763105362654,0.0281689390540123,0.004694763105362654,0.023474104702472687,0.023474104702472687,0.01747410470247269,close,0,0,13,2023-05-01
2023-05-22,3213,44.91347122192383,0.6570292168120659,0,0.0037523885257542133,0.0037523885257542133,-0.005628474988043308,-0.0018761152168735862,-0.0018761152168735862,-0.007876115216873586,close,0,0,13,2023-05-01
2023-05-22,5471,45.268165588378906,0.6567338342198135,1,0.003976126667112112,0.011928442865610123,-0.001988072646781802,0.007952284999191761,0.007952284999191761,0.001952284999191761,close,0,0,13,2023-05-01
2023-05-22,2606,45.72197341918945,0.6565947217238737,0,0.0037243985570967197,0.0074487365782260895,-0.013035406358540058,-0.013035406358540058,-0.013035406358540058,-0.019035406358540057,close,0,0,13,2023-05-01
2023-05-22,3042,73.49729919433594,0.6564229443969429,1,8.760848935196464e-09,0.005740536842495203,-0.0011480794055387378,0.0022962726652622223,0.0022962726652622223,-0.003703727334737778,close,0,0,13,2023-05-01
2023-05-22,5392,20.75022315979004,0.6559310018852801,1,-1.0778408210398993e-07,0.023584794253110886,-1.0778408210398993e-07,0.011792343109846115,0.011792343109846115,0.005792343109846115,close,0,0,13,2023-05-01
2023-05-22,8103,32.144290924072266,0.6556783589234854,0,7.454738693013496e-08,0.0013550674775615335,-0.005420000292360783,-0.0013550217263400555,-0.0013550217263400555,-0.007355021726340056,close,0,0,13,2023-05-01
2023-05-22,6449,47.41386795043945,0.6555756315342982,1,0.0038535771891474724,0.0038535771891474724,-0.0019267552997916937,0.0019268241012468934,0.0019268241012468934,-0.004073175898753107,close,0,0,13,2023-05-01
2023-05-22,4113,16.299999237060547,0.6553818579852498,1,-0.006134876050055027,0.006134992931038141,-0.006134876050055027,0.0030675549060106277,0.0030675549060106277,-0.0029324450939893724,close,0,0,13,2023-05-01
2023-05-22,6693,61.92922592163086,0.6552372949150422,0,0.001490224152803421,0.001490224152803421,-0.010432210750877857,-0.0014903561677783728,-0.0014903561677783728,-0.007490356167778373,close,0,0,13,2023-05-01
2023-05-22,2439,82.11051177978516,0.6552313357248943,0,0.004489320795983076,0.004489320795983076,-0.0033669862896203995,-0.0022446690127253532,-0.0022446690127253532,-0.008244669012725353,close,0,0,13,2023-05-01
2023-05-22,2913,22.350000381469727,0.6545678366106944,1,0.00447428971529007,0.024608466774225235,-0.00894857943058014,0.01565997116267681,0.01565997116267681,0.009659971162676811,close,0,0,13,2023-05-01
2023-05-22,1595,35.56623840332031,0.653585827980781,1,0.0013038369361311197,0.015645407140254974,0.0013038369361311197,0.014341646805405617,0.014341646805405617,0.008341646805405617,close,0,0,13,2023-05-01
2023-05-22,3209,33.119815826416016,0.652955993941373,0,0.0012033510720357299,0.004813496023416519,-0.0036100533325225115,0.0,0.0,-0.006,close,0,0,13,2023-05-01
2023-05-22,4952,46.721580505371094,0.6528212611744545,1,0.0018115733982995152,0.014492746442556381,-0.0018116288119927049,0.014492746442556381,0.014492746442556381,0.008492746442556381,close,0,0,13,2023-05-01
2023-05-23,2630,36.08435821533203,0.6744826960365488,1,0.10000012814998627,0.10000012814998627,0.03125004842877388,0.10000012814998627,0.03,0.024,gap_take_profit,1,0,13,2023-05-01
2023-05-23,3617,165.5106658935547,0.6258440853092408,1,0.038759745657444,0.09819125384092331,0.007751945871859789,0.02325584553182125,0.03,0.024,gap_take_profit,1,0,13,2023-05-01
2023-05-23,4564,25.401447296142578,0.5985898283665088,1,0.05078117921948433,0.08984367549419403,0.04492181912064552,0.07031242549419403,0.03,0.024,gap_take_profit,1,0,13,2023-05-01
2023-05-23,6164,13.000472068786621,0.5916078589074092,1,0.09019601345062256,0.09803915023803711,0.07450973987579346,0.09803915023803711,0.03,0.024,gap_take_profit,1,0,13,2023-05-01
2023-05-23,5706,63.34947967529297,0.5898529138573091,1,0.03802281245589256,0.09885933995246887,0.03802281245589256,0.09885933995246887,0.03,0.024,gap_take_profit,1,0,13,2023-05-01
2023-05-23,2027,33.39266586303711,0.5811141191407583,1,-0.0022025862708687782,0.004405343905091286,-0.0033039413392543793,0.004405343905091286,0.004405343905091286,-0.0015946560949087144,close,0,0,13,2023-05-01
2023-05-23,2002,27.97527503967285,0.5726947286960395,1,0.001672245911322534,0.003344461089000106,-0.006688958033919334,0.001672245911322534,0.001672245911322534,-0.004327754088677466,close,0,0,13,2023-05-01
2023-05-23,2399,19.5,0.5672929822492134,1,0.04102560132741928,0.0435897633433342,0.0025640635285526514,0.02051280066370964,0.03,0.024,gap_take_profit,1,0,13,2023-05-01
2023-05-23,2305,24.399999618530273,0.566231076025682,0,0.02049180306494236,0.036885231733322144,-0.030737705528736115,-0.02049180306494236,-0.02,-0.026000000000000002,ambiguous_stop_loss,1,1,13,2023-05-01
2023-05-23,3701,68.5843276977539,0.559374649958179,0,-0.011315455660223961,0.016973096877336502,-0.06506375968456268,-0.048090629279613495,-0.02,-0.026000000000000002,stop_loss,0,1,13,2023-05-01
2023-05-23,6418,15.840338706970215,0.5593265647172794,1,0.005509619601070881,0.016528945416212082,-4.298676969938242e-08,0.008264398202300072,0.008264398202300072,0.0022643982023000716,close,0,0,13,2023-05-01
2023-05-23,5284,156.78607177734375,0.55780459028174,0,0.008955341763794422,0.05970161780714989,-0.044776007533073425,-0.014925258234143257,-0.02,-0.026000000000000002,ambiguous_stop_loss,1,1,13,2023-05-01
2023-05-23,3325,23.649999618530273,0.5567979119831439,1,0.023255862295627594,0.06976743042469025,0.0,0.03594081848859787,0.03,0.024,take_profit,1,0,13,2023-05-01
2023-05-23,2357,268.4210510253906,0.5554022666625431,1,-2.6208436310071193e-08,0.003257302800193429,-0.00814334861934185,0.003257302800193429,0.003257302800193429,-0.002742697199806571,close,0,0,13,2023-05-01
2023-05-23,2882,40.21354675292969,0.5534051692255605,0,-0.010044660419225693,0.0011160543654114008,-0.010044660419225693,0.0,0.0,-0.006,close,0,0,13,2023-05-01
2023-05-23,3498,34.12892532348633,0.5518679806060782,1,0.028089914470911026,0.05337085947394371,0.019662968814373016,0.043539438396692276,0.03,0.024,take_profit,1,0,13,2023-05-01
2023-05-23,2528,23.333332061767578,0.5510802020440055,1,0.0,0.03673471882939339,0.0,0.03469391167163849,0.03,0.024,take_profit,1,0,13,2023-05-01
2023-05-23,1725,20.43840217590332,0.549490010399348,1,5.310895545562744e-08,0.00659344345331192,-0.004395568277686834,0.002197821857407689,0.002197821857407689,-0.003802178142592311,close,0,0,13,2023-05-01
2023-05-23,2344,24.380809783935547,0.5488322058620257,1,0.00392151391133666,0.02549019828438759,-0.009803950786590576,0.01960787922143936,0.01960787922143936,0.013607879221439361,close,0,0,13,2023-05-01
2023-05-23,6505,82.61021423339844,0.5479807420224274,1,-6.5330292287058e-09,0.019274422898888588,-0.004535085055977106,0.014739257283508778,0.014739257283508778,0.008739257283508777,close,0,0,13,2023-05-01
2023-05-24,5706,69.61216735839844,0.5208644677565677,1,0.014994285069406033,0.09919263422489166,-0.042675819247961044,0.09919263422489166,-0.02,-0.026000000000000002,ambiguous_stop_loss,1,1,13,2023-05-01
2023-05-24,2630,39.69279861450195,0.5063458742470436,0,0.09090916812419891,0.09090916812419891,-0.03863631561398506,-0.0363636389374733,0.03,0.024,gap_take_profit,1,1,13,2023-05-01
2023-05-24,1432,17.799999237060547,0.4903466232859673,0,-0.005617891903966665,-0.005617891903966665,-0.056179776787757874,-0.0393257811665535,-0.02,-0.026000000000000002,stop_loss,0,1,13,2023-05-01
2023-05-24,6164,14.27502727508545,0.47250115984530533,0,0.08571432530879974,0.08571432530879974,-0.053571395576000214,-0.021428536623716354,0.03,0.024,gap_take_profit,1,1,13,2023-05-01
2023-05-24,2611,12.260607719421387,0.46504984157649465,1,0.01045295037329197,0.03832748904824257,-0.02090592123568058,0.01045295037329197,-0.02,-0.026000000000000002,ambiguous_stop_loss,1,1,13,2023-05-01
2023-05-24,3147,50.05690002441406,0.4514243851758596,0,0.004724553320556879,0.006299308966845274,-0.012598292902112007,-0.0031494919676333666,-0.0031494919676333666,-0.009149491967633367,close,0,0,13,2023-05-01
2023-05-24,8150,33.114830017089844,0.4367418322943141,1,-5.327555285816743e-09,0.009126521646976471,-5.327555285816743e-09,0.009126521646976471,0.009126521646976471,0.003126521646976471,close,0,0,13,2023-05-01
2023-05-24,8147,56.77408218383789,0.4293825674727322,1,0.009803869761526585,0.021241789683699608,0.003267959924414754,0.003267959924414754,0.003267959924414754,-0.002732040075585246,close,0,0,13,2023-05-01
2023-05-24,6426,57.21844482421875,0.4233089730855278,1,0.015075313858687878,0.015075313858687878,-0.001675104140304029,0.0016749922651797533,0.0016749922651797533,-0.004325007734820247,close,0,0,13,2023-05-01
2023-05-24,2883,12.180144309997559,0.41907532988105234,0,4.102068906775003e-09,4.102068906775003e-09,-0.022556401789188385,-0.022556401789188385,-0.02,-0.026000000000000002,stop_loss,0,1,13,2023-05-01
2023-05-24,6509,40.65406799316406,0.4186460390409847,0,-8.055163647213703e-08,0.0033221275079995394,-0.013289166614413261,-0.011074276641011238,-0.011074276641011238,-0.017074276641011236,close,0,0,13,2023-05-01
2023-05-24,3003,74.61734771728516,0.41162580992990455,1,0.01631125994026661,0.021330099552869797,-0.003764005843549967,0.005018892697989941,0.005018892697989941,-0.0009811073020100595,close,0,0,13,2023-05-01
2023-05-24,6573,16.149999618530273,0.4100998723349834,1,0.003096046159043908,0.03405579924583435,0.003096046159043908,0.015479876659810543,0.03,0.024,take_profit,1,0,13,2023-05-01
2023-05-24,2383,182.74627685546875,0.40979965096175425,1,0.03937011957168579,0.08398954570293427,3.806486859048164e-08,0.0708661824464798,0.03,0.024,gap_take_profit,1,0,13,2023-05-01
2023-05-24,6781,650.9913940429688,0.40831366346252207,1,0.005814040079712868,0.018895436078310013,8.619181102176299e-08,0.00872101727873087,0.00872101727873087,0.002721017278730869,close,0,0,13,2023-05-01
2023-05-24,3711,94.0497055053711,0.40793679096958485,0,0.0138248847797513,0.032258063554763794,0.0,0.0,0.03,0.024,take_profit,1,0,13,2023-05-01
2023-05-24,2330,503.84478759765625,0.4054638941821226,1,0.03238091245293617,0.038095198571681976,0.022857103496789932,0.03428567573428154,0.03,0.024,gap_take_profit,1,0,13,2023-05-01
2023-05-24,6278,85.14009857177734,0.40545365612355017,0,-6.164874832848e-08,0.004999937955290079,-0.005000061355531216,-0.0010000463807955384,-0.0010000463807955384,-0.0070000463807955386,close,0,0,13,2023-05-01
2023-05-24,6405,22.52729606628418,0.40513665584210173,1,0.010964966379106045,0.054824620485305786,0.002193086314946413,0.006579068023711443,0.03,0.024,take_profit,1,0,13,2023-05-01
2023-05-24,2382,97.51068115234375,0.40423327946475596,1,0.05687209218740463,0.0900474488735199,0.03791474550962448,0.07582943886518478,0.03,0.024,gap_take_profit,1,0,13,2023-05-01
2023-05-25,3711,94.0497055053711,0.7219495767902249,1,0.004608373157680035,0.02764984965324402,0.004608373157680035,0.018433259800076485,0.018433259800076485,0.012433259800076485,close,0,0,13,2023-05-01
2023-05-25,3152,185.92138671875,0.719571273517083,1,0.022167392075061798,0.03694571554660797,0.009852122515439987,0.014778230339288712,0.03,0.024,take_profit,1,0,13,2023-05-01
2023-05-25,2002,27.507461547851562,0.7112134749882513,0,-0.006802741903811693,0.0017006591660901904,-0.011904834769666195,-0.006802741903811693,-0.006802741903811693,-0.012802741903811693,close,0,0,13,2023-05-01
2023-05-25,6278,85.0549545288086,0.7109631660093232,0,0.006005990784615278,0.011010995134711266,-0.0020020478405058384,0.0,0.0,-0.006,close,0,0,13,2023-05-01
2023-05-25,3042,74.25674438476562,0.7083501857843711,1,0.003409222001209855,0.015909206122159958,0.0022727889008820057,0.006818260997533798,0.006818260997533798,0.0008182609975337981,close,0,0,13,2023-05-01
2023-05-25,2379,337.46759033203125,0.7073768810922239,1,0.0013495743041858077,0.025641072541475296,0.0013495743041858077,0.022942017763853073,0.022942017763853073,0.016942017763853075,close,0,0,13,2023-05-01
2023-05-25,3010,73.14600372314453,0.7064630900133979,1,0.008139527402818203,0.008139527402818203,2.7606741781482924e-08,0.0034884351771324873,0.0034884351771324873,-0.002511564822867513,close,0,0,13,2023-05-01
2023-05-25,1309,18.858875274658203,0.7034530527676712,0,-6.815305653162795e-08,0.007499912288039923,-0.007500048726797104,-0.0025000297464430332,-0.0025000297464430332,-0.008500029746443033,close,0,0,13,2023-05-01
2023-05-25,9910,151.84764099121094,0.7028337870988974,0,-0.007894698530435562,0.0078947888687253,-0.013157830573618412,0.0,0.0,-0.006,close,0,0,13,2023-05-01
2023-05-25,5876,40.747161865234375,0.7017782412472002,0,-0.003264297731220722,0.0010882767383009195,-0.013057569041848183,-0.003264297731220722,-0.003264297731220722,-0.009264297731220722,close,0,0,13,2023-05-01
2023-05-25,1815,11.8711519241333,0.7009805525859416,0,0.008196867071092129,0.008196867071092129,-0.012294938787817955,-0.012294938787817955,-0.012294938787817955,-0.018294938787817953,close,0,0,13,2023-05-01
2023-05-25,3035,160.9374542236328,0.7008298957144047,0,0.014662832953035831,0.026393039152026176,-0.011730130761861801,-0.011730130761861801,-0.011730130761861801,-0.0177301307618618,close,0,0,13,2023-05-01
2023-05-25,9904,28.301918029785156,0.6976235724993608,1,-1.0410138528982316e-08,0.006250013597309589,-0.004687498323619366,0.0031249418389052153,0.0031249418389052153,-0.002875058161094785,close,0,0,13,2023-05-01
2023-05-25,1303,73.59709167480469,0.6972863115948642,0,-0.013819037936627865,-0.006281367968767881,-0.025125591084361076,-0.010050155222415924,-0.02,-0.026000000000000002,stop_loss,0,1,13,2023-05-01
2023-05-25,2890,14.329782485961914,0.6969161216344867,0,-0.002915505785495043,0.0029153774958103895,-0.008746389299631119,-0.002915505785495043,-0.002915505785495043,-0.008915505785495043,close,0,0,13,2023-05-01
2023-05-25,2208,24.202871322631836,0.6956237759571419,0,0.0,0.0019999565556645393,-0.038000043481588364,-0.03400005027651787,-0.02,-0.026000000000000002,stop_loss,0,1,13,2023-05-01
2023-05-25,2103,23.593076705932617,0.6937350220718465,0,2.306694923959185e-08,2.306694923959185e-08,-0.009578521363437176,-0.005747088696807623,-0.005747088696807623,-0.011747088696807623,close,0,0,13,2023-05-01
2023-05-25,2882,39.54032897949219,0.6932015696397779,0,-0.0034052208065986633,0.004540260415524244,-0.006810476537793875,-0.0034052208065986633,-0.0034052208065986633,-0.009405220806598663,close,0,0,13,2023-05-01
2023-05-25,4938,63.63653564453125,0.6928988750469742,1,3.462662689912577e-08,0.01494566723704338,-0.0027173154521733522,0.012228316627442837,0.012228316627442837,0.006228316627442837,close,0,0,13,2023-05-01
2023-05-25,2474,154.9012451171875,0.6921140265704204,0,-0.002695434959605336,0.00808623619377613,-0.005390852689743042,-0.002695434959605336,-0.002695434959605336,-0.008695434959605336,close,0,0,13,2023-05-01
2023-05-26,8436,160.70672607421875,0.7778861271460291,1,0.008645658381283283,0.03458226099610329,0.0028819688595831394,0.03458226099610329,0.03,0.024,take_profit,1,0,13,2023-05-01
2023-05-26,6741,125.70584106445312,0.7640863289037244,1,0.007662901189178228,0.03448282554745674,6.522172668610438e-08,0.026819990947842598,0.03,0.024,take_profit,1,0,13,2023-05-01
2023-05-26,4147,106.5,0.7589111872900184,1,0.014084506779909134,0.0422535203397274,0.009389671497046947,0.028169013559818268,0.03,0.024,take_profit,1,0,13,2023-05-01
2023-05-26,1784,54.65867614746094,0.7532120037341107,1,0.016155118122696877,0.02584819309413433,-0.0016155103221535683,0.006462041288614273,0.006462041288614273,0.00046204128861427295,close,0,0,13,2023-05-01
2023-05-26,6414,244.07302856445312,0.7500306902065801,1,0.016304422169923782,0.025362392887473106,0.009058044292032719,0.018116015940904617,0.018116015940904617,0.012116015940904617,close,0,0,13,2023-05-01
2023-05-26,3707,76.12203979492188,0.7464558547569521,1,0.010389667004346848,0.04675324261188507,0.010389667004346848,0.04675324261188507,0.03,0.024,take_profit,1,0,13,2023-05-01
2023-05-26,3016,59.651668548583984,0.7431555816590671,1,0.014285747893154621,0.033333320170640945,0.014285747893154621,0.033333320170640945,0.03,0.024,take_profit,1,0,13,2023-05-01
2023-05-26,3228,158.58920288085938,0.7428170818525595,1,0.012232447974383831,0.0458715483546257,0.009174305014312267,0.03363916650414467,0.03,0.024,take_profit,1,0,13,2023-05-01
2023-05-26,2413,31.26971435546875,0.7416906483652926,1,0.010886442847549915,0.05287706479430199,0.007776070386171341,0.03732496500015259,0.03,0.024,take_profit,1,0,13,2023-05-01
2023-05-26,6176,96.68498992919922,0.7386591030893558,1,0.004201662261039019,0.00840334314852953,-1.8412290359037797e-08,0.00840334314852953,0.00840334314852953,0.0024033431485295294,close,0,0,13,2023-05-01
2023-05-26,5434,168.19334411621094,0.7353400267038152,1,0.007751918397843838,0.023255785927176476,0.005167900584638119,0.023255785927176476,0.023255785927176476,0.017255785927176477,close,0,0,13,2023-05-01
2023-05-26,3372,11.51997184753418,0.7351529079934285,1,0.04602513089776039,0.04602513089776039,0.008368240669369698,0.025104627013206482,0.03,0.024,gap_take_profit,1,0,13,2023-05-01
2023-05-26,6596,43.02647018432617,0.7349992862114708,1,0.0098038325086236,0.02156851813197136,-4.6521051899617305e-08,0.003921490162611008,0.003921490162611008,-0.0020785098373889924,close,0,0,13,2023-05-01
2023-05-26,6517,134.72779846191406,0.733345856586888,1,0.02456142008304596,0.052631594240665436,1.5530146058040373e-08,0.04912282153964043,0.03,0.024,take_profit,1,0,13,2023-05-01
2023-05-26,6625,78.30789947509766,0.7332097876412532,1,0.0064101326279342175,0.017093949019908905,-0.003205185756087303,0.0032049966976046562,0.0032049966976046562,-0.002795003302395344,close,0,0,13,2023-05-01
2023-05-26,3450,35.97860336303711,0.7327867207604369,1,-0.001367883407510817,0.0205199234187603,-0.001367883407510817,0.017783986404538155,0.017783986404538155,0.011783986404538154,close,0,0,13,2023-05-01
2023-05-26,3321,12.588781356811523,0.7324337473826649,1,0.0,0.033898334950208664,-0.023728789761662483,0.013559319078922272,-0.02,-0.026000000000000002,ambiguous_stop_loss,1,1,13,2023-05-01
2023-05-26,6290,52.00388717651367,0.7304749828660412,1,0.012567366473376751,0.04488333314657211,0.012567366473376751,0.03231599181890488,0.03,0.024,take_profit,1,0,13,2023-05-01
2023-05-26,6278,85.0549545288086,0.7296672023165177,1,0.011011110618710518,0.016016116365790367,1.138097331931931e-07,0.006006105337291956,0.006006105337291956,6.105337291955823e-06,close,0,0,13,2023-05-01
2023-05-26,8222,57.34295654296875,0.7267380320162274,1,0.010238923132419586,0.08020476996898651,0.00853239931166172,0.04436861723661423,0.03,0.024,take_profit,1,0,13,2023-05-01
2023-05-29,8454,522.5741577148438,0.7774277564274089,0,0.001422299537807703,0.007112286984920502,-0.01991473138332367,-0.0014225889462977648,-0.0014225889462977648,-0.007422588946297765,close,0,0,13,2023-05-01
2023-05-29,6257,46.36433029174805,0.772064430528022,1,0.0073394798673689365,0.0073394798673689365,-0.0036697364412248135,0.0073394798673689365,0.0073394798673689365,0.0013394798673689364,close,0,0,13,2023-05-01
2023-05-29,4960,10.875575065612793,0.7715883111134922,1,0.004484335891902447,0.013452980667352676,1.3705422574616932e-08,0.013452980667352676,0.013452980667352676,0.007452980667352676,close,0,0,13,2023-05-01
2023-05-29,2883,11.722243309020996,0.7709353982755848,0,0.003906264901161194,0.011718720197677612,0.0,0.0,0.0,-0.006,close,0,0,13,2023-05-01
2023-05-29,2002,27.179988861083984,0.7661268773662759,0,0.001721248496323824,0.005163602530956268,-0.0017211056547239423,-0.0017211056547239423,-0.0017211056547239423,-0.007721105654723942,close,0,0,13,2023-05-01
2023-05-29,3580,46.28696060180664,0.76537349798924,1,0.0018552233232185245,0.0018552233232185245,-0.003710624761879444,0.0018552233232185245,0.0018552233232185245,-0.004144776676781476,close,0,0,13,2023-05-01
2023-05-29,1216,66.54650115966797,0.7624551067553924,0,5.648333711860687e-08,0.0026774941943585873,-0.008032052777707577,-0.005354614462703466,-0.005354614462703466,-0.011354614462703467,close,0,0,13,2023-05-01
2023-05-29,2451,62.083282470703125,0.7617339967611466,1,0.008130048401653767,0.014905115589499474,0.004064966458827257,0.013550123199820518,0.013550123199820518,0.007550123199820518,close,0,0,13,2023-05-01
2023-05-29,1303,72.48759460449219,0.7596172739273757,0,-4.266701836286302e-08,0.011479567736387253,-0.0038266119081526995,-0.0038266119081526995,-0.0038266119081526995,-0.0098266119081527,close,0,0,13,2023-05-01
2023-05-29,1305,22.781211853027344,0.7591633358962357,1,0.006289268843829632,0.012578560970723629,-0.002096506766974926,0.002096381038427353,0.002096381038427353,-0.0039036189615726472,close,0,0,13,2023-05-01
2023-05-29,2641,16.782255172729492,0.7584036992662878,0,0.002809043973684311,0.00561805535107851,-0.01123590487986803,-0.008426893502473831,-0.008426893502473831,-0.014426893502473831,close,0,0,13,2023-05-01
2023-05-29,1313,13.671652793884277,0.7549454401854883,0,0.0,0.0035335824359208345,-0.0035335151478648186,0.0,0.0,-0.006,close,0,0,13,2023-05-01
2023-05-29,4128,50.35359573364258,0.7545366464960409,0,0.003442265558987856,0.0051633939146995544,-0.006884806323796511,-0.005163602530956268,-0.005163602530956268,-0.011163602530956268,close,0,0,13,2023-05-01
2023-05-29,2890,14.329782485961914,0.7541078055040459,0,0.0,0.00874632503837347,0.0,0.0,0.0,-0.006,close,0,0,13,2023-05-01
2023-05-29,2882,40.168663024902344,0.753631880177517,0,0.005586560349911451,0.007821163162589073,-0.0067039248533546925,-0.005586623679846525,-0.005586623679846525,-0.011586623679846525,close,0,0,13,2023-05-01
2023-05-29,3036,57.8236083984375,0.7519335633418404,0,0.0060059805400669575,0.0060059805400669575,-0.007507446687668562,0.0,0.0,-0.006,close,0,0,13,2023-05-01
2023-05-29,5014,14.105796813964844,0.7509112511068861,0,9.496258002172908e-09,0.0031645784620195627,-0.0063291285187006,-0.0031645596027374268,-0.0031645596027374268,-0.009164559602737427,close,0,0,13,2023-05-01
2023-05-29,9955,25.149999618530273,0.7500928191435834,0,0.0,0.0,-0.011928399093449116,-0.009940357878804207,-0.009940357878804207,-0.015940357878804205,close,0,0,13,2023-05-01
2023-05-29,8938,74.29339599609375,0.7500693677295295,0,0.007490531541407108,0.007490531541407108,-0.008739123120903969,-0.006242282688617706,-0.006242282688617706,-0.012242282688617706,close,0,0,13,2023-05-01
2023-05-29,6412,77.5347671508789,0.7494832312270804,0,0.005896261893212795,0.005896261893212795,-0.016509417444467545,-0.01061319001019001,-0.01061319001019001,-0.01661319001019001,close,0,0,13,2023-05-01
2023-05-30,3071,29.261232376098633,0.6741008201217842,1,0.0075642140582203865,0.03933423385024071,0.0075642140582203865,0.02571859396994114,0.03,0.024,take_profit,1,0,13,2023-05-01
2023-05-30,2002,27.133209228515625,0.6658409321270439,0,0.0,0.013793090358376503,0.0,0.0,0.0,-0.006,close,0,0,13,2023-05-01
2023-05-30,2883,11.722243309020996,0.6642605549669764,0,-1.4696521777324278e-09,0.011718718335032463,-0.007812530733644962,-0.007812530733644962,-0.007812530733644962,-0.013812530733644962,close,0,0,13,2023-05-01
2023-05-30,2474,157.40640258789062,0.6637045002522145,0,-0.00530514121055603,0.0026524176355451345,-0.015915218740701675,-0.015915218740701675,-0.015915218740701675,-0.021915218740701674,close,0,0,13,2023-05-01
2023-05-30,2890,14.329782485961914,0.6613535181637381,1,0.0029153742361813784,0.008746317587792873,-0.002915509045124054,0.008746317587792873,0.008746317587792873,0.0027463175877928733,close,0,0,13,2023-05-01
2023-05-30,1303,72.21021270751953,0.6568482028747633,0,0.007682455237954855,0.01024333294481039,-0.0051216427236795425,-0.0051216427236795425,-0.0051216427236795425,-0.011121642723679543,close,0,0,13,2023-05-01
2023-05-30,6449,46.500308990478516,0.6472208526893373,1,0.001964553026482463,0.017681628465652466,-0.0019647348672151566,0.015717022120952606,0.015717022120952606,0.009717022120952606,close,0,0,13,2023-05-01
2023-05-30,2609,37.91481399536133,0.6438887633042032,0,0.003262723097577691,0.009788033552467823,-0.008156539872288704,-0.008156539872288704,-0.008156539872288704,-0.014156539872288704,close,0,0,13,2023-05-01
2023-05-30,5522,53.68065643310547,0.6423459187925882,1,0.0032310280948877335,0.012924118898808956,-0.003230970585718751,0.012924118898808956,0.012924118898808956,0.006924118898808956,close,0,0,13,2023-05-01
2023-05-30,2882,39.94425582885742,0.6354596644644837,0,0.001123627764172852,0.010112426243722439,-0.004494349937886,-0.004494349937886,-0.004494349937886,-0.010494349937886,close,0,0,13,2023-05-01
2023-05-30,6138,139.64610290527344,0.6350760051916188,1,0.006211121566593647,0.031055839732289314,0.003105531446635723,0.01242230087518692,0.03,0.024,take_profit,1,0,13,2023-05-01
2023-05-30,6625,76.29999542236328,0.6326418818077262,1,0.019736912101507187,0.09539481997489929,0.01644742861390114,0.03618422895669937,0.03,0.024,take_profit,1,0,13,2023-05-01
2023-05-30,9904,28.434585571289062,0.6285771642493377,0,0.0046655042096972466,0.009331180714070797,-0.015552211552858353,-0.015552211552858353,-0.015552211552858353,-0.02155221155285835,close,0,0,13,2023-05-01
2023-05-30,6139,57.67533493041992,0.6255890413887754,0,0.007974489592015743,0.017543889582157135,-0.0047846692614257336,0.0,0.0,-0.006,close,0,0,13,2023-05-01
2023-05-30,2404,192.2953338623047,0.6238999125660515,1,0.0021978914737701416,0.01098910067230463,0.0021978914737701416,0.006593496073037386,0.006593496073037386,0.0005934960730373858,close,0,0,13,2023-05-01
2023-05-30,3163,57.05195236206055,0.6226899780351189,1,0.012500077486038208,0.03125002980232239,0.009375005960464478,0.012500077486038208,0.03,0.024,take_profit,1,0,13,2023-05-01
2023-05-30,2504,23.582565307617188,0.6185441842999452,1,0.003527312073856592,0.008818303234875202,-0.003527388209477067,0.008818303234875202,0.008818303234875202,0.002818303234875202,close,0,0,13,2023-05-01
2023-05-30,2645,93.02238464355469,0.6170075929493714,1,-0.004761835094541311,0.02380959503352642,-0.004761835094541311,0.004761975258588791,0.004761975258588791,-0.0012380247414112092,close,0,0,13,2023-05-01
2023-05-30,4543,35.12306594848633,0.6162365107510079,1,0.026315998286008835,0.09899774193763733,-0.0050123101100325584,0.09899774193763733,0.03,0.024,take_profit,1,0,13,2023-05-01
2023-05-30,3231,61.0456657409668,0.6156991190653273,1,0.0030164788477122784,0.024132637307047844,-0.012066476047039032,0.006033023819327354,0.006033023819327354,3.3023819327354306e-05,close,0,0,13,2023-05-01
2023-05-31,3260,78.4981689453125,0.6031794821845053,0,-0.0022397239226847887,-0.001119863474741578,-0.05151183158159256,-0.041433438658714294,-0.02,-0.026000000000000002,stop_loss,0,1,13,2023-05-01
2023-05-31,6188,62.502418518066406,0.5975764018314437,1,0.004285844042897224,0.035714372992515564,-0.004285672679543495,0.02285720966756344,0.03,0.024,take_profit,1,0,13,2023-05-01
2023-05-31,1717,30.51849937438965,0.5959396575670538,1,0.006097585428506136,0.013719537295401096,-0.0015243658563122153,0.010670802555978298,0.010670802555978298,0.004670802555978298,close,0,0,13,2023-05-01
2023-05-31,1560,107.36502838134766,0.5949585589237064,1,0.008810527622699738,0.035242244601249695,-4.483205628957876e-08,0.026431672275066376,0.03,0.024,take_profit,1,0,13,2023-05-01
2023-05-31,2002,27.133209228515625,0.5924021948424829,1,0.005172468721866608,0.00862075760960579,0.0017241793684661388,0.0034483568742871284,0.0034483568742871284,-0.0025516431257128717,close,0,0,13,2023-05-01
2023-05-31,4938,65.10640716552734,0.5921337895928954,1,-7.674439927995991e-08,0.00796802993863821,-0.00796828418970108,0.005311926361173391,0.005311926361173391,-0.0006880736388266088,close,0,0,13,2023-05-01
2023-05-31,1102,37.52888488769531,0.5921189441246676,1,0.004550630692392588,0.007963547483086586,-0.0011376513866707683,0.0022752657532691956,0.0022752657532691956,-0.0037247342467308046,close,0,0,13,2023-05-01
2023-05-31,2883,11.63066291809082,0.5915376575456863,1,0.003937024623155594,0.01574801839888096,0.003937024623155594,0.007874047383666039,0.007874047383666039,0.0018740473836660384,close,0,0,13,2023-05-01
2023-05-31,5706,79.56822967529297,0.5908575781443907,1,0.01917252689599991,0.08980827033519745,0.01917252689599991,0.029263410717248917,0.03,0.024,take_profit,1,0,13,2023-05-01
2023-05-31,4543,38.60017013549805,0.5900293977125782,1,0.06955506652593613,0.09920165687799454,0.052451372146606445,0.09920165687799454,0.03,0.024,gap_take_profit,1,0,13,2023-05-01
2023-05-31,3306,29.9447078704834,0.5895826255702291,1,0.059724170714616776,0.09954049438238144,0.053598690778017044,0.09954049438238144,0.03,0.024,gap_take_profit,1,0,13,2023-05-01
2023-05-31,2630,41.58722686767578,0.5877858494439676,1,0.007592168170958757,0.08351406455039978,0.004338404163718224,0.021691931411623955,0.03,0.024,take_profit,1,0,13,2023-05-01
2023-05-31,2497,65.4815673828125,0.5854516389444991,1,0.002824741182848811,0.016949033364653587,-0.0014125896850600839,0.012711702845990658,0.012711702845990658,0.006711702845990658,close,0,0,13,2023-05-01
2023-05-31,4523,41.29999923706055,0.5847930564697248,1,0.0992736667394638,0.0992736667394638,0.0992736667394638,0.0992736667394638,0.03,0.024,gap_take_profit,1,0,13,2023-05-01
2023-05-31,4303,18.054462432861328,0.5802795410914732,0,0.005405466537922621,0.005405466537922621,-0.03243241459131241,-0.01351347379386425,-0.02,-0.026000000000000002,stop_loss,0,1,13,2023-05-01
2023-05-31,8271,52.569854736328125,0.5786515420205606,1,0.049742765724658966,0.07718699425458908,0.017152687534689903,0.0583190955221653,0.03,0.024,gap_take_profit,1,0,13,2023-05-01
2023-05-31,4906,27.084896087646484,0.5768259815521186,1,0.003184653352946043,0.009554103948175907,-0.003184797242283821,0.006369378883391619,0.006369378883391619,0.0003693788833916186,close,0,0,13,2023-05-01
2023-05-31,1802,18.350000381469727,0.576811893994489,1,0.008174366317689419,0.010899120010435581,-0.0027248580008745193,0.005449612159281969,0.005449612159281969,-0.0005503878407180311,close,0,0,13,2023-05-01
2023-05-31,2882,39.764732360839844,0.5766757522578766,0,0.004514770116657019,0.00902946013957262,-0.011286603286862373,-0.006771912798285484,-0.006771912798285484,-0.012771912798285484,close,0,0,13,2023-05-01
2023-05-31,6861,106.24979400634766,0.5759370532773602,1,0.008849544450640678,0.09292034059762955,-0.0044247922487556934,0.04424777254462242,0.03,0.024,take_profit,1,0,13,2023-05-01
2023-06-01,4523,45.400001525878906,0.8374674286107618,1,0.09911894053220749,0.09911894053220749,0.05726868659257889,0.07158590108156204,0.03,0.024,gap_take_profit,1,0,14,2023-06-01
2023-06-01,1709,22.85477638244629,0.734647894167453,1,0.003944727126508951,0.003944727126508951,-0.00197249255143106,0.001972295343875885,0.001972295343875885,-0.004027704656124115,close,0,0,14,2023-06-01
2023-06-01,3003,75.55358123779297,0.7169309258188401,1,0.009913261979818344,0.028500622138381004,0.0024783362168818712,0.003717474639415741,0.003717474639415741,-0.002282525360584259,close,0,0,14,2023-06-01
2023-06-01,2486,32.91021728515625,0.7150485343355684,1,0.050520025193691254,0.09955424815416336,0.03268946334719658,0.09955424815416336,0.03,0.024,gap_take_profit,1,0,14,2023-06-01
2023-06-01,1717,30.84415626525879,0.71030642336209,1,0.0015083239413797855,0.04072398692369461,0.0015083239413797855,0.0286575760692358,0.03,0.024,take_profit,1,0,14,2023-06-01
2023-06-01,3363,44.895606994628906,0.7069739429122466,0,0.002134393434971571,0.022411899641156197,-0.017075778916478157,-0.013874111697077751,-0.013874111697077751,-0.01987411169707775,close,0,0,14,2023-06-01
2023-06-01,4915,55.53750228881836,0.705570537650646,0,0.007727934513241053,0.007727934513241053,-0.006182326935231686,-0.0030911839567124844,-0.0030911839567124844,-0.009091183956712484,close,0,0,14,2023-06-01
2023-06-01,3321,16.64279556274414,0.7022373012832714,0,0.0,0.0,-0.08333335071802139,-0.08333335071802139,-0.02,-0.026000000000000002,stop_loss,0,1,14,2023-06-01
2023-06-01,4979,61.34836196899414,0.6991924057864788,1,0.014218089170753956,0.05529232695698738,-0.01105834636837244,0.011058565229177475,0.03,0.024,take_profit,1,0,14,2023-06-01
2023-06-01,5478,93.52718353271484,0.6956987724922169,1,0.014285760931670666,0.04761909693479538,4.6174012169331036e-08,0.009523856453597546,0.03,0.024,take_profit,1,0,14,2023-06-01
2023-06-01,3376,83.92317962646484,0.6942863639984318,0,0.003194992197677493,0.003194992197677493,-0.0074546365067362785,-0.0021298222709447145,-0.0021298222709447145,-0.008129822270944715,close,0,0,14,2023-06-01
2023-06-01,3306,32.925418853759766,0.6940002400567198,1,0.041782766580581665,0.09888581186532974,0.004178245551884174,0.016713084653019905,0.03,0.024,gap_take_profit,1,0,14,2023-06-01
2023-06-01,3010,73.40116882324219,0.6936597517489098,1,0.003476235782727599,0.010428709909319878,-0.002317507052794099,0.008111247792840004,0.008111247792840004,0.002111247792840004,close,0,0,14,2023-06-01
2023-06-01,3305,49.6401252746582,0.6931031101086612,0,0.03454552963376045,0.04363643750548363,-0.03454544022679329,-0.03454544022679329,0.03,0.024,gap_take_profit,1,1,14,2023-06-01
2023-06-01,2387,33.702903747558594,0.6882346933337129,1,0.0071770246140658855,0.0071770246140658855,-0.004784698132425547,0.003588562598451972,0.003588562598451972,-0.002411437401548028,close,0,0,14,2023-06-01
2023-06-01,6215,30.364681243896484,0.6876348485709963,1,-0.015015016309916973,0.022522522136569023,-0.03603605926036835,0.00600602850317955,-0.02,-0.026000000000000002,stop_loss,0,1,14,2023-06-01
2023-06-01,1708,31.26192855834961,0.6843617824079654,1,0.004010709002614021,0.00668456731364131,0.0013369530206546187,0.0013369530206546187,0.0013369530206546187,-0.004663046979345381,close,0,0,14,2023-06-01
2023-06-01,2009,31.323131561279297,0.6830612047524613,1,0.012422318570315838,0.01397520862519741,0.0046583437360823154,0.006211233325302601,0.006211233325302601,0.00021123332530260074,close,0,0,14,2023-06-01
2023-06-01,1786,63.452484130859375,0.6787924239954687,1,0.004373186733573675,0.023323556408286095,0.004373186733573675,0.01311951968818903,0.01311951968818903,0.00711951968818903,close,0,0,14,2023-06-01
2023-06-01,1560,110.20286560058594,0.676000350302818,1,0.012875591404736042,0.017167437821626663,-0.004291791468858719,0.008583745919167995,0.008583745919167995,0.0025837459191679953,close,0,0,14,2023-06-01
2023-06-02,6515,754.6416015625,0.7688070468630096,1,0.02628294751048088,0.03128920495510101,-0.011263989843428135,0.0212766882032156,0.03,0.024,take_profit,1,0,14,2023-06-01
2023-06-02,6603,16.023853302001953,0.7677064540034414,1,0.008849384263157845,0.014749234542250633,0.0029497668147087097,0.014749234542250633,0.014749234542250633,0.008749234542250633,close,0,0,14,2023-06-01
2023-06-02,3714,49.0793342590332,0.7537410453130494,1,0.011673095636069775,0.03307384252548218,0.009727600030601025,0.02334621734917164,0.03,0.024,take_profit,1,0,14,2023-06-01
2023-06-02,5386,39.33601760864258,0.7478796907747408,0,-0.007518838159739971,0.016917269676923752,-0.037593990564346313,-0.02255641482770443,-0.02,-0.026000000000000002,stop_loss,0,1,14,2023-06-01
2023-06-02,3093,29.84142303466797,0.7463952780777612,1,0.0014006412820890546,0.036414649337530136,-0.005602160468697548,0.025210123509168625,0.03,0.024,take_profit,1,0,14,2023-06-01
2023-06-02,2504,23.873706817626953,0.7451128458457162,1,0.003484258195385337,0.006968591827899218,0.0017421245574951172,0.005226458422839642,0.005226458422839642,-0.0007735415771603586,close,0,0,14,2023-06-01
2023-06-02,2884,22.49051856994629,0.7438423339919704,1,0.005769203882664442,0.019230753183364868,0.005769203882664442,0.013461550697684288,0.013461550697684288,0.007461550697684288,close,0,0,14,2023-06-01
2023-06-02,3211,69.44676208496094,0.7411557762564315,1,0.012658124789595604,0.022784745320677757,0.005063208285719156,0.007594814989715815,0.007594814989715815,0.0015948149897158145,close,0,0,14,2023-06-01
2023-06-02,5490,24.920856475830078,0.7370059360906619,1,0.011881168931722641,0.027722813189029694,0.0019801785238087177,0.005940589588135481,0.005940589588135481,-5.9410411864519244e-05,close,0,0,14,2023-06-01
2023-06-02,3015,42.268375396728516,0.7361931399436097,1,0.005964147392660379,0.01789262145757675,0.005964147392660379,0.01391646359115839,0.01391646359115839,0.00791646359115839,close,0,0,14,2023-06-01
2023-06-02,3071,30.323667526245117,0.7332790560012146,1,0.007299342658370733,0.02335771545767784,0.00437967898324132,0.020438052713871002,0.020438052713871002,0.014438052713871002,close,0,0,14,2023-06-01
2023-06-02,8064,17.91115379333496,0.7292548116752291,1,0.012531427666544914,0.045112863183021545,0.012531427666544914,0.045112863183021545,0.03,0.024,take_profit,1,0,14,2023-06-01
2023-06-02,8255,165.7010955810547,0.7283626114179917,1,0.017142942175269127,0.04285722225904465,0.017142942175269127,0.02857150137424469,0.03,0.024,take_profit,1,0,14,2023-06-01
2023-06-02,2883,11.813822746276855,0.7275444475583609,1,0.0038760658353567123,0.019379928708076477,0.0038760658353567123,0.007752050179988146,0.007752050179988146,0.0017520501799881457,close,0,0,14,2023-06-01
2023-06-02,5371,66.94404602050781,0.7253487646339681,1,0.006596318446099758,0.014511865563690662,-0.0026385702658444643,0.011873282492160797,0.011873282492160797,0.005873282492160797,close,0,0,14,2023-06-01
2023-06-02,6257,47.04490661621094,0.7235193688511249,1,0.009041608311235905,0.009041608311235905,0.0018083767499774694,0.009041608311235905,0.009041608311235905,0.0030416083112359046,close,0,0,14,2023-06-01
2023-06-02,1217,10.735505104064941,0.7222029364391644,1,0.004424716345965862,0.013274222612380981,0.004424716345965862,0.004424716345965862,0.004424716345965862,-0.0015752836540341379,close,0,0,14,2023-06-01
2023-06-02,6148,32.3222770690918,0.7218768278152368,1,0.01302462350577116,0.05354565382003784,0.005788732785731554,0.03328513726592064,0.03,0.024,take_profit,1,0,14,2023-06-01
2023-06-02,2548,74.26644134521484,0.7216226807703979,1,9.58297619035875e-09,0.007726320065557957,9.58297619035875e-09,0.006622491870075464,0.006622491870075464,0.0006224918700754641,close,0,0,14,2023-06-01
2023-06-02,2206,78.82780456542969,0.7201265291069298,1,0.027241801843047142,0.038592539727687836,0.01589106395840645,0.023836545646190643,0.03,0.024,take_profit,1,0,14,2023-06-01
2023-06-05,3003,75.45995330810547,0.7484573087085868,0,0.004962913691997528,0.011166388168931007,-0.002481237053871155,-0.001240560901351273,-0.001240560901351273,-0.007240560901351273,close,0,0,14,2023-06-01
2023-06-05,8476,30.361740112304688,0.747086996742702,1,1.0223464965820312,1.030726432800293,0.9832402467727661,1.011173129081726,0.03,0.024,gap_take_profit,1,0,14,2023-06-01
2023-06-05,2883,11.905404090881348,0.7353998907472028,1,0.003846169449388981,0.011538432911038399,0.003846169449388981,0.007692337967455387,0.007692337967455387,0.001692337967455387,close,0,0,14,2023-06-01
2023-06-05,2002,27.69458770751953,0.7270824110103609,1,0.0016891512786969543,0.01182432472705841,0.0016891512786969543,0.010135097429156303,0.010135097429156303,0.004135097429156303,close,0,0,14,2023-06-01
2023-06-05,1560,110.20286560058594,0.7206387168642406,1,0.00858384184539318,0.02145938016474247,0.00429199542850256,0.012875687330961227,0.012875687330961227,0.006875687330961227,close,0,0,14,2023-06-01
2023-06-05,4958,100.76860046386719,0.708711266710128,0,0.009216589853167534,0.009216589853167534,-0.004608294926583767,0.0,0.0,-0.006,close,0,0,14,2023-06-01
2023-06-05,6227,37.78313446044922,0.7046576667110994,1,0.004645732697099447,0.004645732697099447,-0.005807246081531048,0.0011613769456744194,0.0011613769456744194,-0.004838623054325581,close,0,0,14,2023-06-01
2023-06-05,2536,24.552518844604492,0.7013312387543318,1,-5.3665015542492256e-08,0.009671125560998917,-5.3665015542492256e-08,0.005802639294415712,0.005802639294415712,-0.00019736070558428777,close,0,0,14,2023-06-01
2023-06-05,6134,23.46060562133789,0.6989063327157987,1,0.004219369497150183,0.03797469288110733,-0.004219400696456432,0.02742616832256317,0.03,0.024,take_profit,1,0,14,2023-06-01
2023-06-05,3230,14.797347068786621,0.6954672249417185,0,5.178481288226067e-08,5.178481288226067e-08,-0.006711319554597139,-0.0033556020352989435,-0.0033556020352989435,-0.009355602035298944,close,0,0,14,2023-06-01
2023-06-05,6609,31.459136962890625,0.6936253744680313,0,0.001410432392731309,0.004231263883411884,-0.007052169647067785,-0.007052169647067785,-0.007052169647067785,-0.013052169647067785,close,0,0,14,2023-06-01
2023-06-05,2884,22.793275833129883,0.6924184732107276,1,0.0037950153928250074,0.015180233865976334,0.001897492096759379,0.007590139750391245,0.007590139750391245,0.0015901397503912448,close,0,0,14,2023-06-01
2023-06-05,2890,14.45511531829834,0.692102786476912,1,-2.3975388341312964e-09,0.008670487441122532,-2.3975388341312964e-09,0.002890161005780101,0.002890161005780101,-0.0031098389942198993,close,0,0,14,2023-06-01
2023-06-05,3036,57.302669525146484,0.6916526320423727,1,0.006060613319277763,0.021212123334407806,-0.0030301986262202263,0.021212123334407806,0.021212123334407806,0.015212123334407806,close,0,0,14,2023-06-01
2023-06-05,2404,188.91433715820312,0.6913328590644932,0,-4.367478467770525e-08,-4.367478467770525e-08,-0.013422861695289612,-0.011185725219547749,-0.011185725219547749,-0.017185725219547747,close,0,0,14,2023-06-01
2023-06-05,2006,51.192962646484375,0.6909321869466348,1,0.0017513266066089272,0.012259180657565594,0.0017513266066089272,0.007005253806710243,0.007005253806710243,0.001005253806710243,close,0,0,14,2023-06-01
2023-06-05,2230,59.46274185180664,0.6908181684434689,1,0.014687827788293362,0.015911860391497612,-0.015911918133497238,0.007343883626163006,0.007343883626163006,0.0013438836261630057,close,0,0,14,2023-06-01
2023-06-05,2374,19.583154678344727,0.6899075915888474,0,3.197224884843308e-08,0.0024569970555603504,-0.0073709567077457905,-0.004913991782814264,-0.004913991782814264,-0.010913991782814264,close,0,0,14,2023-06-01
2023-06-05,2534,19.224225997924805,0.6898602565372987,1,5.934641933436069e-08,0.00442485511302948,-0.0022123807575553656,0.0022124149836599827,0.0022124149836599827,-0.0037875850163400174,close,0,0,14,2023-06-01
2023-06-05,3002,12.67664623260498,0.6877997333526262,1,0.007633552420884371,0.06106865033507347,8.658550321172243e-09,0.03435114026069641,0.03,0.024,take_profit,1,0,14,2023-06-01
2023-06-06,2347,54.51835250854492,0.7949250363652013,0,-3.138190862728152e-08,0.006677726283669472,-0.015025097876787186,-0.011686187237501144,-0.011686187237501144,-0.017686187237501143,close,0,0,14,2023-06-01
2023-06-06,3027,45.78175735473633,0.7715700764529633,1,0.010752747766673565,0.04301081597805023,0.004301151260733604,0.01827959716320038,0.03,0.024,take_profit,1,0,14,2023-06-01
2023-06-06,2613,20.493330001831055,0.7373506749831538,0,0.006912424694746733,0.006912424694746733,0.0,0.0,0.0,-0.006,close,0,0,14,2023-06-01
2023-06-06,3003,75.36634063720703,0.7369760341666364,1,0.008695549331605434,0.0459626279771328,0.0074533321894705296,0.0459626279771328,0.03,0.024,take_profit,1,0,14,2023-06-01
2023-06-06,3163,56.51708984375,0.7363451986618015,0,0.001577281509526074,0.012618242762982845,-0.015772851184010506,-0.006309153977781534,-0.006309153977781534,-0.012309153977781534,close,0,0,14,2023-06-01
2023-06-06,6683,188.35232543945312,0.7356253129377823,1,0.002439063275232911,0.04634150490164757,0.002439063275232911,0.041463453322649,0.03,0.024,take_profit,1,0,14,2023-06-01
2023-06-06,2527,20.430925369262695,0.7349668844086021,1,-5.200207908728771e-08,0.022964423522353172,-0.002087782369926572,0.014613661915063858,0.014613661915063858,0.008613661915063858,close,0,0,14,2023-06-01
2023-06-06,6667,72.43048095703125,0.7338868116113128,1,0.002537915948778391,0.05329933017492294,0.002537915948778391,0.031725767999887466,0.03,0.024,take_profit,1,0,14,2023-06-01
2023-06-06,2537,7.190000057220459,0.7324488732592637,1,0.0,0.008344915695488453,-0.0027816384099423885,0.0013907861430197954,0.0013907861430197954,-0.004609213856980205,close,0,0,14,2023-06-01
2023-06-06,2390,12.199999809265137,0.7294256173583936,1,0.012295128777623177,0.012295128777623177,0.0040983762592077255,0.0040983762592077255,0.0040983762592077255,-0.0019016237407922746,close,0,0,14,2023-06-01
2023-06-06,2504,24.16485023498535,0.7290230983799446,1,0.0017211447702720761,0.02237520180642605,0.0017211447702720761,0.012048140168190002,0.012048140168190002,0.006048140168190002,close,0,0,14,2023-06-01
2023-06-06,2061,20.25,0.7284450488562895,1,0.0,0.01728396862745285,-0.0024690981954336166,0.007407388649880886,0.007407388649880886,0.001407388649880886,close,0,0,14,2023-06-01
2023-06-06,6509,40.924190521240234,0.7270110769295924,1,3.949446991668992e-08,0.012101233005523682,3.949446991668992e-08,0.008800869807600975,0.008800869807600975,0.002800869807600975,close,0,0,14,2023-06-01
2023-06-06,9939,92.42691802978516,0.7263356694445855,0,2.9652143851421897e-08,2.9652143851421897e-08,-0.019230740144848824,-0.009615355171263218,-0.009615355171263218,-0.015615355171263218,close,0,0,14,2023-06-01
2023-06-06,2404,186.8011932373047,0.7249455722594629,1,0.0045249308459460735,0.01357470452785492,4.3674788230418926e-08,0.01131226122379303,0.01131226122379303,0.00531226122379303,close,0,0,14,2023-06-01
2023-06-06,5534,71.91670989990234,0.7244880239043292,1,0.0012345666764304042,0.0061728572472929955,0.0012345666764304042,0.0061728572472929955,0.0061728572472929955,0.00017285724729299533,close,0,0,14,2023-06-01
2023-06-06,9946,14.115983963012695,0.7242778908498658,0,0.003366918070241809,0.003366918070241809,-0.0067340657114982605,-0.003367049852386117,-0.003367049852386117,-0.009367049852386117,close,0,0,14,2023-06-01
2023-06-06,1101,35.733890533447266,0.7235565920893384,0,0.002577378647401929,0.0038660187274217606,-0.005154659040272236,0.0,0.0,-0.006,close,0,0,14,2023-06-01
2023-06-06,6151,25.005428314208984,0.7208216153038874,0,0.0,0.0016834759153425694,-0.003367016091942787,0.0,0.0,-0.006,close,0,0,14,2023-06-01
2023-06-06,1229,48.988224029541016,0.720476042515253,1,0.0016025436343625188,0.01282048411667347,1.240604596830508e-08,0.009615347720682621,0.009615347720682621,0.003615347720682621,close,0,0,14,2023-06-01
2023-06-07,8034,16.85283851623535,0.7547605537226909,1,0.09972304850816727,0.09972304850816727,0.09972304850816727,0.09972304850816727,0.03,0.024,gap_take_profit,1,0,14,2023-06-01
2023-06-07,1609,34.464717864990234,0.6636620157389963,1,0.03571430593729019,0.0535714216530323,0.00765302125364542,0.03316329047083855,0.03,0.024,gap_take_profit,1,0,14,2023-06-01
2023-06-07,6596,52.391048431396484,0.6486705290594735,1,0.028985507786273956,0.09983901679515839,0.028985507786273956,0.09983901679515839,0.03,0.024,take_profit,1,0,14,2023-06-01
2023-06-07,6265,10.5,0.6370423976221008,1,0.009523846209049225,0.014285678043961525,0.0,0.004761923104524612,0.004761923104524612,-0.0012380768954753877,close,0,0,14,2023-06-01
2023-06-07,2390,12.25,0.6359346523795972,1,0.00816329661756754,0.057142842561006546,0.00816329661756754,0.040816325694322586,0.03,0.024,take_profit,1,0,14,2023-06-01
2023-06-07,5222,142.24371337890625,0.6308541942137416,1,0.017543889582157135,0.03759394958615303,-0.005012526176869869,0.010025118477642536,0.03,0.024,take_profit,1,0,14,2023-06-01
2023-06-07,6257,47.30012130737305,0.6302373367184666,0,0.0,0.005395738407969475,-0.0035970674362033606,0.0,0.0,-0.006,close,0,0,14,2023-06-01
2023-06-07,8064,18.4498348236084,0.6264077863080127,0,0.002433144487440586,0.007299343124032021,-0.004866107366979122,-0.002433054381981492,-0.002433054381981492,-0.008433054381981492,close,0,0,14,2023-06-01
2023-06-07,3131,546.7858276367188,0.6187815207781578,0,0.060658518224954605,0.060658518224954605,-0.09878688305616379,-0.0953206792473793,0.03,0.024,gap_take_profit,1,1,14,2023-06-01
2023-06-07,1569,20.867578506469727,0.6181087559721724,1,0.006355939898639917,0.01059324387460947,2.3695879036722545e-08,0.004237328190356493,0.004237328190356493,-0.0017626718096435071,close,0,0,14,2023-06-01
2023-06-07,4105,68.57282257080078,0.6171621329480431,0,0.006605020258575678,0.009247088804841042,-0.0026419677305966616,0.0,0.0,-0.006,close,0,0,14,2023-06-01
2023-06-07,6187,89.15061950683594,0.6153511466471181,1,0.021786445751786232,0.0468408577144146,-0.02505454234778881,0.017429130151867867,-0.02,-0.026000000000000002,ambiguous_stop_loss,1,1,14,2023-06-01
2023-06-07,3093,30.468345642089844,0.6135720903869241,0,0.0013716828543692827,0.0013716828543692827,-0.013717458583414555,-0.010974016040563583,-0.010974016040563583,-0.016974016040563582,close,0,0,14,2023-06-01
2023-06-07,3543,19.348493576049805,0.6103374316073412,0,0.002304134890437126,0.0069124470464885235,-0.0046082898043096066,-0.0023041777312755585,-0.0023041777312755585,-0.008304177731275559,close,0,0,14,2023-06-01
2023-06-07,6462,83.15943908691406,0.6099872021839792,1,1.3612757587821989e-09,0.08323562145233154,-0.0011724031064659357,0.057444240897893906,0.03,0.024,take_profit,1,0,14,2023-06-01
2023-06-07,1449,17.070514678955078,0.6095027802425843,1,1.0105893899492457e-08,0.07219252735376358,1.0105893899492457e-08,0.021390488371253014,0.03,0.024,take_profit,1,0,14,2023-06-01
2023-06-07,4760,70.7513198852539,0.6079517747402841,0,0.002475390676409006,0.002475390676409006,-0.009900899603962898,-0.007425661664456129,-0.007425661664456129,-0.01342566166445613,close,0,0,14,2023-06-01
2023-06-07,1717,30.983720779418945,0.6071013088858357,0,0.003003017045557499,0.003003017045557499,-0.012011997401714325,-0.01051051914691925,-0.01051051914691925,-0.01651051914691925,close,0,0,14,2023-06-01
2023-06-07,6776,52.80069351196289,0.6055305165525989,1,0.04340828210115433,0.09324748069047928,-0.016077255830168724,0.07717031240463257,0.03,0.024,gap_take_profit,1,0,14,2023-06-01
2023-06-07,2417,21.56875228881836,0.6051508220393349,0,1.2110992031466594e-07,0.0022779908031225204,-0.006833661813288927,-0.004555705469101667,-0.004555705469101667,-0.010555705469101668,close,0,0,14,2023-06-01
2023-06-08,8034,18.53345489501953,0.7722764538187838,1,0.09823669493198395,0.09823669493198395,0.06045329198241234,0.09823669493198395,0.03,0.024,gap_take_profit,1,0,14,2023-06-01
2023-06-08,5243,79.86138916015625,0.7508116981657054,1,0.02259211242198944,0.034482717514038086,0.0035671601071953773,0.01664680801331997,0.03,0.024,take_profit,1,0,14,2023-06-01
2023-06-08,8936,26.74796485900879,0.7476429732674944,1,0.010638306848704815,0.021276578307151794,0.007092193700373173,0.021276578307151794,0.021276578307151794,0.015276578307151794,close,0,0,14,2023-06-01
2023-06-08,6243,48.29830551147461,0.7451348417374545,0,0.027026910334825516,0.03088792786002159,-0.02123563177883625,-0.015444142743945122,-0.02,-0.026000000000000002,ambiguous_stop_loss,1,1,14,2023-06-01
2023-06-08,6112,61.25979232788086,0.7353404809182739,1,0.013554276898503304,0.02710840106010437,0.004518039990216494,0.016566278412938118,0.016566278412938118,0.010566278412938118,close,0,0,14,2023-06-01
2023-06-08,8048,46.604759216308594,0.7307967134418255,1,0.01769913174211979,0.03539825603365898,0.008849568665027618,0.012389378622174263,0.03,0.024,take_profit,1,0,14,2023-06-01
2023-06-08,2344,26.006196975708008,0.7271661533424865,1,0.01654410921037197,0.036764681339263916,0.014705836772918701,0.03308820724487305,0.03,0.024,take_profit,1,0,14,2023-06-01
2023-06-08,3689,38.208919525146484,0.7250493123936872,1,0.015402796678245068,0.033175308257341385,0.007108993828296661,0.02132696658372879,0.03,0.024,take_profit,1,0,14,2023-06-01
2023-06-08,3481,14.499988555908203,0.7214356429794986,1,0.010309292934834957,0.013745616190135479,-0.003436438273638487,0.010309292934834957,0.010309292934834957,0.004309292934834957,close,0,0,14,2023-06-01
2023-06-08,2607,24.952070236206055,0.7194285967779158,1,0.005328514613211155,0.007104754447937012,-0.0017762398347258568,0.0017761713825166225,0.0017761713825166225,-0.004223828617483378,close,0,0,14,2023-06-01
2023-06-08,3587,194.31072998046875,0.7128312625432109,1,0.006666494067758322,0.05777763947844505,0.002222082344815135,0.053333159536123276,0.03,0.024,take_profit,1,0,14,2023-06-01
2023-06-08,6470,60.87601852416992,0.7009218613488213,1,0.010401244275271893,0.04309064894914627,0.005943546071648598,0.01634480431675911,0.03,0.024,take_profit,1,0,14,2023-06-01
2023-06-08,3013,28.5008544921875,0.6977072236788264,1,0.01554399635642767,0.03108806349337101,-5.279544357250643e-09,0.012089751660823822,0.03,0.024,take_profit,1,0,14,2023-06-01
2023-06-08,3044,109.52306365966797,0.6971102163818905,0,0.007936430163681507,0.007936430163681507,-0.01587309129536152,-0.003968330565840006,-0.003968330565840006,-0.009968330565840006,close,0,0,14,2023-06-01
2023-06-08,3715,25.954288482666016,0.6884812525939644,1,0.010619434528052807,0.03362833708524704,-0.017699122428894043,0.01769910752773285,0.03,0.024,take_profit,1,0,14,2023-06-01
2023-06-08,3540,49.74919128417969,0.6884759405461864,1,0.011764648370444775,0.06862742453813553,0.007843139581382275,0.06274508684873581,0.03,0.024,take_profit,1,0,14,2023-06-01
2023-06-08,4743,194.55572509765625,0.6875961703959299,1,0.012847954407334328,0.03426121920347214,0.004282601643353701,0.02355462685227394,0.03,0.024,take_profit,1,0,14,2023-06-01
2023-06-08,2382,110.9126205444336,0.6809126553870908,1,0.029166677966713905,0.10000000894069672,0.025000011548399925,0.09583334624767303,0.03,0.024,take_profit,1,0,14,2023-06-01
2023-06-08,3312,19.854427337646484,0.6800371743058187,1,0.010893350467085838,0.028322529047727585,0.004357336089015007,0.015250583179295063,0.015250583179295063,0.009250583179295063,close,0,0,14,2023-06-01
2023-06-08,8089,17.963254928588867,0.6799385686468451,0,-2.6830452526382942e-08,0.004618873354047537,-0.0023094273637980223,-0.0023094273637980223,-0.0023094273637980223,-0.008309427363798022,close,0,0,14,2023-06-01
2023-06-09,2385,86.63057708740234,0.7531504639865467,1,0.009615420363843441,0.009615420363843441,-0.00480765663087368,0.0048077283427119255,0.0048077283427119255,-0.0011922716572880746,close,0,0,14,2023-06-01
2023-06-09,6148,35.92403793334961,0.7234316393710327,1,0.09895828366279602,0.09895828366279602,0.054687436670064926,0.09895828366279602,0.03,0.024,gap_take_profit,1,0,14,2023-06-01
2023-06-09,3518,30.564647674560547,0.7116100329520816,0,0.004838684573769569,0.012903200462460518,-0.05161292850971222,-0.03548389673233032,-0.02,-0.026000000000000002,stop_loss,0,1,14,2023-06-01
2023-06-09,6781,674.6466064453125,0.7115504101437498,1,0.00420766044408083,0.05189349874854088,-0.009817586280405521,0.03927077725529671,0.03,0.024,take_profit,1,0,14,2023-06-01
2023-06-09,2458,93.09060668945312,0.7039252174058799,0,0.009615334682166576,0.009615334682166576,-0.014423125423491001,-0.00480774138122797,-0.00480774138122797,-0.01080774138122797,close,0,0,14,2023-06-01
2023-06-09,5522,54.11426544189453,0.6880078667257531,0,-2.0924169064073794e-08,0.004807658959180117,-0.011217981576919556,-0.008012841455638409,-0.008012841455638409,-0.014012841455638409,close,0,0,14,2023-06-01
2023-06-09,3323,32.98002243041992,0.6821615273663295,0,0.0014104304136708379,0.0070522199384868145,-0.0028208845760673285,-0.0028208845760673285,-0.0028208845760673285,-0.008820884576067329,close,0,0,14,2023-06-01
2023-06-09,3443,1371.14892578125,0.6805518355045617,1,0.017793623730540276,0.0533808134496212,0.014234904199838638,0.04270465672016144,0.03,0.024,take_profit,1,0,14,2023-06-01
2023-06-09,6591,48.307308197021484,0.6797438783683696,1,0.01834862306714058,0.03302750736474991,0.00550457276403904,0.01100914552807808,0.03,0.024,take_profit,1,0,14,2023-06-01
2023-06-09,4961,209.69781494140625,0.6737810760455091,1,0.012345791794359684,0.037037186324596405,0.012345791794359684,0.037037186324596405,0.03,0.024,take_profit,1,0,14,2023-06-01
2023-06-09,8054,35.6579704284668,0.671786181214721,0,0.005517290905117989,0.009655158966779709,-0.03724130988121033,-0.03724130988121033,-0.02,-0.026000000000000002,stop_loss,0,1,14,2023-06-01
2023-06-09,6547,61.20000076293945,0.6682379003023525,0,-0.006535972468554974,-0.004901948384940624,-0.01960785500705242,-0.014705907553434372,-0.014705907553434372,-0.02070590755343437,close,0,0,14,2023-06-01
2023-06-09,2474,159.07647705078125,0.6673505608002082,1,0.007874049246311188,0.010498721152544022,3.35598606682197e-08,0.005249377340078354,0.005249377340078354,-0.0007506226599216462,close,0,0,14,2023-06-01
2023-06-09,3374,121.4028549194336,0.6660429466435089,0,0.03125,0.07421875,-0.00390625,0.0,0.03,0.024,gap_take_profit,1,0,14,2023-06-01
2023-06-09,2607,24.996389389038086,0.6642371953677084,0,0.0017730839317664504,0.0017730839317664504,-0.012411300092935562,-0.00886518694460392,-0.00886518694460392,-0.01486518694460392,close,0,0,14,2023-06-01
2023-06-09,2472,54.33369827270508,0.663967651483326,1,0.004823179915547371,0.0064308722503483295,-0.006430851761251688,0.0032154873479157686,0.0032154873479157686,-0.0027845126520842315,close,0,0,14,2023-06-01
2023-06-09,8131,37.412452697753906,0.663721069782717,1,-5.098594613173191e-08,0.005720772314816713,-5.098594613173191e-08,0.003432390745729208,0.003432390745729208,-0.002567609254270792,close,0,0,14,2023-06-01
2023-06-09,3546,67.16019439697266,0.6604943094780197,0,0.005599000956863165,0.005599000956863165,-0.014557772316038609,-0.012318097054958344,-0.012318097054958344,-0.018318097054958342,close,0,0,14,2023-06-01
2023-06-09,3078,65.201416015625,0.6600782168406145,1,0.03611110523343086,0.06944446265697479,-0.005555560812354088,0.03055552951991558,0.03,0.024,gap_take_profit,1,0,14,2023-06-01
2023-06-09,6695,45.400001525878906,0.6593644280226033,0,-0.022026430815458298,-0.011013215407729149,-0.046255555003881454,-0.040748946368694305,-0.022026430815458298,-0.028026430815458296,gap_stop,0,1,14,2023-06-01
2023-06-12,4533,18.194183349609375,0.6801059677916071,1,0.08080804347991943,0.0984848290681839,0.04040404036641121,0.0984848290681839,0.03,0.024,gap_take_profit,1,0,14,2023-06-01
2023-06-12,5478,89.96424102783203,0.6651013092168554,1,0.019801944494247437,0.024752438068389893,0.004950459115207195,0.009900953620672226,0.009900953620672226,0.003900953620672226,close,0,0,14,2023-06-01
2023-06-12,2493,59.341957092285156,0.6650915296919241,1,1.8841612714481926e-08,0.014992523938417435,-0.0014992087380960584,0.00899561308324337,0.00899561308324337,0.00299561308324337,close,0,0,14,2023-06-01
2023-06-12,4147,102.5,0.6602493309718784,0,0.014634146355092525,0.02926829271018505,-0.004878048785030842,0.0,0.0,-0.006,close,0,0,14,2023-06-01
2023-06-12,8048,45.61492156982422,0.6514249687352224,1,0.009041562676429749,0.07775763422250748,0.0054249390959739685,0.0578661672770977,0.03,0.024,take_profit,1,0,14,2023-06-01
2023-06-12,1727,36.0688362121582,0.6493830663715223,0,0.009283731691539288,0.015915030613541603,-0.006631346419453621,-0.0053051067516207695,-0.0053051067516207695,-0.01130510675162077,close,0,0,14,2023-06-01
2023-06-12,4938,67.09504699707031,0.6471102847024844,1,0.0012885807082057,0.009020618163049221,-0.002577339531853795,0.0051545994356274605,0.0051545994356274605,-0.0008454005643725396,close,0,0,14,2023-06-01
2023-06-12,6605,97.94889831542969,0.6419241797392715,1,0.03181818500161171,0.08636364340782166,-0.02272726781666279,0.07727273553609848,0.03,0.024,gap_take_profit,1,1,14,2023-06-01
2023-06-12,2427,23.431068420410156,0.6408463251222529,1,0.028455177322030067,0.060975510627031326,0.008129998110234737,0.008129998110234737,0.03,0.024,take_profit,1,0,14,2023-06-01
2023-06-12,3498,41.89421844482422,0.6341305510068078,1,0.09954226762056351,0.09954226762056351,0.009153238497674465,0.0308923851698637,0.03,0.024,gap_take_profit,1,0,14,2023-06-01
2023-06-12,3025,47.09076690673828,0.6338907949159752,1,0.010726985521614552,0.03456488624215126,0.005959405098110437,0.025029726326465607,0.03,0.024,take_profit,1,0,14,2023-06-01
2023-06-12,2207,743.6459350585938,0.6265488440648089,1,0.009840086102485657,0.01845015585422516,0.0012299404479563236,0.008610054850578308,0.008610054850578308,0.002610054850578308,close,0,0,14,2023-06-01
2023-06-12,3518,29.48009490966797,0.616025224187886,0,0.046822767704725266,0.046822767704725266,-0.020066866651177406,-0.01672237366437912,0.03,0.024,gap_take_profit,1,1,14,2023-06-01
2023-06-12,6117,17.25,0.6117742096394009,0,0.03188401460647583,0.05217389017343521,-0.043478261679410934,-0.043478261679410934,0.03,0.024,gap_take_profit,1,1,14,2023-06-01
2023-06-12,2883,11.813822746276855,0.6085695484444869,0,4.659612784507772e-08,0.0038760306779295206,-0.007751847617328167,-0.003875863505527377,-0.003875863505527377,-0.009875863505527377,close,0,0,14,2023-06-01
2023-06-12,5009,48.23695755004883,0.6084085486469994,1,0.010600711219012737,0.021201390773057938,-0.007067133206874132,0.01236746832728386,0.01236746832728386,0.006367468327283859,close,0,0,14,2023-06-01
2023-06-12,4714,12.5,0.607799184147686,1,0.015999983996152878,0.019999999552965164,-0.004000015091150999,0.004000015091150999,0.004000015091150999,-0.001999984908849001,close,0,0,14,2023-06-01
2023-06-12,6515,783.9205932617188,0.6067540263173237,1,0.012048191390931606,0.04337349161505699,0.0060240947641432285,0.0060240947641432285,0.03,0.024,take_profit,1,0,14,2023-06-01
2023-06-12,3013,27.81171417236328,0.6064360640442394,1,0.014159321784973145,0.04247794672846794,0.0035398793406784534,0.014159321784973145,0.03,0.024,take_profit,1,0,14,2023-06-01
2023-06-12,4561,22.282670974731445,0.6056758112499357,0,0.016666650772094727,0.016666650772094727,-0.008333365432918072,0.0,0.0,-0.006,close,0,0,14,2023-06-01
2023-06-13,2468,27.87019157409668,0.7493565472679522,1,0.09863942861557007,0.09863942861557007,0.0714285671710968,0.09863942861557007,0.03,0.024,gap_take_profit,1,0,14,2023-06-01
2023-06-13,8054,34.330020904541016,0.7005598416175521,1,0.0057304734364151955,0.01719183288514614,-9.724018212864394e-08,0.002865188056603074,0.002865188056603074,-0.003134811943396926,close,0,0,14,2023-06-01
2023-06-13,2385,87.46356201171875,0.6700738212660365,1,0.004761889111250639,0.014285698533058167,-1.5635459149621056e-08,0.009523794054985046,0.009523794054985046,0.0035237940549850463,close,0,0,14,2023-06-01
2023-06-13,3518,28.987117767333984,0.6688729619326378,1,0.013605431653559208,0.03061223402619362,0.006802748888731003,0.02380955219268799,0.03,0.024,take_profit,1,0,14,2023-06-01
2023-06-13,2363,24.08112335205078,0.6670838337404308,1,0.008403336629271507,0.036414578557014465,0.0056022051721811295,0.025210123509168625,0.03,0.024,take_profit,1,0,14,2023-06-01
2023-06-13,3024,14.573602676391602,0.654961009562222,1,0.003267997410148382,0.00653592124581337,-0.0065359617583453655,0.003267997410148382,0.003267997410148382,-0.002732002589851618,close,0,0,14,2023-06-01
2023-06-13,6147,57.48622512817383,0.651548443853875,0,0.002865322632715106,0.004297965671867132,-0.004298001062124968,-0.002865358255803585,-0.002865358255803585,-0.008865358255803585,close,0,0,14,2023-06-01
2023-06-13,5272,27.05327796936035,0.6508340848048408,1,0.016216279938817024,0.019819827750325203,0.0018018092960119247,0.0054054269567132,0.0054054269567132,-0.0005945730432868005,close,0,0,14,2023-06-01
2023-06-13,2302,19.24305534362793,0.6490663172970718,1,0.016587819904088974,0.021327083930373192,0.002369754482060671,0.014218096621334553,0.014218096621334553,0.008218096621334553,close,0,0,14,2023-06-01
2023-06-13,3379,12.112419128417969,0.6450259549660412,1,0.02032518945634365,0.024390244856476784,0.016260134056210518,0.02032518945634365,0.02032518945634365,0.01432518945634365,close,0,0,14,2023-06-01
2023-06-13,2801,15.205227851867676,0.6439350128998136,1,0.0027099517174065113,0.0135499881580472,-8.593551115154696e-08,0.008129912428557873,0.008129912428557873,0.0021299124285578726,close,0,0,14,2023-06-01
2023-06-13,6122,38.097896575927734,0.6428692625531532,1,0.013452896848320961,0.05941702052950859,-0.026905875653028488,0.0033632267732173204,-0.02,-0.026000000000000002,ambiguous_stop_loss,1,1,14,2023-06-01
2023-06-13,3257,61.53811264038086,0.6396644909961229,0,0.014992466196417809,0.026986515149474144,-0.014992541633546352,-0.007496289908885956,-0.007496289908885956,-0.013496289908885956,close,0,0,14,2023-06-01
2023-06-13,3694,27.193490982055664,0.6312030179565166,0,0.012259230948984623,0.012259230948984623,-0.0087565453723073,-0.0087565453723073,-0.0087565453723073,-0.0147565453723073,close,0,0,14,2023-06-01
2023-06-13,6220,23.198820114135742,0.6300472109950194,1,-4.763717953437663e-08,0.005415100604295731,-0.0018051429651677608,0.003610005369409919,0.003610005369409919,-0.0023899946305900813,close,0,0,14,2023-06-01
2023-06-13,6414,245.84170532226562,0.6297356829887817,1,0.0017984091537073255,0.007194092031568289,-1.5167130129611905e-07,0.005395531188696623,0.005395531188696623,-0.0006044688113033773,close,0,0,14,2023-06-01
2023-06-13,6261,57.91767120361328,0.628015119885199,1,0.0015037760604172945,0.009022573009133339,-0.0015036968979984522,0.0045113638043403625,0.0045113638043403625,-0.0014886361956596376,close,0,0,14,2023-06-01
2023-06-13,2374,19.342575073242188,0.6251559427170577,1,0.004975209943950176,0.012437877245247364,6.61495889175967e-08,0.004975209943950176,0.004975209943950176,-0.0010247900560498239,close,0,0,14,2023-06-01
2023-06-13,3663,31.171979904174805,0.6233854542392195,1,0.009146355092525482,0.019817156717181206,-0.004573064856231213,0.006097620818763971,0.006097620818763971,9.76208187639712e-05,close,0,0,14,2023-06-01
2023-06-13,8110,13.116904258728027,0.6219164682535873,1,0.007352923508733511,0.014705892652273178,0.0036764387041330338,0.0036764387041330338,0.0036764387041330338,-0.0023235612958669664,close,0,0,14,2023-06-01
2023-06-14,2427,22.383337020874023,0.781779887738059,1,0.0170213021337986,0.05106386914849281,6.116658823884791e-08,0.02127663418650627,0.03,0.024,take_profit,1,0,14,2023-06-01
2023-06-14,4927,60.34227752685547,0.7735251358419905,1,0.008038614876568317,0.022508032619953156,0.008038614876568317,0.014469446614384651,0.014469446614384651,0.008469446614384651,close,0,0,14,2023-06-01
2023-06-14,1907,32.57427978515625,0.7490134584204154,1,1.859233123013837e-08,0.015449543483555317,-0.009831399656832218,0.015449543483555317,0.015449543483555317,0.009449543483555317,close,0,0,14,2023-06-01
2023-06-14,6741,119.92626190185547,0.7476715183963688,0,0.008032090961933136,0.016064219176769257,-0.008032165467739105,-0.004016101360321045,-0.004016101360321045,-0.010016101360321045,close,0,0,14,2023-06-01
2023-06-14,2377,160.8004913330078,0.7367846728001854,0,0.0027932715602219105,0.0139664551243186,-0.013966504484415054,-0.005586616694927216,-0.005586616694927216,-0.011586616694927216,close,0,0,14,2023-06-01
2023-06-14,4533,21.961666107177734,0.7299458573138722,1,0.010460305958986282,0.0983264371752739,0.010460305958986282,0.0983264371752739,0.03,0.024,take_profit,1,0,14,2023-06-01
2023-06-14,3540,47.1641845703125,0.718569464669599,1,0.006204773671925068,0.024818995967507362,0.004136473871767521,0.016546035185456276,0.016546035185456276,0.010546035185456276,close,0,0,14,2023-06-01
2023-06-14,8064,17.686704635620117,0.7164903776447198,1,0.007614131551235914,0.02538064680993557,-6.142042252577085e-08,0.022842517122626305,0.022842517122626305,0.016842517122626306,close,0,0,14,2023-06-01
2023-06-14,2645,92.13645935058594,0.7146358477896226,1,0.0192307997494936,0.0961538776755333,0.004807723220437765,0.08653849363327026,0.03,0.024,take_profit,1,0,14,2023-06-01
2023-06-14,3515,191.0187225341797,0.706544590256731,0,0.026378896087408066,0.04316546767950058,0.0,0.0,0.03,0.024,take_profit,1,0,14,2023-06-01
2023-06-14,3306,32.5127067565918,0.7063661255715965,1,0.00282073556445539,0.03949207812547684,-0.002821034286171198,0.011283336207270622,0.03,0.024,take_profit,1,0,14,2023-06-01
2023-06-14,3257,61.076805114746094,0.6994545099020393,1,6.978960698234005e-08,0.03625387325882912,-0.0015104813501238823,0.021148132160305977,0.03,0.024,take_profit,1,0,14,2023-06-01
2023-06-14,2753,170.2382049560547,0.6979032295307354,0,-0.002610917668789625,0.002611014759168029,-0.015665749087929726,-0.007832850329577923,-0.007832850329577923,-0.013832850329577923,close,0,0,14,2023-06-01
2023-06-14,8016,195.65048217773438,0.6977995285786021,1,0.002100873040035367,0.006302553694695234,-0.002100807847455144,0.0042017134837806225,0.0042017134837806225,-0.0017982865162193776,close,0,0,14,2023-06-01
2023-06-14,2515,10.283982276916504,0.6966482187370301,0,0.008928605355322361,0.008928605355322361,-0.008928520604968071,0.0,0.0,-0.006,close,0,0,14,2023-06-01
2023-06-14,4167,16.575902938842773,0.6931695574889981,1,1.0238474601464986e-07,0.008772010914981365,1.0238474601464986e-07,0.0058480785228312016,0.0058480785228312016,-0.00015192147716879857,close,0,0,14,2023-06-01
2023-06-14,6109,16.09638023376465,0.6919896357054494,1,0.005990450736135244,0.03638291358947754,0.005990450736135244,0.03030451387166977,0.03,0.024,take_profit,1,0,14,2023-06-01
2023-06-14,3305,46.210445404052734,0.6901825281192316,1,-1.7276459374215847e-08,0.05078120157122612,-0.001953186932951212,0.029296856373548508,0.03,0.024,take_profit,1,0,14,2023-06-01
2023-06-14,3594,54.57256317138672,0.6885242714238046,1,0.01243343111127615,0.01243343111127615,-0.007104731164872646,0.0017762638162821531,0.0017762638162821531,-0.004223736183717847,close,0,0,14,2023-06-01
2023-06-14,5245,43.96101379394531,0.6854583633813953,0,0.011815235950052738,0.011815235950052738,0.0,0.0,0.0,-0.006,close,0,0,14,2023-06-01
2023-06-15,2610,25.03948402404785,0.5961397342255061,1,0.020183425396680832,0.05504583939909935,-0.005504604894667864,0.012844018638134003,0.03,0.024,take_profit,1,0,14,2023-06-01
2023-06-15,2301,101.15990447998047,0.576968637545829,0,0.009009024128317833,0.009009024128317833,-0.06306304782629013,-0.05405404046177864,-0.02,-0.026000000000000002,stop_loss,0,1,14,2023-06-01
2023-06-15,2468,33.65278244018555,0.5711111753857464,1,0.02816898189485073,0.09999994188547134,0.01830986887216568,0.09999994188547134,0.03,0.024,take_profit,1,0,14,2023-06-01
2023-06-15,3706,35.321163177490234,0.564562930110494,1,0.023513108491897583,0.05532504618167877,0.004149325657635927,0.00829874537885189,0.03,0.024,take_profit,1,0,14,2023-06-01
2023-06-15,3543,22.371562957763672,0.5574819858554729,0,0.031315237283706665,0.05636736750602722,-0.016701525077223778,0.0,0.03,0.024,gap_take_profit,1,0,14,2023-06-01
2023-06-15,3484,40.69935989379883,0.5572048149555903,1,0.006802770309150219,0.00907030887901783,0.0011338358744978905,0.0011338358744978905,0.0011338358744978905,-0.00486616412550211,close,0,0,14,2023-06-01
2023-06-15,2371,43.92786407470703,0.5523023735348528,1,0.008733558468520641,0.044759780168533325,-0.024017486721277237,0.001091666053980589,-0.02,-0.026000000000000002,ambiguous_stop_loss,1,1,14,2023-06-01
2023-06-15,1477,222.2769317626953,0.5470090018617958,1,0.033464495092630386,0.07677165418863297,0.027559010311961174,0.03936997801065445,0.03,0.024,gap_take_profit,1,0,14,2023-06-01
2023-06-15,3455,66.19803619384766,0.5400985265241238,0,-0.0011890839086845517,0.001189001020975411,-0.00713438680395484,-0.00713438680395484,-0.00713438680395484,-0.01313438680395484,close,0,0,14,2023-06-01
2023-06-15,2883,11.722243309020996,0.5364568247493826,0,0.003906304948031902,0.007812495809048414,-0.0039062248542904854,-0.0039062248542904854,-0.0039062248542904854,-0.009906224854290486,close,0,0,14,2023-06-01
2023-06-15,3551,62.34219741821289,0.5359400315340609,1,0.018950477242469788,0.018950477242469788,0.00437321700155735,0.013119550421833992,0.013119550421833992,0.007119550421833992,close,0,0,14,2023-06-01
2023-06-15,3685,23.850000381469727,0.5346723017292493,1,0.04402512311935425,0.09853251278400421,0.010482179932296276,0.01886787638068199,0.03,0.024,gap_take_profit,1,0,14,2023-06-01
2023-06-15,8111,18.94549560546875,0.5326957937111636,1,0.00709215784445405,0.011820307932794094,-2.2774067076625215e-08,0.004728127736598253,0.004728127736598253,-0.0012718722634017469,close,0,0,14,2023-06-01
2023-06-15,8021,27.992244720458984,0.530756248758319,0,-6.586144252196391e-08,0.006379482336342335,-0.011164351366460323,-0.011164351366460323,-0.011164351366460323,-0.01716435136646032,close,0,0,14,2023-06-01
2023-06-15,6727,61.73383331298828,0.5240714795818079,1,0.013554186560213566,0.016566189005970955,-0.0030121691524982452,0.0015059487195685506,0.0015059487195685506,-0.0044940512804314495,close,0,0,14,2023-06-01
2023-06-15,3515,191.0187225341797,0.52370295348227,1,0.02158270590007305,0.08393282443284988,0.011990380473434925,0.04316543787717819,0.03,0.024,take_profit,1,0,14,2023-06-01
2023-06-15,4147,98.5,0.5230767597886299,0,-0.004060929175466299,0.025380710139870644,-0.021319782361388206,-0.019289355725049973,-0.02,-0.026000000000000002,stop_loss,0,1,14,2023-06-01
2023-06-15,2061,19.700000762939453,0.5220068616533188,1,0.0,0.015228386968374252,0.0,0.007614193484187126,0.007614193484187126,0.001614193484187126,close,0,0,14,2023-06-01
2023-06-15,2392,36.83611297607422,0.5217725499792292,1,0.01925402320921421,0.02647431381046772,0.0060169752687215805,0.008423768915235996,0.008423768915235996,0.002423768915235996,close,0,0,14,2023-06-01
2023-06-15,9910,160.23922729492188,0.5198712030089259,0,-0.0024937535636126995,0.014962606132030487,-0.009975014254450798,0.0,0.0,-0.006,close,0,0,14,2023-06-01
2023-06-16,6120,13.041069984436035,0.8002536607149273,1,0.09963089972734451,0.09963089972734451,0.003690003417432308,0.04428035020828247,0.03,0.024,gap_take_profit,1,0,14,2023-06-01
2023-06-16,8476,30.361740112304688,0.792951071152915,1,-0.005586544051766396,0.009776582010090351,-0.005586544051766396,0.001396631938405335,0.001396631938405335,-0.004603368061594665,close,0,0,14,2023-06-01
2023-06-16,1907,32.02527618408203,0.7719533054871935,0,0.001428523100912571,0.001428523100912571,-0.051428575068712234,-0.03571430966258049,-0.02,-0.026000000000000002,stop_loss,0,1,14,2023-06-01
2023-06-16,3587,200.7877197265625,0.7213694661347397,1,8.319821631630475e-08,0.015053872019052505,-0.00645154993981123,0.006451716180890799,0.006451716180890799,0.00045171618089079844,close,0,0,14,2023-06-01
2023-06-16,1528,15.852818489074707,0.714817215966492,1,0.09627329558134079,0.09937895834445953,0.018633544445037842,0.09937895834445953,0.03,0.024,gap_take_profit,1,0,14,2023-06-01
2023-06-16,2468,37.01805877685547,0.7101430665724092,1,0.09090906381607056,0.09987199306488037,-0.0012803977588191628,0.09987199306488037,0.03,0.024,gap_take_profit,1,0,14,2023-06-01
2023-06-16,2353,29.340248107910156,0.7099886538639352,0,3.493379097108118e-08,3.493379097108118e-08,-0.044977422803640366,-0.044977422803640366,-0.02,-0.026000000000000002,stop_loss,0,1,14,2023-06-01
2023-06-16,4958,99.37548828125,0.6907646806276337,0,7.20877046944679e-09,7.20877046944679e-09,-0.009345787577331066,-0.004672890063375235,-0.004672890063375235,-0.010672890063375235,close,0,0,14,2023-06-01
2023-06-16,6148,45.606689453125,0.682723907904074,1,0.05025644600391388,0.08512825518846512,-0.011282016523182392,0.0020512701012194157,0.03,0.024,gap_take_profit,1,0,14,2023-06-01
2023-06-16,2474,155.73629760742188,0.6778952645969024,1,0.0026809992268681526,0.01340486016124487,3.396583636572359e-08,0.005361964460462332,0.005361964460462332,-0.0006380355395376684,close,0,0,14,2023-06-01
2023-06-16,3693,281.4999694824219,0.6755609287742429,1,0.015410914085805416,0.09075337648391724,-0.010274016298353672,0.051369816064834595,0.03,0.024,take_profit,1,0,14,2023-06-01
2023-06-16,8034,20.3541202545166,0.6609678656914617,1,2.748374505756601e-08,0.02293580025434494,-0.002293541794642806,0.013761522248387337,0.013761522248387337,0.007761522248387337,close,0,0,14,2023-06-01
2023-06-16,5876,40.52547073364258,0.6492741452958324,1,0.0021881109569221735,0.01641133800148964,0.0021881109569221735,0.01641133800148964,0.01641133800148964,0.01041133800148964,close,0,0,14,2023-06-01
2023-06-16,2312,14.492019653320312,0.6485468645114904,0,0.01935485191643238,0.025806427001953125,-0.022580670192837715,-0.01935485005378723,-0.02,-0.026000000000000002,stop_loss,0,1,14,2023-06-01
2023-06-16,1215,83.79255676269531,0.64740869384335,0,8.891034042335377e-08,0.008421174250543118,-0.03052624501287937,-0.007368300575762987,-0.02,-0.026000000000000002,stop_loss,0,1,14,2023-06-01
2023-06-16,1513,122.44426727294922,0.6466525503297241,1,0.011718721129000187,0.04687497019767761,-0.01562502793967724,0.003906221129000187,0.03,0.024,take_profit,1,0,14,2023-06-01
2023-06-16,4938,68.56491088867188,0.6453430649170904,0,-0.002522133756428957,-7.969378046368547e-09,-0.03404798358678818,-0.027742814272642136,-0.02,-0.026000000000000002,stop_loss,0,1,14,2023-06-01
2023-06-16,2425,38.98915481567383,0.6303777911676965,0,0.004950426984578371,0.02227717824280262,-0.01361392904073,-0.004950506146997213,-0.004950506146997213,-0.010950506146997213,close,0,0,14,2023-06-01
2023-06-16,2329,21.33220863342285,0.6302248043470396,1,0.010799212381243706,0.01943855546414852,7.524090506194625e-08,0.004319746512919664,0.004319746512919664,-0.0016802534870803357,close,0,0,14,2023-06-01
2023-06-16,8464,315.282470703125,0.6299303888517583,0,0.0,0.0014347202377393842,-0.01578192226588726,0.0,0.0,-0.006,close,0,0,14,2023-06-01
2023-06-19,6274,69.42532348632812,0.6934427838199426,0,0.008042887784540653,0.013404838740825653,-0.024128613993525505,-0.013404813595116138,-0.02,-0.026000000000000002,stop_loss,0,1,14,2023-06-01
2023-06-19,6125,50.005767822265625,0.6901637288113381,1,0.09885936975479126,0.09885936975479126,0.09885936975479126,0.09885936975479126,0.03,0.024,gap_take_profit,1,0,14,2023-06-01
2023-06-19,1907,30.881515502929688,0.6877701217823267,1,0.0029628316406160593,0.042962897568941116,-0.001481544692069292,0.042962897568941116,0.03,0.024,take_profit,1,0,14,2023-06-01
2023-06-19,2427,25.240785598754883,0.6567104494760001,0,-1.6918802359100482e-08,0.028301836922764778,-0.056603796780109406,-0.056603796780109406,-0.02,-0.026000000000000002,stop_loss,0,1,14,2023-06-01
2023-06-19,1528,17.428255081176758,0.651615915292123,0,0.014124247245490551,0.04802246391773224,-0.025423815473914146,-0.008474706672132015,-0.02,-0.026000000000000002,ambiguous_stop_loss,1,1,14,2023-06-01
2023-06-19,2493,56.93981170654297,0.6477329085994817,1,0.003124962095171213,0.023437509313225746,0.003124962095171213,0.018749961629509926,0.018749961629509926,0.012749961629509926,close,0,0,14,2023-06-01
2023-06-19,6462,97.9780044555664,0.6295576565469732,1,0.004975086078047752,0.09452731907367706,-0.03184080123901367,0.07960195094347,-0.02,-0.026000000000000002,ambiguous_stop_loss,1,1,14,2023-06-01
2023-06-19,3003,77.80052947998047,0.6258308010692684,1,-0.0012033525854349136,0.02286403626203537,-0.004813497420400381,0.019253890961408615,0.019253890961408615,0.013253890961408615,close,0,0,14,2023-06-01
2023-06-19,6415,385.1059265136719,0.6227378519985737,0,-0.0038511177990585566,0.0064184581860899925,-0.04878051206469536,-0.02053917944431305,-0.02,-0.026000000000000002,stop_loss,0,1,14,2023-06-01
2023-06-19,2454,649.1177978515625,0.6198709567312619,0,-0.0014011204475536942,0.02257653698325157,-0.025378776714205742,-0.025378776714205742,-0.02,-0.026000000000000002,stop_loss,0,1,14,2023-06-01
2023-06-19,4916,39.94314193725586,0.6187498467700714,1,0.05024506524205208,0.09926467388868332,0.0416666716337204,0.09926467388868332,0.03,0.024,gap_take_profit,1,0,14,2023-06-01
2023-06-19,8476,30.404144287109375,0.618138114312846,1,0.9860531091690063,1.0111576318740845,0.9860531091690063,1.0083682537078857,0.03,0.024,gap_take_profit,1,0,14,2023-06-01
2023-06-19,7402,72.99048614501953,0.6178848039024553,0,0.0272614024579525,0.04832710698246956,-0.05576208606362343,-0.012391647323966026,-0.02,-0.026000000000000002,ambiguous_stop_loss,1,1,14,2023-06-01
2023-06-19,2468,40.715126037597656,0.6138736538856492,0,-2.1807821326547128e-08,0.012805547565221786,-0.05238651484251022,-0.01047733798623085,-0.02,-0.026000000000000002,stop_loss,0,1,14,2023-06-01
2023-06-19,2915,53.4350471496582,0.606404252492628,0,3.3580191960425054e-09,0.0016722824657335877,-0.00836120080202818,-0.00836120080202818,-0.00836120080202818,-0.01436120080202818,close,0,0,14,2023-06-01
2023-06-19,2353,28.020599365234375,0.5978749622027385,1,0.00313974148593843,0.0251177866011858,0.0015698468778282404,0.0251177866011858,0.0251177866011858,0.0191177866011858,close,0,0,14,2023-06-01
2023-06-19,1477,227.52757263183594,0.5977169059464306,1,0.001923058065585792,0.030769191682338715,-0.046153850853443146,0.024999987334012985,-0.02,-0.026000000000000002,ambiguous_stop_loss,1,1,14,2023-06-01
2023-06-19,1471,11.0,0.5974584974544567,1,-0.0045454720966517925,0.09545456618070602,-0.05909087508916855,0.07272729277610779,-0.02,-0.026000000000000002,ambiguous_stop_loss,1,1,14,2023-06-01
2023-06-19,2634,59.05533981323242,0.5947784083483474,1,0.02190927229821682,0.03286384046077728,-0.007824710570275784,0.01721438765525818,0.03,0.024,take_profit,1,0,14,2023-06-01
2023-06-19,3515,205.21913146972656,0.5878552753056687,1,0.004632243886590004,0.04629901796579361,-0.0069418600760400295,0.027780452743172646,0.03,0.024,take_profit,1,0,14,2023-06-01
2023-06-20,4129,67.21306610107422,0.6656329752757411,1,0.009333275258541107,0.015999941155314445,-0.004000058397650719,0.0013332953676581383,0.0013332953676581383,-0.004666704632341862,close,0,0,14,2023-06-01
2023-06-20,5388,89.09579467773438,0.6613550851457233,1,0.0062695774249732494,0.009404325857758522,-0.002089910674840212,0.002089833375066519,0.002089833375066519,-0.003910166624933481,close,0,0,14,2023-06-01
2023-06-20,8112,37.94399642944336,0.65065154019407,1,-0.00518150394782424,0.0124350655823946,-0.00518150394782424,0.0124350655823946,0.0124350655823946,0.0064350655823946,close,0,0,14,2023-06-01
2023-06-20,2542,34.013633728027344,0.6413425412935427,1,7.354581299523488e-08,0.008303776383399963,-0.0011861227685585618,0.002372575690969825,0.002372575690969825,-0.0036274243090301753,close,0,0,14,2023-06-01
2023-06-20,2915,52.98826599121094,0.6383288790917359,0,0.003372686915099621,0.0050590019673109055,-0.010118025355041027,-0.010118025355041027,-0.010118025355041027,-0.016118025355041025,close,0,0,14,2023-06-01
2023-06-20,2543,6.194936752319336,0.6293872072888939,1,0.014999933540821075,0.01999993622303009,-7.404034363389655e-08,0.014999933540821075,0.014999933540821075,0.008999933540821075,close,0,0,14,2023-06-01
2023-06-20,6125,54.94930648803711,0.625788947046457,1,0.0986158549785614,0.0986158549785614,0.062283702194690704,0.0986158549785614,0.03,0.024,gap_take_profit,1,0,14,2023-06-01
2023-06-20,3376,80.97380828857422,0.6254159553652142,0,0.004414912313222885,0.006622383836656809,-0.007726349867880344,-0.0022075867746025324,-0.0022075867746025324,-0.008207586774602533,close,0,0,14,2023-06-01
2023-06-20,3147,59.43764877319336,0.6135402024091202,1,0.014588935300707817,0.05172421410679817,0.014588935300707817,0.03448285162448883,0.03,0.024,take_profit,1,0,14,2023-06-01
2023-06-20,6271,130.1223602294922,0.6104790032711634,0,2.6455570178995913e-08,0.005420047789812088,-0.008130112662911415,-0.005420102272182703,-0.005420102272182703,-0.011420102272182703,close,0,0,14,2023-06-01
2023-06-20,2425,37.9758186340332,0.609159320016728,1,0.0025413697585463524,0.03811945766210556,-0.003811870701611042,0.036848828196525574,0.03,0.024,take_profit,1,0,14,2023-06-01
2023-06-20,2061,19.100000381469727,0.6083339344925922,1,0.01570676639676094,0.01570676639676094,0.0,0.005235622171312571,0.005235622171312571,-0.0007643778286874296,close,0,0,14,2023-06-01
2023-06-20,5392,21.729005813598633,0.6079362399157048,1,0.006756796035915613,0.013513535261154175,-0.0022522476501762867,0.009009013883769512,0.009009013883769512,0.003009013883769512,close,0,0,14,2023-06-01
2023-06-20,2357,271.0440673828125,0.6077689696003398,1,0.003225689986720681,0.024193430319428444,-1.1599372840009892e-07,0.01451601181179285,0.01451601181179285,0.00851601181179285,close,0,0,14,2023-06-01
2023-06-20,2355,28.50034523010254,0.6065588018205087,1,-3.486952238063168e-08,0.023547785356640816,-3.486952238063168e-08,0.020408116281032562,0.020408116281032562,0.014408116281032562,close,0,0,14,2023-06-01
2023-06-20,5328,14.614583015441895,0.6054542174350742,0,0.0,0.0,-0.01337791420519352,0.0,0.0,-0.006,close,0,0,14,2023-06-01
2023-06-20,2417,21.37222671508789,0.6045544724809931,1,0.01149423886090517,0.025287307798862457,0.004597704857587814,0.020689675584435463,0.020689675584435463,0.014689675584435463,close,0,0,14,2023-06-01
2023-06-20,5876,40.52547073364258,0.6026706494553288,0,0.0,0.006564534734934568,-0.0032823090441524982,0.0,0.0,-0.006,close,0,0,14,2023-06-01
2023-06-20,2603,73.50907897949219,0.6005584135472699,0,-1.1889691364785904e-07,-1.1889691364785904e-07,-0.02769242413341999,-0.02769242413341999,-0.02,-0.026000000000000002,stop_loss,0,1,14,2023-06-01
2023-06-20,2618,34.945350646972656,0.5994949829470374,1,0.010037628933787346,0.02132999338209629,-0.003764108521863818,0.015056468546390533,0.015056468546390533,0.009056468546390533,close,0,0,14,2023-06-01
2023-06-21,6596,52.559783935546875,0.7742815118924987,0,-0.027287296950817108,-0.0032102905679494143,-0.03691809996962547,-0.022471895441412926,-0.027287296950817108,-0.03328729695081711,gap_stop,0,1,14,2023-06-01
2023-06-21,3390,15.992315292358398,0.7484869520946112,1,0.005618031602352858,0.005618031602352858,-0.005617859773337841,0.002809085650369525,0.002809085650369525,-0.003190914349630475,close,0,0,14,2023-06-01
2023-06-21,3264,54.460941314697266,0.7456497200182641,0,-0.006644590757787228,0.0016610564198344946,-0.026578158140182495,-0.009966862387955189,-0.02,-0.026000000000000002,stop_loss,0,1,14,2023-06-01
2023-06-21,2915,52.45212936401367,0.727492693328794,1,5.050636175951695e-08,0.017035827040672302,-0.006814285647124052,0.006814321968704462,0.006814321968704462,0.0008143219687044619,close,0,0,14,2023-06-01
2023-06-21,6156,17.77989959716797,0.7201464002272202,1,8.668839868164468e-09,0.010101057589054108,-0.0025252054911106825,0.005050533451139927,0.005050533451139927,-0.0009494665488600732,close,0,0,14,2023-06-01
2023-06-21,3023,330.9846496582031,0.7175228097780239,1,-0.010899195447564125,0.028610341250896454,-0.010899195447564125,0.017711158841848373,0.017711158841848373,0.011711158841848373,close,0,0,14,2023-06-01
2023-06-21,3008,1970.1441650390625,0.7128815682901223,0,0.002347417874261737,0.014084506779909134,-0.002347417874261737,0.0,0.0,-0.006,close,0,0,14,2023-06-01
2023-06-21,2606,40.95394515991211,0.7120585826807176,1,0.018710969015955925,0.022868989035487175,0.0010394843993708491,0.0072764744982123375,0.0072764744982123375,0.0012764744982123374,close,0,0,14,2023-06-01
2023-06-21,2885,20.338777542114258,0.7104222432252325,0,-2.738230087118154e-09,-2.738230087118154e-09,-0.0041067637503147125,-0.002053383272141218,-0.002053383272141218,-0.008053383272141218,close,0,0,14,2023-06-01
2023-06-21,2027,34.79015350341797,0.7082161490497992,1,2.769662010848606e-08,0.008456752635538578,-0.007399485446512699,0.0063425227999687195,0.0063425227999687195,0.00034252279996871936,close,0,0,14,2023-06-01
2023-06-21,3580,46.372833251953125,0.7043363434172659,1,4.4534402832141495e-08,0.012963022105395794,4.4534402832141495e-08,0.007407480385154486,0.007407480385154486,0.0014074803851544856,close,0,0,14,2023-06-01
2023-06-21,3207,79.4970932006836,0.7039990700579853,0,-0.004914003890007734,0.0049140434712171555,-0.031940992921590805,-0.023341521620750427,-0.02,-0.026000000000000002,stop_loss,0,1,14,2023-06-01
2023-06-21,3323,32.700927734375,0.7031688907877648,0,-0.0028451010584831238,-0.0028451010584831238,-0.01137995719909668,-0.01137995719909668,-0.01137995719909668,-0.017379957199096678,close,0,0,14,2023-06-01
2023-06-21,2889,10.67373275756836,0.7024099222681316,0,0.0,0.008333348669111729,-0.008333264850080013,0.0,0.0,-0.006,close,0,0,14,2023-06-01
2023-06-21,6768,60.03672409057617,0.7000584515827296,1,0.0028050756081938744,0.008415195159614086,6.934860152796318e-08,0.004207578953355551,0.004207578953355551,-0.0017924210466444494,close,0,0,14,2023-06-01
2023-06-21,2836,10.648072242736816,0.6979974521972219,1,-0.004048634320497513,0.00404852069914341,-0.004048634320497513,0.00404852069914341,0.00404852069914341,-0.0019514793008565904,close,0,0,14,2023-06-01
2023-06-21,6517,96.90946197509766,0.6974955520901094,0,0.004878056235611439,0.0439024455845356,-0.01951218768954277,-0.009756090119481087,0.03,0.024,take_profit,1,0,14,2023-06-01
2023-06-21,3060,16.770275115966797,0.6967638250680238,1,0.005730737466365099,0.022922782227396965,-0.011461198329925537,0.011461419053375721,0.011461419053375721,0.005461419053375721,close,0,0,14,2023-06-01
2023-06-21,6271,129.41708374023438,0.6963485833977038,0,0.005449666175991297,0.005449666175991297,-0.016348782926797867,0.0,0.0,-0.006,close,0,0,14,2023-06-01
2023-06-21,8085,45.51005935668945,0.6936619544193801,1,-0.006578933913260698,0.015350891277194023,-0.028508758172392845,0.007675486151129007,-0.02,-0.026000000000000002,stop_loss,0,1,14,2023-06-01
2023-06-26,4533,25.8210391998291,0.7197281135403233,0,-0.0035587591119110584,-0.0035587591119110584,-0.056939538568258286,-0.017793620005249977,-0.02,-0.026000000000000002,stop_loss,0,1,14,2023-06-01
2023-06-26,1815,13.087459564208984,0.7180176573500674,0,0.007434945087879896,0.026022307574748993,-0.007434929721057415,-0.007434929721057415,-0.007434929721057415,-0.013434929721057415,close,0,0,14,2023-06-01
2023-06-26,3073,40.849998474121094,0.7165678138692189,1,0.09914328157901764,0.09914328157901764,0.09914328157901764,0.09914328157901764,0.03,0.024,gap_take_profit,1,0,14,2023-06-01
2023-06-26,4755,129.63821411132812,0.7069515297539598,0,0.0035087845753878355,0.014035100117325783,-0.017543846741318703,-0.017543846741318703,-0.017543846741318703,-0.0235438467413187,close,0,0,14,2023-06-01
2023-06-26,1301,85.13226318359375,0.694624634284786,0,0.0022778662387281656,0.006833692081272602,-0.009111654944717884,-0.009111654944717884,-0.009111654944717884,-0.015111654944717884,close,0,0,14,2023-06-01
2023-06-26,6214,96.96656799316406,0.6911691387563668,0,6.157617349344946e-08,0.009434024803340435,-0.033018808811903,-0.023584846407175064,-0.02,-0.026000000000000002,stop_loss,0,1,14,2023-06-01
2023-06-26,6789,255.36227416992188,0.6883771753037582,0,0.0019119553035125136,0.005736046936362982,-0.028680775314569473,-0.026768730953335762,-0.02,-0.026000000000000002,stop_loss,0,1,14,2023-06-01
2023-06-26,2101,39.13301467895508,0.6783218360042169,0,0.002525326795876026,0.005050540901720524,-0.010100936517119408,-0.006313115358352661,-0.006313115358352661,-0.012313115358352661,close,0,0,14,2023-06-01
2023-06-26,1402,29.407888412475586,0.6727882757438234,0,-0.0029850290156900883,0.0029850290156900883,-0.004477657377719879,0.0,0.0,-0.006,close,0,0,14,2023-06-01
2023-06-26,3379,12.260130882263184,0.6721580473850541,1,0.016064252704381943,0.016064252704381943,0.0040160901844501495,0.008032170124351978,0.008032170124351978,0.002032170124351978,close,0,0,14,2023-06-01
2023-06-26,5340,50.76279067993164,0.6698919176511825,0,-0.0039215837605297565,0.03529410436749458,-0.015686258673667908,0.0,0.03,0.024,take_profit,1,0,14,2023-06-01
2023-06-26,3152,196.453857421875,0.6690266725972215,1,0.006993040442466736,0.030303064733743668,0.0023310359101742506,0.006993040442466736,0.03,0.024,take_profit,1,0,14,2023-06-01
2023-06-26,3693,294.0325012207031,0.6684979780522862,0,-0.016393480822443962,0.027868812903761864,-0.04262298718094826,-0.036065611988306046,-0.02,-0.026000000000000002,stop_loss,0,1,14,2023-06-01
2023-06-26,2385,84.23414611816406,0.6657087748107192,1,0.0010648983297869563,0.015974391251802444,-0.0010649944888427854,0.01171452458947897,0.01171452458947897,0.0057145245894789694,close,0,0,14,2023-06-01
2023-06-26,3363,40.056270599365234,0.6636822714379907,0,0.01674652099609375,0.021531181409955025,-0.029904183000326157,-0.027511898428201675,-0.02,-0.026000000000000002,stop_loss,0,1,14,2023-06-01
2023-06-26,6187,83.80935668945312,0.6619058141386662,0,-1.1359077234374126e-07,0.01506356243044138,-0.019698889926075935,-0.00927013624459505,-0.00927013624459505,-0.015270136244595051,close,0,0,14,2023-06-01
2023-06-26,2059,591.540283203125,0.6604537733093986,0,0.0032680092845112085,0.011437944136559963,-0.03267970308661461,-0.008169899694621563,-0.02,-0.026000000000000002,stop_loss,0,1,14,2023-06-01
2023-06-26,6126,26.227087020874023,0.659912348520411,1,0.003533627139404416,0.028268638998270035,4.448952140023721e-08,0.007067209575325251,0.007067209575325251,0.0010672095753252505,close,0,0,14,2023-06-01
2023-06-26,2303,44.224117279052734,0.6502374997262842,0,0.006045540329068899,0.006045540329068899,-0.013069340027868748,-0.013069340027868748,-0.013069340027868748,-0.019069340027868746,close,0,0,14,2023-06-01
2023-06-26,8027,57.9958381652832,0.647244206153093,0,0.0017152813961729407,0.013722090050578117,-0.01543737668544054,-0.01200689747929573,-0.01200689747929573,-0.01800689747929573,close,0,0,14,2023-06-01
2023-06-27,3078,67.91814422607422,0.8411293521018546,0,0.04266662523150444,0.055999960750341415,-0.004000040702521801,0.0,0.03,0.024,gap_take_profit,1,0,14,2023-06-01
2023-06-27,8234,49.466190338134766,0.8330519838538658,1,0.02044619619846344,0.029739877209067345,0.001858834526501596,0.001858834526501596,0.001858834526501596,-0.004141165473498404,close,0,0,14,2023-06-01
2023-06-27,3073,44.900001525878906,0.8176053856288017,0,0.09910906106233597,0.09910906106233597,-0.09576843678951263,-0.07349672168493271,0.03,0.024,gap_take_profit,1,1,14,2023-06-01
2023-06-27,3217,114.05144500732422,0.816941975373531,0,0.011494232341647148,0.026819901540875435,-0.015325690619647503,-0.015325690619647503,-0.015325690619647503,-0.0213256906196475,close,0,0,14,2023-06-01
2023-06-27,2376,214.73040771484375,0.8147744251520921,0,0.021459214389324188,0.025751059874892235,-0.025751085951924324,-0.025751085951924324,-0.02,-0.026000000000000002,stop_loss,0,1,14,2023-06-01
2023-06-27,5386,41.48027420043945,0.8077928359551089,0,0.007130070123821497,0.03743311017751694,-0.007130162790417671,-0.007130162790417671,0.03,0.024,take_profit,1,0,14,2023-06-01
2023-06-27,3498,43.0,0.8051346613289985,0,0.011627906933426857,0.032558176666498184,0.0,0.0,0.03,0.024,take_profit,1,0,14,2023-06-01
2023-06-27,2206,76.05406188964844,0.8042143191801367,1,0.022352993488311768,0.02941180020570755,-0.0023528714664280415,0.01529418770223856,0.01529418770223856,0.00929418770223856,close,0,0,14,2023-06-01
2023-06-27,8210,134.59239196777344,0.8033071066795403,1,0.025179876014590263,0.09712232649326324,0.014388509094715118,0.07913671433925629,0.03,0.024,take_profit,1,0,14,2023-06-01
2023-06-27,2383,217.28102111816406,0.8027098231692922,0,0.01986749842762947,0.024282509461045265,-0.00220755604095757,-0.00220755604095757,-0.00220755604095757,-0.00820755604095757,close,0,0,14,2023-06-01
2023-06-27,1307,20.93423843383789,0.8022029392557853,1,0.010225016623735428,0.032719872891902924,0.006135021336376667,0.016359969973564148,0.03,0.024,take_profit,1,0,14,2023-06-01
2023-06-27,2468,37.91862869262695,0.8008317941096827,1,0.03624999150633812,0.04999997094273567,0.024999970570206642,0.03749997168779373,0.03,0.024,gap_take_profit,1,0,14,2023-06-01
2023-06-27,2455,113.87775421142578,0.7994988092699258,0,0.012658228166401386,0.025316456332802773,0.0,0.0,0.0,-0.006,close,0,0,14,2023-06-01
2023-06-27,2352,40.18164825439453,0.7985937798677092,1,0.02008943259716034,0.026785844936966896,0.004464413039386272,0.006696522235870361,0.006696522235870361,0.0006965222358703612,close,0,0,14,2023-06-01
2023-06-27,5426,14.51510238647461,0.7966957750416308,0,0.01666666753590107,0.03333333507180214,0.0,0.0,0.03,0.024,take_profit,1,0,14,2023-06-01
2023-06-27,3147,58.33403015136719,0.7956009622350986,0,0.0324324332177639,0.0324324332177639,-0.012162127532064915,-0.010810875333845615,0.03,0.024,gap_take_profit,1,0,14,2023-06-01
2023-06-27,6664,120.74055480957031,0.794449486253602,0,0.014652005396783352,0.021978013217449188,-0.014652024023234844,-0.010989019647240639,-0.010989019647240639,-0.016989019647240637,close,0,0,14,2023-06-01
2023-06-27,5258,91.798095703125,0.7938955957845449,0,0.02347421459853649,0.03286387398838997,-0.014084420166909695,-0.014084420166909695,0.03,0.024,take_profit,1,0,14,2023-06-01
2023-06-27,6214,94.67962646484375,0.7938825066702099,1,0.01449268776923418,0.03864727541804314,0.00966176949441433,0.019323604181408882,0.03,0.024,take_profit,1,0,14,2023-06-01
2023-06-27,2401,27.852102279663086,0.7925689817586697,0,2.2695852308629583e-08,0.021089600399136543,-0.007029881235212088,-0.007029881235212088,-0.007029881235212088,-0.013029881235212088,close,0,0,14,2023-06-01
2023-06-28,3217,112.30352783203125,0.8326575244189501,1,0.015564224682748318,0.023346325382590294,2.2118529230397144e-08,0.003891072701662779,0.003891072701662779,-0.0021089272983372213,close,0,0,14,2023-06-01
2023-06-28,2885,20.129959106445312,0.8061347606577095,1,0.009623694233596325,0.016068164259195328,0.001031183172017336,0.001031183172017336,0.001031183172017336,-0.004968816827982664,close,0,0,14,2023-06-01
2023-06-28,6187,80.02191162109375,0.7993840902368794,1,0.007281439378857613,0.02427174709737301,0.0012134788557887077,0.02184450812637806,0.02184450812637806,0.01584450812637806,close,0,0,14,2023-06-01
2023-06-28,2383,216.80136108398438,0.7911824017175721,1,0.013274365104734898,0.048672597855329514,0.006637196987867355,0.044247817248106,0.03,0.024,take_profit,1,0,14,2023-06-01
2023-06-28,6223,158.79000854492188,0.7803569786390011,1,0.008955180644989014,0.026865627616643906,0.008955180644989014,0.020895477384328842,0.020895477384328842,0.014895477384328842,close,0,0,14,2023-06-01
2023-06-28,2603,71.24725341796875,0.7797833830060051,0,0.0031746551394462585,0.006349258590489626,-0.02857137843966484,-0.01587296463549137,-0.02,-0.026000000000000002,stop_loss,0,1,14,2023-06-01
2023-06-28,6532,56.60204315185547,0.7774724346575735,1,0.006535866763442755,0.02941170707345009,0.006535866763442755,0.014705801382660866,0.014705801382660866,0.008705801382660866,close,0,0,14,2023-06-01
2023-06-28,3147,57.70338821411133,0.7745036635968932,1,0.021857956424355507,0.021857956424355507,-0.0027321584057062864,0.008196820504963398,0.008196820504963398,0.002196820504963398,close,0,0,14,2023-06-01
2023-06-28,4720,13.463926315307617,0.7696917554932585,1,0.003355667693540454,0.010067102499306202,-4.968481093214905e-08,0.00671138521283865,0.00671138521283865,0.0007113852128386496,close,0,0,14,2023-06-01
2023-06-28,2061,18.200000762939453,0.769588190618931,0,0.024725209921598434,0.024725209921598434,-0.019230788573622704,-0.016483578830957413,-0.016483578830957413,-0.02248357883095741,close,0,0,14,2023-06-01
2023-06-28,3042,78.56025695800781,0.7618903566191848,1,0.020408177748322487,0.025778748095035553,0.0010740953730419278,0.005370567087084055,0.005370567087084055,-0.0006294329129159452,close,0,0,14,2023-06-01
2023-06-28,3563,219.67831420898438,0.7609456904329459,1,0.013303733430802822,0.03769397735595703,0.008869143202900887,0.03325938805937767,0.03,0.024,take_profit,1,0,14,2023-06-01
2023-06-28,2369,14.75661849975586,0.7577320570546127,1,-4.149343979520381e-08,0.01644732616841793,-4.149343979520381e-08,0.013157839886844158,0.013157839886844158,0.007157839886844158,close,0,0,14,2023-06-01
2023-06-28,5388,92.72665405273438,0.7563031832955598,1,0.024096399545669556,0.09939760714769363,0.01907631754875183,0.06927712261676788,0.03,0.024,take_profit,1,0,14,2023-06-01
2023-06-28,8076,34.8729133605957,0.7548356445370679,1,0.009308475069701672,0.02659563720226288,0.005319041665643454,0.014627546072006226,0.014627546072006226,0.008627546072006225,close,0,0,14,2023-06-01
2023-06-28,9902,12.308380126953125,0.7542661258089026,1,0.007843229919672012,0.03137258440256119,0.0039216456934809685,0.02352949045598507,0.03,0.024,take_profit,1,0,14,2023-06-01
2023-06-28,1449,20.63067626953125,0.7541868564819484,0,-0.008849537931382656,0.008849569596350193,-0.06194685772061348,-0.06194685772061348,-0.02,-0.026000000000000002,stop_loss,0,1,14,2023-06-01
2023-06-28,1515,32.47719955444336,0.7533942234215686,0,0.011594247072935104,0.013043500483036041,-0.018840624019503593,0.0,0.0,-0.006,close,0,0,14,2023-06-01
2023-06-28,3325,30.5,0.7511984234647402,1,0.013114742003381252,0.02131146378815174,-0.0049180202186107635,0.008196720853447914,0.008196720853447914,0.002196720853447914,close,0,0,14,2023-06-01
2023-06-28,2409,16.622465133666992,0.749573735908642,1,0.013369021005928516,0.021390391513705254,3.743303977898904e-08,0.002673793351277709,0.002673793351277709,-0.003326206648722291,close,0,0,14,2023-06-01
2023-06-29,3498,42.04999923706055,0.6935249818354702,0,-0.0011890424648299813,0.010701564140617847,-0.046373382210731506,-0.009512430988252163,-0.02,-0.026000000000000002,stop_loss,0,1,14,2023-06-01
2023-06-29,2351,117.0240478515625,0.6812540072505917,1,0.007843111641705036,0.03529409319162369,-2.507503893411922e-08,0.019607817754149437,0.03,0.024,take_profit,1,0,14,2023-06-01
2023-06-29,9802,124.10238647460938,0.6769789635917173,1,0.007299364078789949,0.036496445536613464,9.355137109423595e-08,0.007299364078789949,0.03,0.024,take_profit,1,0,14,2023-06-01
2023-06-29,6414,241.42005920410156,0.6623061753192122,0,0.0018315018387511373,0.007326007355004549,-0.005494505632668734,0.0,0.0,-0.006,close,0,0,14,2023-06-01
2023-06-29,6486,63.62592697143555,0.6555089993215433,0,0.0,0.0,-0.0051282248459756374,0.0,0.0,-0.006,close,0,0,14,2023-06-01
2023-06-29,3543,20.596782684326172,0.6518771184885762,1,0.0022676324006170034,0.01133787538856268,-0.002267532516270876,0.006802797317504883,0.006802797317504883,0.0008027973175048827,close,0,0,14,2023-06-01
2023-06-29,2241,34.048248291015625,0.6516816811680031,1,0.00287769571878016,0.0446043387055397,0.0014389038551598787,0.025899261236190796,0.03,0.024,take_profit,1,0,14,2023-06-01
2023-06-29,2408,72.19999694824219,0.6498276282227815,0,-0.009695248678326607,-0.009695248678326607,-0.03185589239001274,-0.019390497356653214,-0.02,-0.026000000000000002,stop_loss,0,1,14,2023-06-01
2023-06-29,2903,20.497215270996094,0.6476166111560405,0,0.002079100115224719,0.0041580707766115665,-0.006236940622329712,-0.0020789201371371746,-0.0020789201371371746,-0.008078920137137175,close,0,0,14,2023-06-01
2023-06-29,1210,47.02641296386719,0.6471013387112177,1,0.0037878521252423525,0.017045442014932632,0.0018939417786896229,0.009469655342400074,0.009469655342400074,0.003469655342400074,close,0,0,14,2023-06-01
2023-06-29,2243,18.0,0.6456470656156773,0,0.0,0.008333312347531319,-0.005555576644837856,0.0,0.0,-0.006,close,0,0,14,2023-06-01
2023-06-29,1526,38.31877517700195,0.6453357020449227,1,0.0025641422253102064,0.008974399417638779,7.85651579349178e-08,0.0051283035427331924,0.0051283035427331924,-0.0008716964572668077,close,0,0,14,2023-06-01
2023-06-29,8249,31.636518478393555,0.6444571442575787,1,0.014657946303486824,0.047231223434209824,0.009771915152668953,0.022801293060183525,0.03,0.024,take_profit,1,0,14,2023-06-01
2023-06-29,3294,18.80950164794922,0.64383114787356,1,0.0026247212663292885,0.005249353125691414,-0.005249274894595146,0.005249353125691414,0.005249353125691414,-0.0007506468743085862,close,0,0,14,2023-06-01
2023-06-29,3217,112.74050903320312,0.6423475036105575,0,0.0038759689778089523,0.01550387591123581,-0.011627906933426857,0.0,0.0,-0.006,close,0,0,14,2023-06-01
2023-06-29,3703,25.997846603393555,0.6421623831993002,1,0.005290966015309095,0.019400300458073616,0.005290966015309095,0.015872949734330177,0.015872949734330177,0.009872949734330177,close,0,0,14,2023-06-01
2023-06-29,2104,21.299999237060547,0.6414975127993349,1,0.002347471658140421,0.016431942582130432,-0.004694764036685228,0.009389707818627357,0.009389707818627357,0.0033897078186273574,close,0,0,14,2023-06-01
2023-06-29,8299,389.46722412109375,0.6389441890799245,0,-0.005903118290007114,7.007403723946481e-08,-0.03305778279900551,-0.02833523228764534,-0.02,-0.026000000000000002,stop_loss,0,1,14,2023-06-01
2023-06-29,3042,78.98217010498047,0.637568844188291,1,0.00961550697684288,0.00961550697684288,-0.002136615104973316,0.00213690591044724,0.00213690591044724,-0.0038630940895527602,close,0,0,14,2023-06-01
2023-06-29,2603,70.11634826660156,0.6371017954775896,1,0.08117638528347015,0.09999988973140717,0.05294107273221016,0.09999988973140717,0.03,0.024,gap_take_profit,1,0,14,2023-06-01
2023-06-30,4904,72.44144439697266,0.6785423640742465,0,1.3569049883699336e-08,1.3569049883699336e-08,-0.022900693118572235,-0.017811711877584457,-0.02,-0.026000000000000002,stop_loss,0,1,14,2023-06-01
2023-06-30,2357,274.9785461425781,0.6689941857211044,0,0.01430859137326479,0.01430859137326479,-0.007948963902890682,-0.006359138526022434,-0.006359138526022434,-0.012359138526022434,close,0,0,14,2023-06-01
2023-06-30,8047,11.399999618530273,0.6589893224925968,1,0.0,0.01315794512629509,0.0,0.01315794512629509,0.01315794512629509,0.00715794512629509,close,0,0,14,2023-06-01
2023-06-30,8081,160.6927490234375,0.654854490926233,1,0.007712201215326786,0.02313636802136898,0.0025708123575896025,0.01799497939646244,0.01799497939646244,0.01199497939646244,close,0,0,14,2023-06-01
2023-06-30,3711,103.19046020507812,0.6395203621121347,1,0.004524826537817717,0.013574600219726562,-0.009049832820892334,0.004524826537817717,0.004524826537817717,-0.0014751734621822835,close,0,0,14,2023-06-01
2023-06-30,1216,67.97186279296875,0.638087260196934,1,0.007863704115152359,0.011795492842793465,0.0026212206576019526,0.0026212206576019526,0.0026212206576019526,-0.0033787793423980476,close,0,0,14,2023-06-01
2023-06-30,4157,17.850000381469727,0.6356778560583198,1,0.011204417794942856,0.03641454502940178,0.0,0.008403339423239231,0.03,0.024,take_profit,1,0,14,2023-06-01
2023-06-30,5876,40.25944137573242,0.6336960510556923,1,0.0022026137448847294,0.011013220064342022,0.0022026137448847294,0.011013220064342022,0.011013220064342022,0.005013220064342022,close,0,0,14,2023-06-01
2023-06-30,2069,17.810426712036133,0.6301502504891185,1,1.1004269140357792e-07,0.02763836272060871,1.1004269140357792e-07,0.012562925927340984,0.012562925927340984,0.006562925927340984,close,0,0,14,2023-06-01
2023-06-30,3017,262.09124755859375,0.6294284350901244,1,0.03690053150057793,0.09225109219551086,0.03321049362421036,0.08118098229169846,0.03,0.024,gap_take_profit,1,0,14,2023-06-01
2023-06-30,6117,18.350000381469727,0.6272742138651883,1,0.010899120010435581,0.08991823345422745,0.008174366317689419,0.029972709715366364,0.03,0.024,take_profit,1,0,14,2023-06-01
2023-06-30,2032,17.320974349975586,0.6258036200130589,1,0.005555564537644386,0.005555564537644386,0.002777723129838705,0.002777723129838705,0.002777723129838705,-0.003222276870161295,close,0,0,14,2023-06-01
2023-06-30,6435,82.57199096679688,0.6257212772591618,1,0.004950453527271748,0.014851412735879421,-2.6221705695661512e-08,0.014851412735879421,0.014851412735879421,0.008851412735879421,close,0,0,14,2023-06-01
2023-06-30,9802,125.00825500488281,0.6221915011209538,0,0.010869515128433704,0.010869515128433704,-0.018115991726517677,-0.018115991726517677,-0.018115991726517677,-0.024115991726517676,close,0,0,14,2023-06-01
2023-06-30,9907,17.01317024230957,0.6217820361021394,1,0.005063260905444622,0.015189784578979015,-4.9200711060848334e-08,0.010126571170985699,0.010126571170985699,0.004126571170985699,close,0,0,14,2023-06-01
2023-06-30,2230,80.42390441894531,0.6211196250005501,1,0.04072398319840431,0.09954755008220673,0.013574650511145592,0.06334841251373291,0.03,0.024,gap_take_profit,1,0,14,2023-06-01
2023-06-30,4571,71.3277816772461,0.6207997468841964,1,0.005311941262334585,0.0066400435753166676,0.0013279388658702374,0.0013279388658702374,0.0013279388658702374,-0.004672061134129763,close,0,0,14,2023-06-01
2023-06-30,2615,51.116756439208984,0.6155133552511438,1,0.04074069485068321,0.09629624336957932,0.03333325684070587,0.09074070304632187,0.03,0.024,gap_take_profit,1,0,14,2023-06-01
2023-06-30,1528,16.837465286254883,0.6042097001438057,1,0.023391738533973694,0.09356721490621567,0.011695788241922855,0.04093555361032486,0.03,0.024,take_profit,1,0,14,2023-06-01
2023-06-30,5392,21.826881408691406,0.6026575595627817,1,0.0022423043847084045,0.024663832038640976,0.0022423043847084045,0.01569518633186817,0.01569518633186817,0.009695186331868172,close,0,0,14,2023-06-01
2023-07-03,3013,34.80155944824219,0.5531240588972279,1,0.07496464997529984,0.09900986403226852,0.048090510070323944,0.09900986403226852,0.03,0.024,gap_take_profit,1,0,15,2023-07-01
2023-07-03,2357,273.22991943359375,0.5486791804840611,0,0.003361246082931757,0.016806622967123985,-0.01512614730745554,-0.01344547513872385,-0.01344547513872385,-0.01944547513872385,close,0,0,15,2023-07-01
2023-07-03,6470,79.87151336669922,0.54083038637468,1,-0.0033975611440837383,0.06795014441013336,-0.020385103300213814,0.027179978787899017,-0.02,-0.026000000000000002,ambiguous_stop_loss,1,1,15,2023-07-01
2023-07-03,3704,47.479454040527344,0.5371684343774767,1,0.03131117299199104,0.06849312782287598,-0.017612505704164505,0.04892365261912346,0.03,0.024,gap_take_profit,1,0,15,2023-07-01
2023-07-03,2419,33.511138916015625,0.5344237609048349,1,0.02127658762037754,0.09929077327251434,0.01702122390270233,0.09929077327251434,0.03,0.024,take_profit,1,0,15,2023-07-01
2023-07-03,1603,36.399574279785156,0.5325987487061817,0,-0.0078739607706666,0.003937083762139082,-0.03412068262696266,-0.02230963669717312,-0.02,-0.026000000000000002,stop_loss,0,1,15,2023-07-01
2023-07-03,2609,42.8629150390625,0.5302752346948969,1,0.09939146786928177,0.09939146786928177,0.07910749316215515,0.09939146786928177,0.03,0.024,gap_take_profit,1,0,15,2023-07-01
2023-07-03,4543,57.1300048828125,0.5294724452864252,1,0.03389841318130493,0.08782757818698883,0.00462258979678154,0.06933753937482834,0.03,0.024,gap_take_profit,1,0,15,2023-07-01
2023-07-03,8996,362.0525207519531,0.5281827107475476,0,0.02016128972172737,0.04435483738780022,-0.016129031777381897,0.0,0.03,0.024,take_profit,1,0,15,2023-07-01
2023-07-03,8050,82.86007690429688,0.5275030153924728,1,0.024464787915349007,0.04485214874148369,-0.01529057789593935,0.03465846925973892,0.03,0.024,take_profit,1,0,15,2023-07-01
2023-07-03,8404,21.05589485168457,0.5245447766888274,0,0.01663197949528694,0.01663197949528694,-0.006237052846699953,-0.004158033523708582,-0.004158033523708582,-0.010158033523708582,close,0,0,15,2023-07-01
2023-07-03,6112,73.53019714355469,0.5229638914839342,0,0.036386530846357346,0.036386530846357346,-0.0991215780377388,-0.0991215780377388,0.03,0.024,gap_take_profit,1,1,15,2023-07-01
2023-07-03,6134,22.37171745300293,0.5194973839917857,0,2.088852113502071e-08,2.088852113502071e-08,-0.015486721880733967,-0.013274366036057472,-0.013274366036057472,-0.01927436603605747,close,0,0,15,2023-07-01
2023-07-03,2354,52.09418487548828,0.5186884775079332,1,0.007352854125201702,0.011029338464140892,0.003676369786262512,0.005514646880328655,0.005514646880328655,-0.0004853531196713449,close,0,0,15,2023-07-01
2023-07-03,4583,231.0097198486328,0.5178835831720003,1,0.09836054593324661,0.09836054593324661,0.05737694352865219,0.09016382694244385,0.03,0.024,gap_take_profit,1,0,15,2023-07-01
2023-07-03,1795,282.6627197265625,0.5176351258352987,0,0.01839444227516651,0.023411164060235023,-0.006689165253192186,-0.006689165253192186,-0.006689165253192186,-0.012689165253192186,close,0,0,15,2023-07-01
2023-07-03,6698,35.75,0.5171720549104927,0,0.0,0.011188853532075882,-0.00419584708288312,-0.0013985800324007869,-0.0013985800324007869,-0.007398580032400787,close,0,0,15,2023-07-01
2023-07-03,9939,94.20435333251953,0.5160031850562552,1,0.012656250037252903,0.032415397465229034,0.012656250037252903,0.017596036195755005,0.03,0.024,take_profit,1,0,15,2023-07-01
2023-07-03,6261,58.00476837158203,0.5148795754202491,1,-5.82056181031021e-08,0.0030030133202672005,-0.0045044939033687115,0.0015014202799648046,0.0015014202799648046,-0.0044985797200351955,close,0,0,15,2023-07-01
2023-07-03,4414,17.76396942138672,0.5146502308211188,1,0.09829068183898926,0.09829068183898926,0.08974368125200272,0.09829068183898926,0.03,0.024,gap_take_profit,1,0,15,2023-07-01
2023-07-04,3013,38.247257232666016,0.5404636916121703,1,0.07850727438926697,0.09909927845001221,0.04247119277715683,0.09909927845001221,0.03,0.024,gap_take_profit,1,0,15,2023-07-01
2023-07-04,3035,242.94598388671875,0.5365486076793754,1,0.01796409860253334,0.05189623683691025,-0.02594807744026184,0.019960107281804085,-0.02,-0.026000000000000002,ambiguous_stop_loss,1,1,15,2023-07-01
2023-07-04,3357,103.04193115234375,0.5351189077165088,1,0.05829590559005737,0.09417034685611725,0.0358743816614151,0.06278020888566971,0.03,0.024,gap_take_profit,1,0,15,2023-07-01
2023-07-04,3374,140.31558227539062,0.5303202351048234,0,0.013840939849615097,0.02768177166581154,-0.03460197150707245,-0.03114176355302334,-0.02,-0.026000000000000002,stop_loss,0,1,15,2023-07-01
2023-07-04,3363,47.298118591308594,0.5245283464506272,1,0.03589746356010437,0.07487179338932037,0.015384605154395103,0.056410323828458786,0.03,0.024,gap_take_profit,1,0,15,2023-07-01
2023-07-04,4566,62.47125244140625,0.5161163946740166,1,0.04696967080235481,0.09999997913837433,0.01969701424241066,0.09999997913837433,0.03,0.024,gap_take_profit,1,0,15,2023-07-01
2023-07-04,3372,14.412014961242676,0.5136665960796919,1,0.0033445272129029036,0.09030099958181381,0.0033445272129029036,0.03678934648633003,0.03,0.024,take_profit,1,0,15,2023-07-01
2023-07-04,2376,251.1332244873047,0.5105875629578234,0,-0.009174446575343609,-0.0018349980236962438,-0.06789003312587738,-0.027523068711161613,-0.02,-0.026000000000000002,stop_loss,0,1,15,2023-07-01
2023-07-04,2460,24.850000381469727,0.5105165736808717,0,-0.0020121184643357992,-0.0020121184643357992,-0.038229405879974365,-0.028169045224785805,-0.02,-0.026000000000000002,stop_loss,0,1,15,2023-07-01
2023-07-04,3163,64.79712677001953,0.5036371745830627,1,0.014771027490496635,0.09305763244628906,0.01033978071063757,0.07237814366817474,0.03,0.024,take_profit,1,0,15,2023-07-01
2023-07-04,2402,33.00346755981445,0.5033931297090374,1,3.147888349985806e-08,0.04081635922193527,-0.073469378054142,0.019047671929001808,-0.02,-0.026000000000000002,ambiguous_stop_loss,1,1,15,2023-07-01
2023-07-04,2241,38.702327728271484,0.5032885689374333,1,0.01139234658330679,0.07341766357421875,0.0037974161095917225,0.022784791886806488,0.03,0.024,take_profit,1,0,15,2023-07-01
2023-07-04,6120,14.340364456176758,0.4973963902522363,1,0.010067098774015903,0.023489903658628464,0.003355663735419512,0.02013418637216091,0.02013418637216091,0.014134186372160911,close,0,0,15,2023-07-01
2023-07-04,2609,47.12312316894531,0.49652928238642086,0,0.007380018010735512,0.009225078858435154,-0.06273066997528076,-0.04612547159194946,-0.02,-0.026000000000000002,stop_loss,0,1,15,2023-07-01
2023-07-04,8038,51.0,0.4951758023416642,1,0.015686258673667908,0.05098036304116249,0.013725505210459232,0.03333334997296333,0.03,0.024,take_profit,1,0,15,2023-07-01
2023-07-04,2419,36.83848571777344,0.4947385849607406,0,-0.0038711109664291143,0.005161205306649208,-0.04516138881444931,-0.04516138881444931,-0.02,-0.026000000000000002,stop_loss,0,1,15,2023-07-01
2023-07-04,5340,50.46418380737305,0.4923949651672403,0,0.011834305711090565,0.015779094770550728,-0.009861916303634644,-0.005917128641158342,-0.005917128641158342,-0.011917128641158342,close,0,0,15,2023-07-01
2023-07-04,9939,95.86197662353516,0.49164877566042553,1,-1.0749941736776236e-07,0.038834840059280396,-0.0048544760793447495,0.024271734058856964,0.03,0.024,take_profit,1,0,15,2023-07-01
2023-07-04,2342,38.83735656738281,0.49061254048582764,1,0.012376226484775543,0.018564345315098763,0.004950408358126879,0.006188107654452324,0.006188107654452324,0.0001881076544523238,close,0,0,15,2023-07-01
2023-07-04,2023,14.935665130615234,0.4901847665792974,1,0.0031745838932693005,0.015872925519943237,-3.26028839481296e-08,0.0063491384498775005,0.0063491384498775005,0.0003491384498775004,close,0,0,15,2023-07-01
2023-07-05,2371,52.55997848510742,0.5745590879928486,1,0.014598499983549118,0.031021861359477043,0.00547444773837924,0.009124068543314934,0.03,0.024,take_profit,1,0,15,2023-07-01
2023-07-05,3016,61.734737396240234,0.5690071429370503,1,0.014240576885640621,0.04588615149259567,0.00949375331401825,0.022151971235871315,0.03,0.024,take_profit,1,0,15,2023-07-01
2023-07-05,8431,67.0288314819336,0.5654567058294302,0,0.0,0.017751546576619148,-0.023668617010116577,0.0,-0.02,-0.026000000000000002,stop_loss,0,1,15,2023-07-01
2023-07-05,2010,15.660920143127441,0.5637645215349122,1,0.035519249737262726,0.038251448422670364,3.80565623459006e-08,0.030054748058319092,0.03,0.024,gap_take_profit,1,0,15,2023-07-01
2023-07-05,2731,148.59336853027344,0.5629446076305836,0,8.291595854359457e-09,0.012195129878818989,-0.01829267479479313,-0.01829267479479313,-0.01829267479479313,-0.024292674794793127,close,0,0,15,2023-07-01
2023-07-05,6548,40.45620346069336,0.5621497490023756,0,-0.0033670568373054266,0.004489249549806118,-0.01795743778347969,-0.007856410928070545,-0.007856410928070545,-0.013856410928070545,close,0,0,15,2023-07-01
2023-07-05,3014,103.92709350585938,0.5608863832656689,1,2.3018712269617936e-08,0.021459251642227173,-0.0042918226681649685,0.012875559739768505,0.012875559739768505,0.006875559739768505,close,0,0,15,2023-07-01
2023-07-05,1795,281.6901550292969,0.5608189114329878,0,0.01188456267118454,0.018675735220313072,-0.015280122868716717,-0.015280122868716717,-0.015280122868716717,-0.021280122868716715,close,0,0,15,2023-07-01
2023-07-05,2375,63.68258285522461,0.5581393073936215,1,0.002949864137917757,0.004424768034368753,-0.010324494913220406,0.0014749604742974043,0.0014749604742974043,-0.004525039525702596,close,0,0,15,2023-07-01
2023-07-05,6148,43.642093658447266,0.5546175469696645,0,0.010718140751123428,0.0225080493837595,-0.013933553360402584,-0.013933553360402584,-0.013933553360402584,-0.019933553360402582,close,0,0,15,2023-07-01
2023-07-05,2419,35.174808502197266,0.5535998432290704,1,0.01690141297876835,0.08028169721364975,0.015492985025048256,0.030985921621322632,0.03,0.024,take_profit,1,0,15,2023-07-01
2023-07-05,3189,109.1644515991211,0.5520145564468963,0,-0.004273504484444857,0.008547008968889713,-0.008547008968889713,0.0,0.0,-0.006,close,0,0,15,2023-07-01
2023-07-05,9802,126.81996154785156,0.5503981472281324,0,0.0035714106634259224,0.014285696670413017,-0.014285732060670853,-0.010714303702116013,-0.010714303702116013,-0.01671430370211601,close,0,0,15,2023-07-01
2023-07-05,8072,27.41791534423828,0.5492547293877622,0,-3.901628176095073e-08,0.025210043415427208,-0.01680676080286503,-0.010084046982228756,-0.010084046982228756,-0.016084046982228754,close,0,0,15,2023-07-01
2023-07-05,1307,20.980445861816406,0.5483833330623235,0,0.0021052511874586344,0.010526335798203945,-0.008421065285801888,-0.0063157533295452595,-0.0063157533295452595,-0.01231575332954526,close,0,0,15,2023-07-01
2023-07-05,3013,42.037532806396484,0.5483247501477425,1,-0.012880640104413033,0.06440270692110062,-0.04449661448597908,0.03629964590072632,-0.02,-0.026000000000000002,ambiguous_stop_loss,1,1,15,2023-07-01
2023-07-05,6854,109.0,0.547809599512258,1,0.0,0.004587155766785145,-0.03211009129881859,0.004587155766785145,-0.02,-0.026000000000000002,stop_loss,0,1,15,2023-07-01
2023-07-05,6213,64.74483489990234,0.5458842812513927,0,0.0014285496436059475,0.01142861507833004,-0.00571430753916502,0.0,0.0,-0.006,close,0,0,15,2023-07-01
2023-07-05,3447,52.03678512573242,0.5456669148400269,0,0.0,0.02522525191307068,-0.02522525191307068,0.0,-0.02,-0.026000000000000002,stop_loss,0,1,15,2023-07-01
2023-07-05,8454,516.1843872070312,0.5447405678305929,0,-5.737840425013019e-08,0.011781937442719936,-0.00883660838007927,-0.0014728340320289135,-0.0014728340320289135,-0.007472834032028914,close,0,0,15,2023-07-01
2023-07-06,6117,25.049999237060547,0.5345481361253938,1,0.009980040602385998,0.06986027956008911,-0.033932074904441833,0.05389223247766495,-0.02,-0.026000000000000002,ambiguous_stop_loss,1,1,15,2023-07-01
2023-07-06,6414,257.780029296875,0.534249884101719,0,0.001715411664918065,0.027444403618574142,-0.005145652685314417,-0.005145652685314417,-0.005145652685314417,-0.011145652685314417,close,0,0,15,2023-07-01
2023-07-06,4532,21.059030532836914,0.5224340968833472,1,0.010729746893048286,0.09871264547109604,1.3172873991607048e-07,0.09871264547109604,0.03,0.024,take_profit,1,0,15,2023-07-01
2023-07-06,6187,106.82536315917969,0.5219278394232317,0,-0.009090964682400227,0.009090851992368698,-0.036363691091537476,-0.009090964682400227,-0.02,-0.026000000000000002,stop_loss,0,1,15,2023-07-01
2023-07-06,4533,30.047971725463867,0.5209067689445803,1,0.08256890624761581,0.09938845783472061,0.07645267993211746,0.09938845783472061,0.03,0.024,gap_take_profit,1,0,15,2023-07-01
2023-07-06,2731,145.8751983642578,0.5191653021115566,1,0.012422384694218636,0.0465838760137558,0.006211204919964075,0.021739155054092407,0.03,0.024,take_profit,1,0,15,2023-07-01
2023-07-06,4526,19.7263240814209,0.5165210739013317,1,0.01763225346803665,0.06045333296060562,-0.012594465166330338,0.05289667844772339,0.03,0.024,take_profit,1,0,15,2023-07-01
2023-07-06,3356,58.663734436035156,0.5164416191757417,0,0.013912991620600224,0.024347757920622826,-0.027826128527522087,-0.019130470231175423,-0.02,-0.026000000000000002,stop_loss,0,1,15,2023-07-01
2023-07-06,7402,72.80958557128906,0.5154644219824644,0,0.009937891736626625,0.022360175848007202,-0.01863360032439232,-0.01863360032439232,-0.01863360032439232,-0.024633600324392317,close,0,0,15,2023-07-01
2023-07-06,4768,166.1636505126953,0.5140273516511666,1,0.0024691515136510134,0.017283979803323746,-0.024691307917237282,0.007407457567751408,-0.02,-0.026000000000000002,stop_loss,0,1,15,2023-07-01
2023-07-06,3122,27.15093994140625,0.5139074877053601,0,-1.86055739703761e-08,-1.86055739703761e-08,-0.02737228199839592,-0.0145985446870327,-0.02,-0.026000000000000002,stop_loss,0,1,15,2023-07-01
2023-07-06,4967,64.77790832519531,0.5131450019358675,0,-0.007485025562345982,0.0029939699452370405,-0.06437129527330399,-0.06437129527330399,-0.02,-0.026000000000000002,stop_loss,0,1,15,2023-07-01
2023-07-06,5263,128.35784912109375,0.5124447771349224,1,-2.251457242863353e-09,0.019011404365301132,-0.011406846344470978,0.003802279010415077,0.003802279010415077,-0.002197720989584923,close,0,0,15,2023-07-01
2023-07-06,8147,65.49427795410156,0.5086767601031899,0,4.036384027017448e-08,0.021246500313282013,-0.012747857719659805,-0.004249186720699072,-0.004249186720699072,-0.010249186720699072,close,0,0,15,2023-07-01
2023-07-06,8069,203.41864013671875,0.5082201763390569,0,-0.011547439731657505,-0.0023095649667084217,-0.027713719755411148,-0.018475845456123352,-0.02,-0.026000000000000002,stop_loss,0,1,15,2023-07-01
2023-07-06,1432,17.450000762939453,0.5081335467426408,1,-0.005730680655688047,0.025787899270653725,-0.020057328045368195,0.025787899270653725,-0.02,-0.026000000000000002,stop_loss,0,1,15,2023-07-01
2023-07-06,3055,37.0780143737793,0.503115312334927,0,-0.00895135011523962,0.002557621570304036,-0.023017827421426773,-0.02173907496035099,-0.02,-0.026000000000000002,stop_loss,0,1,15,2023-07-01
2023-07-06,2340,48.55747985839844,0.501469054294121,0,-4.488706295546763e-08,-4.488706295546763e-08,-0.062000010162591934,-0.05100002884864807,-0.02,-0.026000000000000002,stop_loss,0,1,15,2023-07-01
2023-07-06,3680,384.79974365234375,0.4982340344766425,0,-0.007407340686768293,-0.0012345205759629607,-0.028395066037774086,-0.014814755879342556,-0.02,-0.026000000000000002,stop_loss,0,1,15,2023-07-01
2023-07-06,1402,28.266687393188477,0.4970198793505996,0,-0.006211241707205772,-3.850567509289249e-08,-0.012422445230185986,-0.0046584708616137505,-0.0046584708616137505,-0.01065847086161375,close,0,0,15,2023-07-01
2023-07-07,4147,98.4000015258789,0.6811100409114965,0,0.0,0.00406505586579442,-0.03760167211294174,-0.020325202494859695,-0.02,-0.026000000000000002,stop_loss,0,1,15,2023-07-01
2023-07-07,6419,29.55940055847168,0.6791695642627814,1,0.09971912205219269,0.09971912205219269,0.09971912205219269,0.09971912205219269,0.03,0.024,gap_take_profit,1,0,15,2023-07-01
2023-07-07,3324,275.3144836425781,0.6786670924133639,0,0.008865252137184143,0.02836879901587963,-0.015957443043589592,-0.012411343865096569,-0.012411343865096569,-0.018411343865096567,close,0,0,15,2023-07-01
2023-07-07,3228,134.8250732421875,0.6777555441409319,1,0.0071942429058253765,0.017985522747039795,-0.007194319274276495,0.01438846718519926,0.01438846718519926,0.00838846718519926,close,0,0,15,2023-07-01
2023-07-07,3356,57.54146957397461,0.6749387784516799,1,0.015957409515976906,0.04964539781212807,-0.003546064253896475,0.019503584131598473,0.03,0.024,take_profit,1,0,15,2023-07-01
2023-07-07,1218,24.05057716369629,0.6725177640682325,1,2.5390795244106812e-08,0.027290504425764084,-0.0038986250292509794,0.013645265251398087,0.013645265251398087,0.007645265251398086,close,0,0,15,2023-07-01
2023-07-07,1784,58.89715576171875,0.6718544996270136,0,0.00449769664555788,0.00749622518196702,-0.03148432821035385,-0.01499254908412695,-0.02,-0.026000000000000002,stop_loss,0,1,15,2023-07-01
2023-07-07,5284,127.30094146728516,0.6712852514513448,1,0.009447121992707253,0.04697303846478462,-0.005563243757933378,0.01319971401244402,0.03,0.024,take_profit,1,0,15,2023-07-01
2023-07-07,4167,16.962890625,0.6711442135996325,1,0.017241472378373146,0.03160928934812546,0.008620694279670715,0.017241472378373146,0.03,0.024,take_profit,1,0,15,2023-07-01
2023-07-07,6532,52.25515365600586,0.6690049861540618,0,0.010619408451020718,0.010619408451020718,-0.005309754051268101,-0.005309754051268101,-0.005309754051268101,-0.0113097540512681,close,0,0,15,2023-07-01
2023-07-07,5386,39.92753601074219,0.6676693052868266,1,0.037036966532468796,0.037036966532468796,-0.0018519205041229725,0.01111097913235426,0.03,0.024,gap_take_profit,1,0,15,2023-07-01
2023-07-07,2630,50.703346252441406,0.6650308202417646,0,0.011450338177382946,0.011450338177382946,-0.024809231981635094,-0.0076336306519806385,-0.02,-0.026000000000000002,stop_loss,0,1,15,2023-07-01
2023-07-07,6166,70.19292449951172,0.6644112837032302,0,0.004016147926449776,0.006693483330309391,-0.013386840000748634,-0.010709402151405811,-0.010709402151405811,-0.01670940215140581,close,0,0,15,2023-07-01
2023-07-07,2347,50.78670883178711,0.6628273371458271,1,1.9362225600616512e-08,0.008960593491792679,1.9362225600616512e-08,0.001792175113223493,0.001792175113223493,-0.004207824886776507,close,0,0,15,2023-07-01
2023-07-07,4915,55.29072952270508,0.6626680353199238,0,0.00660070963203907,0.009901052340865135,-0.003300255862995982,-0.001650115940719843,-0.001650115940719843,-0.007650115940719843,close,0,0,15,2023-07-01
2023-07-07,6285,93.34263610839844,0.6626410970987849,1,0.01869148574769497,0.08878491818904877,0.009345699101686478,0.056074630469083786,0.03,0.024,take_profit,1,0,15,2023-07-01
2023-07-07,8069,199.66030883789062,0.6624131896362785,0,6.8492980176415585e-09,0.014117654412984848,-0.007058816496282816,-0.002352934330701828,-0.002352934330701828,-0.008352934330701828,close,0,0,15,2023-07-01
2023-07-07,3483,82.0179214477539,0.6619160949601592,0,0.007999964989721775,0.017142856493592262,-0.016000017523765564,0.0,0.0,-0.006,close,0,0,15,2023-07-01
2023-07-07,6234,28.859464645385742,0.6617695391011488,1,0.09884670376777649,0.09884670376777649,0.09225702285766602,0.09884670376777649,0.03,0.024,gap_take_profit,1,0,15,2023-07-01
2023-07-07,2301,101.15990447998047,0.6606720085531115,1,0.0045046149753034115,0.040540654212236404,-0.004504395183175802,0.009009120054543018,0.03,0.024,take_profit,1,0,15,2023-07-01
2023-07-10,6419,32.50703811645508,0.6256664898573577,1,0.09961679577827454,0.09961679577827454,0.09833967685699463,0.09961679577827454,0.03,0.024,gap_take_profit,1,0,15,2023-07-01
2023-07-10,4583,239.53054809570312,0.5885471122651386,1,0.023715484887361526,0.084980309009552,0.011857776902616024,0.06719374656677246,0.03,0.024,take_profit,1,0,15,2023-07-01
2023-07-10,6191,40.31022644042969,0.5683559844228476,1,0.017372380942106247,0.03257326781749725,0.013029342517256737,0.027144385501742363,0.03,0.024,take_profit,1,0,15,2023-07-01
2023-07-10,5475,12.550000190734863,0.5606215623825215,1,0.019920319318771362,0.09960158914327621,0.019920319318771362,0.09960158914327621,0.03,0.024,take_profit,1,0,15,2023-07-01
2023-07-10,8071,17.243988037109375,0.5601152491452273,0,0.039325911551713943,0.07303380221128464,-0.06741564720869064,-0.058988701552152634,0.03,0.024,gap_take_profit,1,1,15,2023-07-01
2023-07-10,4147,96.4000015258789,0.5573094593281522,0,0.00933611486107111,0.00933611486107111,-0.01970955915749073,-0.014522837474942207,-0.014522837474942207,-0.020522837474942206,close,0,0,15,2023-07-01
2023-07-10,8034,16.962770462036133,0.5536444036076833,0,0.017045430839061737,0.028409121558070183,-0.005681756418198347,-0.005681756418198347,-0.005681756418198347,-0.011681756418198347,close,0,0,15,2023-07-01
2023-07-10,1604,29.673908233642578,0.5521876692125981,0,-0.01666664145886898,-0.01666664145886898,-0.09999997168779373,-0.09999997168779373,-0.02,-0.026000000000000002,stop_loss,0,1,15,2023-07-01
2023-07-10,3217,109.24467468261719,0.5470990523388137,1,0.012000061571598053,0.07600006461143494,0.012000061571598053,0.060000065714120865,0.03,0.024,take_profit,1,0,15,2023-07-01
2023-07-10,6167,15.82080078125,0.546137586895509,1,0.002906991634517908,0.01453494280576706,5.918870016330402e-08,0.005813924130052328,0.005813924130052328,-0.00018607586994767202,close,0,0,15,2023-07-01
2023-07-10,8085,47.20000076293945,0.5447121645220532,0,0.008474527858197689,0.01271183229982853,-0.006355916149914265,-0.006355916149914265,-0.006355916149914265,-0.012355916149914265,close,0,0,15,2023-07-01
2023-07-10,6234,31.712127685546875,0.5437434272475977,1,0.05247361958026886,0.07796094566583633,0.026986410841345787,0.05397295951843262,0.03,0.024,gap_take_profit,1,0,15,2023-07-01
2023-07-10,3066,20.100000381469727,0.5419071060375693,1,0.004975143354386091,0.019900478422641754,0.004975143354386091,0.004975143354386091,0.004975143354386091,-0.001024856645613909,close,0,0,15,2023-07-01
2023-07-10,4533,36.296478271484375,0.5411599472315228,0,-0.09999995678663254,-0.09999995678663254,-0.09999995678663254,-0.09999995678663254,-0.09999995678663254,-0.10599995678663254,gap_stop,0,1,15,2023-07-01
2023-07-10,6877,33.86833190917969,0.5392644413874986,1,0.0901339203119278,0.0901339203119278,0.02801455184817314,0.040194831788539886,0.03,0.024,gap_take_profit,1,0,15,2023-07-01
2023-07-10,3685,24.100000381469727,0.5384050958134838,0,-0.004149393178522587,0.004149393178522587,-0.03526972606778145,-0.029045674949884415,-0.02,-0.026000000000000002,stop_loss,0,1,15,2023-07-01
2023-07-10,2404,190.1822052001953,0.5383018796473752,0,-0.01111102756112814,-0.004444360267370939,-0.017777694389224052,-0.015555472113192081,-0.015555472113192081,-0.02155547211319208,close,0,0,15,2023-07-01
2023-07-10,5243,71.22002410888672,0.5369745670431898,0,0.012000130489468575,0.012000130489468575,-0.007999871857464314,-0.0066665587946772575,-0.0066665587946772575,-0.012666558794677258,close,0,0,15,2023-07-01
2023-07-10,1618,21.69441795349121,0.5364462419698547,1,0.04824560135602951,0.09868417680263519,0.04605264961719513,0.09868417680263519,0.03,0.024,gap_take_profit,1,0,15,2023-07-01
2023-07-10,1515,36.85456085205078,0.5331972625796029,1,0.021711325272917747,0.08045970648527145,-0.005108578596264124,0.0025542371440678835,0.03,0.024,take_profit,1,0,15,2023-07-01
2023-07-11,6462,103.82743835449219,0.6836397498756557,1,0.00469478964805603,0.0328638032078743,0.00469478964805603,0.018779296427965164,0.03,0.024,take_profit,1,0,15,2023-07-01
2023-07-11,1449,16.4315128326416,0.682521776864586,1,0.019444337114691734,0.09999994188547134,0.019444337114691734,0.09999994188547134,0.03,0.024,take_profit,1,0,15,2023-07-01
2023-07-11,1102,37.48618698120117,0.6814915780753205,1,-0.001138926250860095,0.0034169000573456287,-0.0022778611164540052,0.0011390304425731301,0.0011390304425731301,-0.00486096955742687,close,0,0,15,2023-07-01
2023-07-11,6670,181.11293029785156,0.6807674510807369,0,-0.006696453783661127,0.0022321175783872604,-0.008928596042096615,-0.006696453783661127,-0.006696453783661127,-0.012696453783661127,close,0,0,15,2023-07-01
2023-07-11,8222,53.0373420715332,0.6785073736250921,0,0.012915142811834812,0.01660512387752533,-0.02214023470878601,-0.016605194658041,-0.02,-0.026000000000000002,stop_loss,0,1,15,2023-07-01
2023-07-11,4960,12.143579483032227,0.6776559144410848,0,0.008032148703932762,0.008032148703932762,-0.012048172764480114,-0.012048172764480114,-0.012048172764480114,-0.018048172764480112,close,0,0,15,2023-07-01
2023-07-11,4543,50.52791976928711,0.6775381721789714,0,0.00871090404689312,0.03310112655162811,-0.013937165960669518,-0.0017420891672372818,0.03,0.024,take_profit,1,0,15,2023-07-01
2023-07-11,3661,1812.389404296875,0.6772682233933154,1,0.019021812826395035,0.0380435511469841,0.013587028719484806,0.021739203482866287,0.03,0.024,take_profit,1,0,15,2023-07-01
2023-07-11,3685,23.399999618530273,0.6771373507614193,0,0.008547041565179825,0.012820562347769737,-0.012820480391383171,-0.012820480391383171,-0.012820480391383171,-0.01882048039138317,close,0,0,15,2023-07-01
2023-07-11,3306,33.52156066894531,0.6757403439652714,1,0.005471943411976099,0.06155947223305702,-0.004103938117623329,0.031463757157325745,0.03,0.024,take_profit,1,0,15,2023-07-01
2023-07-11,5269,981.86083984375,0.6718155633789791,0,0.0048543899320065975,0.02427186630666256,-0.033009689301252365,-0.031067941337823868,-0.02,-0.026000000000000002,stop_loss,0,1,15,2023-07-01
2023-07-11,3023,336.8467712402344,0.6702440136114569,0,-0.002677331445738673,0.005354797467589378,-0.010709459893405437,-0.004016019403934479,-0.004016019403934479,-0.010016019403934479,close,0,0,15,2023-07-01
2023-07-11,2421,84.71701049804688,0.6680221554616693,1,0.030870947986841202,0.06174198165535927,0.01543542928993702,0.034178588539361954,0.03,0.024,gap_take_profit,1,0,15,2023-07-01
2023-07-11,5426,15.337624549865723,0.6675044220471287,1,0.022082075476646423,0.04416399821639061,0.003154557663947344,0.00946373026818037,0.03,0.024,take_profit,1,0,15,2023-07-01
2023-07-11,6667,73.64969635009766,0.6661660785959436,1,0.007874101400375366,0.015748096629977226,0.002624737098813057,0.00393705302849412,0.00393705302849412,-0.0020629469715058805,close,0,0,15,2023-07-01
2023-07-11,8016,202.2269744873047,0.6651506783168671,1,0.004065018612891436,0.010162579827010632,-0.008130103349685669,0.002032498363405466,0.002032498363405466,-0.003967501636594534,close,0,0,15,2023-07-01
2023-07-11,2010,15.532551765441895,0.6649490984510935,0,0.005509659182280302,0.016528984531760216,-0.019283771514892578,-0.016528887674212456,-0.016528887674212456,-0.022528887674212454,close,0,0,15,2023-07-01
2023-07-11,2020,18.4558162689209,0.6626220857118437,1,0.059288594871759415,0.08695661276578903,0.023715469986200333,0.04743088781833649,0.03,0.024,gap_take_profit,1,0,15,2023-07-01
2023-07-11,6596,45.10948181152344,0.6619898612848563,0,0.030188649892807007,0.030188649892807007,-0.0056603713892400265,-0.003773557720705867,0.03,0.024,gap_take_profit,1,0,15,2023-07-01
2023-07-11,6788,123.42912292480469,0.6609522101269522,1,0.007434886880218983,0.022304775193333626,-5.681245340838359e-08,0.011152358725667,0.011152358725667,0.005152358725667,close,0,0,15,2023-07-01
2023-07-12,5706,73.54641723632812,0.7051582823225588,0,0.021834086626768112,0.021834086626768112,-0.027292538434267044,-0.022925812751054764,-0.02,-0.026000000000000002,stop_loss,0,1,15,2023-07-01
2023-07-12,5269,951.3564453125,0.704707268652951,0,0.01703406684100628,0.022044086828827858,-0.02605210430920124,-0.023046093061566353,-0.02,-0.026000000000000002,stop_loss,0,1,15,2023-07-01
2023-07-12,3498,39.0,0.7011244769452714,1,0.0051282248459756374,0.035897474735975266,0.0051282248459756374,0.010256449691951275,0.03,0.024,take_profit,1,0,15,2023-07-01
2023-07-12,6568,129.81173706054688,0.7002298468260124,1,-0.011194008402526379,0.03731345385313034,-0.011194008402526379,0.003731365315616131,0.03,0.024,take_profit,1,0,15,2023-07-01
2023-07-12,1727,30.95030975341797,0.6985010274121762,0,0.00618254067376256,0.01391051709651947,-0.006182150915265083,-0.006182150915265083,-0.006182150915265083,-0.012182150915265083,close,0,0,15,2023-07-01
2023-07-12,4744,33.76073455810547,0.6977265542606402,0,0.01685403846204281,0.023876510560512543,-0.05337068811058998,-0.03651679679751396,-0.02,-0.026000000000000002,stop_loss,0,1,15,2023-07-01
2023-07-12,1528,15.951282501220703,0.696801248091642,0,0.018518546596169472,0.030864272266626358,-0.012345652095973492,-0.012345652095973492,0.03,0.024,take_profit,1,0,15,2023-07-01
2023-07-12,6517,85.3748779296875,0.6967131697811725,0,0.007752022240310907,0.02547072246670723,-0.01993347331881523,-0.0033221759367734194,-0.0033221759367734194,-0.00932217593677342,close,0,0,15,2023-07-01
2023-07-12,8076,33.75994873046875,0.6966036637657346,1,0.008241651579737663,0.032966941595077515,0.0013735395623371005,0.004120805766433477,0.03,0.024,take_profit,1,0,15,2023-07-01
2023-07-12,3563,222.11375427246094,0.6949324499328737,1,0.0021930369548499584,0.043859705328941345,5.4423157536120925e-08,0.013157949782907963,0.03,0.024,take_profit,1,0,15,2023-07-01
2023-07-12,4919,121.0765380859375,0.6895234417259362,1,0.015209144912660122,0.026615988463163376,0.0038023004308342934,0.01140686310827732,0.01140686310827732,0.005406863108277321,close,0,0,15,2023-07-01
2023-07-12,7402,67.56366729736328,0.6893570790020936,1,0.013386964797973633,0.036144696176052094,5.72920626495943e-08,0.008032223209738731,0.03,0.024,take_profit,1,0,15,2023-07-01
2023-07-12,2468,29.292139053344727,0.6889548642991603,0,0.017799390479922295,0.025890005752444267,-0.003236258402466774,0.0,0.0,-0.006,close,0,0,15,2023-07-01
2023-07-12,2108,33.8670768737793,0.6873303953064642,0,0.0027776863425970078,0.005555527750402689,-0.009722228161990643,-0.008333360776305199,-0.008333360776305199,-0.014333360776305199,close,0,0,15,2023-07-01
2023-07-12,3518,34.5,0.6867523498727844,1,0.05217389017343521,0.10000002384185791,0.04927538335323334,0.10000002384185791,0.03,0.024,gap_take_profit,1,0,15,2023-07-01
2023-07-12,6143,71.70095825195312,0.6857537217968007,0,-0.002433140529319644,0.014598507434129715,-0.009732391685247421,-0.008515865541994572,-0.008515865541994572,-0.014515865541994572,close,0,0,15,2023-07-01
2023-07-12,3014,105.71124267578125,0.6857097990894113,1,0.008438842371106148,0.03375529870390892,0.008438842371106148,0.012658251449465752,0.03,0.024,take_profit,1,0,15,2023-07-01
2023-07-12,3207,78.91112518310547,0.6846966298785742,1,0.008663301356136799,0.03094056434929371,0.006188091356307268,0.017326628789305687,0.03,0.024,take_profit,1,0,15,2023-07-01
2023-07-12,6163,18.64664649963379,0.6837190031190832,1,0.015625011175870895,0.03385419771075249,0.0026041781529784203,0.0026041781529784203,0.03,0.024,take_profit,1,0,15,2023-07-01
2023-07-12,3443,1590.7279052734375,0.6831256974433823,1,0.03680979460477829,0.09815948456525803,0.02760733850300312,0.07361961156129837,0.03,0.024,gap_take_profit,1,0,15,2023-07-01
2023-07-13,3483,93.64102935791016,0.636021149661947,1,0.09609607607126236,0.09609607607126236,0.09609607607126236,0.09609607607126236,0.03,0.024,gap_take_profit,1,0,15,2023-07-01
2023-07-13,5234,135.19557189941406,0.6175992998358659,1,0.017543895170092583,0.06666670739650726,3.57863250144419e-08,0.007017579860985279,0.03,0.024,take_profit,1,0,15,2023-07-01
2023-07-13,6741,122.33441925048828,0.6145417365015199,1,0.011811071075499058,0.023622095584869385,-0.011810977011919022,0.011811071075499058,0.011811071075499058,0.005811071075499058,close,0,0,15,2023-07-01
2023-07-13,4744,32.52790069580078,0.6140681392292183,1,0.023323513567447662,0.048104919493198395,-0.008746410720050335,0.034985363483428955,0.03,0.024,take_profit,1,0,15,2023-07-01
2023-07-13,5340,45.23860549926758,0.6108707159071645,0,0.015401565469801426,0.016501659527420998,-0.006600634194910526,-0.0033003545831888914,-0.0033003545831888914,-0.009300354583188892,close,0,0,15,2023-07-01
2023-07-13,6596,44.00302505493164,0.6103561486127226,1,0.019342251121997833,0.034816086292266846,0.007736780680716038,0.032881904393434525,0.03,0.024,take_profit,1,0,15,2023-07-01
2023-07-13,6133,16.238126754760742,0.609178293240552,0,0.0,0.01488095335662365,-0.0059522902593016624,0.0,0.0,-0.006,close,0,0,15,2023-07-01
2023-07-13,4157,15.699999809265137,0.609165086510855,1,0.009554176591336727,0.03503185883164406,0.006369451060891151,0.01910829171538353,0.03,0.024,take_profit,1,0,15,2023-07-01
2023-07-13,2419,42.259315490722656,0.6089022814727608,1,0.05978892371058464,0.09964825958013535,0.031652916222810745,0.09964825958013535,0.03,0.024,gap_take_profit,1,0,15,2023-07-01
2023-07-13,8222,50.59096908569336,0.6066942872602212,0,0.0019342071609571576,0.01160538662225008,-0.029013538733124733,-0.029013538733124733,-0.02,-0.026000000000000002,stop_loss,0,1,15,2023-07-01
2023-07-13,4541,37.44535827636719,0.6053863267097864,0,0.0013125137193128467,0.017060507088899612,-0.006561583373695612,-0.006561583373695612,-0.006561583373695612,-0.012561583373695612,close,0,0,15,2023-07-01
2023-07-13,3515,236.09762573242188,0.6039312813980091,1,0.04828977212309837,0.05432598665356636,-0.020120693370699883,0.0362173356115818,0.03,0.024,gap_take_profit,1,1,15,2023-07-01
2023-07-13,2379,363.8820495605469,0.6037730264742341,1,0.023779768496751785,0.03879854455590248,0.015018817968666553,0.02127663977444172,0.03,0.024,take_profit,1,0,15,2023-07-01
2023-07-13,2489,14.359861373901367,0.6028842861484437,0,0.007142842747271061,0.014285709708929062,-0.007142891641706228,-0.003571398789063096,-0.003571398789063096,-0.009571398789063096,close,0,0,15,2023-07-01
2023-07-13,1735,14.895831108093262,0.6013640468260271,1,0.021148083731532097,0.021148083731532097,0.0030212407000362873,0.0030212407000362873,0.0030212407000362873,-0.002978759299963713,close,0,0,15,2023-07-01
2023-07-13,5706,71.86030578613281,0.6013484872576872,0,0.005586535669863224,0.026815656572580338,-0.02681564725935459,-0.011173203587532043,-0.02,-0.026000000000000002,stop_loss,0,1,15,2023-07-01
2023-07-13,8227,172.0878143310547,0.5999378286816118,1,0.02542371302843094,0.08474574983119965,0.011299419216811657,0.07062145322561264,0.03,0.024,take_profit,1,0,15,2023-07-01
2023-07-13,2243,15.550000190734863,0.5989484433406573,1,0.009646277874708176,0.09967846423387527,0.0,0.09967846423387527,0.03,0.024,take_profit,1,0,15,2023-07-01
2023-07-13,3518,37.95000076293945,0.5987756133695763,1,0.0988142266869545,0.0988142266869545,0.0988142266869545,0.0988142266869545,0.03,0.024,gap_take_profit,1,0,15,2023-07-01
2023-07-13,1810,21.467905044555664,0.598649831433785,0,-0.0022522592917084694,0.01351352408528328,-0.006756781134754419,-0.0022522592917084694,-0.0022522592917084694,-0.00825225929170847,close,0,0,15,2023-07-01
2023-07-14,3518,41.70000076293945,0.6120444129401109,1,0.09952032566070557,0.09952032566070557,0.011990407481789589,0.04316544905304909,0.03,0.024,gap_take_profit,1,0,15,2023-07-01
2023-07-14,8222,49.123146057128906,0.6069911376284702,1,0.00597607996314764,0.013944237492978573,-0.019920319318771362,0.00597607996314764,0.00597607996314764,-2.3920036852359897e-05,close,0,0,15,2023-07-01
2023-07-14,5234,136.14431762695312,0.601969263565162,1,0.031358905136585236,0.0766550749540329,0.010452980175614357,0.06968642771244049,0.03,0.024,gap_take_profit,1,0,15,2023-07-01
2023-07-14,5009,47.62236022949219,0.5921705478509091,0,0.005596953444182873,0.009328239597380161,-0.018656833097338676,-0.0018657606560736895,-0.0018657606560736895,-0.00786576065607369,close,0,0,15,2023-07-01
2023-07-14,6148,35.78370666503906,0.5897987149876934,1,0.0013072504661977291,0.02745104394853115,-0.027450881898403168,0.007843198254704475,-0.02,-0.026000000000000002,stop_loss,0,1,15,2023-07-01
2023-07-14,3149,19.04001235961914,0.5872103730260301,1,-0.004081563092768192,0.09795922040939331,-0.004081563092768192,0.09795922040939331,0.03,0.024,take_profit,1,0,15,2023-07-01
2023-07-14,6753,93.98432922363281,0.5807241270295418,1,0.014925462193787098,0.059701573103666306,0.014925462193787098,0.03980106860399246,0.03,0.024,take_profit,1,0,15,2023-07-01
2023-07-14,6226,10.850000381469727,0.5743293964532141,1,0.00921653676778078,0.02304147370159626,-0.004608312156051397,0.02304147370159626,0.02304147370159626,0.01704147370159626,close,0,0,15,2023-07-01
2023-07-14,4927,64.0287857055664,0.5724784741981481,1,0.003030210267752409,0.022727224975824356,-0.010606059804558754,0.021212097257375717,0.021212097257375717,0.015212097257375717,close,0,0,15,2023-07-01
2023-07-14,3714,46.69220733642578,0.5705709042947803,1,-8.59245119499974e-08,0.03271971642971039,-0.008180075325071812,0.03271971642971039,0.03,0.024,take_profit,1,0,15,2023-07-01
2023-07-14,8341,128.84033203125,0.5677236572554147,0,-0.014184334315359592,-0.014184334315359592,-0.0425531305372715,-0.02836873196065426,-0.02,-0.026000000000000002,stop_loss,0,1,15,2023-07-01
2023-07-14,1449,16.84229850769043,0.5669603197659469,0,0.04336048662662506,0.04336048662662506,-0.02981024980545044,-0.008130040019750595,0.03,0.024,gap_take_profit,1,1,15,2023-07-01
2023-07-14,2379,371.6242370605469,0.5665687471079064,1,6.04085528266296e-08,0.006127511616796255,-0.014705822803080082,0.0012255506590008736,0.0012255506590008736,-0.0047744493409991266,close,0,0,15,2023-07-01
2023-07-14,1603,34.44106674194336,0.5647792865646882,1,0.02080441825091839,0.02080441825091839,-0.012482703663408756,0.013869605958461761,0.013869605958461761,0.007869605958461761,close,0,0,15,2023-07-01
2023-07-14,1227,36.703285217285156,0.5640228048598577,1,1.247208416543799e-07,0.013464094139635563,1.247208416543799e-07,0.012240028940141201,0.012240028940141201,0.006240028940141201,close,0,0,15,2023-07-01
2023-07-14,4532,21.330181121826172,0.5633769912620087,1,0.023304980248212814,0.06991516053676605,0.006355844438076019,0.04872872307896614,0.03,0.024,take_profit,1,0,15,2023-07-01
2023-07-14,3483,102.63956451416016,0.5621847300331985,1,0.09132418036460876,0.09589038789272308,0.08675797283649445,0.09589038789272308,0.03,0.024,gap_take_profit,1,0,15,2023-07-01
2023-07-14,2545,34.74444580078125,0.5612224749188662,0,0.003773661097511649,0.003773661097511649,-0.0037735856603831053,-0.0037735856603831053,-0.0037735856603831053,-0.009773585660383105,close,0,0,15,2023-07-01
2023-07-14,3379,12.55555534362793,0.5609896479355275,0,0.0,0.007843167521059513,0.0,0.0,0.0,-0.006,close,0,0,15,2023-07-01
2023-07-14,1590,951.5260009765625,0.5596927533095524,0,-0.04568528011441231,0.011167512275278568,-0.06395938992500305,-0.01928934082388878,-0.04568528011441231,-0.051685280114412306,gap_stop,0,1,15,2023-07-01
2023-07-17,3305,68.67013549804688,0.6633246149279112,0,0.07639824599027634,0.09686209261417389,-0.08731251209974289,-0.05457033962011337,0.03,0.024,gap_take_profit,1,1,15,2023-07-01
2023-07-17,3706,51.003173828125,0.656344257868826,0,0.0996169000864029,0.0996169000864029,-0.04406126216053963,-0.034482717514038086,0.03,0.024,gap_take_profit,1,1,15,2023-07-01
2023-07-17,3694,36.05161666870117,0.6263387849786988,1,0.09907533973455429,0.09907533973455429,-0.01585197262465954,0.043593209236860275,0.03,0.024,gap_take_profit,1,0,15,2023-07-01
2023-07-17,6442,66.08384704589844,0.6092417491363463,1,0.099150151014328,0.099150151014328,0.033994320780038834,0.099150151014328,0.03,0.024,gap_take_profit,1,0,15,2023-07-01
2023-07-17,6197,70.9375,0.6049077296908467,1,0.06719377636909485,0.09881435334682465,0.01449284702539444,0.048748429864645004,0.03,0.024,gap_take_profit,1,0,15,2023-07-01
2023-07-17,4966,858.229248046875,0.5960432659832765,1,0.008878838270902634,0.041065290570259094,0.006659083068370819,0.02996651455760002,0.03,0.024,take_profit,1,0,15,2023-07-01
2023-07-17,5706,68.08663940429688,0.5946387122770795,0,0.005896278191357851,0.008254721760749817,-0.049528297036886215,-0.049528297036886215,-0.02,-0.026000000000000002,stop_loss,0,1,15,2023-07-01
2023-07-17,8476,31.16107177734375,0.5816742433185833,0,0.004347787704318762,0.011594166047871113,-0.023188473656773567,-0.01594209484755993,-0.02,-0.026000000000000002,stop_loss,0,1,15,2023-07-01
2023-07-17,3073,35.25,0.5803267917931161,1,-0.0028368360362946987,0.09503541886806488,-0.0028368360362946987,0.07517734915018082,0.03,0.024,take_profit,1,0,15,2023-07-01
2023-07-17,6530,28.919170379638672,0.5800529889242825,1,0.09983627498149872,0.09983627498149872,0.09983627498149872,0.09983627498149872,0.03,0.024,gap_take_profit,1,0,15,2023-07-01
2023-07-17,1513,138.3000030517578,0.5782984629614117,0,0.021276511251926422,0.02482261136174202,-0.04255326837301254,-0.035461071878671646,-0.02,-0.026000000000000002,stop_loss,0,1,15,2023-07-01
2023-07-17,1789,32.239139556884766,0.5776986702249759,1,0.04962414875626564,0.07669174671173096,-0.0030074322130531073,0.013533898629248142,0.03,0.024,gap_take_profit,1,0,15,2023-07-01
2023-07-17,2395,383.0646057128906,0.5757810168769822,0,-0.011166203767061234,0.007444219198077917,-0.01240689866244793,-0.00620342418551445,-0.00620342418551445,-0.01220342418551445,close,0,0,15,2023-07-01
2023-07-17,5484,31.5,0.5754941248864415,0,0.04126981645822525,0.04126981645822525,-0.044444430619478226,-0.01587301678955555,0.03,0.024,gap_take_profit,1,1,15,2023-07-01
2023-07-17,3219,60.97926712036133,0.5713212112915287,0,-0.0015923728933557868,0.014331193640828133,-0.055732522159814835,-0.04458601400256157,-0.02,-0.026000000000000002,stop_loss,0,1,15,2023-07-01
2023-07-17,6584,75.6907958984375,0.5705102149962094,1,0.02102498896420002,0.09986861795186996,0.013140646740794182,0.09986861795186996,0.03,0.024,take_profit,1,0,15,2023-07-01
2023-07-17,3071,42.18589782714844,0.568642290036718,0,0.09592068195343018,0.09922824054956436,-0.08710025250911713,-0.07276733964681625,0.03,0.024,gap_take_profit,1,1,15,2023-07-01
2023-07-17,3141,99.12689208984375,0.5677685666188659,1,0.014492686837911606,0.028985438868403435,-0.014492819085717201,0.014492686837911606,0.014492686837911606,0.008492686837911606,close,0,0,15,2023-07-01
2023-07-17,3078,79.32838439941406,0.5676932422749253,0,0.07876713573932648,0.09132419526576996,-0.09931503981351852,-0.09931503981351852,0.03,0.024,gap_take_profit,1,1,15,2023-07-01
2023-07-17,3128,35.386962890625,0.5623344812441488,0,0.0012078940635547042,0.0012078940635547042,-0.04468578100204468,-0.04347813129425049,-0.02,-0.026000000000000002,stop_loss,0,1,15,2023-07-01
2023-07-18,6530,31.806352615356445,0.6195886949556274,1,0.0520833283662796,0.09970244765281677,0.020833350718021393,0.09970244765281677,0.03,0.024,gap_take_profit,1,0,15,2023-07-01
2023-07-18,1529,45.47296905517578,0.6013321113667367,0,-0.018255384638905525,-0.018255384638905525,-0.09939133375883102,-0.09939133375883102,-0.02,-0.026000000000000002,stop_loss,0,1,15,2023-07-01
2023-07-18,5706,64.71442413330078,0.5818023092679844,0,0.014888332225382328,0.028536031022667885,-0.00248137884773314,-0.0012407086323946714,-0.0012407086323946714,-0.0072407086323946716,close,0,0,15,2023-07-01
2023-07-18,6234,29.952983856201172,0.5815832070443053,0,0.019047588109970093,0.022222263738512993,-0.020634891465306282,-0.017460275441408157,-0.02,-0.026000000000000002,stop_loss,0,1,15,2023-07-01
2023-07-18,4510,16.775148391723633,0.5777469204327734,0,0.03142855316400528,0.04571426659822464,-0.01714279130101204,-0.01714279130101204,0.03,0.024,gap_take_profit,1,0,15,2023-07-01
2023-07-18,4744,32.053733825683594,0.5684312152444448,0,1.781891256769086e-08,0.022189367562532425,-0.026627134531736374,-0.023668600246310234,-0.02,-0.026000000000000002,stop_loss,0,1,15,2023-07-01
2023-07-18,3234,31.299999237060547,0.5660897338643446,1,0.01757192239165306,0.04792332276701927,0.006389800924807787,0.009584701620042324,0.03,0.024,take_profit,1,0,15,2023-07-01
2023-07-18,3624,49.69489288330078,0.5657176590083798,1,0.0037878858856856823,0.03598487004637718,0.001893975306302309,0.0056817964650690556,0.03,0.024,take_profit,1,0,15,2023-07-01
2023-07-18,2486,46.142242431640625,0.5635812358837367,0,0.014973278157413006,0.028876973316073418,-0.005347593687474728,0.0,0.0,-0.006,close,0,0,15,2023-07-01
2023-07-18,5439,99.63803100585938,0.560921957380198,0,0.018518518656492233,0.0416666679084301,-0.013888888992369175,0.0,0.03,0.024,take_profit,1,0,15,2023-07-01
2023-07-18,1504,48.843631744384766,0.5582739112730822,0,0.003773534670472145,0.009433897212147713,-0.03584914654493332,-0.028301948681473732,-0.02,-0.026000000000000002,stop_loss,0,1,15,2023-07-01
2023-07-18,6841,113.66561889648438,0.5571231852254289,1,0.07296140491962433,0.09871247410774231,0.06866955757141113,0.09871247410774231,0.03,0.024,gap_take_profit,1,0,15,2023-07-01
2023-07-18,4533,25.68320655822754,0.5558025167514096,1,0.04830049350857735,0.06440070271492004,-0.001788937021046877,0.012522319331765175,0.03,0.024,gap_take_profit,1,0,15,2023-07-01
2023-07-18,6120,17.51641845703125,0.5556380616775263,1,0.02197810262441635,0.07967036962509155,0.016483576968312263,0.05494515970349312,0.03,0.024,take_profit,1,0,15,2023-07-01
2023-07-18,2206,68.89602661132812,0.5536995330881439,1,0.011688304133713245,0.0376623310148716,-2.707975355065173e-08,0.02077917382121086,0.03,0.024,take_profit,1,0,15,2023-07-01
2023-07-18,5426,15.240856170654297,0.5510614852197129,0,0.0031746611930429935,0.02539684809744358,-0.04126977175474167,-0.03492060303688049,-0.02,-0.026000000000000002,stop_loss,0,1,15,2023-07-01
2023-07-18,1618,28.06953239440918,0.5508088400547887,0,-0.011864484287798405,-0.008474641479551792,-0.081355981528759,-0.06779666990041733,-0.02,-0.026000000000000002,stop_loss,0,1,15,2023-07-01
2023-07-18,8176,13.399999618530273,0.5484687493699536,0,0.0,0.02985079027712345,-0.06343279778957367,-0.048507437109947205,-0.02,-0.026000000000000002,stop_loss,0,1,15,2023-07-01
2023-07-18,6111,83.43010711669922,0.5472469431746834,0,0.019607845693826675,0.029411805793642998,-0.035294149070978165,-0.031372565776109695,-0.02,-0.026000000000000002,stop_loss,0,1,15,2023-07-01
2023-07-18,2316,33.14458465576172,0.5467620750855299,1,-0.02222232148051262,0.09925910085439682,-0.04296308383345604,0.09925910085439682,-0.02222232148051262,-0.028222321480512617,gap_stop,1,1,15,2023-07-01
2023-07-19,2323,13.02519416809082,0.6571993217960425,1,0.018181808292865753,0.04000000283122063,0.010909054428339005,0.0363636277616024,0.03,0.024,take_profit,1,0,15,2023-07-01
2023-07-19,1608,19.01443099975586,0.6457381680797963,1,0.0024691878352314234,0.029629740864038467,0.0024691878352314234,0.024691449478268623,0.024691449478268623,0.018691449478268625,close,0,0,15,2023-07-01
2023-07-19,6122,35.0654411315918,0.6455574833477844,0,0.009744289331138134,0.019488533958792686,-0.008526119403541088,-0.006090058013796806,-0.006090058013796806,-0.012090058013796806,close,0,0,15,2023-07-01
2023-07-19,6167,14.946977615356445,0.6438745532710269,1,0.0030768306460231543,0.02153843827545643,-0.00923079065978527,0.015384568832814693,0.015384568832814693,0.009384568832814693,close,0,0,15,2023-07-01
2023-07-19,5426,14.708636283874512,0.6340040918605143,1,0.006578945554792881,0.03289470821619034,0.0032894592732191086,0.02960522286593914,0.03,0.024,take_profit,1,0,15,2023-07-01
2023-07-19,6285,99.95925903320312,0.6316627638535413,0,0.022727347910404205,0.02727276273071766,-0.00909084640443325,-0.00909084640443325,-0.00909084640443325,-0.01509084640443325,close,0,0,15,2023-07-01
2023-07-19,4543,46.52732849121094,0.6315917374721787,1,0.025145163759589195,0.04448752850294113,0.007737026084214449,0.021276704967021942,0.03,0.024,take_profit,1,0,15,2023-07-01
2023-07-19,6244,30.327226638793945,0.6296123419292126,0,0.007999989204108715,0.012799977324903011,-0.003200022503733635,-0.003200022503733635,-0.003200022503733635,-0.009200022503733635,close,0,0,15,2023-07-01
2023-07-19,3689,43.64146423339844,0.6290628737710927,1,0.010373484343290329,0.06431536376476288,0.009336155839264393,0.039419081062078476,0.03,0.024,take_profit,1,0,15,2023-07-01
2023-07-19,4934,36.29999923706055,0.6250642319328914,1,0.008264441974461079,0.03305787220597267,0.0,0.009641936980187893,0.03,0.024,take_profit,1,0,15,2023-07-01
2023-07-19,6279,142.21527099609375,0.6242250872137789,1,-0.015974465757608414,0.022364256903529167,-0.015974465757608414,0.01277952641248703,0.01277952641248703,0.00677952641248703,close,0,0,15,2023-07-01
2023-07-19,4541,35.38144302368164,0.6217302640687149,1,0.016666695475578308,0.09166672080755234,0.00555564695969224,0.07083338499069214,0.03,0.024,take_profit,1,0,15,2023-07-01
2023-07-19,4744,31.295066833496094,0.6203509827922857,1,0.0075757247395813465,0.034848496317863464,0.0015150959370657802,0.010605981573462486,0.03,0.024,take_profit,1,0,15,2023-07-01
2023-07-19,2359,36.043148040771484,0.620175574032357,0,0.01089909952133894,0.03269754722714424,-0.009536867029964924,-0.002724878489971161,0.03,0.024,take_profit,1,0,15,2023-07-01
2023-07-19,1727,29.419540405273438,0.6198421829097027,1,0.0016260667471215129,0.09918704628944397,-0.0016259164549410343,0.09918704628944397,0.03,0.024,take_profit,1,0,15,2023-07-01
2023-07-19,3356,54.27670669555664,0.6184911895134088,1,3.92457444320371e-09,0.02631577104330063,3.92457444320371e-09,0.013157919980585575,0.013157919980585575,0.007157919980585575,close,0,0,15,2023-07-01
2023-07-19,8011,16.263626098632812,0.6179296692968872,1,0.002849000971764326,0.022791970521211624,-1.0347084966610964e-08,0.0142450463026762,0.0142450463026762,0.0082450463026762,close,0,0,15,2023-07-01
2023-07-19,6741,112.35054779052734,0.6129896615656211,0,-4.310621548597737e-08,0.02586202509701252,-0.017241422086954117,-0.008620732463896275,-0.008620732463896275,-0.014620732463896275,close,0,0,15,2023-07-01
2023-07-19,1595,39.836116790771484,0.6103902281478126,1,-0.004901946522295475,0.02696087583899498,-0.004901946522295475,0.02696087583899498,0.02696087583899498,0.02096087583899498,close,0,0,15,2023-07-01
2023-07-19,4510,16.48757553100586,0.6029226007775386,1,0.011627774685621262,0.037790607661008835,-6.450601119922794e-08,0.037790607661008835,0.03,0.024,take_profit,1,0,15,2023-07-01
2023-07-20,6111,78.03169250488281,0.5683991181494449,0,-7.472741536673766e-09,0.0241090040653944,-0.04612168297171593,-0.0440252386033535,-0.02,-0.026000000000000002,stop_loss,0,1,15,2023-07-01
2023-07-20,5314,1.4218655824661255,0.5230384825708552,0,1.0882841294801437e-08,1.0882841294801437e-08,-0.09913045167922974,-0.09565220028162003,-0.02,-0.026000000000000002,stop_loss,0,1,15,2023-07-01
2023-07-20,2353,32.5092658996582,0.5211737762820412,1,-0.014164364896714687,0.024079324677586555,-0.0283286701887846,0.0028328667394816875,-0.02,-0.026000000000000002,stop_loss,0,1,15,2023-07-01
2023-07-20,1736,76.21495819091797,0.5166762371948254,1,-0.008804967626929283,0.03144656866788864,-0.02893083170056343,0.015094326809048653,-0.02,-0.026000000000000002,ambiguous_stop_loss,1,1,15,2023-07-01
2023-07-20,4953,128.16943359375,0.5140630950136301,1,-0.025270797312259674,0.04693136364221573,-0.046931445598602295,0.018050499260425568,-0.025270797312259674,-0.03127079731225967,gap_stop,1,1,15,2023-07-01
2023-07-20,3444,76.29435729980469,0.5139390918882202,1,0.0011586416512727737,0.025492439046502113,-0.030127540230751038,0.016222411766648293,-0.02,-0.026000000000000002,stop_loss,0,1,15,2023-07-01
2023-07-20,3051,21.95696258544922,0.5083092514209869,0,-0.003952475264668465,0.08300400525331497,-0.027667906135320663,-0.019762814044952393,-0.02,-0.026000000000000002,ambiguous_stop_loss,1,1,15,2023-07-01
2023-07-20,2491,15.449999809265137,0.50686833622683,1,0.006472516804933548,0.06472498178482056,0.006472516804933548,0.05177994817495346,0.03,0.024,take_profit,1,0,15,2023-07-01
2023-07-20,6227,41.68870544433594,0.5064581374974573,0,-0.007368395570665598,0.002105224411934614,-0.04000004008412361,-0.01473686471581459,-0.02,-0.026000000000000002,stop_loss,0,1,15,2023-07-01
2023-07-20,6278,88.28614807128906,0.5038395160414498,0,-0.02904573641717434,0.030082937330007553,-0.04356857389211655,-0.037344444543123245,-0.02904573641717434,-0.03504573641717434,gap_stop,1,1,15,2023-07-01
2023-07-20,3450,44.79533767700195,0.5004668565924159,0,-0.04231627285480499,-0.004454339854419231,-0.04454340785741806,-0.005567908752709627,-0.04231627285480499,-0.04831627285480499,gap_stop,0,1,15,2023-07-01
2023-07-20,1727,32.33757781982422,0.4984486168258733,1,0.014792748726904392,0.0887572392821312,0.014792748726904392,0.06360935419797897,0.03,0.024,take_profit,1,0,15,2023-07-01
2023-07-20,6237,41.886566162109375,0.4984205117663651,0,-0.005903241224586964,0.04722544923424721,-0.012987048365175724,-0.007083860691636801,0.03,0.024,take_profit,1,0,15,2023-07-01
2023-07-20,2236,60.39154052734375,0.4973443793410454,1,-0.015923580154776573,0.022292988374829292,-0.017515957355499268,0.01592353917658329,0.01592353917658329,0.00992353917658329,close,0,0,15,2023-07-01
2023-07-20,6274,110.2801742553711,0.49565747417086786,0,-0.04219407960772514,1.5439741929412776e-08,-0.054852306842803955,-0.01687762141227722,-0.04219407960772514,-0.04819407960772514,gap_stop,0,1,15,2023-07-01
2023-07-20,3379,12.506318092346191,0.48793480211945706,0,-0.003937066532671452,0.003936978988349438,-0.011811036616563797,-0.003937066532671452,-0.003937066532671452,-0.009937066532671452,close,0,0,15,2023-07-01
2023-07-20,6177,23.80923843383789,0.4855633524288752,1,-4.0053009797702543e-08,0.0015847281320020556,-0.003169646952301264,0.0015847281320020556,0.0015847281320020556,-0.0044152718679979445,close,0,0,15,2023-07-01
2023-07-20,5388,101.94346618652344,0.48440376017844716,0,-0.013698645867407322,-0.004566225688904524,-0.03196348622441292,-0.00913243554532528,-0.02,-0.026000000000000002,stop_loss,0,1,15,2023-07-01
2023-07-20,6442,71.2891845703125,0.48413543780893414,1,-0.010796251706779003,0.0323885977268219,-0.01349534373730421,0.013495161198079586,0.03,0.024,take_profit,1,0,15,2023-07-01
2023-07-20,2441,53.758758544921875,0.4836510239949908,1,-0.006700184196233749,0.021775539964437485,-0.016750410199165344,0.016750426962971687,0.016750426962971687,0.010750426962971687,close,0,0,15,2023-07-01
2023-07-21,4744,30.678646087646484,0.7135755247023314,0,0.03554878756403923,0.03554878756403923,-0.030911793932318687,-0.013910271227359772,0.03,0.024,gap_take_profit,1,1,15,2023-07-01
2023-07-21,1104,24.635772705078125,0.6966603396695027,0,0.0035587195307016373,0.0035587195307016373,-0.03736654669046402,-0.035587213933467865,-0.02,-0.026000000000000002,stop_loss,0,1,15,2023-07-01
2023-07-21,3709,23.725126266479492,0.6932676815592177,0,-5.525884194668151e-10,0.007968081161379814,-0.03187255561351776,-0.02390439808368683,-0.02,-0.026000000000000002,stop_loss,0,1,15,2023-07-01
2023-07-21,1795,278.3423767089844,0.6910368959738258,1,0.01890038698911667,0.04811001196503639,0.006872895173728466,0.037800733000040054,0.03,0.024,take_profit,1,0,15,2023-07-01
2023-07-21,6143,67.5140380859375,0.6817458010089857,0,0.007751992903649807,0.007751992903649807,-0.024547750130295753,-0.014211793430149555,-0.02,-0.026000000000000002,stop_loss,0,1,15,2023-07-01
2023-07-21,6120,17.17222785949707,0.679350329325769,0,0.028248600661754608,0.031073415651917458,-0.03672323748469353,-0.02542375773191452,-0.02,-0.026000000000000002,ambiguous_stop_loss,1,1,15,2023-07-01
2023-07-21,2884,22.879776000976562,0.679198128683818,0,3.7603570035571465e-08,3.7603570035571465e-08,-0.015122836455702782,-0.007561360951513052,-0.007561360951513052,-0.013561360951513052,close,0,0,15,2023-07-01
2023-07-21,2465,38.599998474121094,0.6781438657342511,0,-0.023316003382205963,-0.005181268323212862,-0.046632107347249985,-0.024611320346593857,-0.023316003382205963,-0.02931600338220596,gap_stop,0,1,15,2023-07-01
2023-07-21,2618,33.20124053955078,0.6756863656444425,0,0.005390762351453304,0.00673845037817955,-0.016172558069229126,-0.009434014558792114,-0.009434014558792114,-0.015434014558792114,close,0,0,15,2023-07-01
2023-07-21,6465,19.799999237060547,0.6692443979096688,1,0.0,0.0075758351013064384,0.0,0.0025253104977309704,0.0025253104977309704,-0.0034746895022690297,close,0,0,15,2023-07-01
2023-07-21,4746,94.23060607910156,0.6651666131953801,0,0.024509742856025696,0.03921562433242798,-0.019607901573181152,-0.014705942012369633,0.03,0.024,take_profit,1,0,15,2023-07-01
2023-07-21,1618,24.881975173950195,0.6651329688561141,1,0.05162517726421356,0.053537193685770035,-0.03824098780751228,0.013384262099862099,0.03,0.024,gap_take_profit,1,1,15,2023-07-01
2023-07-21,8121,26.950000762939453,0.6636916500085681,0,0.007421107497066259,0.007421107497066259,-0.031539902091026306,-0.0185528751462698,-0.02,-0.026000000000000002,stop_loss,0,1,15,2023-07-01
2023-07-21,4707,11.042623519897461,0.6625957701070389,1,0.007692302111536264,0.007692302111536264,-3.186381647424241e-08,0.0038461771328002214,0.0038461771328002214,-0.0021538228671997787,close,0,0,15,2023-07-01
2023-07-21,4121,28.56383514404297,0.6614755878406144,0,-1.9728009448272132e-08,0.0017122828867286444,-0.034246593713760376,-0.032534290105104446,-0.02,-0.026000000000000002,stop_loss,0,1,15,2023-07-01
2023-07-21,1709,22.539226531982422,0.6611518624511044,0,3.09533305653531e-08,0.004000046290457249,-0.003999984357506037,-0.003999984357506037,-0.003999984357506037,-0.009999984357506037,close,0,0,15,2023-07-01
2023-07-21,2545,34.26370620727539,0.6608159491415816,0,-0.002551097422838211,-0.002551097422838211,-0.0063775693997740746,-0.0051020788960158825,-0.0051020788960158825,-0.011102078896015883,close,0,0,15,2023-07-01
2023-07-21,6221,47.922462463378906,0.6607354491969711,0,-0.0068681142292916775,0.0054945070296525955,-0.0068681142292916775,0.0,0.0,-0.006,close,0,0,15,2023-07-01
2023-07-21,2801,15.328845024108887,0.6593774798925046,0,0.002688333159312606,0.005376516841351986,-0.002688033739104867,-0.002688033739104867,-0.002688033739104867,-0.008688033739104867,close,0,0,15,2023-07-01
2023-07-21,8071,15.984596252441406,0.6592367057917516,0,0.015151526778936386,0.015151526778936386,-0.02727276273071766,-0.012121247127652168,-0.02,-0.026000000000000002,stop_loss,0,1,15,2023-07-01
2023-07-24,4523,60.099998474121094,0.5873186717402217,1,0.09983361512422562,0.09983361512422562,0.06156407296657562,0.09983361512422562,0.03,0.024,gap_take_profit,1,0,15,2023-07-01
2023-07-24,6461,29.574283599853516,0.5427106731007244,1,0.016474474221467972,0.028006618842482567,0.008237301371991634,0.014827052131295204,0.014827052131295204,0.008827052131295204,close,0,0,15,2023-07-01
2023-07-24,6148,33.44490432739258,0.5418672458229846,1,0.029370632022619247,0.04055948555469513,0.011188877746462822,0.03496506065130234,0.03,0.024,take_profit,1,0,15,2023-07-01
2023-07-24,6111,71.89712524414062,0.5406594145889435,1,0.007963648065924644,0.039817944169044495,0.004550665616989136,0.01023886539041996,0.03,0.024,take_profit,1,0,15,2023-07-01
2023-07-24,6470,70.82603454589844,0.5377978668918887,1,0.00638581532984972,0.014048631303012371,-0.010217035189270973,0.0012772383634001017,0.0012772383634001017,-0.0047227616365998985,close,0,0,15,2023-07-01
2023-07-24,3228,118.8206558227539,0.5359091304781276,0,0.05306120589375496,0.05306120589375496,-0.004081621300429106,0.0,0.03,0.024,gap_take_profit,1,0,15,2023-07-01
2023-07-24,6405,23.11969757080078,0.5352308752215509,0,-0.008583699353039265,0.015021417289972305,-0.008583699353039265,-0.00429183803498745,-0.00429183803498745,-0.01029183803498745,close,0,0,15,2023-07-01
2023-07-24,8059,15.699999809265137,0.5338196431431844,1,0.0031847255304455757,0.028662407770752907,0.0,0.02547774463891983,0.02547774463891983,0.019477744638919832,close,0,0,15,2023-07-01
2023-07-24,1305,21.014116287231445,0.531674640516762,1,0.006818118505179882,0.011363590136170387,-0.0113636814057827,0.004545425996184349,0.004545425996184349,-0.001454574003815651,close,0,0,15,2023-07-01
2023-07-24,3044,133.23939514160156,0.5312517801479769,1,0.09722229838371277,0.09722229838371277,-0.020833266898989677,0.04166673868894577,0.03,0.024,gap_take_profit,1,1,15,2023-07-01
2023-07-24,2357,336.14166259765625,0.5305046087942554,1,0.060109272599220276,0.09016391634941101,-0.010928977280855179,0.004098345059901476,0.03,0.024,gap_take_profit,1,0,15,2023-07-01
2023-07-24,6640,101.48112487792969,0.5288933906422555,1,0.05714290216565132,0.1000000461935997,0.05714290216565132,0.1000000461935997,0.03,0.024,gap_take_profit,1,0,15,2023-07-01
2023-07-24,6133,14.933277130126953,0.5280023804773906,1,2.2785732411989557e-08,0.025890028104186058,2.2785732411989557e-08,0.016181252896785736,0.016181252896785736,0.010181252896785736,close,0,0,15,2023-07-01
2023-07-24,6117,24.399999618530273,0.5243764040528028,1,0.0655737891793251,0.09836064279079437,0.0655737891793251,0.09836064279079437,0.03,0.024,gap_take_profit,1,0,15,2023-07-01
2023-07-24,6625,82.74199676513672,0.52412652553997,0,0.021233603358268738,0.021233603358268738,-0.03538927808403969,-0.019211336970329285,-0.02,-0.026000000000000002,stop_loss,0,1,15,2023-07-01
2023-07-24,2383,341.9897766113281,0.523871817149887,0,-0.0014025638811290264,0.01963530294597149,-0.026648005470633507,-0.0056101372465491295,-0.02,-0.026000000000000002,stop_loss,0,1,15,2023-07-01
2023-07-24,8210,240.13607788085938,0.5238496360538417,0,0.004032240714877844,0.004032240714877844,-0.05645162984728813,-0.04838711395859718,-0.02,-0.026000000000000002,stop_loss,0,1,15,2023-07-01
2023-07-24,6485,88.6479263305664,0.5231199140237457,1,0.012101228348910809,0.02530251443386078,-0.012101159431040287,0.006600677967071533,0.006600677967071533,0.0006006779670715331,close,0,0,15,2023-07-01
2023-07-24,8034,16.191734313964844,0.5227249986043864,1,0.002976292511448264,0.044643010944128036,0.002976292511448264,0.035714369267225266,0.03,0.024,take_profit,1,0,15,2023-07-01
2023-07-24,1102,34.383888244628906,0.5221311272586991,1,0.006544519681483507,0.028795788064599037,0.006544519681483507,0.020942404866218567,0.020942404866218567,0.014942404866218567,close,0,0,15,2023-07-01
2023-07-25,6761,75.68773651123047,0.6351779161916915,1,0.03202471882104874,0.03202471882104874,-0.01859511248767376,0.01239670068025589,0.03,0.024,gap_take_profit,1,0,15,2023-07-01
2023-07-25,2002,27.460678100585938,0.6312575781367764,1,-0.0052909026853740215,0.010582074522972107,-0.008818252943456173,0.007054723799228668,0.007054723799228668,0.001054723799228668,close,0,0,15,2023-07-01
2023-07-25,2421,129.83091735839844,0.6284785510126898,1,0.014388502575457096,0.0575539693236351,0.003597135655581951,0.014388502575457096,0.03,0.024,take_profit,1,0,15,2023-07-01
2023-07-25,6150,101.5,0.6200689722165355,0,0.009852216579020023,0.02463054098188877,-0.02463054098188877,-0.02463054098188877,-0.02,-0.026000000000000002,stop_loss,0,1,15,2023-07-01
2023-07-25,8048,73.15372467041016,0.6191005538475393,1,0.016726383939385414,0.041815970093011856,-0.014336996711790562,0.02986857481300831,0.03,0.024,take_profit,1,0,15,2023-07-01
2023-07-25,2449,59.11297607421875,0.6138432578632627,0,0.00952379871159792,0.00952379871159792,-0.014285724610090256,-0.011111109517514706,-0.011111109517514706,-0.017111109517514704,close,0,0,15,2023-07-01
2023-07-25,3017,329.3065490722656,0.6078835404079479,1,-3.642140811166428e-08,0.03377382457256317,-0.008810608647763729,0.008810536004602909,0.03,0.024,take_profit,1,0,15,2023-07-01
2023-07-25,3704,51.8464469909668,0.6067669597930408,0,0.010752692818641663,0.02150535397231579,-0.025089599192142487,-0.01792118139564991,-0.02,-0.026000000000000002,stop_loss,0,1,15,2023-07-01
2023-07-25,5876,40.46670150756836,0.6050852703554873,1,0.009122077375650406,0.012542864307761192,0.0022805887274444103,0.012542864307761192,0.012542864307761192,0.006542864307761192,close,0,0,15,2023-07-01
2023-07-25,2379,367.9808349609375,0.6002402040405107,0,0.012376268394291401,0.012376268394291401,-0.014851455576717854,-0.011138583533465862,-0.011138583533465862,-0.01713858353346586,close,0,0,15,2023-07-01
2023-07-25,3189,108.84319305419922,0.5975244215278984,0,0.009090951643884182,0.01818186044692993,-0.013636322692036629,-0.009090867824852467,-0.009090867824852467,-0.015090867824852467,close,0,0,15,2023-07-01
2023-07-25,6669,1953.94482421875,0.5942342045874213,0,0.0024450302589684725,0.03178488463163376,-0.02200484834611416,-0.007334921043366194,-0.02,-0.026000000000000002,ambiguous_stop_loss,1,1,15,2023-07-01
2023-07-25,4768,189.19728088378906,0.592747343065303,1,0.011627896688878536,0.02093016542494297,-0.009302349761128426,0.006976721808314323,0.006976721808314323,0.0009767218083143233,close,0,0,15,2023-07-01
2023-07-25,3051,21.52303123474121,0.5907586848809994,1,0.016949137672781944,0.02118644304573536,-0.010593218728899956,0.0021186135709285736,0.0021186135709285736,-0.0038813864290714265,close,0,0,15,2023-07-01
2023-07-25,2388,141.9320831298828,0.589319125613712,1,-3.299740569673304e-08,0.09122803062200546,-3.299740569673304e-08,0.06315785646438599,0.03,0.024,take_profit,1,0,15,2023-07-01
2023-07-25,4716,13.5,0.5872754205180298,0,0.0,0.003703717840835452,-0.003703717840835452,0.0,0.0,-0.006,close,0,0,15,2023-07-01
2023-07-25,4919,127.98204803466797,0.5872697215055281,0,0.007194194011390209,0.010791315697133541,-0.017985660582780838,-0.017985660582780838,-0.017985660582780838,-0.023985660582780836,close,0,0,15,2023-07-01
2023-07-25,2455,114.3582534790039,0.5849826073949208,0,2.891931671911152e-08,0.021008433774113655,-0.02100837416946888,-0.02100837416946888,-0.02,-0.026000000000000002,stop_loss,0,1,15,2023-07-01
2023-07-25,5351,41.99272537231445,0.584903181753138,1,-6.015794973279753e-09,0.03990603983402252,-6.015794973279753e-09,0.025821616873145103,0.03,0.024,take_profit,1,0,15,2023-07-01
2023-07-25,6625,81.15241241455078,0.5841979055612411,0,0.02886597439646721,0.02886597439646721,-0.019587641581892967,-0.019587641581892967,-0.019587641581892967,-0.025587641581892966,close,0,0,15,2023-07-01
2023-07-26,6550,86.19999694824219,0.6171356541419071,0,0.005800464190542698,0.016241317614912987,-0.0011600751895457506,0.0,0.0,-0.006,close,0,0,15,2023-07-01
2023-07-26,8081,178.69818115234375,0.614437788606715,1,6.357399939815878e-08,0.024875687435269356,-0.002487498801201582,0.022388124838471413,0.022388124838471413,0.016388124838471414,close,0,0,15,2023-07-01
2023-07-26,6530,32.942298889160156,0.610822070494191,0,-1.3592034520115703e-07,-1.3592034520115703e-07,-0.033046044409275055,-0.027299005538225174,-0.02,-0.026000000000000002,stop_loss,0,1,15,2023-07-01
2023-07-26,6218,30.287593841552734,0.6079688037739316,1,0.016260189935564995,0.045528531074523926,-0.008130055852234364,0.0195122342556715,0.03,0.024,take_profit,1,0,15,2023-07-01
2023-07-26,2419,46.272216796875,0.6059204529179025,1,0.020342638716101646,0.048179883509874344,0.0021413054782897234,0.0021413054782897234,0.03,0.024,take_profit,1,0,15,2023-07-01
2023-07-26,3013,50.780418395996094,0.6047105658690398,0,0.02148428186774254,0.05078115314245224,-0.01562504656612873,-0.0019532321020960808,0.03,0.024,take_profit,1,0,15,2023-07-01
2023-07-26,3444,79.28782653808594,0.6034403262749569,0,0.00582751864567399,0.008158575743436813,-0.0442889928817749,-0.033799462020397186,-0.02,-0.026000000000000002,stop_loss,0,1,15,2023-07-01
2023-07-26,3661,2122.66259765625,0.6031653592453972,0,0.02088179439306259,0.03248272463679314,-0.030162295326590538,-0.006960436701774597,-0.02,-0.026000000000000002,ambiguous_stop_loss,1,1,15,2023-07-01
2023-07-26,6150,99.0,0.5965218350800028,0,0.03030303120613098,0.03030303120613098,-0.0161616001278162,-0.002020171144977212,0.03,0.024,gap_take_profit,1,0,15,2023-07-01
2023-07-26,3362,141.97802734375,0.5932102173545337,1,0.010526246391236782,0.05263150855898857,-0.003508839989081025,0.042105190455913544,0.03,0.024,take_profit,1,0,15,2023-07-01
2023-07-26,2493,61.08383560180664,0.5928827262792478,0,0.009316732175648212,0.009316732175648212,-0.010869590565562248,-0.009316819719970226,-0.009316819719970226,-0.015316819719970226,close,0,0,15,2023-07-01
2023-07-26,8213,41.64412307739258,0.5908960708942232,1,0.007856362499296665,0.007856362499296665,-0.0044893850572407246,0.006733959540724754,0.006733959540724754,0.0007339595407247542,close,0,0,15,2023-07-01
2023-07-26,4919,125.68020629882812,0.5891975386986703,1,0.010989047586917877,0.02564106322824955,0.003663040464743972,0.02197805978357792,0.02197805978357792,0.01597805978357792,close,0,0,15,2023-07-01
2023-07-26,6274,118.19056701660156,0.5886537502735271,1,0.08661412447690964,0.09842514991760254,0.01574798673391342,0.05118105560541153,0.03,0.024,gap_take_profit,1,0,15,2023-07-01
2023-07-26,3014,118.64637756347656,0.5848518019798066,1,0.011278203688561916,0.09774436801671982,0.011278203688561916,0.09774436801671982,0.03,0.024,take_profit,1,0,15,2023-07-01
2023-07-26,2356,65.5245132446289,0.5842507770513303,0,0.01428579818457365,0.028571512550115585,-0.028571348637342453,-0.027142798528075218,-0.02,-0.026000000000000002,stop_loss,0,1,15,2023-07-01
2023-07-26,2458,100.698974609375,0.5833019072863891,1,0.008888842537999153,0.031111063435673714,0.008888842537999153,0.017777731642127037,0.03,0.024,take_profit,1,0,15,2023-07-01
2023-07-26,6470,68.8360366821289,0.5811217360075978,1,0.007884331047534943,0.03416553884744644,0.007884331047534943,0.009198471903800964,0.03,0.024,take_profit,1,0,15,2023-07-01
2023-07-26,2913,23.200000762939453,0.5811141595595849,1,0.015086140483617783,0.09913789480924606,0.015086140483617783,0.09913789480924606,0.03,0.024,take_profit,1,0,15,2023-07-01
2023-07-26,3025,48.94296646118164,0.5805628905775473,1,-1.4357678423948528e-07,0.03784388676285744,-1.4357678423948528e-07,0.024082422256469727,0.03,0.024,take_profit,1,0,15,2023-07-01
2023-07-27,6231,115.72354125976562,0.6246990350289388,1,0.05574911832809448,0.09756096452474594,0.04529615491628647,0.09756096452474594,0.03,0.024,gap_take_profit,1,0,15,2023-07-01
2023-07-27,2383,373.16693115234375,0.5965666124007415,1,0.05141395702958107,0.09897179901599884,0.03598979115486145,0.07455020397901535,0.03,0.024,gap_take_profit,1,0,15,2023-07-01
2023-07-27,2369,18.785564422607422,0.5872341834935468,1,0.08527122437953949,0.08527122437953949,0.015503771603107452,0.03617558628320694,0.03,0.024,gap_take_profit,1,0,15,2023-07-01
2023-07-27,5340,62.20930099487305,0.5862342315364909,1,0.09600003063678741,0.09919998049736023,0.051199983805418015,0.09919998049736023,0.03,0.024,gap_take_profit,1,0,15,2023-07-01
2023-07-27,6117,30.450000762939453,0.5856579971663584,0,0.0016420109895989299,0.006568106822669506,-0.09031198173761368,-0.06896552443504333,-0.02,-0.026000000000000002,stop_loss,0,1,15,2023-07-01
2023-07-27,2913,25.5,0.5855404755646377,1,0.023529427126049995,0.05294119194149971,-0.023529427126049995,0.03333334997296333,-0.02,-0.026000000000000002,ambiguous_stop_loss,1,1,15,2023-07-01
2023-07-27,8045,47.012733459472656,0.5833126585279442,0,0.005999913904815912,0.005999913904815912,-0.02900008298456669,-0.009000085294246674,-0.02,-0.026000000000000002,stop_loss,0,1,15,2023-07-01
2023-07-27,3444,76.60794067382812,0.5825139887313481,0,-6.536215124697264e-09,0.009650120511651039,-0.026538066565990448,-0.02050670236349106,-0.02,-0.026000000000000002,stop_loss,0,1,15,2023-07-01
2023-07-27,2329,41.971527099609375,0.5771942141727692,1,0.03762831166386604,0.09920188039541245,0.02736603654921055,0.09920188039541245,0.03,0.024,gap_take_profit,1,0,15,2023-07-01
2023-07-27,2612,38.23265075683594,0.5763697631737059,1,0.02689487114548683,0.09779955446720123,0.004889944102615118,0.022004876285791397,0.03,0.024,take_profit,1,0,15,2023-07-01
2023-07-27,6412,101.49008178710938,0.5753435828207671,0,0.06306305527687073,0.06306305527687073,-0.09909910708665848,-0.06306307017803192,0.03,0.024,gap_take_profit,1,1,15,2023-07-01
2023-07-27,6531,331.059814453125,0.5732367461852983,1,0.023188423365354538,0.10000001639127731,0.017391322180628777,0.10000001639127731,0.03,0.024,take_profit,1,0,15,2023-07-01
2023-07-27,1903,75.0,0.5725192962075162,0,-0.0026666258927434683,-0.0026666258927434683,-0.06933329254388809,-0.0533333346247673,-0.02,-0.026000000000000002,stop_loss,0,1,15,2023-07-01
2023-07-27,6841,120.00747680664062,0.5698445123291831,0,0.016260161995887756,0.024390242993831635,-0.008130080997943878,0.0,0.0,-0.006,close,0,0,15,2023-07-01
2023-07-27,1905,31.5,0.56944647580402,0,0.0634920671582222,0.0761905238032341,-0.028571415692567825,-0.02380952425301075,0.03,0.024,gap_take_profit,1,1,15,2023-07-01
2023-07-27,3081,108.97191619873047,0.5672753043972075,1,0.05022837594151497,0.09589047729969025,0.013698693364858627,0.07305942475795746,0.03,0.024,gap_take_profit,1,0,15,2023-07-01
2023-07-27,6148,41.864601135253906,0.5618752076801274,0,0.06145248934626579,0.06145248934626579,-0.05698324739933014,-0.04581006243824959,0.03,0.024,gap_take_profit,1,1,15,2023-07-01
2023-07-27,3014,130.24339294433594,0.5617904323679955,1,-0.013698599301278591,0.0821918174624443,-0.020547915250062943,0.0821918174624443,-0.02,-0.026000000000000002,ambiguous_stop_loss,1,1,15,2023-07-01
2023-07-27,3715,30.188615798950195,0.5610854331886931,1,0.018749915063381195,0.028125010430812836,0.0015624403022229671,0.007812464144080877,0.007812464144080877,0.0018124641440808772,close,0,0,15,2023-07-01
2023-07-27,2371,47.3327522277832,0.5601640016370806,0,0.002026330679655075,0.0030394981149584055,-0.019250256940722466,-0.016210755333304405,-0.016210755333304405,-0.022210755333304404,close,0,0,15,2023-07-01
2023-07-28,6548,32.873504638671875,0.5941947793922508,1,0.016574446111917496,0.03314909338951111,0.005524787120521069,0.02209932915866375,0.03,0.024,take_profit,1,0,15,2023-07-01
2023-07-28,2230,71.47174072265625,0.5856494850538296,0,0.033604901283979416,0.033604901283979416,-0.021384939551353455,-0.003054992528632283,0.03,0.024,gap_take_profit,1,1,15,2023-07-01
2023-07-28,2337,30.582603454589844,0.5848261443083765,1,0.00963088683784008,0.022471966221928596,0.0016052046557888389,0.0016052046557888389,0.0016052046557888389,-0.004394795344211161,close,0,0,15,2023-07-01
2023-07-28,8422,173.37327575683594,0.5836948734255185,0,0.0077719963155686855,0.0077719963155686855,-0.002590697491541505,-0.002590697491541505,-0.002590697491541505,-0.008590697491541505,close,0,0,15,2023-07-01
2023-07-28,2301,145.3603973388672,0.5825397691550506,0,0.06583088636398315,0.09404405206441879,-0.0909089520573616,-0.056426189839839935,0.03,0.024,gap_take_profit,1,1,15,2023-07-01
2023-07-28,5340,68.38046264648438,0.5730017838161982,0,0.09898105263710022,0.09898105263710022,-0.09898107498884201,-0.09898107498884201,0.03,0.024,gap_take_profit,1,1,15,2023-07-01
2023-07-28,4989,33.10295486450195,0.5724212046353957,1,0.05952388420701027,0.08630964905023575,-0.005952224135398865,0.005952470935881138,0.03,0.024,gap_take_profit,1,0,15,2023-07-01
2023-07-28,8155,146.07122802734375,0.5718987441906221,1,0.006472456734627485,0.045307405292987823,-0.0064725265838205814,0.0032362109050154686,0.03,0.024,take_profit,1,0,15,2023-07-01
2023-07-28,3008,2007.142578125,0.5710358950357978,1,0.004608235787600279,0.025345562025904655,-0.006912501063197851,0.0023040883243083954,0.0023040883243083954,-0.0036959116756916047,close,0,0,15,2023-07-01
2023-07-28,6531,364.1658020019531,0.569725741867346,1,0.03030303679406643,0.056653495877981186,-0.05138339474797249,0.005270097870379686,0.03,0.024,gap_take_profit,1,1,15,2023-07-01
2023-07-28,3257,73.07073974609375,0.5677890849380386,1,0.07323241978883743,0.09974755346775055,0.036616235971450806,0.09974755346775055,0.03,0.024,gap_take_profit,1,0,15,2023-07-01
2023-07-28,3013,48.201725006103516,0.5676412604551979,0,0.027777787297964096,0.034979403018951416,-0.07201649993658066,-0.05349794775247574,-0.02,-0.026000000000000002,ambiguous_stop_loss,1,1,15,2023-07-01
2023-07-28,3163,90.83084106445312,0.5655256152530812,1,0.08008433133363724,0.09589044004678726,-0.006322384346276522,0.03582724928855896,0.03,0.024,gap_take_profit,1,0,15,2023-07-01
2023-07-28,2329,46.13518142700195,0.5654789309520254,0,0.053941868245601654,0.06224065274000168,-0.0933610051870346,-0.0674273893237114,0.03,0.024,gap_take_profit,1,1,15,2023-07-01
2023-07-28,2313,42.37636184692383,0.5647490522980619,1,0.015538218431174755,0.024417275562882423,0.006659162230789661,0.009988829493522644,0.009988829493522644,0.003988829493522644,close,0,0,15,2023-07-01
2023-07-28,2399,25.399999618530273,0.5643020757980938,0,0.01574801653623581,0.029527559876441956,-0.02559053711593151,-0.009842519648373127,-0.02,-0.026000000000000002,stop_loss,0,1,15,2023-07-01
2023-07-28,3583,236.7120819091797,0.56288140171618,1,0.06804125756025314,0.09896909445524216,-0.04123709350824356,0.028866002336144447,0.03,0.024,gap_take_profit,1,1,15,2023-07-01
2023-07-28,4979,192.45654296875,0.561345960960108,0,0.02015114389359951,0.07808561623096466,-0.09823677688837051,-0.09823677688837051,-0.02,-0.026000000000000002,ambiguous_stop_loss,1,1,15,2023-07-01
2023-07-28,6532,59.56162643432617,0.5612403503420602,1,0.03881990537047386,0.052795086055994034,-0.015527920797467232,0.0015528006479144096,0.03,0.024,gap_take_profit,1,0,15,2023-07-01
2023-07-28,3092,39.860015869140625,0.5599189005428966,1,0.046931371092796326,0.09626952558755875,0.010830297134816647,0.01925387792289257,0.03,0.024,gap_take_profit,1,0,15,2023-07-01
2023-07-31,6125,75.1668472290039,0.6336268075003543,0,0.03225800395011902,0.03999992087483406,-0.019354894757270813,-0.007741972804069519,0.03,0.024,gap_take_profit,1,0,15,2023-07-01
2023-07-31,3324,281.660400390625,0.6310719470330339,0,0.01559789851307869,0.019064104184508324,-0.039861373603343964,-0.02946275845170021,-0.02,-0.026000000000000002,stop_loss,0,1,15,2023-07-01
2023-07-31,6150,91.4000015258789,0.6285590503027154,0,0.0076586096547544,0.0076586096547544,-0.03719913959503174,-0.031728681176900864,-0.02,-0.026000000000000002,stop_loss,0,1,15,2023-07-01
2023-07-31,6841,115.1291275024414,0.6235654439007438,0,0.012711863964796066,0.033898305147886276,-0.050847455859184265,0.0,-0.02,-0.026000000000000002,ambiguous_stop_loss,1,1,15,2023-07-01
2023-07-31,4714,13.0,0.6227993114458896,1,0.01923076994717121,0.026923106983304024,0.0038461685180664062,0.01538460049778223,0.01538460049778223,0.00938460049778223,close,0,0,15,2023-07-01
2023-07-31,6643,728.1826782226562,0.6190409631330642,0,1.0861044330567893e-07,0.01696842722594738,-0.040723856538534164,-0.01696821115911007,-0.02,-0.026000000000000002,stop_loss,0,1,15,2023-07-01
2023-07-31,3515,240.37303161621094,0.618530536718151,0,-0.011857680976390839,0.007905165664851665,-0.043478235602378845,-0.021739104762673378,-0.02,-0.026000000000000002,stop_loss,0,1,15,2023-07-01
2023-07-31,2421,123.29267120361328,0.6178780075814878,0,-1.428008289394711e-08,-1.428008289394711e-08,-0.08712122589349747,-0.01515152957290411,-0.02,-0.026000000000000002,stop_loss,0,1,15,2023-07-01
2023-07-31,5452,22.86412811279297,0.61760981053819,0,0.010775814764201641,0.03232753649353981,-0.006465628743171692,-0.006465628743171692,0.03,0.024,take_profit,1,0,15,2023-07-01
2023-07-31,3661,1960.1385498046875,0.6164410468199756,0,0.017588015645742416,0.02512570470571518,-0.027638118714094162,-0.015075302682816982,-0.02,-0.026000000000000002,stop_loss,0,1,15,2023-07-01
2023-07-31,3013,45.62303161621094,0.611665001579776,0,-0.00978262908756733,0.03804347291588783,-0.04347826540470123,-0.0369565412402153,-0.02,-0.026000000000000002,ambiguous_stop_loss,1,1,15,2023-07-01
2023-07-31,8210,196.56298828125,0.6112517475545568,0,0.009852232411503792,0.014778340235352516,-0.059113286435604095,-0.03694579750299454,-0.02,-0.026000000000000002,stop_loss,0,1,15,2023-07-01
2023-07-31,4543,41.53261947631836,0.6100285981067155,0,0.011917619034647942,0.03141925483942032,-0.024918729439377785,-0.01300111599266529,-0.02,-0.026000000000000002,ambiguous_stop_loss,1,1,15,2023-07-01
2023-07-31,6669,1700.744140625,0.6099576580988773,0,0.011235990561544895,0.014044979587197304,-0.05337075516581535,-0.030898842960596085,-0.02,-0.026000000000000002,stop_loss,0,1,15,2023-07-01
2023-07-31,1471,14.800000190734863,0.6063321426868868,0,0.0067567178048193455,0.023648610338568687,-0.02364867366850376,-0.013513500802218914,-0.02,-0.026000000000000002,stop_loss,0,1,15,2023-07-01
2023-07-31,3257,80.35936737060547,0.6052302687622725,0,-0.013777267187833786,0.049368541687726974,-0.09988518804311752,-0.09988518804311752,-0.02,-0.026000000000000002,ambiguous_stop_loss,1,1,15,2023-07-01
2023-07-31,2337,30.631694793701172,0.6050464962182507,1,0.009615354239940643,0.022435855120420456,0.0016025339718908072,0.019230714067816734,0.019230714067816734,0.013230714067816734,close,0,0,15,2023-07-01
2023-07-31,3338,63.918514251708984,0.6049888893872951,0,0.0014684014022350311,0.013215877115726471,-0.03377379849553108,-0.026431655511260033,-0.02,-0.026000000000000002,stop_loss,0,1,15,2023-07-01
2023-07-31,6213,76.5688247680664,0.6041417086125658,0,0.010100978426635265,0.018939323723316193,-0.021464677527546883,-0.018939463421702385,-0.02,-0.026000000000000002,stop_loss,0,1,15,2023-07-01
2023-07-31,4953,145.28953552246094,0.6039291466700082,0,0.009554173797369003,0.015923600643873215,-0.044585954397916794,-0.04140124097466469,-0.02,-0.026000000000000002,stop_loss,0,1,15,2023-07-01
2023-08-01,1101,35.05808639526367,0.46521465094245856,0,-0.0013315115356817842,0.006657816004008055,-0.010652376338839531,-0.009320839308202267,-0.009320839308202267,-0.015320839308202267,close,0,0,16,2023-08-01
2023-08-01,1102,36.00407028198242,0.46521465094245856,0,0.0037501524202525616,0.0037501524202525616,-0.008749849162995815,-0.006249886937439442,-0.006249886937439442,-0.012249886937439442,close,0,0,16,2023-08-01
2023-08-01,1103,19.666749954223633,0.46521465094245856,0,-0.007142915856093168,0.004761844873428345,-0.014285754412412643,-0.014285754412412643,-0.014285754412412643,-0.020285754412412642,close,0,0,16,2023-08-01
2023-08-01,1104,25.643997192382812,0.46521465094245856,0,0.006837726570665836,0.006837726570665836,-0.01880330964922905,-0.008546922355890274,-0.008546922355890274,-0.014546922355890274,close,0,0,16,2023-08-01
2023-08-01,1110,19.601348876953125,0.46521465094245856,0,0.002487487392500043,0.002487487392500043,-0.01990051381289959,-0.009950323030352592,-0.009950323030352592,-0.01595032303035259,close,0,0,16,2023-08-01
2023-08-01,1201,18.85771369934082,0.46521465094245856,0,0.002531574107706547,0.002531574107706547,-0.007594950031489134,-0.002531639765948057,-0.002531639765948057,-0.008531639765948057,close,0,0,16,2023-08-01
2023-08-01,1210,57.02790832519531,0.46521465094245856,0,0.019292661920189857,0.028938939794898033,-0.025723466649651527,-0.01286168023943901,-0.02,-0.026000000000000002,stop_loss,0,1,16,2023-08-01
2023-08-01,1215,83.43974304199219,0.46521465094245856,0,1.120805919185841e-07,0.005285525228828192,-0.02114154025912285,-0.013741913251578808,-0.02,-0.026000000000000002,stop_loss,0,1,16,2023-08-01
2023-08-01,1216,68.15003204345703,0.46521465094245856,0,-0.014379064552485943,-0.003921607509255409,-0.014379064552485943,-0.003921607509255409,-0.003921607509255409,-0.00992160750925541,close,0,0,16,2023-08-01
2023-08-01,1217,13.680642127990723,0.46521465094245856,0,-0.0034721384290605783,3.0996080369050105e-08,-0.027777722105383873,-0.020833250135183334,-0.02,-0.026000000000000002,stop_loss,0,1,16,2023-08-01
2023-08-01,1218,24.847576141357422,0.46521465094245856,0,0.0018867449834942818,0.005660344380885363,-0.007547216955572367,-0.003773618023842573,-0.003773618023842573,-0.009773618023842573,close,0,0,16,2023-08-01
2023-08-01,1219,18.4713191986084,0.46521465094245856,0,0.0024753024335950613,0.007425724994391203,-0.007425737101584673,-0.007425737101584673,-0.007425737101584673,-0.013425737101584673,close,0,0,16,2023-08-01
2023-08-01,1225,51.94379425048828,0.46521465094245856,0,0.0,0.02296818047761917,-0.010600737296044827,0.0,0.0,-0.006,close,0,0,16,2023-08-01
2023-08-01,1227,36.97382354736328,0.46521465094245856,0,-6.163300536599081e-09,-6.163300536599081e-09,-0.008782904595136642,-0.008782904595136642,-0.008782904595136642,-0.014782904595136643,close,0,0,16,2023-08-01
2023-08-01,1229,54.0134391784668,0.46521465094245856,0,8.232841253175138e-08,0.0015553089324384928,-0.020217662677168846,-0.018662435933947563,-0.02,-0.026000000000000002,stop_loss,0,1,16,2023-08-01
2023-08-01,1231,72.85570526123047,0.46521465094245856,0,-0.0022052330896258354,-0.0011027379659935832,-0.009923005476593971,-0.007717913016676903,-0.007717913016676903,-0.013717913016676903,close,0,0,16,2023-08-01
2023-08-01,1301,81.64164733886719,0.46521465094245856,0,-0.002375237178057432,2.3518939684663565e-08,-0.009501110762357712,-0.008313479833304882,-0.008313479833304882,-0.014313479833304882,close,0,0,16,2023-08-01
2023-08-01,1303,67.9547119140625,0.46521465094245856,0,-0.005665742792189121,-0.0028328169137239456,-0.015580713748931885,-0.012747895903885365,-0.012747895903885365,-0.018747895903885363,close,0,0,16,2023-08-01
2023-08-01,1304,22.670135498046875,0.46521465094245856,1,-6.323422496734565e-08,0.05720333755016327,-6.323422496734565e-08,0.0296609029173851,0.03,0.024,take_profit,1,0,16,2023-08-01
2023-08-01,1305,23.818754196166992,0.46521465094245856,1,0.0406503900885582,0.09552845358848572,0.020325185731053352,0.0386178232729435,0.03,0.024,gap_take_profit,1,0,16,2023-08-01
2023-08-02,9958,148.92039489746094,0.4608931210102286,1,-0.0033003471326082945,0.01980196312069893,-0.013201337307691574,0.009900973178446293,0.009900973178446293,0.0039009731784462928,close,0,0,16,2023-08-01
2023-08-02,1101,34.73131561279297,0.4608931210102286,1,0.0013440041802823544,0.008064433932304382,-0.0013441266492009163,0.004032135009765625,0.004032135009765625,-0.001967864990234375,close,0,0,16,2023-08-01
2023-08-02,1102,35.779048919677734,0.4608931210102286,1,0.011320683173835278,0.022641455754637718,0.00880490243434906,0.020125675946474075,0.020125675946474075,0.014125675946474075,close,0,0,16,2023-08-01
2023-08-02,1103,19.38579559326172,0.4608931210102286,1,0.004830969963222742,0.007246484514325857,1.255256023569018e-07,0.0024155478458851576,0.0024155478458851576,-0.0035844521541148425,close,0,0,16,2023-08-01
2023-08-02,1104,25.424819946289062,0.4608931210102286,1,0.005172311794012785,0.010344780050218105,-0.013793183490633965,0.008620602078735828,0.008620602078735828,0.0026206020787358283,close,0,0,16,2023-08-01
2023-08-02,1110,19.406309127807617,0.4608931210102286,0,6.583968570339493e-08,6.583968570339493e-08,-0.007537603843957186,-0.0025124589446932077,-0.0025124589446932077,-0.008512458944693208,close,0,0,16,2023-08-01
2023-08-02,1201,18.809972763061523,0.4608931210102286,0,0.0,0.002538032131269574,-0.005076161120086908,0.0,0.0,-0.006,close,0,0,16,2023-08-01
2023-08-02,1210,56.29443359375,0.4608931210102286,0,-0.004886069800704718,0.0016286125173792243,-0.09934858977794647,-0.07654726505279541,-0.02,-0.026000000000000002,stop_loss,0,1,16,2023-08-01
2023-08-02,1215,82.29312133789062,0.4608931210102286,0,-0.003215550212189555,-0.0010719605488702655,-0.017149129882454872,-0.013933662325143814,-0.013933662325143814,-0.019933662325143812,close,0,0,16,2023-08-01
2023-08-02,8438,28.655237197875977,0.4608931210102286,0,-0.07692305743694305,-0.02127661183476448,-0.09001639485359192,-0.05400983616709709,-0.07692305743694305,-0.08292305743694306,gap_stop,0,1,16,2023-08-01
2023-08-02,8454,450.0458068847656,0.4608931210102286,1,0.0016892224084585905,0.04729734733700752,-0.006756728980690241,0.025337861850857735,0.03,0.024,take_profit,1,0,16,2023-08-01
2023-08-02,8464,301.4274597167969,0.4608931210102286,1,-0.0015505184419453144,0.05116265267133713,-0.004651293158531189,0.03565878048539162,0.03,0.024,take_profit,1,0,16,2023-08-01
2023-08-02,8473,28.21220588684082,0.4608931210102286,0,2.0332223016339412e-08,0.0016779149882495403,-0.001677808235399425,-0.001677808235399425,-0.001677808235399425,-0.007677808235399425,close,0,0,16,2023-08-01
2023-08-02,8476,30.5739803314209,0.4608931210102286,1,1.0,1.0147711038589478,0.9822745323181152,1.0,0.03,0.024,gap_take_profit,1,0,16,2023-08-01
2023-08-02,8489,24.299999237060547,0.4608931210102286,1,0.0,0.020576132461428642,0.0,0.0041152420453727245,0.0041152420453727245,-0.0018847579546272756,close,0,0,16,2023-08-01
2023-08-02,8908,55.88639831542969,0.4608931210102286,1,-0.0028859886806458235,0.002886019181460142,-0.0028859886806458235,0.002886019181460142,0.002886019181460142,-0.003113980818539858,close,0,0,16,2023-08-01
2023-08-02,8926,45.04258728027344,0.4608931210102286,1,0.005076118279248476,0.01725882850587368,-0.002030449453741312,0.005076118279248476,0.005076118279248476,-0.0009238817207515241,close,0,0,16,2023-08-01
2023-08-02,8374,30.27067756652832,0.4608931210102286,0,-0.008196702226996422,-0.0032786820083856583,-0.02131144516170025,-0.011475403793156147,-0.02,-0.026000000000000002,stop_loss,0,1,16,2023-08-01
2023-08-02,8383,35.24044418334961,0.4608931210102286,0,-0.0012919699074700475,0.005167978350073099,-0.005167978350073099,0.0,0.0,-0.006,close,0,0,16,2023-08-01
2023-08-02,8390,54.86614990234375,0.4608931210102286,0,-0.09847205132246017,-0.09847205132246017,-0.09847205132246017,-0.09847205132246017,-0.09847205132246017,-0.10447205132246018,gap_stop,0,1,16,2023-08-01
2023-08-04,1101,34.87135696411133,0.45164451133822764,1,0.004016106948256493,0.009370880201458931,0.0013387716608121991,0.008032212033867836,0.008032212033867836,0.002032212033867836,close,0,0,16,2023-08-01
2023-08-04,1102,36.49912643432617,0.45164451133822764,0,0.003699174616485834,0.0049322014674544334,-0.00986430887132883,0.0,0.0,-0.006,close,0,0,16,2023-08-01
2023-08-04,1103,19.4326229095459,0.45164451133822764,1,-3.7596759483449205e-08,0.009638553485274315,-0.0024096393026411533,0.004819257650524378,0.004819257650524378,-0.0011807423494756223,close,0,0,16,2023-08-01
2023-08-04,1104,25.643997192382812,0.45164451133822764,1,0.008547116070985794,0.022222323343157768,-0.006837466266006231,0.018803570419549942,0.018803570419549942,0.012803570419549942,close,0,0,16,2023-08-01
2023-08-04,1110,19.35755157470703,0.45164451133822764,1,0.005037705879658461,0.010075411759316921,-0.007556751370429993,0.007556558586657047,0.007556558586657047,0.0015565585866570471,close,0,0,16,2023-08-01
2023-08-04,1201,18.809972763061523,0.45164451133822764,0,3.116423741289509e-08,3.116423741289509e-08,-0.007614259608089924,-0.005076130386441946,-0.005076130386441946,-0.011076130386441946,close,0,0,16,2023-08-01
2023-08-04,1210,51.98524856567383,0.45164451133822764,1,0.017636733129620552,0.047619111835956573,0.014109381474554539,0.03703705966472626,0.03,0.024,take_profit,1,0,16,2023-08-01
2023-08-04,1215,81.14647674560547,0.45164451133822764,1,0.005434892140328884,0.016304459422826767,-0.0021737709175795317,0.01521751843392849,0.01521751843392849,0.00921751843392849,close,0,0,16,2023-08-01
2023-08-04,1216,66.07070922851562,0.45164451133822764,1,0.005625883117318153,0.012658231891691685,0.0028129862621426582,0.008438779972493649,0.008438779972493649,0.0024387799724936484,close,0,0,16,2023-08-01
2023-08-04,1217,13.53813648223877,0.45164451133822764,1,0.007017569616436958,0.035087719559669495,-0.014035075902938843,0.035087719559669495,0.03,0.024,take_profit,1,0,16,2023-08-01
2023-08-04,1218,24.89445686340332,0.45164451133822764,0,0.0,0.005649775266647339,-0.0037664209958165884,0.0,0.0,-0.006,close,0,0,16,2023-08-01
2023-08-04,1219,18.608482360839844,0.45164451133822764,1,0.007371016312390566,0.007371016312390566,-0.00737097579985857,0.004914001561701298,0.004914001561701298,-0.0010859984382987024,close,0,0,16,2023-08-01
2023-08-04,1225,52.03556823730469,0.45164451133822764,0,-1.632437118814778e-08,-1.632437118814778e-08,-0.0017636780394241214,-0.0017636780394241214,-0.0017636780394241214,-0.0077636780394241215,close,0,0,16,2023-08-01
2023-08-04,1227,36.649085998535156,0.45164451133822764,1,-1.8470613927235036e-10,0.0012658032355830073,-0.0025316071696579456,0.0012658032355830073,0.0012658032355830073,-0.004734196764416993,close,0,0,16,2023-08-01
2023-08-04,1229,52.58540344238281,0.45164451133822764,1,-3.992963470977884e-08,0.009584656916558743,-0.011182128451764584,0.009584656916558743,0.009584656916558743,0.0035846569165587424,close,0,0,16,2023-08-01
2023-08-04,1231,72.29341125488281,0.45164451133822764,0,0.0022223801352083683,0.0022223801352083683,-0.005555421579629183,-0.0033331778831779957,-0.0033331778831779957,-0.009333177883177996,close,0,0,16,2023-08-01
2023-08-04,1301,81.44772338867188,0.45164451133822764,1,4.60341347263693e-08,0.008333343081176281,4.60341347263693e-08,0.002380962250754237,0.002380962250754237,-0.003619037749245763,close,0,0,16,2023-08-01
2023-08-04,1303,67.377197265625,0.45164451133822764,0,-0.002857110695913434,0.005714295897632837,-0.002857110695913434,-0.0014285610523074865,-0.0014285610523074865,-0.007428561052307487,close,0,0,16,2023-08-01
2023-08-04,1304,23.342552185058594,0.45164451133822764,1,0.006172945257276297,0.012345769442617893,-0.008230363950133324,0.008230526931583881,0.008230526931583881,0.0022305269315838813,close,0,0,16,2023-08-01
2023-08-04,1305,24.593347549438477,0.45164451133822764,1,9.14195652512717e-09,0.03149611875414848,-0.0236220546066761,0.015748025849461555,-0.02,-0.026000000000000002,ambiguous_stop_loss,1,1,16,2023-08-01
2023-08-07,3532,142.5545196533203,0.486607690447124,0,-7.655957290353399e-08,-7.655957290353399e-08,-0.023255888372659683,-0.019933629781007767,-0.02,-0.026000000000000002,stop_loss,0,1,16,2023-08-01
2023-08-07,3533,672.351806640625,0.486607690447124,1,0.0014205521438270807,0.0255682822316885,-0.014204449020326138,0.021306917071342468,0.021306917071342468,0.015306917071342468,close,0,0,16,2023-08-01
2023-08-07,3349,17.450000762939453,0.486607690447124,1,0.0171919334679842,0.0171919334679842,0.0171919334679842,0.0171919334679842,0.0171919334679842,0.0111919334679842,close,0,0,16,2023-08-01
2023-08-07,3550,16.649999618530273,0.486607690447124,0,-0.0060060289688408375,-0.0060060289688408375,-0.018017971888184547,-0.015015015378594398,-0.015015015378594398,-0.021015015378594397,close,0,0,16,2023-08-01
2023-08-07,3551,70.19638061523438,0.486607690447124,0,-9.347791873892675e-09,0.002709976164624095,-0.024390293285250664,-0.005420084111392498,-0.02,-0.026000000000000002,stop_loss,0,1,16,2023-08-01
2023-08-07,1310,16.638713836669922,0.486607690447124,0,0.0029673136305063963,0.005934740416705608,-0.002967426786199212,0.0,0.0,-0.006,close,0,0,16,2023-08-01
2023-08-07,3484,38.34599685668945,0.486607690447124,0,0.0012033192906528711,0.0012033192906528711,-0.01083037443459034,-0.0072202300652861595,-0.0072202300652861595,-0.01322023006528616,close,0,0,16,2023-08-01
2023-08-07,3543,20.26984977722168,0.486607690447124,0,-0.002304173307493329,-0.002304173307493329,-0.00691248569637537,-0.002304173307493329,-0.002304173307493329,-0.00830417330749333,close,0,0,16,2023-08-01
2023-08-07,3508,30.600000381469727,0.486607690447124,0,0.0,0.0,-0.009803959168493748,-0.009803959168493748,-0.009803959168493748,-0.015803959168493746,close,0,0,16,2023-08-01
2023-08-07,3555,38.70000076293945,0.486607690447124,1,-0.00387600832618773,0.00775191793218255,-0.00387600832618773,0.00775191793218255,0.00775191793218255,0.0017519179321825503,close,0,0,16,2023-08-01
2023-08-07,3530,75.4000015258789,0.486607690447124,0,0.002652479335665703,0.002652479335665703,-0.025198958814144135,-0.02387271821498871,-0.02,-0.026000000000000002,stop_loss,0,1,16,2023-08-01
2023-08-07,3625,16.100000381469727,0.486607690447124,0,0.009316746145486832,0.009316746145486832,-0.03105589933693409,-0.03105589933693409,-0.02,-0.026000000000000002,stop_loss,0,1,16,2023-08-01
2023-08-07,3491,144.86358642578125,0.486607690447124,0,0.003412944497540593,0.006825913675129414,-0.037542685866355896,-0.037542685866355896,-0.02,-0.026000000000000002,stop_loss,0,1,16,2023-08-01
2023-08-07,3501,44.107730865478516,0.486607690447124,1,0.001012144610285759,0.0020242747850716114,-0.004048584029078484,0.001012144610285759,0.001012144610285759,-0.004987855389714241,close,0,0,16,2023-08-01
2023-08-07,3675,225.49879455566406,0.486607690447124,0,0.003738349536433816,0.013084134086966515,-0.01121493149548769,-0.007476643659174442,-0.007476643659174442,-0.013476643659174442,close,0,0,16,2023-08-01
2023-08-07,3581,32.037784576416016,0.486607690447124,1,-0.016768280416727066,0.04725606366991997,-0.027439024299383163,0.04115859419107437,-0.02,-0.026000000000000002,ambiguous_stop_loss,1,1,16,2023-08-01
2023-08-07,3605,28.958999633789062,0.486607690447124,0,0.011844382621347904,0.011844382621347904,-0.010152221657335758,-0.008460200391709805,-0.008460200391709805,-0.014460200391709805,close,0,0,16,2023-08-01
2023-08-07,3607,14.862736701965332,0.486607690447124,0,0.0062112887389957905,0.0062112887389957905,-0.031055817380547523,-0.02484467253088951,-0.02,-0.026000000000000002,stop_loss,0,1,16,2023-08-01
2023-08-07,3686,13.399999618530273,0.486607690447124,0,0.0037313576322048903,0.011194072663784027,-0.01492535974830389,-0.007462644018232822,-0.007462644018232822,-0.013462644018232823,close,0,0,16,2023-08-01
2023-08-07,3689,60.58737564086914,0.486607690447124,0,-4.703624867374856e-08,0.0030959988944232464,-0.06811146438121796,-0.0495356023311615,-0.02,-0.026000000000000002,stop_loss,0,1,16,2023-08-01
2023-08-08,1904,31.311737060546875,0.44751154576535757,0,-0.004587239120155573,-0.004587239120155573,-0.018348729237914085,-0.007645296398550272,-0.007645296398550272,-0.013645296398550272,close,0,0,16,2023-08-01
2023-08-08,1905,28.0,0.44751154576535757,0,0.0,0.005357129033654928,-0.023214271292090416,-0.014285700395703316,-0.02,-0.026000000000000002,stop_loss,0,1,16,2023-08-01
2023-08-08,1907,32.22959899902344,0.44751154576535757,0,0.00582240941002965,0.00582240941002965,-0.017467234283685684,-0.011644795536994934,-0.011644795536994934,-0.017644795536994932,close,0,0,16,2023-08-01
2023-08-08,1903,62.70000076293945,0.44751154576535757,0,0.0,0.00637954892590642,-0.017543895170092583,-0.015948962420225143,-0.015948962420225143,-0.021948962420225142,close,0,0,16,2023-08-01
2023-08-08,1449,16.84229850769043,0.442177851950236,0,0.0027101621963083744,0.0027101621963083744,-0.016260048374533653,-0.010840052738785744,-0.010840052738785744,-0.016840052738785742,close,0,0,16,2023-08-01
2023-08-08,8996,312.90289306640625,0.442177851950236,1,-0.012441584840416908,0.026438668370246887,-0.012441584840416908,0.026438668370246887,0.026438668370246887,0.02043866837024689,close,0,0,16,2023-08-01
2023-08-08,8926,44.2194709777832,0.442177851950236,0,-0.005170573014765978,-0.005170573014765978,-0.03412606194615364,-0.026887208223342896,-0.02,-0.026000000000000002,stop_loss,0,1,16,2023-08-01
2023-08-08,1301,81.1568374633789,0.442177851950236,1,0.0023895911872386932,0.0071685826405882835,5.0117339611688294e-08,0.0071685826405882835,0.0071685826405882835,0.0011685826405882834,close,0,0,16,2023-08-01
2023-08-08,9958,154.32675170898438,0.442177851950236,0,-0.0031847511418163776,0.009554102085530758,-0.044586025178432465,-0.03503188490867615,-0.02,-0.026000000000000002,stop_loss,0,1,16,2023-08-01
2023-08-08,1101,34.63794708251953,0.442177851950236,1,-1.3129792364452442e-08,0.004043154884129763,-0.0013477015309035778,0.001347778015770018,0.001347778015770018,-0.004652221984229982,close,0,0,16,2023-08-01
2023-08-08,1102,36.27410125732422,0.442177851950236,0,0.0049628266133368015,0.0049628266133368015,-0.008684798143804073,-0.002481323666870594,-0.002481323666870594,-0.008481323666870594,close,0,0,16,2023-08-01
2023-08-08,1103,19.292146682739258,0.442177851950236,0,-0.007281546480953693,-0.004854399245232344,-0.021844709292054176,-0.01699032075703144,-0.02,-0.026000000000000002,stop_loss,0,1,16,2023-08-01
2023-08-08,1104,25.7755069732666,0.442177851950236,0,-0.0017007263377308846,-7.208412711179335e-08,-0.008503476157784462,-0.006802755407989025,-0.006802755407989025,-0.012802755407989025,close,0,0,16,2023-08-01
2023-08-08,8927,33.45999526977539,0.442177851950236,1,-0.0060362801887094975,0.010060267522931099,-0.016096636652946472,0.010060267522931099,0.010060267522931099,0.004060267522931099,close,0,0,16,2023-08-01
2023-08-08,8932,35.040069580078125,0.442177851950236,0,0.0014085210859775543,0.05352118983864784,-0.0028168244753032923,0.0,0.03,0.024,take_profit,1,0,16,2023-08-01
2023-08-08,8935,11.787729263305664,0.442177851950236,0,-0.008264504373073578,0.0,-0.012396675534546375,-0.012396675534546375,-0.012396675534546375,-0.018396675534546374,close,0,0,16,2023-08-01
2023-08-08,8936,32.05961990356445,0.442177851950236,0,-0.005917224567383528,-4.243326046093898e-08,-0.03402364253997803,-0.016272209584712982,-0.02,-0.026000000000000002,stop_loss,0,1,16,2023-08-01
2023-08-08,8937,23.149999618530273,0.442177851950236,1,-0.019438395276665688,0.008639342151582241,-0.058315351605415344,0.002159876748919487,-0.02,-0.026000000000000002,stop_loss,0,1,16,2023-08-01
2023-08-08,8938,70.86161804199219,0.442177851950236,0,-0.0026178997941315174,-0.0013089195126667619,-0.011780163273215294,-0.0104712825268507,-0.0104712825268507,-0.0164712825268507,close,0,0,16,2023-08-01
2023-08-08,8942,61.41315841674805,0.442177851950236,1,0.003947403747588396,0.03815795108675957,0.002631609095260501,0.01973682828247547,0.03,0.024,take_profit,1,0,16,2023-08-01
2023-08-09,1904,31.072349548339844,0.44751154576535757,0,-0.013867437839508057,-0.013867437839508057,-0.06933736801147461,-0.06163321062922478,-0.02,-0.026000000000000002,stop_loss,0,1,16,2023-08-01
2023-08-09,1905,27.600000381469727,0.44751154576535757,0,0.0,0.0018115665297955275,-0.05797102674841881,-0.05615946277976036,-0.02,-0.026000000000000002,stop_loss,0,1,16,2023-08-01
2023-08-09,1907,31.854291915893555,0.44751154576535757,0,2.9171555837592678e-08,2.9171555837592678e-08,-0.045655325055122375,-0.041237130761146545,-0.02,-0.026000000000000002,stop_loss,0,1,16,2023-08-01
2023-08-09,1903,61.70000076293945,0.44751154576535757,0,0.0,0.0016207208391278982,-0.04376014322042465,-0.03403569385409355,-0.02,-0.026000000000000002,stop_loss,0,1,16,2023-08-01
2023-08-09,1449,16.659727096557617,0.442177851950236,0,0.008219191804528236,0.008219191804528236,-0.024657506495714188,-0.021917810663580894,-0.02,-0.026000000000000002,stop_loss,0,1,16,2023-08-01
2023-08-09,8996,321.1756286621094,0.442177851950236,0,0.01666659116744995,0.05151507258415222,-0.10000006854534149,-0.10000006854534149,-0.02,-0.026000000000000002,ambiguous_stop_loss,1,1,16,2023-08-01
2023-08-09,8926,43.03053283691406,0.442177851950236,0,0.0031881527975201607,0.005313518922775984,-0.04994681105017662,-0.042507950216531754,-0.02,-0.026000000000000002,stop_loss,0,1,16,2023-08-01
2023-08-09,1301,81.73861694335938,0.442177851950236,1,0.0023723954800516367,0.004744838457554579,-0.0035588021855801344,0.0023723954800516367,0.0023723954800516367,-0.0036276045199483634,close,0,0,16,2023-08-01
2023-08-09,9958,148.92039489746094,0.442177851950236,0,-0.006600688677281141,-0.006600688677281141,-0.056105636060237885,-0.0429043173789978,-0.02,-0.026000000000000002,stop_loss,0,1,16,2023-08-01
2023-08-09,1101,34.68463134765625,0.442177851950236,0,0.001345983357168734,0.002691857982426882,-0.009421218186616898,-0.008075344376266003,-0.008075344376266003,-0.014075344376266003,close,0,0,16,2023-08-01
2023-08-09,1102,36.1840934753418,0.442177851950236,0,0.002487464575096965,0.002487464575096965,-0.009950345382094383,-0.004975202493369579,-0.004975202493369579,-0.01097520249336958,close,0,0,16,2023-08-01
2023-08-09,1103,18.964366912841797,0.442177851950236,0,0.0024690572172403336,0.0024690572172403336,-0.024691397324204445,-0.01975310780107975,-0.02,-0.026000000000000002,stop_loss,0,1,16,2023-08-01
2023-08-09,1104,25.600162506103516,0.442177851950236,0,-0.020547958090901375,-0.020547958090901375,-0.05136987194418907,-0.03595888242125511,-0.020547958090901375,-0.026547958090901373,gap_stop,0,1,16,2023-08-01
2023-08-09,8927,33.79661178588867,0.442177851950236,0,0.009960227645933628,0.009960227645933628,-0.019920239225029945,-0.007967986166477203,-0.007967986166477203,-0.013967986166477203,close,0,0,16,2023-08-01
2023-08-09,8932,35.040069580078125,0.442177851950236,0,-0.0014084087451919913,0.012676148675382137,-0.009859099984169006,-0.0014084087451919913,-0.0014084087451919913,-0.0074084087451919915,close,0,0,16,2023-08-01
2023-08-09,8935,11.641600608825684,0.442177851950236,0,0.008368242532014847,0.008368242532014847,-0.004184121266007423,0.0,0.0,-0.006,close,0,0,16,2023-08-01
2023-08-09,8936,31.537939071655273,0.442177851950236,0,0.019548876211047173,0.021052611991763115,-0.03157896548509598,-0.03157896548509598,-0.02,-0.026000000000000002,stop_loss,0,1,16,2023-08-01
2023-08-09,8937,23.200000762939453,0.442177851950236,0,-0.0193965844810009,-0.0193965844810009,-0.09913797676563263,-0.07543103396892548,-0.02,-0.026000000000000002,stop_loss,0,1,16,2023-08-01
2023-08-09,8938,70.1196060180664,0.442177851950236,0,-0.007936542853713036,-0.007936542853713036,-0.021164055913686752,-0.019841324537992477,-0.02,-0.026000000000000002,stop_loss,0,1,16,2023-08-01
2023-08-09,8942,62.62525939941406,0.442177851950236,1,1.979128327889157e-08,0.023225916549563408,1.979128327889157e-08,0.009032312780618668,0.009032312780618668,0.0030323127806186675,close,0,0,16,2023-08-01
2023-08-10,9958,142.53106689453125,0.4677583607991162,0,0.010344845242798328,0.020689673721790314,-0.03103446587920189,-0.010344809852540493,-0.02,-0.026000000000000002,stop_loss,0,1,16,2023-08-01
2023-08-10,1101,34.404541015625,0.4677583607991162,1,0.008141101337969303,0.024423284456133842,0.0067841666750609875,0.01492536161094904,0.01492536161094904,0.00892536161094904,close,0,0,16,2023-08-01
2023-08-10,1102,36.00407028198242,0.4677583607991162,0,0.0,0.0,-0.0037500381004065275,0.0,0.0,-0.006,close,0,0,16,2023-08-01
2023-08-10,1103,18.58976173400879,0.4677583607991162,1,0.0025187788996845484,0.012594383209943771,-0.005037876311689615,0.0025187788996845484,0.0025187788996845484,-0.0034812211003154517,close,0,0,16,2023-08-01
2023-08-10,1104,24.679609298706055,0.4677583607991162,1,0.007104789838194847,0.008881030604243279,-0.005328620318323374,0.003552377223968506,0.003552377223968506,-0.0024476227760314943,close,0,0,16,2023-08-01
2023-08-10,1110,19.211273193359375,0.4677583607991162,0,0.002537995111197233,0.002537995111197233,-0.010152359493076801,-0.010152359493076801,-0.010152359493076801,-0.0161523594930768,close,0,0,16,2023-08-01
2023-08-10,1201,18.428043365478516,0.4677583607991162,1,7.136443258559666e-08,0.010362806729972363,-0.002590562915429473,0.005181438755244017,0.005181438755244017,-0.0008185612447559835,close,0,0,16,2023-08-01
2023-08-10,1210,49.784812927246094,0.4677583607991162,0,3.0158918917777555e-08,0.0073665413074195385,-0.014732921496033669,-0.0036832252517342567,-0.0036832252517342567,-0.009683225251734257,close,0,0,16,2023-08-01
2023-08-10,1215,82.02851104736328,0.4677583607991162,0,-5.072541853223811e-08,0.0032257884740829468,-0.004301142413169146,-0.0021505553741008043,-0.0021505553741008043,-0.008150555374100804,close,0,0,16,2023-08-01
2023-08-10,8438,25.606807708740234,0.4677583607991162,0,-5.3805379707227985e-08,0.00732598127797246,-0.018315071240067482,-0.016483528539538383,-0.016483528539538383,-0.022483528539538382,close,0,0,16,2023-08-01
2023-08-10,8454,440.9232482910156,0.4677583607991162,1,0.006896607577800751,0.0603448785841465,0.006896607577800751,0.05344834923744202,0.03,0.024,take_profit,1,0,16,2023-08-01
2023-08-10,8464,293.0155029296875,0.4677583607991162,0,6.174970224037679e-08,0.0015949581284075975,-0.019138695672154427,-0.01275910995900631,-0.01275910995900631,-0.018759109959006308,close,0,0,16,2023-08-01
2023-08-10,8473,28.07019805908203,0.4677583607991162,0,5.616608333980366e-08,5.616608333980366e-08,-0.02192232757806778,-0.02192232757806778,-0.02,-0.026000000000000002,stop_loss,0,1,16,2023-08-01
2023-08-10,8476,60.1544189453125,0.4677583607991162,0,-0.0015016059624031186,0.010510455816984177,-0.0030030845664441586,-0.0030030845664441586,-0.0030030845664441586,-0.009003084566444159,close,0,0,16,2023-08-01
2023-08-10,8489,23.149999618530273,0.4677583607991162,1,0.019438479095697403,0.02375814877450466,0.008639342151582241,0.015118807554244995,0.015118807554244995,0.009118807554244995,close,0,0,16,2023-08-01
2023-08-10,8374,29.675189971923828,0.4677583607991162,1,0.0066889370791614056,0.0066889370791614056,0.0016722276341170073,0.003344442928209901,0.003344442928209901,-0.0026555570717900993,close,0,0,16,2023-08-01
2023-08-10,8383,34.6485481262207,0.4677583607991162,0,3.412828419868674e-08,0.002628215355798602,-0.0013140063965693116,-0.0013140063965693116,-0.0013140063965693116,-0.007314006396569312,close,0,0,16,2023-08-01
2023-08-10,8390,44.57292175292969,0.4677583607991162,1,0.01567392796278,0.03239290416240692,-0.0010449696565046906,0.0020898582879453897,0.03,0.024,take_profit,1,0,16,2023-08-01
2023-08-10,8404,18.339641571044922,0.4677583607991162,1,-0.005012642592191696,0.020050011575222015,-0.007518918719142675,0.015037460252642632,0.015037460252642632,0.009037460252642631,close,0,0,16,2023-08-01
2023-08-10,8415,30.253570556640625,0.4677583607991162,1,1.3011367538950935e-09,0.0015128375962376595,-0.0015128349186852574,0.0015128375962376595,0.0015128375962376595,-0.004487162403762341,close,0,0,16,2023-08-01
2023-08-11,1225,51.3013801574707,0.46866939407378333,0,0.001788835390470922,0.0035777371376752853,-0.007155674044042826,-0.007155674044042826,-0.007155674044042826,-0.013155674044042826,close,0,0,16,2023-08-01
2023-08-11,1219,18.3798770904541,0.46866939407378333,0,6.349305436970099e-08,6.349305436970099e-08,-0.01492528710514307,-0.009950137697160244,-0.009950137697160244,-0.015950137697160242,close,0,0,16,2023-08-01
2023-08-11,1216,67.18582916259766,0.46866939407378333,1,0.0027662906795740128,0.006915710866451263,-0.006915548350661993,0.006915710866451263,0.006915710866451263,0.0009157108664512633,close,0,0,16,2023-08-01
2023-08-11,1102,36.00407028198242,0.46866939407378333,1,5.199153463308903e-08,0.011250071227550507,-0.002499910071492195,0.011250071227550507,0.011250071227550507,0.0052500712275505065,close,0,0,16,2023-08-01
2023-08-11,1231,70.0442886352539,0.46866939407378333,0,-0.002293552737683058,-0.002293552737683058,-0.02178899385035038,-0.017201794311404228,-0.02,-0.026000000000000002,stop_loss,0,1,16,2023-08-01
2023-08-11,1319,55.402713775634766,0.46866939407378333,0,-0.011627992615103722,-0.009966888464987278,-0.034883830696344376,-0.019933639094233513,-0.02,-0.026000000000000002,stop_loss,0,1,16,2023-08-01
2023-08-11,8415,30.299339294433594,0.46866939407378333,1,-0.0015105390921235085,0.0015106782084330916,-0.010573960840702057,0.0015106782084330916,0.0015106782084330916,-0.0044893217915669085,close,0,0,16,2023-08-01
2023-08-11,3209,30.558055877685547,0.46866939407378333,0,-0.0014346697134897113,-0.0014346697134897113,-0.035867977887392044,-0.028694378212094307,-0.02,-0.026000000000000002,stop_loss,0,1,16,2023-08-01
2023-08-11,3152,178.2552947998047,0.46866939407378333,0,1.380657455030132e-08,1.380657455030132e-08,-0.028795797377824783,-0.026177996769547462,-0.02,-0.026000000000000002,stop_loss,0,1,16,2023-08-01
2023-08-11,3167,36.71731948852539,0.46866939407378333,0,-0.006281455513089895,0.001256170799024403,-0.03266344591975212,-0.03266344591975212,-0.02,-0.026000000000000002,stop_loss,0,1,16,2023-08-01
2023-08-11,3073,34.70000076293945,0.46866939407378333,0,0.002881800290197134,0.002881800290197134,-0.005763710476458073,-0.005763710476458073,-0.005763710476458073,-0.011763710476458073,close,0,0,16,2023-08-01
2023-08-11,3081,98.12448120117188,0.46866939407378333,0,-0.0010141599923372269,-0.0010141599923372269,-0.06085190549492836,-0.06085190549492836,-0.02,-0.026000000000000002,stop_loss,0,1,16,2023-08-01
2023-08-11,3090,47.69767379760742,0.46866939407378333,0,7.690056591513894e-09,0.0018867714097723365,-0.022641517221927643,-0.018867917358875275,-0.02,-0.026000000000000002,stop_loss,0,1,16,2023-08-01
2023-08-11,3339,15.550000190734863,0.46866939407378333,0,-0.022508062422275543,0.0032154463697224855,-0.06430868059396744,-0.06109323352575302,-0.022508062422275543,-0.02850806242227554,gap_stop,0,1,16,2023-08-01
2023-08-11,3317,35.327301025390625,0.46866939407378333,0,0.011236053891479969,0.011236053891479969,-0.0318351574242115,-0.005617957096546888,-0.02,-0.026000000000000002,stop_loss,0,1,16,2023-08-01
2023-08-11,3189,104.39051818847656,0.46866939407378333,0,-0.0047393240965902805,1.2663265103185495e-08,-0.053080543875694275,-0.04265401512384415,-0.02,-0.026000000000000002,stop_loss,0,1,16,2023-08-01
2023-08-11,3207,74.41865539550781,0.46866939407378333,1,-0.007874103263020515,0.023621978238224983,-0.01968514546751976,0.015747983008623123,0.015747983008623123,0.009747983008623123,close,0,0,16,2023-08-01
2023-08-11,2852,14.260576248168945,0.46866939407378333,0,-6.847432132417453e-08,-6.847432132417453e-08,-0.021671859547495842,-0.012383957393467426,-0.02,-0.026000000000000002,stop_loss,0,1,16,2023-08-01
2023-08-11,3416,117.0224838256836,0.46866939407378333,0,-0.011904748156666756,-0.007936494424939156,-0.027777764946222305,-0.015873001888394356,-0.02,-0.026000000000000002,stop_loss,0,1,16,2023-08-01
2023-08-11,3437,17.200000762939453,0.46866939407378333,1,0.03488362953066826,0.05232555791735649,0.008720907382667065,0.008720907382667065,0.03,0.024,gap_take_profit,1,0,16,2023-08-01
2023-08-14,9955,21.600000381469727,0.4793752413835565,1,0.0023147794418036938,0.009259206242859364,-0.0023148676846176386,0.004629647359251976,0.004629647359251976,-0.0013703526407480241,close,0,0,16,2023-08-01
2023-08-14,1101,34.404541015625,0.4793752413835565,0,-4.890313931582568e-08,0.001356886001303792,-0.008141140453517437,-0.004070543218404055,-0.004070543218404055,-0.010070543218404055,close,0,0,16,2023-08-01
2023-08-14,9945,34.920082092285156,0.4793752413835565,0,0.001447123009711504,0.008683035150170326,-0.0014472219627350569,-0.0014472219627350569,-0.0014472219627350569,-0.007447221962735057,close,0,0,16,2023-08-01
2023-08-14,1103,17.981029510498047,0.4793752413835565,0,0.0026041972450912,0.010416677221655846,-0.005208283197134733,-0.002604156266897917,-0.002604156266897917,-0.008604156266897917,close,0,0,16,2023-08-01
2023-08-14,9941,168.86643981933594,0.4793752413835565,0,0.005681858863681555,0.011363677680492401,-0.014204505831003189,-0.01136359665542841,-0.01136359665542841,-0.017363596655428408,close,0,0,16,2023-08-01
2023-08-14,8436,151.65345764160156,0.4793752413835565,1,0.012578640133142471,0.025157257914543152,0.006289332173764706,0.022012602537870407,0.022012602537870407,0.01601260253787041,close,0,0,16,2023-08-01
2023-08-14,8454,453.086669921875,0.4793752413835565,1,-0.0033556409180164337,0.009563772939145565,-0.005201307125389576,0.00033562915632501245,0.00033562915632501245,-0.005664370843674988,close,0,0,16,2023-08-01
2023-08-14,8464,282.7342529296875,0.4793752413835565,1,0.011570321395993233,0.0512397438287735,0.011570321395993233,0.03801660239696503,0.03,0.024,take_profit,1,0,16,2023-08-01
2023-08-14,8473,26.082090377807617,0.4793752413835565,0,0.001814856193959713,0.001814856193959713,-0.012704136781394482,0.0,0.0,-0.006,close,0,0,16,2023-08-01
2023-08-14,8299,332.7785949707031,0.4793752413835565,1,0.015363048762083054,0.03351947292685509,0.002793217310681939,0.011173104867339134,0.03,0.024,take_profit,1,0,16,2023-08-01
2023-08-14,8341,110.56510925292969,0.4793752413835565,0,-0.008264422416687012,-0.008264422416687012,-0.07024789601564407,-0.04132227599620819,-0.02,-0.026000000000000002,stop_loss,0,1,16,2023-08-01
2023-08-14,8358,54.109439849853516,0.4793752413835565,1,0.01776200532913208,0.0994671955704689,0.012433421798050404,0.0994671955704689,0.03,0.024,take_profit,1,0,16,2023-08-01
2023-08-14,8374,29.17894744873047,0.4793752413835565,1,0.028911592438817024,0.028911592438817024,-0.001700641238130629,0.003401386784389615,0.003401386784389615,-0.002598613215610385,close,0,0,16,2023-08-01
2023-08-14,8227,141.1674041748047,0.4793752413835565,1,0.013888904824852943,0.027777794748544693,-0.031249985098838806,0.006944460328668356,-0.02,-0.026000000000000002,stop_loss,0,1,16,2023-08-01
2023-08-14,8234,45.78840637207031,0.4793752413835565,1,0.008032168261706829,0.0341365709900856,0.008032168261706829,0.012048248201608658,0.03,0.024,take_profit,1,0,16,2023-08-01
2023-08-14,8240,29.061189651489258,0.4793752413835565,1,0.023511065170168877,0.023511065170168877,0.004702216014266014,0.004702216014266014,0.004702216014266014,-0.001297783985733986,close,0,0,16,2023-08-01
2023-08-14,8249,29.678556442260742,0.4793752413835565,1,1.0878812517489678e-08,0.03298605605959892,-0.0017360936617478728,0.013888847082853317,0.03,0.024,take_profit,1,0,16,2023-08-01
2023-08-14,8255,160.70091247558594,0.4793752413835565,0,0.006079027429223061,0.015197568573057652,-0.009118541143834591,0.0,0.0,-0.006,close,0,0,16,2023-08-01
2023-08-14,8261,78.59431457519531,0.4793752413835565,1,0.008303603157401085,0.01897977665066719,0.002372405491769314,0.014234800823032856,0.014234800823032856,0.008234800823032856,close,0,0,16,2023-08-01
2023-08-14,8271,47.850372314453125,0.4793752413835565,1,0.005976138636469841,0.023904455825686455,0.005976138636469841,0.01792830042541027,0.01792830042541027,0.01192830042541027,close,0,0,16,2023-08-01
2023-08-15,2034,24.592302322387695,0.44751154576535757,0,0.0,0.013035396113991737,-0.0018622400239109993,0.0,0.0,-0.006,close,0,0,16,2023-08-01
2023-08-15,2038,18.047618865966797,0.44751154576535757,0,0.0026385122910141945,0.0026385122910141945,-0.018469693139195442,-0.010554155334830284,-0.010554155334830284,-0.016554155334830283,close,0,0,16,2023-08-01
2023-08-15,3147,59.674137115478516,0.44751154576535757,0,-0.01585201546549797,0.002642040140926838,-0.02642006240785122,0.0,-0.02,-0.026000000000000002,stop_loss,0,1,16,2023-08-01
2023-08-15,3029,56.19383239746094,0.44751154576535757,0,-0.013050558976829052,0.0016313587548211217,-0.026101117953658104,0.0,-0.02,-0.026000000000000002,stop_loss,0,1,16,2023-08-01
2023-08-15,9958,137.61619567871094,0.44751154576535757,0,-0.0035713922698050737,-0.0035713922698050737,-0.024999964982271194,-0.021428536623716354,-0.02,-0.026000000000000002,stop_loss,0,1,16,2023-08-01
2023-08-15,2061,16.100000381469727,0.44751154576535757,1,-0.0031056611333042383,0.07142854481935501,-0.006211203522980213,0.027950238436460495,0.03,0.024,take_profit,1,0,16,2023-08-01
2023-08-15,3551,65.1551742553711,0.44751154576535757,1,-0.010218924842774868,0.013138717040419579,-0.010218924842774868,0.004379615653306246,0.004379615653306246,-0.0016203843466937543,close,0,0,16,2023-08-01
2023-08-15,2069,15.8871431350708,0.44751154576535757,0,-0.002967406064271927,-0.002967406064271927,-0.014836774207651615,-0.014836774207651615,-0.014836774207651615,-0.020836774207651614,close,0,0,16,2023-08-01
2023-08-15,3004,93.33090209960938,0.44751154576535757,0,-0.013157973065972328,-4.884287108097851e-08,-0.030364418402314186,-0.001012256252579391,-0.02,-0.026000000000000002,stop_loss,0,1,16,2023-08-01
2023-08-15,2427,22.786842346191406,0.44751154576535757,0,-0.010570812970399857,0.006342552602291107,-0.029598308727145195,0.0,-0.02,-0.026000000000000002,stop_loss,0,1,16,2023-08-01
2023-08-15,2211,57.85459518432617,0.44751154576535757,1,-0.0030959665309637785,0.02941174991428852,-0.004643930587917566,0.02012384682893753,0.02012384682893753,0.01412384682893753,close,0,0,16,2023-08-01
2023-08-15,2468,25.926860809326172,0.44751154576535757,1,-0.007312632165849209,0.012797098606824875,-0.03839125484228134,0.005484456662088633,-0.02,-0.026000000000000002,stop_loss,0,1,16,2023-08-01
2023-08-15,5009,40.47011947631836,0.44751154576535757,0,-0.004390775691717863,0.0032931389287114143,-0.018660759553313255,-0.005488453898578882,-0.005488453898578882,-0.011488453898578882,close,0,0,16,2023-08-01
2023-08-15,1802,20.049999237060547,0.44751154576535757,0,-0.002493727719411254,-0.002493727719411254,-0.057356592267751694,-0.054862767457962036,-0.02,-0.026000000000000002,stop_loss,0,1,16,2023-08-01
2023-08-15,3073,31.799999237060547,0.44751154576535757,0,0.003144666086882353,0.003144666086882353,-0.003144606249406934,-0.003144606249406934,-0.003144606249406934,-0.009144606249406934,close,0,0,16,2023-08-01
2023-08-15,1809,13.765451431274414,0.44751154576535757,0,-0.007092148996889591,-0.0035460360813885927,-0.03191487118601799,-0.014184375293552876,-0.02,-0.026000000000000002,stop_loss,0,1,16,2023-08-01
2023-08-15,1810,19.28234100341797,0.44751154576535757,0,-0.012658238410949707,-0.00759492814540863,-0.032911382615566254,-0.017721548676490784,-0.02,-0.026000000000000002,stop_loss,0,1,16,2023-08-01
2023-08-15,2453,49.32320022583008,0.44751154576535757,0,-0.009345808997750282,0.0018691158620640635,-0.03551406040787697,-0.003738346276804805,-0.02,-0.026000000000000002,stop_loss,0,1,16,2023-08-01
2023-08-15,1903,57.29999923706055,0.44751154576535757,0,0.0,0.0,-0.03490401431918144,-0.01919718086719513,-0.02,-0.026000000000000002,stop_loss,0,1,16,2023-08-01
2023-08-15,1904,27.864572525024414,0.44751154576535757,0,-0.00515467394143343,-0.003436487400904298,-0.034364309161901474,-0.006872926373034716,-0.02,-0.026000000000000002,stop_loss,0,1,16,2023-08-01
2023-08-16,1904,27.67306137084961,0.4574886473563525,0,-0.0034602107480168343,0.008650529198348522,-0.02076124958693981,-0.0034602107480168343,-0.02,-0.026000000000000002,stop_loss,0,1,16,2023-08-01
2023-08-16,1905,24.549999237060547,0.4574886473563525,0,-0.01629326306283474,0.012220006436109543,-0.038696493953466415,-0.010183299891650677,-0.02,-0.026000000000000002,stop_loss,0,1,16,2023-08-01
2023-08-16,1907,28.3826904296875,0.4574886473563525,1,-0.0016528558917343616,0.011570272035896778,-0.021487578749656677,0.0016528788255527616,-0.02,-0.026000000000000002,stop_loss,0,1,16,2023-08-01
2023-08-16,1301,78.4419174194336,0.4574886473563525,0,-0.004944371525198221,-0.004944371525198221,-0.023485781624913216,-0.013596992008388042,-0.02,-0.026000000000000002,stop_loss,0,1,16,2023-08-01
2023-08-16,2637,37.513282775878906,0.4574886473563525,1,0.013017832301557064,0.04852079227566719,0.009467589668929577,0.04023680463433266,0.03,0.024,take_profit,1,0,16,2023-08-01
2023-08-16,2641,14.640222549438477,0.4574886473563525,1,1.740679600459316e-08,0.03583058714866638,1.740679600459316e-08,0.02605862356722355,0.03,0.024,take_profit,1,0,16,2023-08-01
2023-08-16,2645,102.3729476928711,0.4574886473563525,1,-0.008968545123934746,0.02690589614212513,-0.008968545123934746,0.022421590983867645,0.022421590983867645,0.016421590983867647,close,0,0,16,2023-08-01
2023-08-16,2208,20.13678741455078,0.4574886473563525,1,-0.0024037943221628666,0.024038510397076607,-0.016826843842864037,0.019230827689170837,0.019230827689170837,0.013230827689170837,close,0,0,16,2023-08-01
2023-08-16,2723,103.46363067626953,0.4574886473563525,0,0.013452951796352863,0.017937256023287773,-0.013452879153192043,-0.004484268836677074,-0.004484268836677074,-0.010484268836677075,close,0,0,16,2023-08-01
2023-08-16,2727,224.64443969726562,0.4574886473563525,1,-0.0017574930097907782,0.02460453473031521,-0.015817178413271904,0.01581723242998123,0.01581723242998123,0.009817232429981232,close,0,0,16,2023-08-01
2023-08-16,2731,124.12982940673828,0.4574886473563525,0,0.0,0.025547444820404053,-0.025547444820404053,0.0,-0.02,-0.026000000000000002,stop_loss,0,1,16,2023-08-01
2023-08-16,2753,149.8613739013672,0.4574886473563525,1,-1.4349980403949303e-07,0.04268277809023857,-0.0030489235650748014,0.04268277809023857,0.03,0.024,take_profit,1,0,16,2023-08-01
2023-08-16,2603,85.78941345214844,0.4574886473563525,1,-0.004807789344340563,0.02403836138546467,-0.014423172920942307,0.019230669364333153,0.019230669364333153,0.013230669364333153,close,0,0,16,2023-08-01
2023-08-16,2605,16.819875717163086,0.4574886473563525,1,0.008196885697543621,0.049180496484041214,0.005464581772685051,0.040983691811561584,0.03,0.024,take_profit,1,0,16,2023-08-01
2023-08-16,2453,49.13881301879883,0.4574886473563525,1,-0.013133194297552109,0.022514116019010544,-0.03189492225646973,0.007504748180508614,-0.02,-0.026000000000000002,stop_loss,0,1,16,2023-08-01
2023-08-16,2606,38.14557647705078,0.4574886473563525,1,0.0106889009475708,0.06294545531272888,0.005938288290053606,0.059382472187280655,0.03,0.024,take_profit,1,0,16,2023-08-01
2023-08-16,2607,25.1818904876709,0.4574886473563525,1,-0.0036832343321293592,0.022099483758211136,-0.00552482670173049,0.014732972718775272,0.014732972718775272,0.008732972718775272,close,0,0,16,2023-08-01
2023-08-16,2608,32.98920440673828,0.4574886473563525,0,-0.0013644658029079437,0.002728344639763236,-0.009549982845783234,-0.006821407470852137,-0.006821407470852137,-0.012821407470852137,close,0,0,16,2023-08-01
2023-08-16,2609,36.55954360961914,0.4574886473563525,1,-0.005945300217717886,0.019024955108761787,-0.022592168301343918,0.011890609748661518,-0.02,-0.026000000000000002,stop_loss,0,1,16,2023-08-01
2023-08-16,2610,22.540189743041992,0.4574886473563525,0,-0.014522837474942207,0.012448101304471493,-0.031120331957936287,0.0,-0.02,-0.026000000000000002,stop_loss,0,1,16,2023-08-01
2023-08-17,1905,24.299999237060547,0.44751154576535757,0,0.0020576603710651398,0.008230484090745449,-0.02880653738975525,-0.022633714601397514,-0.02,-0.026000000000000002,stop_loss,0,1,16,2023-08-01
2023-08-17,1907,28.429603576660156,0.44751154576535757,0,0.013201388530433178,0.01980201154947281,-0.011551087722182274,-0.006600605323910713,-0.006600605323910713,-0.012600605323910713,close,0,0,16,2023-08-01
2023-08-17,1903,56.70000076293945,0.44751154576535757,0,0.0,0.0,-0.03880072012543678,-0.03350972756743431,-0.02,-0.026000000000000002,stop_loss,0,1,16,2023-08-01
2023-08-17,1301,77.3753433227539,0.44751154576535757,1,2.5410590964725088e-08,0.010025030933320522,-0.007518847938627005,0.006265689618885517,0.006265689618885517,0.000265689618885517,close,0,0,16,2023-08-01
2023-08-17,1904,27.577306747436523,0.44751154576535757,0,-0.005208269227296114,5.117375323493434e-08,-0.020833231508731842,-0.015624910593032837,-0.02,-0.026000000000000002,stop_loss,0,1,16,2023-08-01
2023-08-17,4303,18.34723663330078,0.44751154576535757,0,-0.0026594954542815685,0.010638377629220486,-0.005319029558449984,-0.005319029558449984,-0.005319029558449984,-0.011319029558449984,close,0,0,16,2023-08-01
2023-08-17,4306,13.90286636352539,0.44751154576535757,1,-2.1956044093940363e-08,0.010309229604899883,-0.003436461091041565,0.006872790865600109,0.006872790865600109,0.000872790865600109,close,0,0,16,2023-08-01
2023-08-17,1303,63.62331771850586,0.44751154576535757,1,0.0015129371313378215,0.012103023007512093,1.0075920897634205e-07,0.004538725595921278,0.004538725595921278,-0.0014612744040787221,close,0,0,16,2023-08-01
2023-08-17,1304,20.028488159179688,0.44751154576535757,1,-3.612225185634088e-08,0.014388415962457657,-0.009592398069798946,0.007194189820438623,0.007194189820438623,0.0011941898204386233,close,0,0,16,2023-08-01
2023-08-17,1305,22.60845184326172,0.44751154576535757,1,0.004282640293240547,0.04068514332175255,-0.010706668719649315,0.019271867349743843,0.03,0.024,take_profit,1,0,16,2023-08-01
2023-08-17,1307,21.024614334106445,0.44751154576535757,0,0.004201654344797134,0.008403351530432701,-0.023109253495931625,-0.016806747764348984,-0.02,-0.026000000000000002,stop_loss,0,1,16,2023-08-01
2023-08-17,1308,22.35845947265625,0.44751154576535757,1,-6.408754416042939e-08,0.029978470876812935,-0.006424030289053917,0.014989244751632214,0.014989244751632214,0.008989244751632213,close,0,0,16,2023-08-01
2023-08-17,1309,16.73663902282715,0.44751154576535757,1,-0.0028901321347802877,0.01734110526740551,-0.0028901321347802877,0.008670606650412083,0.008670606650412083,0.0026706066504120825,close,0,0,16,2023-08-01
2023-08-17,1310,15.009404182434082,0.44751154576535757,1,0.009868448600172997,0.016447357833385468,-0.006578920409083366,0.006578961852937937,0.006578961852937937,0.0005789618529379367,close,0,0,16,2023-08-01
2023-08-17,1312,16.3508358001709,0.44751154576535757,1,0.0,0.02395215816795826,-0.011976020410656929,0.008982044644653797,0.008982044644653797,0.002982044644653797,close,0,0,16,2023-08-01
2023-08-17,1313,14.637846946716309,0.44751154576535757,1,-0.006600612308830023,0.03630365431308746,-0.0099009545519948,0.009901038371026516,0.03,0.024,take_profit,1,0,16,2023-08-01
2023-08-17,1325,21.71181869506836,0.44751154576535757,0,-0.006711392197757959,0.01565997116267681,-0.006711392197757959,0.0,0.0,-0.006,close,0,0,16,2023-08-01
2023-08-17,1326,59.0832405090332,0.44751154576535757,1,-0.00806450191885233,0.008064530789852142,-0.020967716351151466,0.0016128930728882551,-0.02,-0.026000000000000002,stop_loss,0,1,16,2023-08-01
2023-08-17,8938,66.78057861328125,0.442177851950236,0,-0.006944425404071808,1.9174105858610346e-08,-0.006944425404071808,-0.006944425404071808,-0.006944425404071808,-0.012944425404071808,close,0,0,16,2023-08-01
2023-08-17,8942,60.68589401245117,0.442177851950236,0,3.918588831197667e-08,0.011984107084572315,-0.010652354918420315,-0.005326102487742901,-0.005326102487742901,-0.011326102487742901,close,0,0,16,2023-08-01
2023-08-18,9958,136.14175415039062,0.47939750753688687,0,-0.003610108280554414,0.018050542101264,-0.007220216561108828,0.0,0.0,-0.006,close,0,0,16,2023-08-01
2023-08-18,1101,32.81735610961914,0.47939750753688687,1,-0.004267452750355005,0.00853484496474266,-0.004267452750355005,0.007112391293048859,0.007112391293048859,0.0011123912930488585,close,0,0,16,2023-08-01
2023-08-18,9955,21.799999237060547,0.47939750753688687,1,0.01834869384765625,0.02522941119968891,0.0,0.01146788988262415,0.01146788988262415,0.005467889882624149,close,0,0,16,2023-08-01
2023-08-18,1103,17.88737678527832,0.47939750753688687,0,-0.005235540680587292,-0.005235540680587292,-0.023560168221592903,-0.01047116331756115,-0.02,-0.026000000000000002,stop_loss,0,1,16,2023-08-01
2023-08-18,1104,25.205638885498047,0.47939750753688687,1,4.632182282193753e-08,0.017391357570886612,-0.0017390577122569084,0.010434873402118683,0.010434873402118683,0.004434873402118683,close,0,0,16,2023-08-01
2023-08-18,1110,18.138561248779297,0.47939750753688687,1,0.010752597823739052,0.02150532603263855,0.008064467459917068,0.02150532603263855,0.02150532603263855,0.01550532603263855,close,0,0,16,2023-08-01
2023-08-18,1201,18.237079620361328,0.47939750753688687,0,0.007853415794670582,0.007853415794670582,-0.005235590040683746,-0.005235590040683746,-0.005235590040683746,-0.011235590040683746,close,0,0,16,2023-08-01
2023-08-18,1210,50.151554107666016,0.47939750753688687,0,-1.640717783857326e-08,0.012797072529792786,-0.010968979448080063,-0.007312658242881298,-0.007312658242881298,-0.013312658242881298,close,0,0,16,2023-08-01
2023-08-18,8436,151.1765594482422,0.47939750753688687,1,1.3835130374673099e-08,0.01892745867371559,1.3835130374673099e-08,0.012618310749530792,0.012618310749530792,0.006618310749530792,close,0,0,16,2023-08-01
2023-08-18,8454,442.36767578125,0.47939750753688687,0,0.0018903022864833474,0.007561403326690197,-0.01512293703854084,-0.0075614480301737785,-0.0075614480301737785,-0.013561448030173779,close,0,0,16,2023-08-01
2023-08-18,8464,284.60357666015625,0.47939750753688687,0,-0.004926108289510012,0.004926108289510012,-0.009852216579020023,0.0,0.0,-0.006,close,0,0,16,2023-08-01
2023-08-18,8473,25.940082550048828,0.47939750753688687,1,-0.007299250923097134,0.007299224846065044,-0.007299250923097134,0.007299224846065044,0.007299224846065044,0.0012992248460650443,close,0,0,16,2023-08-01
2023-08-18,8476,56.631858825683594,0.47939750753688687,0,0.006379543337970972,0.009569349698722363,-0.004784684628248215,-0.004784684628248215,-0.004784684628248215,-0.010784684628248215,close,0,0,16,2023-08-01
2023-08-18,8358,61.70206069946289,0.47939750753688687,1,0.03271028771996498,0.03426789492368698,-0.01557635236531496,0.024922125041484833,0.03,0.024,gap_take_profit,1,0,16,2023-08-01
2023-08-18,8390,44.619503021240234,0.47939750753688687,0,-2.9880119711833686e-08,0.010438382625579834,-0.008350792340934277,-0.008350792340934277,-0.008350792340934277,-0.014350792340934277,close,0,0,16,2023-08-01
2023-08-18,8404,18.569459915161133,0.47939750753688687,1,0.002475208602845669,0.009900981560349464,0.002475208602845669,0.002475208602845669,0.002475208602845669,-0.0035247913971543313,close,0,0,16,2023-08-01
2023-08-18,8422,161.69528198242188,0.47939750753688687,1,0.0027778034564107656,0.005555581301450729,2.5617787002829573e-08,0.0027778034564107656,0.0027778034564107656,-0.0032221965435892345,close,0,0,16,2023-08-01
2023-08-18,8249,29.884658813476562,0.47939750753688687,1,0.01206892542541027,0.013792998157441616,0.0034482101909816265,0.008620663546025753,0.008620663546025753,0.002620663546025753,close,0,0,16,2023-08-01
2023-08-18,8255,161.67782592773438,0.47939750753688687,1,0.006042252294719219,0.012084548361599445,-0.006042339373379946,0.006042252294719219,0.006042252294719219,4.225229471921908e-05,close,0,0,16,2023-08-01
2023-08-18,8261,78.12815856933594,0.47939750753688687,0,0.011933119036257267,0.011933119036257267,-0.027446389198303223,-0.013126617297530174,-0.02,-0.026000000000000002,stop_loss,0,1,16,2023-08-01
2023-08-21,9958,136.14175415039062,0.4740740612762137,0,0.018050434067845345,0.025270650163292885,-0.007220321800559759,-0.0036102139856666327,-0.0036102139856666327,-0.009610213985666633,close,0,0,16,2023-08-01
2023-08-21,9955,22.049999237060547,0.4740740612762137,0,-0.002267539268359542,-0.002267539268359542,-0.011337868869304657,-0.009070242755115032,-0.009070242755115032,-0.015070242755115032,close,0,0,16,2023-08-01
2023-08-21,9946,13.403055191040039,0.4740740612762137,0,1.1790679543821625e-10,1.1790679543821625e-10,-0.00709222536534071,-0.00709222536534071,-0.00709222536534071,-0.01309222536534071,close,0,0,16,2023-08-01
2023-08-21,9941,165.988037109375,0.4740740612762137,1,0.011560706421732903,0.01734105311334133,1.2716132147261305e-08,0.0028901861514896154,0.0028901861514896154,-0.0031098138485103847,close,0,0,16,2023-08-01
2023-08-21,8404,18.61542320251465,0.4740740612762137,0,-0.0024691461585462093,0.004938292317092419,-0.0024691461585462093,0.0,0.0,-0.006,close,0,0,16,2023-08-01
2023-08-21,8415,30.207801818847656,0.4740740612762137,0,-0.0030302568338811398,0.0030302568338811398,-0.0030302568338811398,0.0,0.0,-0.006,close,0,0,16,2023-08-01
2023-08-21,8422,162.14443969726562,0.4740740612762137,0,0.005540114361792803,0.005540114361792803,-0.008310300298035145,-0.005540217272937298,-0.005540217272937298,-0.011540217272937298,close,0,0,16,2023-08-01
2023-08-21,8431,58.69337844848633,0.4740740612762137,1,0.0067682391963899136,0.010152347385883331,-0.0033840197138488293,0.001692109857685864,0.001692109857685864,-0.004307890142314136,close,0,0,16,2023-08-01
2023-08-21,8438,25.93509864807129,0.4740740612762137,0,-2.946480393006823e-09,-2.946480393006823e-09,-0.030741427093744278,-0.02531641721725464,-0.02,-0.026000000000000002,stop_loss,0,1,16,2023-08-01
2023-08-21,8454,439.0227355957031,0.4740740612762137,0,-0.001904791221022606,0.007619036827236414,-0.001904791221022606,0.0,0.0,-0.006,close,0,0,16,2023-08-01
2023-08-21,8289,31.221342086791992,0.4740740612762137,0,0.004143656697124243,0.004143656697124243,-0.005524809937924147,-0.0027624210342764854,-0.0027624210342764854,-0.008762421034276486,close,0,0,16,2023-08-01
2023-08-21,8299,345.3275146484375,0.4740740612762137,1,0.010767142288386822,0.01615072228014469,-0.0026918076910078526,0.004037667531520128,0.004037667531520128,-0.001962332468479872,close,0,0,16,2023-08-01
2023-08-21,8341,103.25502014160156,0.4740740612762137,1,3.564812800505024e-08,0.013274372555315495,-0.008849522098898888,0.008849593810737133,0.008849593810737133,0.002849593810737133,close,0,0,16,2023-08-01
2023-08-21,8374,29.675189971923828,0.4740740612762137,0,-7.731259898946519e-08,0.010033405385911465,-0.006689001806080341,-0.003344571450725198,-0.003344571450725198,-0.009344571450725198,close,0,0,16,2023-08-01
2023-08-21,8383,34.375370025634766,0.4740740612762137,0,-8.192550637886598e-09,-8.192550637886598e-09,-0.014569524675607681,-0.013245041482150555,-0.013245041482150555,-0.019245041482150553,close,0,0,16,2023-08-01
2023-08-21,8390,44.24689483642578,0.4740740612762137,0,0.0010525607503950596,0.007368333637714386,-0.01684214361011982,-0.007368443068116903,-0.007368443068116903,-0.013368443068116903,close,0,0,16,2023-08-01
2023-08-21,8215,33.5425910949707,0.4740740612762137,0,0.008403288200497627,0.014005550183355808,-0.011204575188457966,-0.00700285192579031,-0.00700285192579031,-0.01300285192579031,close,0,0,16,2023-08-01
2023-08-21,8227,150.970703125,0.4740740612762137,0,0.025974025949835777,0.02922077849507332,0.0,0.0,0.0,-0.006,close,0,0,16,2023-08-01
2023-08-21,8249,30.142284393310547,0.4740740612762137,0,0.0017093305941671133,0.0034187843557447195,-0.00854704063385725,-0.0017094598151743412,-0.0017094598151743412,-0.007709459815174341,close,0,0,16,2023-08-01
2023-08-21,8261,77.10260009765625,0.4740740612762137,0,-0.0012091764947399497,0.012091893702745438,-0.02418380230665207,-0.0181378535926342,-0.02,-0.026000000000000002,stop_loss,0,1,16,2023-08-01
2023-08-22,1101,33.05076599121094,0.4543681449570216,0,0.002824850846081972,0.004237258806824684,-0.0028248880989849567,-0.0028248880989849567,-0.0028248880989849567,-0.008824888098984957,close,0,0,16,2023-08-01
2023-08-22,1102,35.554019927978516,0.4543681449570216,1,0.002531638601794839,0.007594949100166559,-0.0025315755046904087,0.007594949100166559,0.007594949100166559,0.001594949100166559,close,0,0,16,2023-08-01
2023-08-22,1103,17.325471878051758,0.4543681449570216,1,0.0027025090530514717,0.021621445193886757,0.0027025090530514717,0.005405273288488388,0.005405273288488388,-0.0005947267115116121,close,0,0,16,2023-08-01
2023-08-22,1104,25.074132919311523,0.4543681449570216,0,-0.003496578661724925,0.0069929757155478,-0.010489546693861485,-0.008741321973502636,-0.008741321973502636,-0.014741321973502636,close,0,0,16,2023-08-01
2023-08-22,1110,18.333599090576172,0.4543681449570216,1,0.013297841884195805,0.013297841884195805,-0.00265956437215209,0.013297841884195805,0.013297841884195805,0.0072978418841958045,close,0,0,16,2023-08-01
2023-08-22,1201,18.18933868408203,0.4543681449570216,1,-6.606065738878897e-08,0.005249297711998224,-0.0026246977504342794,0.002624665852636099,0.002624665852636099,-0.0033753341473639013,close,0,0,16,2023-08-01
2023-08-22,1210,50.05986785888672,0.4543681449570216,0,-0.0036629759706556797,0.0036629894748330116,-0.00915753748267889,-0.005494519602507353,-0.005494519602507353,-0.011494519602507353,close,0,0,16,2023-08-01
2023-08-22,1215,84.32177734375,0.4543681449570216,1,-0.0010459659388288856,0.007322267163544893,-0.004184073302894831,0.005230169277638197,0.005230169277638197,-0.0007698307223618032,close,0,0,16,2023-08-01
2023-08-22,1216,66.72120666503906,0.4543681449570216,1,0.008356468752026558,0.008356468752026558,-0.00417837081477046,0.005570889450609684,0.005570889450609684,-0.00042911054939031613,close,0,0,16,2023-08-01
2023-08-22,1217,12.303077697753906,0.4543681449570216,1,2.990145731018856e-08,0.030888106673955917,2.990145731018856e-08,0.015444030985236168,0.03,0.024,take_profit,1,0,16,2023-08-01
2023-08-22,1218,22.175289154052734,0.4543681449570216,1,0.006342499516904354,0.012685058638453484,2.081024064182202e-08,0.004228367004543543,0.004228367004543543,-0.0017716329954564573,close,0,0,16,2023-08-01
2023-08-22,1219,18.242713928222656,0.4543681449570216,0,0.0,0.002506179502233863,-0.0025062779895961285,0.0,0.0,-0.006,close,0,0,16,2023-08-01
2023-08-22,1225,50.658966064453125,0.4543681449570216,0,-0.0036232080310583115,-0.0036232080310583115,-0.007246382534503937,-0.0036232080310583115,-0.0036232080310583115,-0.009623208031058312,close,0,0,16,2023-08-01
2023-08-22,1227,35.350128173828125,0.4543681449570216,0,2.7563262783303344e-10,2.7563262783303344e-10,-0.0026246316265314817,-0.0026246316265314817,-0.0026246316265314817,-0.008624631626531482,close,0,0,16,2023-08-01
2023-08-22,1229,50.065338134765625,0.4543681449570216,0,0.0,0.005033537745475769,-0.005033610388636589,0.0,0.0,-0.006,close,0,0,16,2023-08-01
2023-08-22,1231,67.07221984863281,0.4543681449570216,0,-0.0023951996117830276,-0.0011975279776379466,-0.00838322564959526,-0.0035927605349570513,-0.0035927605349570513,-0.009592760534957051,close,0,0,16,2023-08-01
2023-08-22,1301,77.47230529785156,0.4543681449570216,0,-1.2464533938327804e-07,-1.2464533938327804e-07,-0.008761132135987282,-0.006257946137338877,-0.006257946137338877,-0.012257946137338877,close,0,0,16,2023-08-01
2023-08-22,1303,63.04580307006836,0.4543681449570216,0,0.0,0.0045801992528140545,-0.0045801992528140545,0.0,0.0,-0.006,close,0,0,16,2023-08-01
2023-08-22,1304,19.884397506713867,0.4543681449570216,0,2.2995431336880756e-08,0.004830867052078247,-0.009661849588155746,-0.0048309131525456905,-0.0048309131525456905,-0.01083091315254569,close,0,0,16,2023-08-01
2023-08-22,1305,22.26956558227539,0.4543681449570216,1,4.313187318416567e-08,0.026087017729878426,-0.013043402694165707,0.0021739231888204813,0.0021739231888204813,-0.003826076811179519,close,0,0,16,2023-08-01
2023-08-23,9955,21.899999618530273,0.47494690542082163,1,0.02283105067908764,0.02283105067908764,0.004566227551549673,0.01141552533954382,0.01141552533954382,0.005415525339543819,close,0,0,16,2023-08-01
2023-08-23,1101,32.957401275634766,0.47494690542082163,0,-0.002832818077877164,0.004249335266649723,-0.002832818077877164,0.0,0.0,-0.006,close,0,0,16,2023-08-01
2023-08-23,9945,33.353477478027344,0.47494690542082163,1,0.001515062409453094,0.013636227697134018,-1.353022298644646e-07,0.009090842679142952,0.009090842679142952,0.003090842679142952,close,0,0,16,2023-08-01
2023-08-23,1103,17.41912078857422,0.47494690542082163,0,0.0026881310623139143,0.013440859504044056,-0.005376364570111036,0.0,0.0,-0.006,close,0,0,16,2023-08-01
2023-08-23,1104,24.854951858520508,0.47494690542082163,0,0.001763722044415772,0.0035273635294288397,-0.026455024257302284,-0.022927671670913696,-0.02,-0.026000000000000002,stop_loss,0,1,16,2023-08-01
2023-08-23,8422,161.69528198242188,0.47494690542082163,1,0.0027778290677815676,0.005555606912821531,-0.005555504932999611,0.005555606912821531,0.005555606912821531,-0.00044439308717846883,close,0,0,16,2023-08-01
2023-08-23,8436,150.2227783203125,0.47494690542082163,1,0.012698330916464329,0.028571344912052155,0.003174522193148732,0.019047535955905914,0.019047535955905914,0.013047535955905914,close,0,0,16,2023-08-01
2023-08-23,8438,25.231616973876953,0.47494690542082163,0,-4.3288096662763564e-08,0.013011123053729534,-0.005576237104833126,-0.005576237104833126,-0.005576237104833126,-0.011576237104833126,close,0,0,16,2023-08-01
2023-08-23,8454,434.00531005859375,0.47494690542082163,1,0.003853572765365243,0.015414315275847912,1.3535045084722697e-08,0.009633944369852543,0.009633944369852543,0.0036339443698525428,close,0,0,16,2023-08-01
2023-08-23,8341,102.79813385009766,0.47494690542082163,0,0.013333352282643318,0.013333352282643318,-0.008888870477676392,-0.004444425459951162,-0.004444425459951162,-0.010444425459951162,close,0,0,16,2023-08-01
2023-08-23,8358,62.08649826049805,0.47494690542082163,0,0.0170278437435627,0.023219818249344826,-0.012383886612951756,-0.0015479610301554203,-0.0015479610301554203,-0.00754796103015542,close,0,0,16,2023-08-01
2023-08-23,8383,34.1477165222168,0.47494690542082163,0,0.002666616812348366,0.014666637405753136,-0.013333342038094997,-0.013333342038094997,-0.013333342038094997,-0.019333342038094996,close,0,0,16,2023-08-01
2023-08-23,8222,45.013240814208984,0.47494690542082163,1,0.016304370015859604,0.09999999403953552,2.2451517978083757e-08,0.09999999403953552,0.03,0.024,take_profit,1,0,16,2023-08-01
2023-08-23,8249,30.24533462524414,0.47494690542082163,0,0.003407139331102371,0.015332194976508617,-0.00511077418923378,-0.0034071446862071753,-0.0034071446862071753,-0.009407144686207175,close,0,0,16,2023-08-01
2023-08-23,8255,161.1893768310547,0.47494690542082163,0,0.012121211737394333,0.0181818176060915,-0.0060606058686971664,0.0,0.0,-0.006,close,0,0,16,2023-08-01
2023-08-23,8155,130.94410705566406,0.47494690542082163,1,0.028880827128887177,0.028880827128887177,-0.007220255210995674,0.00361006916500628,0.00361006916500628,-0.00238993083499372,close,0,0,16,2023-08-01
2023-08-23,8183,43.08732223510742,0.47494690542082163,0,0.004232851322740316,0.0074074058793485165,-0.005290974862873554,-0.005290974862873554,-0.005290974862873554,-0.011290974862873554,close,0,0,16,2023-08-01
2023-08-23,8213,41.87781524658203,0.47494690542082163,0,0.004464325960725546,0.010044682770967484,-0.03348211944103241,-0.02566956914961338,-0.02,-0.026000000000000002,stop_loss,0,1,16,2023-08-01
2023-08-23,8215,33.30769729614258,0.47494690542082163,1,0.005641779396682978,0.01551479659974575,-0.0042313458397984505,0.0014104245929047465,0.0014104245929047465,-0.004589575407095254,close,0,0,16,2023-08-01
2023-08-23,1540,16.89170265197754,0.47494690542082163,0,0.010810784995555878,0.013513446785509586,-0.029729751870036125,-0.024324430152773857,-0.02,-0.026000000000000002,stop_loss,0,1,16,2023-08-01
2023-08-24,1101,32.957401275634766,0.452372265040767,0,-0.002832739381119609,0.0014164880849421024,-0.005665665492415428,-0.005665665492415428,-0.005665665492415428,-0.011665665492415428,close,0,0,16,2023-08-01
2023-08-24,1102,35.869056701660156,0.452372265040767,0,-9.912628939900969e-08,0.0012546825455501676,-0.006273624487221241,-0.006273624487221241,-0.006273624487221241,-0.012273624487221241,close,0,0,16,2023-08-01
2023-08-24,1103,17.41912078857422,0.452372265040767,1,1.3959900968529837e-07,0.013441001065075397,-0.002688094275072217,0.0026882709935307503,0.0026882709935307503,-0.00331172900646925,close,0,0,16,2023-08-01
2023-08-24,1104,24.285085678100586,0.452372265040767,0,-0.0036101234145462513,0.0162455216050148,-0.0036101234145462513,0.0,0.0,-0.006,close,0,0,16,2023-08-01
2023-08-24,1110,18.674917221069336,0.452372265040767,0,-1.3614449301257991e-07,0.005221815314143896,-0.018276916816830635,-0.0026110620237886906,-0.0026110620237886906,-0.00861106202378869,close,0,0,16,2023-08-01
2023-08-24,1201,18.141597747802734,0.452372265040767,0,0.0,0.007894717156887054,-0.0026315387804061174,0.0,0.0,-0.006,close,0,0,16,2023-08-01
2023-08-24,1210,49.32638931274414,0.452372265040767,1,-1.6972363514611288e-09,0.01858735829591751,-1.6972363514611288e-09,0.009293679147958755,0.009293679147958755,0.0032936791479587554,close,0,0,16,2023-08-01
2023-08-24,1215,85.46841430664062,0.452372265040767,0,-0.004127960652112961,2.2154637235871633e-08,-0.008255943655967712,-0.0061919125728309155,-0.0061919125728309155,-0.012191912572830916,close,0,0,16,2023-08-01
2023-08-24,1216,66.62826538085938,0.452372265040767,0,-0.004184019286185503,-0.0027893404476344585,-0.011157520115375519,-0.00836816243827343,-0.00836816243827343,-0.01436816243827343,close,0,0,16,2023-08-01
2023-08-24,1217,12.493086814880371,0.452372265040767,1,-0.0038021989166736603,0.03041832149028778,-0.011406791396439075,0.011406912468373775,0.03,0.024,take_profit,1,0,16,2023-08-01
2023-08-24,1218,22.034643173217773,0.452372265040767,1,0.01702125184237957,0.029787259176373482,-0.0042553432285785675,0.01702125184237957,0.01702125184237957,0.01102125184237957,close,0,0,16,2023-08-01
2023-08-24,1219,18.19699478149414,0.452372265040767,1,0.005025077611207962,0.020100431516766548,2.5851608853599828e-08,0.01256280392408371,0.01256280392408371,0.00656280392408371,close,0,0,16,2023-08-01
2023-08-24,1225,51.026058197021484,0.452372265040767,1,0.0017985411686822772,0.02158270962536335,0.0017985411686822772,0.01438849326223135,0.01438849326223135,0.00838849326223135,close,0,0,16,2023-08-01
2023-08-24,1227,35.21095657348633,0.452372265040767,1,0.0013175024650990963,0.006587614770978689,-0.0026351066771894693,0.0039525083266198635,0.0039525083266198635,-0.0020474916733801366,close,0,0,16,2023-08-01
2023-08-24,1229,50.14933776855469,0.452372265040767,1,0.0016750115901231766,0.018425462767481804,-0.0016750352224335074,0.008375178091228008,0.008375178091228008,0.002375178091228008,close,0,0,16,2023-08-01
2023-08-24,1231,67.23287200927734,0.452372265040767,1,5.962169780104887e-08,0.014337004162371159,-0.0023894496262073517,0.0059737772680819035,0.0059737772680819035,-2.6222731918096667e-05,close,0,0,16,2023-08-01
2023-08-24,1301,77.27837371826172,0.452372265040767,0,-0.0012546845246106386,1.5343473158679899e-09,-0.00627352437004447,-0.0050187427550554276,-0.0050187427550554276,-0.011018742755055428,close,0,0,16,2023-08-01
2023-08-24,1303,63.334564208984375,0.452372265040767,0,5.498719346519465e-08,0.001519788638688624,-0.0075987293384969234,-0.0075987293384969234,-0.0075987293384969234,-0.013598729338496924,close,0,0,16,2023-08-01
2023-08-24,1304,19.78833770751953,0.452372265040767,1,-0.004854364320635796,0.026699015870690346,-0.004854364320635796,0.014563092961907387,0.014563092961907387,0.008563092961907387,close,0,0,16,2023-08-01
2023-08-24,1305,22.317977905273438,0.452372265040767,1,-0.008676779456436634,0.008676783181726933,-0.010846026241779327,0.002169207436963916,0.002169207436963916,-0.0038307925630360843,close,0,0,16,2023-08-01
2023-08-25,9955,21.850000381469727,0.48321600096898853,0,0.0,0.016018323600292206,-0.016018323600292206,-0.016018323600292206,-0.016018323600292206,-0.022018323600292204,close,0,0,16,2023-08-01
2023-08-25,1101,32.77067565917969,0.48321600096898853,1,0.0014245526399463415,0.005697991698980331,-3.5714599277980597e-08,0.0028490324039012194,0.0028490324039012194,-0.0031509675960987808,close,0,0,16,2023-08-01
2023-08-25,1102,35.64402770996094,0.48321600096898853,1,0.0025253244675695896,0.012626277282834053,0.001262717298232019,0.010101063176989555,0.010101063176989555,0.004101063176989555,close,0,0,16,2023-08-01
2023-08-25,1103,17.4659481048584,0.48321600096898853,0,0.0026808977127075195,0.0026808977127075195,-0.01072392612695694,-0.01072392612695694,-0.01072392612695694,-0.016723926126956938,close,0,0,16,2023-08-01
2023-08-25,1104,24.285085678100586,0.48321600096898853,0,0.0018050429644063115,0.007220263592898846,-0.016245434060692787,-0.009025258012115955,-0.009025258012115955,-0.015025258012115955,close,0,0,16,2023-08-01
2023-08-25,9946,13.479254722595215,0.48321600096898853,1,-3.227250644499691e-08,0.07636361569166183,-3.227250644499691e-08,0.03636360168457031,0.03,0.024,take_profit,1,0,16,2023-08-01
2023-08-25,1201,18.141597747802734,0.48321600096898853,0,-3.415772908965664e-08,0.007894682697951794,-0.002631572773680091,-0.002631572773680091,-0.002631572773680091,-0.008631572773680091,close,0,0,16,2023-08-01
2023-08-25,8454,426.4792175292969,0.48321600096898853,1,0.003921539057046175,0.009803916327655315,-0.0156862773001194,0.003921539057046175,0.003921539057046175,-0.002078460942953825,close,0,0,16,2023-08-01
2023-08-25,8464,280.3976135253906,0.48321600096898853,0,-0.0016666667070239782,0.008333333767950535,-0.0033333334140479565,0.0,0.0,-0.006,close,0,0,16,2023-08-01
2023-08-25,8473,25.70340347290039,0.48321600096898853,1,-1.6024269910985822e-08,0.03314919024705887,-1.6024269910985822e-08,0.02025781199336052,0.03,0.024,take_profit,1,0,16,2023-08-01
2023-08-25,8476,55.36735153198242,0.48321600096898853,0,-6.865527701904739e-09,0.001631353166885674,-0.013050569221377373,-0.006525256205350161,-0.006525256205350161,-0.01252525620535016,close,0,0,16,2023-08-01
2023-08-25,8341,102.79813385009766,0.48321600096898853,0,7.656802125666218e-08,0.004444521386176348,-0.01777770183980465,-0.01777770183980465,-0.01777770183980465,-0.023777701839804648,close,0,0,16,2023-08-01
2023-08-25,8358,61.79817199707031,0.48321600096898853,0,-0.0031104744412004948,0.009331252425909042,-0.029548995196819305,-0.013996896333992481,-0.02,-0.026000000000000002,stop_loss,0,1,16,2023-08-01
2023-08-25,8390,44.619503021240234,0.48321600096898853,0,-8.98336267596278e-08,0.003131386125460267,-0.01670161262154579,-0.006263200659304857,-0.006263200659304857,-0.012263200659304857,close,0,0,16,2023-08-01
2023-08-25,8234,46.98368835449219,0.48321600096898853,0,0.003913860768079758,0.005870852619409561,-0.03131117299199104,-0.02641880512237549,-0.02,-0.026000000000000002,stop_loss,0,1,16,2023-08-01
2023-08-25,8255,160.21246337890625,0.48321600096898853,0,0.015243925154209137,0.015243925154209137,-0.006097538862377405,-0.003048758488148451,-0.003048758488148451,-0.009048758488148451,close,0,0,16,2023-08-01
2023-08-25,8271,48.708248138427734,0.48321600096898853,0,0.0058709015138447285,0.01565563678741455,-0.007827743887901306,0.0,0.0,-0.006,close,0,0,16,2023-08-01
2023-08-25,8289,31.300477981567383,0.48321600096898853,0,-2.9693326908386553e-08,-2.9693326908386553e-08,-0.06990887224674225,-0.05775083228945732,-0.02,-0.026000000000000002,stop_loss,0,1,16,2023-08-01
2023-08-25,8299,358.3412170410156,0.48321600096898853,0,0.001296982984058559,0.00778206717222929,-0.025940369814634323,-0.011673185043036938,-0.02,-0.026000000000000002,stop_loss,0,1,16,2023-08-01
2023-08-25,8183,42.950538635253906,0.48321600096898853,0,0.006369514856487513,0.006369514856487513,-0.025477619841694832,-0.024416064843535423,-0.02,-0.026000000000000002,stop_loss,0,1,16,2023-08-01
2023-08-28,9955,21.5,0.4708279167276045,1,0.009302360936999321,0.02558135986328125,0.002325545996427536,0.020930267870426178,0.020930267870426178,0.014930267870426178,close,0,0,16,2023-08-01
2023-08-28,1101,32.86404037475586,0.4708279167276045,1,-7.848337446603182e-08,0.007102193310856819,-7.848337446603182e-08,0.005681760609149933,0.005681760609149933,-0.00031823939085006726,close,0,0,16,2023-08-01
2023-08-28,9946,13.969408988952637,0.4708279167276045,1,0.007017574273049831,0.010526292957365513,-0.003508781548589468,0.010526292957365513,0.010526292957365513,0.004526292957365513,close,0,0,16,2023-08-01
2023-08-28,1103,17.278644561767578,0.4708279167276045,1,0.0027100469451397657,0.005420032888650894,-0.0054200137965381145,0.005420032888650894,0.005420032888650894,-0.000579967111349106,close,0,0,16,2023-08-01
2023-08-28,1104,24.065906524658203,0.4708279167276045,1,0.0091074975207448,0.014571965672075748,0.0018215627642348409,0.01275049988180399,0.01275049988180399,0.006750499881803989,close,0,0,16,2023-08-01
2023-08-28,8415,30.207801818847656,0.4708279167276045,0,0.0,0.0030302568338811398,0.0,0.0,0.0,-0.006,close,0,0,16,2023-08-01
2023-08-28,8422,160.79696655273438,0.4708279167276045,1,7.728271356199912e-08,0.008379966020584106,-0.0055865151807665825,0.008379966020584106,0.008379966020584106,0.0023799660205841063,close,0,0,16,2023-08-01
2023-08-28,8464,280.3976135253906,0.4708279167276045,1,7.3032877523360185e-09,0.01833334006369114,-0.0016666593728587031,0.01833334006369114,0.01833334006369114,0.012333340063691139,close,0,0,16,2023-08-01
2023-08-28,8289,29.492849349975586,0.4708279167276045,0,0.001612944877706468,0.003225885098800063,-0.016128966584801674,-0.0032257528509944677,-0.0032257528509944677,-0.009225752850994468,close,0,0,16,2023-08-01
2023-08-28,8299,354.1582336425781,0.4708279167276045,1,0.010498727671802044,0.023622088134288788,3.924873936966833e-08,0.017060406506061554,0.017060406506061554,0.011060406506061554,close,0,0,16,2023-08-01
2023-08-28,8341,100.97061920166016,0.4708279167276045,1,0.004524828866124153,0.01809948869049549,-0.0045249443501234055,0.013574602082371712,0.013574602082371712,0.007574602082371712,close,0,0,16,2023-08-01
2023-08-28,8358,60.933189392089844,0.4708279167276045,1,-0.006309228483587503,0.04889581352472305,-0.006309228483587503,0.04731855168938637,0.03,0.024,take_profit,1,0,16,2023-08-01
2023-08-28,8374,29.228572845458984,0.4708279167276045,1,0.035653628408908844,0.035653628408908844,0.0033955401740968227,0.018675701692700386,0.03,0.024,gap_take_profit,1,0,16,2023-08-01
2023-08-28,8383,34.87620162963867,0.4708279167276045,0,0.0026110259350389242,0.01566585712134838,-0.007832878269255161,0.0,0.0,-0.006,close,0,0,16,2023-08-01
2023-08-28,8390,44.34004211425781,0.4708279167276045,1,0.0021009743213653564,0.01995808817446232,8.572880716428699e-08,0.018907682970166206,0.018907682970166206,0.012907682970166206,close,0,0,16,2023-08-01
2023-08-28,8404,19.71856117248535,0.4708279167276045,0,0.009323948062956333,0.009323948062956333,-0.004662028048187494,-0.004662028048187494,-0.004662028048187494,-0.010662028048187494,close,0,0,16,2023-08-01
2023-08-28,8227,146.0690460205078,0.4708279167276045,1,8.929333006335582e-08,0.020134318619966507,-0.013422730378806591,0.016778614372015,0.016778614372015,0.010778614372015,close,0,0,16,2023-08-01
2023-08-28,8234,45.742435455322266,0.4708279167276045,1,0.007035191636532545,0.00904528796672821,-0.002009973395615816,0.00904528796672821,0.00904528796672821,0.0030452879667282103,close,0,0,16,2023-08-01
2023-08-28,8240,30.701007843017578,0.4708279167276045,0,-0.002967426786199212,0.0014836568152531981,-0.010385824367403984,0.0,0.0,-0.006,close,0,0,16,2023-08-01
2023-08-28,8249,29.884658813476562,0.4708279167276045,0,0.0034482628107070923,0.0034482628107070923,-0.0051724533550441265,0.0,0.0,-0.006,close,0,0,16,2023-08-01
2023-08-29,1231,69.00005340576172,0.47494690542082163,0,2.0518729826335402e-08,0.005820744205266237,-0.0034924994688481092,-0.002328290371224284,-0.002328290371224284,-0.008328290371224284,close,0,0,16,2023-08-01
2023-08-29,1229,50.905357360839844,0.47494690542082163,0,0.0,0.003300365060567856,-0.001650111167691648,0.0,0.0,-0.006,close,0,0,16,2023-08-01
2023-08-29,1227,35.53569412231445,0.47494690542082163,0,0.0026110259350389242,0.0026110259350389242,-0.003916389308869839,-0.0013054630253463984,-0.0013054630253463984,-0.0073054630253463985,close,0,0,16,2023-08-01
2023-08-29,1225,52.14260482788086,0.47494690542082163,0,0.0,0.0,0.0,0.0,0.0,-0.006,close,0,0,16,2023-08-01
2023-08-29,9906,49.23379135131836,0.47494690542082163,1,0.0035777606535702944,0.04830048605799675,0.0017889045411720872,0.035778142511844635,0.03,0.024,take_profit,1,0,16,2023-08-01
2023-08-29,9908,30.429344177246094,0.47494690542082163,0,0.0,0.0015221629291772842,-0.0015220468631014228,0.0,0.0,-0.006,close,0,0,16,2023-08-01
2023-08-29,9911,56.52927780151367,0.47494690542082163,0,-1.785640968421376e-08,0.003199994331225753,-0.003200029954314232,-0.001599993440322578,-0.001599993440322578,-0.007599993440322578,close,0,0,16,2023-08-01
2023-08-29,9919,17.40580177307129,0.47494690542082163,1,3.6866250496814246e-08,0.014005639590322971,-0.0028011477552354336,0.0028011146932840347,0.0028011146932840347,-0.0031988853067159654,close,0,0,16,2023-08-01
2023-08-29,9921,181.6665802001953,0.47494690542082163,1,0.007915504276752472,0.018469592556357384,-6.239508110184033e-08,0.015831071883440018,0.015831071883440018,0.009831071883440018,close,0,0,16,2023-08-01
2023-08-29,9931,36.41974639892578,0.47494690542082163,0,0.0,0.0,0.0,0.0,0.0,-0.006,close,0,0,16,2023-08-01
2023-08-29,9904,26.675209045410156,0.47494690542082163,1,0.0034602440427988768,0.012110763229429722,0.0034602440427988768,0.01038068626075983,0.01038068626075983,0.00438068626075983,close,0,0,16,2023-08-01
2023-08-29,9941,171.26510620117188,0.47494690542082163,0,0.005602318327873945,0.005602318327873945,-0.008403285406529903,-0.002801043912768364,-0.002801043912768364,-0.008801043912768364,close,0,0,16,2023-08-01
2023-08-29,9918,37.62692642211914,0.47494690542082163,0,0.0,0.007389238104224205,0.0,0.0,0.0,-0.006,close,0,0,16,2023-08-01
2023-08-29,8064,17.027109146118164,0.47494690542082163,1,0.005697945598512888,0.019942959770560265,0.005697945598512888,0.017093999311327934,0.017093999311327934,0.011093999311327934,close,0,0,16,2023-08-01
2023-08-29,8068,28.25,0.47494690542082163,0,0.0,0.012389394454658031,-0.0017698844894766808,-0.0017698844894766808,-0.0017698844894766808,-0.007769884489476681,close,0,0,16,2023-08-01
2023-08-29,8071,14.899999618530273,0.47494690542082163,1,0.016778523102402687,0.026845676824450493,0.006711435038596392,0.006711435038596392,0.006711435038596392,0.0007114350385963916,close,0,0,16,2023-08-01
2023-08-29,1517,14.66765308380127,0.47494690542082163,1,0.003174592973664403,0.02539677917957306,0.003174592973664403,0.01587299257516861,0.01587299257516861,0.00987299257516861,close,0,0,16,2023-08-01
2023-08-29,1526,34.58515167236328,0.47494690542082163,0,-0.008522688411176205,1.6692975890464368e-08,-0.014204529114067554,-0.004261390306055546,-0.004261390306055546,-0.010261390306055546,close,0,0,16,2023-08-01
2023-08-29,1471,19.950000762939453,0.47494690542082163,1,0.007518777623772621,0.05263153836131096,-0.015037651173770428,0.04260643944144249,0.03,0.024,take_profit,1,0,16,2023-08-01
2023-08-29,1540,16.526473999023438,0.47494690542082163,1,0.011049777269363403,0.05524874106049538,0.011049777269363403,0.05524874106049538,0.03,0.024,take_profit,1,0,16,2023-08-01
2023-08-30,9958,154.81822204589844,0.4789405064413359,1,0.009517155587673187,0.02862473577260971,0.009517155587673187,0.01907094568014145,0.01907094568014145,0.013070945680141449,close,0,0,16,2023-08-01
2023-08-30,1101,32.957401275634766,0.4789405064413359,0,0.001416436629369855,0.001416436629369855,-0.0099149439483881,-0.0099149439483881,-0.0099149439483881,-0.015914943948388098,close,0,0,16,2023-08-01
2023-08-30,9945,36.99203872680664,0.4789405064413359,1,-0.0027322496753185987,0.009562833234667778,-0.0068305479362607,0.006830602418631315,0.006830602418631315,0.0008306024186313151,close,0,0,16,2023-08-01
2023-08-30,1103,17.4659481048584,0.4789405064413359,1,-0.00536196306347847,0.008042862638831139,-0.010723811574280262,0.008042862638831139,0.008042862638831139,0.0020428626388311385,close,0,0,16,2023-08-01
2023-08-30,1104,24.328920364379883,0.4789405064413359,1,0.007207286078482866,0.016216298565268517,0.003603667253628373,0.010810905136168003,0.010810905136168003,0.004810905136168003,close,0,0,16,2023-08-01
2023-08-30,8415,30.253570556640625,0.4789405064413359,0,0.0015128349186852574,0.004538622684776783,-0.0015128375962376595,-0.0015128375962376595,-0.0015128375962376595,-0.00751283759623766,close,0,0,16,2023-08-01
2023-08-30,8438,25.84130096435547,0.4789405064413359,0,-0.005444611422717571,-0.005444611422717571,-0.03811247646808624,-0.01633387617766857,-0.02,-0.026000000000000002,stop_loss,0,1,16,2023-08-01
2023-08-30,8289,29.350143432617188,0.4789405064413359,1,0.00648297555744648,0.00648297555744648,-0.0032414733432233334,0.0016207509906962514,0.0016207509906962514,-0.004379249009303749,close,0,0,16,2023-08-01
2023-08-30,8341,103.71190643310547,0.4789405064413359,1,0.004405229352414608,0.013215801678597927,-0.004405342508107424,0.013215801678597927,0.013215801678597927,0.007215801678597927,close,0,0,16,2023-08-01
2023-08-30,8374,29.526317596435547,0.4789405064413359,0,-1.9216374269603875e-08,-1.9216374269603875e-08,-0.006722733844071627,-0.005042023025453091,-0.005042023025453091,-0.01104202302545309,close,0,0,16,2023-08-01
2023-08-30,8404,19.672597885131836,0.4789405064413359,0,-0.0046729277819395065,-0.0023364697117358446,-0.01635512337088585,-0.014018760994076729,-0.014018760994076729,-0.020018760994076727,close,0,0,16,2023-08-01
2023-08-30,8234,46.15618896484375,0.4789405064413359,0,0.0019920014310628176,0.003984078764915466,-0.01095615979284048,0.0,0.0,-0.006,close,0,0,16,2023-08-01
2023-08-30,8240,31.019859313964844,0.4789405064413359,1,0.011747563257813454,0.04258454963564873,0.0058738249354064465,0.0337739959359169,0.03,0.024,take_profit,1,0,16,2023-08-01
2023-08-30,8210,217.86538696289062,0.4789405064413359,1,-0.04444446414709091,0.035555534064769745,-0.04444446414709091,0.028888868167996407,-0.04444446414709091,-0.05044446414709091,gap_stop,1,1,16,2023-08-01
2023-08-30,1536,63.22661209106445,0.4789405064413359,1,-9.573708048549179e-09,0.004580189473927021,-0.0061069028452038765,0.0015266846166923642,0.0015266846166923642,-0.004473315383307636,close,0,0,16,2023-08-01
2023-08-30,1560,125.16707611083984,0.4789405064413359,1,-1.0315239329372616e-08,0.023437488824129105,-1.0315239329372616e-08,0.01562498975545168,0.01562498975545168,0.009624989755451679,close,0,0,16,2023-08-01
2023-08-30,1586,30.4757022857666,0.4789405064413359,0,0.0,0.0,-0.006451671477407217,0.0,0.0,-0.006,close,0,0,16,2023-08-01
2023-08-30,1587,22.285625457763672,0.4789405064413359,1,0.0020877323113381863,0.008350759744644165,-0.00417529558762908,0.008350759744644165,0.008350759744644165,0.002350759744644165,close,0,0,16,2023-08-01
2023-08-30,1527,37.16739273071289,0.4789405064413359,1,0.01412060484290123,0.01412060484290123,0.001283635152503848,0.0038509899750351906,0.0038509899750351906,-0.0021490100249648095,close,0,0,16,2023-08-01
2023-08-30,1532,32.32075881958008,0.4789405064413359,1,0.004184184595942497,0.005578863900154829,-0.008368139155209064,0.005578863900154829,0.005578863900154829,-0.0004211360998451711,close,0,0,16,2023-08-01
2023-08-31,9958,157.770751953125,0.4751648100517975,0,0.009374990127980709,0.024999989196658134,-0.012500009499490261,-0.006250009872019291,-0.006250009872019291,-0.012250009872019291,close,0,0,16,2023-08-01
2023-08-31,1101,32.63063049316406,0.4751648100517975,1,0.004291773773729801,0.014306144788861275,0.0014305872609838843,0.008583663031458855,0.008583663031458855,0.0025836630314588546,close,0,0,16,2023-08-01
2023-08-31,1102,35.9140625,0.4751648100517975,1,-0.001253206399269402,0.01127812173217535,-0.001253206399269402,0.010025007650256157,0.010025007650256157,0.004025007650256157,close,0,0,16,2023-08-01
2023-08-31,9941,170.78538513183594,0.4751648100517975,1,-6.438816768650213e-08,0.005617912858724594,-0.0028090530540794134,0.005617912858724594,0.005617912858724594,-0.000382087141275406,close,0,0,16,2023-08-01
2023-08-31,8404,19.396812438964844,0.4751648100517975,0,-5.04973201032044e-08,-5.04973201032044e-08,-0.007108987309038639,-0.0023696308489888906,-0.0023696308489888906,-0.00836963084898889,close,0,0,16,2023-08-01
2023-08-31,8415,30.207801818847656,0.4751648100517975,1,8.210449209400394e-08,0.010606097057461739,8.210449209400394e-08,0.010606097057461739,0.010606097057461739,0.0046060970574617385,close,0,0,16,2023-08-01
2023-08-31,8436,154.9917449951172,0.4751648100517975,1,0.003076936351135373,0.030769243836402893,1.3166437717870849e-08,0.012307705357670784,0.03,0.024,take_profit,1,0,16,2023-08-01
2023-08-31,8454,434.841552734375,0.4751648100517975,0,0.0,0.013461551629006863,-0.001923106494359672,0.0,0.0,-0.006,close,0,0,16,2023-08-01
2023-08-31,8464,279.46295166015625,0.4751648100517975,1,0.0066890106536448,0.05518399551510811,4.70993875012482e-08,0.046822790056467056,0.03,0.024,take_profit,1,0,16,2023-08-01
2023-08-31,8289,29.39771270751953,0.4751648100517975,1,0.0016181571409106255,0.021035583689808846,0.0016181571409106255,0.006472513545304537,0.006472513545304537,0.0004725135453045367,close,0,0,16,2023-08-01
2023-08-31,8358,66.12308502197266,0.4751648100517975,0,0.00290692038834095,0.007267429493367672,-0.036337219178676605,-0.036337219178676605,-0.02,-0.026000000000000002,stop_loss,0,1,16,2023-08-01
2023-08-31,8374,29.377445220947266,0.4751648100517975,0,0.0,0.013513500802218914,-0.010135173797607422,0.0,0.0,-0.006,close,0,0,16,2023-08-01
2023-08-31,8383,35.37703323364258,0.4751648100517975,0,-0.003860945114865899,0.01287001371383667,-0.003860945114865899,0.0,0.0,-0.006,close,0,0,16,2023-08-01
2023-08-31,8390,46.668827056884766,0.4751648100517975,1,0.001996109029278159,0.017964158207178116,0.001996109029278159,0.0039920867420732975,0.0039920867420732975,-0.0020079132579267026,close,0,0,16,2023-08-01
2023-08-31,8222,52.54806900024414,0.4751648100517975,1,-0.009311011992394924,0.0391060896217823,-0.016759829595685005,0.014897539280354977,0.03,0.024,take_profit,1,0,16,2023-08-01
2023-08-31,8227,150.970703125,0.4751648100517975,0,-4.417681154222919e-08,0.012986968271434307,-0.02272731624543667,-0.019480563700199127,-0.02,-0.026000000000000002,stop_loss,0,1,16,2023-08-01
2023-08-31,8261,76.543212890625,0.4751648100517975,1,-6.259508467110209e-08,0.023142464458942413,-0.0036540869623422623,0.012180204503238201,0.012180204503238201,0.006180204503238201,close,0,0,16,2023-08-01
2023-08-31,8147,65.8653564453125,0.4751648100517975,0,-0.004225368145853281,0.004225422162562609,-0.005633797496557236,-0.0028168316930532455,-0.0028168316930532455,-0.008816831693053246,close,0,0,16,2023-08-01
2023-08-31,1569,20.756261825561523,0.4751648100517975,1,0.0023202465381473303,0.006960635539144278,0.0023202465381473303,0.004640396684408188,0.004640396684408188,-0.0013596033155918123,close,0,0,16,2023-08-01
2023-08-31,1584,32.23579788208008,0.4751648100517975,1,0.004335151985287666,0.020231081172823906,-0.004335345234721899,0.008670455776154995,0.008670455776154995,0.002670455776154995,close,0,0,16,2023-08-01
2023-09-01,4542,55.399349212646484,0.7469296646503537,1,0.09911505877971649,0.09911505877971649,0.05309738218784332,0.09911505877971649,0.03,0.024,gap_take_profit,1,0,17,2023-09-01
2023-09-01,3044,170.25033569335938,0.7200618426378026,1,0.03532622754573822,0.040761012583971024,-0.005434646736830473,0.010869703255593777,0.03,0.024,gap_take_profit,1,0,17,2023-09-01
2023-09-01,6231,113.70745086669922,0.7121568253184175,0,0.003546027233824134,0.01063824724406004,-0.010638347826898098,-0.0035461275838315487,-0.0035461275838315487,-0.009546127583831549,close,0,0,17,2023-09-01
2023-09-01,3306,57.559810638427734,0.704204974399579,1,1.7419647946326222e-08,0.006441266275942326,-0.01932360604405403,0.006441266275942326,0.006441266275942326,0.00044126627594232547,close,0,0,17,2023-09-01
2023-09-01,2357,367.3679504394531,0.7032446384352649,0,0.004999999888241291,0.008750000037252903,-0.012500000186264515,0.0,0.0,-0.006,close,0,0,17,2023-09-01
2023-09-01,4961,194.8507537841797,0.7028531345164065,1,0.003521122271195054,0.014084507711231709,-0.014084543101489544,0.010563332587480545,0.010563332587480545,0.004563332587480545,close,0,0,17,2023-09-01
2023-09-01,1471,17.799999237060547,0.7021017523318952,1,0.019662942737340927,0.056179776787757874,0.011235998012125492,0.011235998012125492,0.03,0.024,take_profit,1,0,17,2023-09-01
2023-09-01,1477,286.15966796875,0.6977579540823862,1,0.007645182777196169,0.0198776014149189,-1.0251180526665848e-07,0.006116106640547514,0.006116106640547514,0.00011610664054751384,close,0,0,17,2023-09-01
2023-09-01,3680,324.46697998046875,0.6968500168647797,0,-0.0029283431358635426,0.002928207628428936,-0.03221091628074646,-0.024890204891562462,-0.02,-0.026000000000000002,stop_loss,0,1,17,2023-09-01
2023-09-01,6517,81.34805297851562,0.6930513305365137,0,0.0023555986117571592,0.0035334366839379072,-0.024735039100050926,-0.018845759332180023,-0.02,-0.026000000000000002,stop_loss,0,1,17,2023-09-01
2023-09-01,2101,38.490684509277344,0.6926156455479345,1,0.003850989043712616,0.008985796011984348,-0.0025674959179013968,0.0012836342211812735,0.0012836342211812735,-0.004716365778818727,close,0,0,17,2023-09-01
2023-09-01,6491,364.68914794921875,0.6903001362592911,0,-0.0064935446716845036,-0.0012987398076802492,-0.04935068637132645,-0.012987051159143448,-0.02,-0.026000000000000002,stop_loss,0,1,17,2023-09-01
2023-09-01,5439,83.09223175048828,0.6897720921467574,1,0.004576706327497959,0.024027472361922264,0.0011441769311204553,0.014874119311571121,0.014874119311571121,0.008874119311571121,close,0,0,17,2023-09-01
2023-09-01,4952,46.45891571044922,0.6891427094364605,1,0.0059881131164729595,0.02794417180120945,0.0059881131164729595,0.02794417180120945,0.02794417180120945,0.02194417180120945,close,0,0,17,2023-09-01
2023-09-01,3707,78.69999694824219,0.6872968254541654,1,0.0025413543917238712,0.008894594386219978,-0.0139771094545722,0.006353240460157394,0.006353240460157394,0.0003532404601573943,close,0,0,17,2023-09-01
2023-09-01,3545,71.16254425048828,0.68662678276861,1,-2.9726610506486395e-08,0.027777746319770813,-0.005555606447160244,0.02361103892326355,0.02361103892326355,0.01761103892326355,close,0,0,17,2023-09-01
2023-09-01,5469,54.95677185058594,0.6865098986803551,1,0.0018381939735263586,0.014705880545079708,-0.007352945860475302,0.011029398068785667,0.011029398068785667,0.005029398068785667,close,0,0,17,2023-09-01
2023-09-01,6573,14.899999618530273,0.685680048410678,1,0.006711435038596392,0.010067152790725231,-0.003355653490871191,0.003355717519298196,0.003355717519298196,-0.0026442824807018043,close,0,0,17,2023-09-01
2023-09-01,4130,25.95295524597168,0.6854855170064413,0,-0.0036231514532119036,0.0036232732236385345,-0.00905789714306593,-0.0072462912648916245,-0.0072462912648916245,-0.013246291264891625,close,0,0,17,2023-09-01
2023-09-01,3596,133.8723602294922,0.6852414079041832,1,0.003448328236117959,0.02068970911204815,5.21603986669561e-08,0.017241433262825012,0.017241433262825012,0.011241433262825012,close,0,0,17,2023-09-01
2023-09-04,2332,23.176013946533203,0.634619164150559,1,0.008333282545208931,0.01874994859099388,-0.0020833835005760193,0.0020832191221415997,0.0020832191221415997,-0.0039167808778584005,close,0,0,17,2023-09-01
2023-09-04,1712,32.28101348876953,0.6294754738513775,0,-6.895822224350923e-08,0.0027322338428348303,-0.010928967967629433,-0.006830669939517975,-0.006830669939517975,-0.012830669939517975,close,0,0,17,2023-09-01
2023-09-04,3044,172.1009063720703,0.6205026920844626,1,0.01881706342101097,0.059139639139175415,0.00806437712162733,0.04838695377111435,0.03,0.024,take_profit,1,0,17,2023-09-01
2023-09-04,6442,54.3568000793457,0.6199579285145156,0,-0.0035398206673562527,0.007079657167196274,-0.024778777733445168,-0.0035398206673562527,-0.02,-0.026000000000000002,stop_loss,0,1,17,2023-09-01
2023-09-04,8042,32.028602600097656,0.619701797343343,1,9.670574740994198e-08,0.017241543158888817,-0.0014366630930453539,0.0014368565753102303,0.0014368565753102303,-0.00456314342468977,close,0,0,17,2023-09-01
2023-09-04,5234,106.73334503173828,0.6158179876666675,1,3.8654903278256825e-08,0.05333337560296059,3.8654903278256825e-08,0.03555559739470482,0.03,0.024,take_profit,1,0,17,2023-09-01
2023-09-04,6168,24.57840919494629,0.6144041231818765,0,0.005964199546724558,0.019880715757608414,-0.007952241227030754,0.0,0.0,-0.006,close,0,0,17,2023-09-01
2023-09-04,2015,61.9463996887207,0.6140604177871605,0,0.0,0.0029239319264888763,-0.0058479756116867065,0.0,0.0,-0.006,close,0,0,17,2023-09-01
2023-09-04,2204,95.90999603271484,0.6089936904016231,1,5.798124291800377e-08,0.04147471487522125,-0.023041417822241783,0.03686641901731491,-0.02,-0.026000000000000002,ambiguous_stop_loss,1,1,17,2023-09-01
2023-09-04,6213,87.20337677001953,0.607930080570398,1,8.477962865072186e-08,0.07760541886091232,-0.002217176603153348,0.052106570452451706,0.03,0.024,take_profit,1,0,17,2023-09-01
2023-09-04,4543,39.41773986816406,0.606373905323329,1,0.015981780365109444,0.07762566208839417,0.009132491424679756,0.061643894761800766,0.03,0.024,take_profit,1,0,17,2023-09-01
2023-09-04,6270,20.54595947265625,0.60433258248833,0,0.0,0.004504435695707798,0.0,0.0,0.0,-0.006,close,0,0,17,2023-09-01
2023-09-04,2504,23.73341178894043,0.6041641976266242,0,5.348425258233647e-09,5.348425258233647e-09,-0.009416190907359123,-0.005649697966873646,-0.005649697966873646,-0.011649697966873646,close,0,0,17,2023-09-01
2023-09-04,5291,26.8806095123291,0.6016762208153112,0,0.0,0.009041591547429562,0.0,0.0,0.0,-0.006,close,0,0,17,2023-09-01
2023-09-04,2207,641.803466796875,0.5903380699236914,1,0.008746426552534103,0.02478141337633133,0.005830974318087101,0.017492782324552536,0.017492782324552536,0.011492782324552536,close,0,0,17,2023-09-01
2023-09-04,6693,67.19013214111328,0.5885646280222648,1,0.004255414940416813,0.015602868050336838,5.214936749098342e-08,0.005673832725733519,0.005673832725733519,-0.0003261672742664815,close,0,0,17,2023-09-01
2023-09-04,1307,22.968067169189453,0.5881497806910779,1,0.0019230114994570613,0.03653845191001892,0.0019230114994570613,0.011538395658135414,0.03,0.024,take_profit,1,0,17,2023-09-01
2023-09-04,6261,54.441490173339844,0.5871196552082208,1,0.008695646189153194,0.013913024216890335,0.0017390978755429387,0.008695646189153194,0.008695646189153194,0.0026956461891531943,close,0,0,17,2023-09-01
2023-09-04,1325,22.10039710998535,0.5867108027499194,0,0.006593432277441025,0.010989053174853325,-0.0021977266296744347,-0.0021977266296744347,-0.0021977266296744347,-0.008197726629674435,close,0,0,17,2023-09-01
2023-09-04,6517,79.81498718261719,0.586200608315598,1,0.020408187061548233,0.07442979514598846,0.015606248751282692,0.038415390998125076,0.03,0.024,take_profit,1,0,17,2023-09-01
2023-09-05,8068,35.20000076293945,0.6683867833983045,1,0.07670456916093826,0.09659083932638168,0.01562497764825821,0.03693179413676262,0.03,0.024,gap_take_profit,1,0,17,2023-09-01
2023-09-05,4961,216.11965942382812,0.6590780467221027,0,0.0031746604945510626,0.050793737173080444,-0.00952373817563057,-0.006349154748022556,0.03,0.024,take_profit,1,0,17,2023-09-01
2023-09-05,2401,35.099998474121094,0.650971333393958,0,-0.008546987548470497,-0.005697919055819511,-0.059829019010066986,-0.05840453878045082,-0.02,-0.026000000000000002,stop_loss,0,1,17,2023-09-01
2023-09-05,6419,36.683135986328125,0.6436994986897423,1,0.09554141014814377,0.09554141014814377,0.044585999101400375,0.07770700007677078,0.03,0.024,gap_take_profit,1,0,17,2023-09-01
2023-09-05,3548,114.82035827636719,0.6420071437517648,1,0.016949117183685303,0.08898301422595978,-0.021186474710702896,0.03813555836677551,-0.02,-0.026000000000000002,ambiguous_stop_loss,1,1,17,2023-09-01
2023-09-05,6412,116.57645416259766,0.6333191737085156,0,5.949583048447948e-09,5.949583048447948e-09,-0.09803920984268188,-0.09411764144897461,-0.02,-0.026000000000000002,stop_loss,0,1,17,2023-09-01
2023-09-05,4939,16.05607032775879,0.6287581124846227,0,0.005934718530625105,0.008902031928300858,-0.002967448905110359,-0.002967448905110359,-0.002967448905110359,-0.00896744890511036,close,0,0,17,2023-09-01
2023-09-05,2474,158.65896606445312,0.6257212051677251,1,-1.8180745087192918e-07,0.016666481271386147,-0.011111291125416756,0.013888704590499401,0.013888704590499401,0.007888704590499401,close,0,0,17,2023-09-01
2023-09-05,6126,29.563396453857422,0.6241155209970115,1,0.009404394775629044,0.02507837489247322,-2.9543331336867595e-08,0.00626952713355422,0.00626952713355422,0.0002695271335542201,close,0,0,17,2023-09-01
2023-09-05,5381,30.350000381469727,0.6221050377458022,1,0.009884653612971306,0.06919275969266891,-0.0032949054148048162,0.008237232454121113,0.03,0.024,take_profit,1,0,17,2023-09-01
2023-09-05,2886,32.2979621887207,0.6200242866429481,0,-3.307710993993851e-09,0.0013888314133509994,-0.012500063516199589,-0.012500063516199589,-0.012500063516199589,-0.018500063516199587,close,0,0,17,2023-09-01
2023-09-05,4720,13.512223243713379,0.6159151402251801,1,0.006779685616493225,0.013559307903051376,-1.3978869173314479e-09,0.01016946416348219,0.01016946416348219,0.004169464163482189,close,0,0,17,2023-09-01
2023-09-05,8374,28.78195571899414,0.6140299581363677,1,1.96792306894622e-08,0.006896597798913717,1.96792306894622e-08,0.005172420293092728,0.005172420293092728,-0.0008275797069072725,close,0,0,17,2023-09-01
2023-09-05,6278,84.34806823730469,0.6139984492911266,1,0.004343106411397457,0.01954399235546589,0.00108574447222054,0.014115110039710999,0.014115110039710999,0.008115110039710998,close,0,0,17,2023-09-01
2023-09-05,5871,156.63961791992188,0.6137030124244004,1,-0.00279327598400414,0.00558662973344326,-0.005586578045040369,0.002793327672407031,0.002793327672407031,-0.003206672327592969,close,0,0,17,2023-09-01
2023-09-05,3372,13.544403076171875,0.6110415009306633,0,-4.317248780694172e-09,0.0035587281454354525,-0.014234866015613079,-0.010676201432943344,-0.010676201432943344,-0.016676201432943343,close,0,0,17,2023-09-01
2023-09-05,2476,47.216190338134766,0.6109243286444442,0,-0.005893810652196407,0.007858638651669025,-0.011787749826908112,-0.003929164260625839,-0.003929164260625839,-0.00992916426062584,close,0,0,17,2023-09-01
2023-09-05,2537,7.590000152587891,0.6098581410181126,0,0.0,0.0039525339379906654,-0.009222683496773243,-0.009222683496773243,-0.009222683496773243,-0.015222683496773243,close,0,0,17,2023-09-01
2023-09-05,2230,94.37409210205078,0.6073092985454566,0,1.0592246013629847e-07,1.0592246013629847e-07,-0.043478213250637054,-0.0347825326025486,-0.02,-0.026000000000000002,stop_loss,0,1,17,2023-09-01
2023-09-05,8147,65.77259063720703,0.6041690813572441,1,0.09754771739244461,0.09901304543018341,0.08875562995672226,0.09901304543018341,0.03,0.024,gap_take_profit,1,0,17,2023-09-01
2023-09-06,2614,23.028114318847656,0.6839690385398232,0,0.0784313753247261,0.09215692430734634,-0.001960762543603778,-0.001960762543603778,0.03,0.024,gap_take_profit,1,0,17,2023-09-01
2023-09-06,8112,49.03964614868164,0.6612565126936448,0,-0.041666656732559204,-0.030797120183706284,-0.09239134937524796,-0.08695650845766068,-0.041666656732559204,-0.0476666567325592,gap_stop,0,1,17,2023-09-01
2023-09-06,8085,34.0,0.6206938355778505,1,0.029411764815449715,0.055882398039102554,0.010294072329998016,0.011764750815927982,0.03,0.024,take_profit,1,0,17,2023-09-01
2023-09-06,8147,72.2849349975586,0.6187753455168818,0,-0.013333327136933804,0.08933329582214355,-0.01599995419383049,-0.007999973371624947,0.03,0.024,take_profit,1,0,17,2023-09-01
2023-09-06,4961,214.7474822998047,0.6097287134865115,1,0.014751140959560871,0.014751140959560871,0.014751140959560871,0.014751140959560871,0.014751140959560871,0.008751140959560871,close,0,0,17,2023-09-01
2023-09-06,4908,59.19638442993164,0.607184541818525,0,-0.028938893228769302,0.01607717201113701,-0.03215434029698372,-0.014469476416707039,-0.028938893228769302,-0.0349388932287693,gap_stop,0,1,17,2023-09-01
2023-09-06,2230,91.09152221679688,0.6035634108333392,0,-2.3930075698785913e-09,0.004504474811255932,-0.054054055362939835,-0.054054055362939835,-0.02,-0.026000000000000002,stop_loss,0,1,17,2023-09-01
2023-09-06,4542,73.63700866699219,0.6027208070489475,1,0.006657792255282402,0.05858857184648514,-0.017310189083218575,0.011984044685959816,0.03,0.024,take_profit,1,0,17,2023-09-01
2023-09-06,9802,120.47895812988281,0.5924454385669833,1,-0.0037593503948301077,0.0112782446667552,-0.0037593503948301077,0.003759447019547224,0.003759447019547224,-0.002240552980452776,close,0,0,17,2023-09-01
2023-09-06,6168,24.13863754272461,0.5830854742953623,0,4.215585747147088e-08,0.010121500119566917,-0.020242873579263687,-0.014170014299452305,-0.02,-0.026000000000000002,stop_loss,0,1,17,2023-09-01
2023-09-06,4938,71.00845336914062,0.5809729974830834,0,-0.0038561082910746336,0.005141281057149172,-0.006426763255149126,-0.0012854536762461066,-0.0012854536762461066,-0.007285453676246107,close,0,0,17,2023-09-01
2023-09-06,1712,32.192813873291016,0.5780025562446381,1,-8.520532901457045e-08,0.009588913060724735,-0.002739769173786044,0.008219071663916111,0.008219071663916111,0.002219071663916111,close,0,0,17,2023-09-01
2023-09-06,6220,25.48080825805664,0.573566181760827,1,0.0018348291050642729,0.00733947241678834,0.0018348291050642729,0.0018348291050642729,0.0018348291050642729,-0.004165170894935727,close,0,0,17,2023-09-01
2023-09-06,3372,13.399800300598145,0.572973593766582,1,0.011209114454686642,0.022403283044695854,0.0037462878972291946,0.0037462878972291946,0.0037462878972291946,-0.0022537121027708055,close,0,0,17,2023-09-01
2023-09-06,1305,23.963991165161133,0.5696489867773712,1,-0.006060626823455095,0.014141392894089222,-0.006060626823455095,0.006060554180294275,0.006060554180294275,6.055418029427516e-05,close,0,0,17,2023-09-01
2023-09-06,2605,19.255542755126953,0.5691088682862246,0,0.00954645685851574,0.01909303292632103,-0.02147977612912655,-0.02147977612912655,-0.02,-0.026000000000000002,stop_loss,0,1,17,2023-09-01
2023-09-06,1536,62.93701934814453,0.5687878171788516,1,-0.001533683156594634,0.006135029252618551,-0.003067402169108391,0.004601310007274151,0.004601310007274151,-0.0013986899927258493,close,0,0,17,2023-09-01
2023-09-06,1532,33.13216018676758,0.5687137899542452,0,0.005442124791443348,0.010884322226047516,-0.012244990095496178,-0.0027211192063987255,-0.0027211192063987255,-0.008721119206398726,close,0,0,17,2023-09-01
2023-09-06,6233,24.040199279785156,0.5653864122342808,0,0.012195084244012833,0.016260139644145966,-0.00609755190089345,-0.0040650623850524426,-0.0040650623850524426,-0.010065062385052443,close,0,0,17,2023-09-01
2023-09-06,3592,317.5720520019531,0.5644114253272459,0,-0.005698050372302532,0.009971464984118938,-0.025641068816184998,-0.009971554391086102,-0.02,-0.026000000000000002,stop_loss,0,1,17,2023-09-01
2023-09-07,4561,26.954248428344727,0.6096551960312999,1,0.09911506623029709,0.09911506623029709,0.030088556930422783,0.03539827838540077,0.03,0.024,gap_take_profit,1,0,17,2023-09-01
2023-09-07,2230,86.16765594482422,0.5455792070692075,0,0.0190475732088089,0.038095250725746155,-0.009523854590952396,-0.009523854590952396,0.03,0.024,take_profit,1,0,17,2023-09-01
2023-09-07,4915,62.316123962402344,0.52983750268508,0,0.0073206438682973385,0.01171296276152134,-0.008784862235188484,0.0,0.0,-0.006,close,0,0,17,2023-09-01
2023-09-07,4760,73.31442260742188,0.5263559309986298,0,0.02825549803674221,0.02825549803674221,-0.0601966418325901,-0.04299759492278099,-0.02,-0.026000000000000002,stop_loss,0,1,17,2023-09-01
2023-09-07,3213,67.25462341308594,0.5255848868962298,0,0.01599995233118534,0.04266661778092384,-0.040000006556510925,-0.0266666729003191,-0.02,-0.026000000000000002,ambiguous_stop_loss,1,1,17,2023-09-01
2023-09-07,3046,73.55299377441406,0.5246265190935926,0,0.02241591364145279,0.05105854198336601,-0.03860527649521828,-0.03611455857753754,-0.02,-0.026000000000000002,ambiguous_stop_loss,1,1,17,2023-09-01
2023-09-07,4927,56.099998474121094,0.5233171278643443,1,-0.0017825040267780423,0.012477732263505459,-0.01426023617386818,0.008912656456232071,0.008912656456232071,0.002912656456232071,close,0,0,17,2023-09-01
2023-09-07,6206,61.405555725097656,0.5210576788874024,0,0.0014858613722026348,0.00742942001670599,-0.00445769727230072,0.0,0.0,-0.006,close,0,0,17,2023-09-01
2023-09-07,3189,107.35897064208984,0.5202009283606982,0,0.0,0.009216589853167534,-0.0138248847797513,0.0,0.0,-0.006,close,0,0,17,2023-09-01
2023-09-07,2313,45.90380096435547,0.5136997412085222,1,0.01024589128792286,0.013319693505764008,-0.023565536364912987,0.0010245644953101873,-0.02,-0.026000000000000002,stop_loss,0,1,17,2023-09-01
2023-09-07,4919,123.48068237304688,0.5113959102349934,0,-5.959686433243405e-08,0.01176464557647705,-0.007843196392059326,-0.003921627998352051,-0.003921627998352051,-0.009921627998352051,close,0,0,17,2023-09-01
2023-09-07,8081,224.48402404785156,0.5101367123767746,1,5.1046704641066754e-08,0.009901042096316814,-0.02574252523481846,0.001980249071493745,-0.02,-0.026000000000000002,stop_loss,0,1,17,2023-09-01
2023-09-07,8016,245.0610809326172,0.5083756558289945,1,0.003683286253362894,0.027624355629086494,-0.0036831966135650873,0.022099493071436882,0.022099493071436882,0.016099493071436884,close,0,0,17,2023-09-01
2023-09-07,2402,40.86427307128906,0.5057437665767309,0,0.013544172048568726,0.044018182903528214,-0.01918722502887249,-0.012415233068168163,0.03,0.024,take_profit,1,0,17,2023-09-01
2023-09-07,5469,60.0079460144043,0.5020330528624294,0,0.005050506442785263,0.015151547268033028,-0.015151516534388065,-0.0016835208516567945,-0.0016835208516567945,-0.007683520851656795,close,0,0,17,2023-09-01
2023-09-07,5443,31.529727935791016,0.4996584966949177,0,0.0015197208849713206,0.0030394543427973986,-0.015197579748928547,-0.015197579748928547,-0.015197579748928547,-0.021197579748928545,close,0,0,17,2023-09-01
2023-09-07,3264,58.803340911865234,0.4995822233627669,1,0.01692311279475689,0.02307698130607605,5.773157596422607e-08,0.012307797558605671,0.012307797558605671,0.006307797558605671,close,0,0,17,2023-09-01
2023-09-07,1319,62.028953552246094,0.49891590785814,1,0.020771542564034462,0.05786352977156639,0.011869373731315136,0.035608336329460144,0.03,0.024,take_profit,1,0,17,2023-09-01
2023-09-07,3014,137.8260498046875,0.4984669557509333,1,0.0064725144766271114,0.067961186170578,2.2482744554963574e-08,0.051779959350824356,0.03,0.024,take_profit,1,0,17,2023-09-01
2023-09-07,2436,69.74081420898438,0.49536522382108783,1,0.004092693794518709,0.039563339203596115,-0.0068212952464818954,0.024556539952754974,0.03,0.024,take_profit,1,0,17,2023-09-01
2023-09-08,8390,47.32088851928711,0.6995630138487627,1,0.013779567554593086,0.03149613365530968,0.009842544794082642,0.019685065373778343,0.03,0.024,take_profit,1,0,17,2023-09-01
2023-09-08,5328,14.81009578704834,0.6893733468732045,0,0.003300352254882455,0.013201380148530006,-0.016501640900969505,-0.009900955483317375,-0.009900955483317375,-0.015900955483317374,close,0,0,17,2023-09-01
2023-09-08,6168,23.063636779785156,0.6781496693446645,0,0.008474571630358696,0.008474571630358696,-0.016949092969298363,-0.014830481261014938,-0.014830481261014938,-0.020830481261014937,close,0,0,17,2023-09-01
2023-09-08,6670,185.2372283935547,0.6743594288569101,1,-0.0072638350538909435,0.004842703230679035,-0.0072638350538909435,0.004842703230679035,0.004842703230679035,-0.001157296769320965,close,0,0,17,2023-09-01
2023-09-08,8110,14.382957458496094,0.668659379480325,0,0.0033898435067385435,0.02033899538218975,-0.010169466026127338,0.0,0.0,-0.006,close,0,0,17,2023-09-01
2023-09-08,3707,77.30000305175781,0.6667087759497083,0,0.0,0.005174565128982067,-0.012936609797179699,-0.009055686183273792,-0.009055686183273792,-0.015055686183273792,close,0,0,17,2023-09-01
2023-09-08,2609,37.08120346069336,0.6660371291073925,0,0.007034056354314089,0.010551001876592636,-0.005861588753759861,-0.003516958560794592,-0.003516958560794592,-0.009516958560794592,close,0,0,17,2023-09-01
2023-09-08,5351,42.349998474121094,0.6619740521134254,0,0.0,0.010625756345689297,-0.012986995279788971,-0.012986995279788971,-0.012986995279788971,-0.01898699527978897,close,0,0,17,2023-09-01
2023-09-08,6233,23.356128692626953,0.6596417241307166,0,-2.4648707963592642e-08,0.0020920734386891127,-0.0209205262362957,-0.016736410558223724,-0.02,-0.026000000000000002,stop_loss,0,1,17,2023-09-01
2023-09-08,6278,85.81339263916016,0.6595504950397778,0,0.005336184054613113,0.005336184054613113,-0.014941233210265636,-0.014941233210265636,-0.014941233210265636,-0.020941233210265635,close,0,0,17,2023-09-01
2023-09-08,6188,81.91207885742188,0.6589445876545257,0,0.0011404022807255387,0.00342086935415864,-0.05359167978167534,-0.03990870341658592,-0.02,-0.026000000000000002,stop_loss,0,1,17,2023-09-01
2023-09-08,8147,69.97181701660156,0.6480349439804302,1,-6.107138261768341e-08,0.028925536200404167,-6.107138261768341e-08,0.012396654114127159,0.012396654114127159,0.006396654114127159,close,0,0,17,2023-09-01
2023-09-08,2419,34.877559661865234,0.6470458019098858,0,0.008522647432982922,0.008522647432982922,-0.036931850016117096,-0.032670553773641586,-0.02,-0.026000000000000002,stop_loss,0,1,17,2023-09-01
2023-09-08,2474,158.21824645996094,0.6468102758877619,0,0.0,0.008356546051800251,0.0,0.0,0.0,-0.006,close,0,0,17,2023-09-01
2023-09-08,8054,33.74225997924805,0.6457108490974812,1,0.010339869186282158,0.01624831184744835,-0.02215650863945484,0.007385591510683298,-0.02,-0.026000000000000002,stop_loss,0,1,17,2023-09-01
2023-09-08,8183,45.86861801147461,0.6450312153707188,0,0.0039762211963534355,0.0039762211963534355,-0.024850834161043167,-0.013916455209255219,-0.02,-0.026000000000000002,stop_loss,0,1,17,2023-09-01
2023-09-08,6770,27.600000381469727,0.6431133008785638,0,0.0,0.0018115665297955275,-0.025362346321344376,-0.025362346321344376,-0.02,-0.026000000000000002,stop_loss,0,1,17,2023-09-01
2023-09-08,6491,347.16510009765625,0.6422009714890733,0,0.0013642112025991082,0.01637103222310543,-0.017735378816723824,-0.017735378816723824,-0.017735378816723824,-0.023735378816723822,close,0,0,17,2023-09-01
2023-09-08,3540,39.112823486328125,0.6420626796510811,0,0.00878296047449112,0.04015059024095535,-0.006273558363318443,-0.006273558363318443,0.03,0.024,take_profit,1,0,17,2023-09-01
2023-09-08,2615,43.827884674072266,0.6415941949306693,0,-0.0032396928872913122,0.004319669213145971,-0.01619870588183403,-0.006479466799646616,-0.006479466799646616,-0.012479466799646616,close,0,0,17,2023-09-01
2023-09-11,6877,36.01346206665039,0.7357578644124599,0,0.05383735150098801,0.05383735150098801,-0.030927879735827446,-0.014891248196363449,0.03,0.024,gap_take_profit,1,1,17,2023-09-01
2023-09-11,6120,15.037826538085938,0.6778615049144946,0,0.032258059829473495,0.06451612710952759,-0.06451613456010818,-0.06451613456010818,0.03,0.024,gap_take_profit,1,1,17,2023-09-01
2023-09-11,2025,11.187379837036133,0.6295774016827268,1,0.09898107498884201,0.09898107498884201,0.09315863251686096,0.09898107498884201,0.03,0.024,gap_take_profit,1,0,17,2023-09-01
2023-09-11,2390,13.300000190734863,0.6280816396982616,0,0.0075187538750469685,0.01879699155688286,-0.011278238147497177,-0.011278238147497177,-0.011278238147497177,-0.017278238147497176,close,0,0,17,2023-09-01
2023-09-11,6173,45.21410369873047,0.6273377544528265,1,0.01039500068873167,0.020790010690689087,-0.0020789806731045246,0.01247404981404543,0.01247404981404543,0.006474049814045429,close,0,0,17,2023-09-01
2023-09-11,1471,23.649999618530273,0.6263872257990507,0,-0.05073991045355797,-0.023255782201886177,-0.09936577081680298,-0.09725155681371689,-0.05073991045355797,-0.056739910453557967,gap_stop,0,1,17,2023-09-01
2023-09-11,6127,22.28611183166504,0.6212832323654944,1,0.004424761515110731,0.053097259253263474,0.004424761515110731,0.039822954684495926,0.03,0.024,take_profit,1,0,17,2023-09-01
2023-09-11,6235,131.5055389404297,0.6199654846736653,0,0.010989024303853512,0.0366300493478775,-0.02930401638150215,-0.010988998226821423,-0.02,-0.026000000000000002,ambiguous_stop_loss,1,1,17,2023-09-01
2023-09-11,2331,30.73558235168457,0.6124429688843055,0,0.01555213239043951,0.020217690616846085,-0.007776075974106789,-0.007776075974106789,-0.007776075974106789,-0.013776075974106789,close,0,0,17,2023-09-01
2023-09-11,3306,47.549407958984375,0.610022836659116,0,0.023391883820295334,0.04483434930443764,-0.01364518515765667,-0.011695822700858116,0.03,0.024,take_profit,1,0,17,2023-09-01
2023-09-11,2402,38.604286193847656,0.609896638302446,0,0.017921190708875656,0.025089722126722336,-0.00836312398314476,-0.0035841327626258135,-0.0035841327626258135,-0.009584132762625814,close,0,0,17,2023-09-01
2023-09-11,2204,89.2802734375,0.6070795181882268,0,0.014851486310362816,0.01980198174715042,-0.0168316513299942,-0.012871316634118557,-0.012871316634118557,-0.018871316634118555,close,0,0,17,2023-09-01
2023-09-11,2419,33.73809051513672,0.6051293301685635,1,0.014684326015412807,0.01615273207426071,-0.010278920643031597,0.007342181634157896,0.007342181634157896,0.001342181634157896,close,0,0,17,2023-09-01
2023-09-11,6170,47.86711883544922,0.6025235680951413,0,0.001872615423053503,0.009363280609250069,-0.026217270642518997,-0.016853975132107735,-0.02,-0.026000000000000002,stop_loss,0,1,17,2023-09-01
2023-09-11,6188,78.64307403564453,0.6012100210754127,1,0.009501154534518719,0.027315881103277206,-0.007125941105186939,0.009501154534518719,0.009501154534518719,0.0035011545345187186,close,0,0,17,2023-09-01
2023-09-11,5371,75.58828735351562,0.6010360193250498,1,0.012422274798154831,0.040993738919496536,0.006211095489561558,0.03229803219437599,0.03,0.024,take_profit,1,0,17,2023-09-01
2023-09-11,3504,62.599998474121094,0.5999578179597532,1,0.0,0.007987220771610737,-0.00638973992317915,0.0015974807320162654,0.0015974807320162654,-0.004402519267983735,close,0,0,17,2023-09-01
2023-09-11,8358,62.47093200683594,0.5983106058249028,1,-0.0030768816359341145,0.020000040531158447,-0.015384620986878872,0.003076870460063219,0.003076870460063219,-0.002923129539936781,close,0,0,17,2023-09-01
2023-09-11,5269,977.9263305664062,0.5973482971818548,0,0.014925372786819935,0.019900497049093246,-0.005970149300992489,0.0,0.0,-0.006,close,0,0,17,2023-09-01
2023-09-11,3581,26.51908302307129,0.5961832300685176,0,0.042357172816991806,0.042357172816991806,-0.0018416764214634895,-0.0018416764214634895,0.03,0.024,gap_take_profit,1,0,17,2023-09-01
2023-09-12,2025,12.294718742370605,0.6239044170089028,1,0.09933759272098541,0.09933759272098541,-0.07417211681604385,0.037085942924022675,0.03,0.024,gap_take_profit,1,1,17,2023-09-01
2023-09-12,6419,38.73926544189453,0.6051383194830816,1,0.09891422092914581,0.09891422092914581,0.055488426238298416,0.07358251512050629,0.03,0.024,gap_take_profit,1,0,17,2023-09-01
2023-09-12,1515,41.04364776611328,0.5622220939484287,1,0.01834869384765625,0.03440367057919502,-0.025229323655366898,0.01146788988262415,-0.02,-0.026000000000000002,ambiguous_stop_loss,1,1,17,2023-09-01
2023-09-12,1522,35.212982177734375,0.53394438849003,1,0.021907327696681023,0.0992269217967987,0.005154709331691265,0.0992269217967987,0.03,0.024,take_profit,1,0,17,2023-09-01
2023-09-12,6291,210.0209503173828,0.528347320610422,1,0.021321944892406464,0.08955222368240356,0.012793159112334251,0.017057551071047783,0.03,0.024,take_profit,1,0,17,2023-09-01
2023-09-12,4766,199.57493591308594,0.5140565617076147,1,0.013636328279972076,0.03863632678985596,0.004545419476926327,0.03636360168457031,0.03,0.024,take_profit,1,0,17,2023-09-01
2023-09-12,2417,22.710350036621094,0.5017677997681975,1,-0.021833989769220352,0.04803502932190895,-0.0349343940615654,0.019650762900710106,-0.021833989769220352,-0.02783398976922035,gap_stop,1,1,17,2023-09-01
2023-09-12,6670,185.2372283935547,0.4996637447097402,1,-0.0024212116841226816,0.012106634676456451,-0.0024212116841226816,0.012106634676456451,0.012106634676456451,0.006106634676456451,close,0,0,17,2023-09-01
2023-09-12,4915,64.23213195800781,0.4949698274150542,1,-0.008522654883563519,0.028409142047166824,-0.009943196550011635,0.01846589520573616,0.01846589520573616,0.01246589520573616,close,0,0,17,2023-09-01
2023-09-12,2753,156.7147979736328,0.4937003787599342,0,0.005830713547766209,0.008746164850890636,-0.00874654296785593,-0.0058310916647315025,-0.0058310916647315025,-0.011831091664731503,close,0,0,17,2023-09-01
2023-09-12,3217,121.92427062988281,0.4930723630864446,1,0.007462776266038418,0.0335821807384491,8.887444380434317e-08,0.02985083870589733,0.03,0.024,take_profit,1,0,17,2023-09-01
2023-09-12,6239,93.62523651123047,0.49102469948719524,1,0.004854336380958557,0.024271810427308083,-3.259546232925459e-08,0.01941744238138199,0.01941744238138199,0.013417442381381988,close,0,0,17,2023-09-01
2023-09-12,4909,23.609769821166992,0.4852942578289057,1,0.0019341883016750216,0.02901352010667324,-0.009671197272837162,0.0019341883016750216,0.0019341883016750216,-0.0040658116983249785,close,0,0,17,2023-09-01
2023-09-12,6415,323.31103515625,0.48324889337116367,1,0.013761483132839203,0.04587157443165779,-0.013761453330516815,0.007645274978131056,0.03,0.024,take_profit,1,0,17,2023-09-01
2023-09-12,3702,52.333927154541016,0.4799227198660801,1,-0.0017575685633346438,0.008787286467850208,-0.007029962260276079,0.008787286467850208,0.008787286467850208,0.002787286467850208,close,0,0,17,2023-09-01
2023-09-12,2886,32.79140090942383,0.4753086028463098,1,-0.0013679207768291235,0.0013679508119821548,-0.004103900399059057,0.0013679508119821548,0.0013679508119821548,-0.004632049188017845,close,0,0,17,2023-09-01
2023-09-12,4919,124.44915771484375,0.47481716462077733,1,0.023346295580267906,0.04669259861111641,0.007782094180583954,0.01167314499616623,0.03,0.024,take_profit,1,0,17,2023-09-01
2023-09-12,6257,52.71574401855469,0.4747956896456515,0,4.766111416643071e-08,4.766111416643071e-08,-0.01567942090332508,-0.013937287963926792,-0.013937287963926792,-0.01993728796392679,close,0,0,17,2023-09-01
2023-09-12,2347,56.88475799560547,0.47293030527030516,1,-2.7254428047740475e-08,0.007999972440302372,-0.003200039267539978,0.004799960181117058,0.004799960181117058,-0.0012000398188829423,close,0,0,17,2023-09-01
2023-09-12,8081,231.15188598632812,0.4710521646714126,1,0.003846153849735856,0.03076923079788685,0.001923076924867928,0.03076923079788685,0.03,0.024,take_profit,1,0,17,2023-09-01
2023-09-13,6104,107.31195068359375,0.721835243757086,1,0.008928581140935421,0.053571440279483795,0.008928581140935421,0.053571440279483795,0.03,0.024,take_profit,1,0,17,2023-09-01
2023-09-13,6546,81.59244537353516,0.7168468015184861,1,0.005760385654866695,0.031105972826480865,0.0046082413755357265,0.01958523504436016,0.03,0.024,take_profit,1,0,17,2023-09-01
2023-09-13,3051,26.174196243286133,0.6942145640446448,0,0.006968591827899218,0.02264806069433689,-0.003484342945739627,-0.003484342945739627,-0.003484342945739627,-0.009484342945739627,close,0,0,17,2023-09-01
2023-09-13,5434,159.90382385253906,0.6933705051691567,1,0.00576362619176507,0.01152731478214264,-6.198533242240956e-08,0.01152731478214264,0.01152731478214264,0.005527314782142639,close,0,0,17,2023-09-01
2023-09-13,2303,41.91096878051758,0.6899898302126252,1,0.006369503680616617,0.00955416914075613,0.002123202895745635,0.005307868123054504,0.005307868123054504,-0.0006921318769454957,close,0,0,17,2023-09-01
2023-09-13,2454,670.181396484375,0.6896364048617113,1,0.004098511766642332,0.004098511766642332,-0.009562692604959011,0.001366271055303514,0.001366271055303514,-0.004633728944696486,close,0,0,17,2023-09-01
2023-09-13,3308,64.79368591308594,0.6864023177644137,1,0.007272769697010517,0.06727273762226105,0.007272769697010517,0.047272827476263046,0.03,0.024,take_profit,1,0,17,2023-09-01
2023-09-13,8064,17.90029525756836,0.6833567085920933,1,0.0027100190054625273,0.029810288920998573,0.0027100190054625273,0.021680228412151337,0.021680228412151337,0.01568022841215134,close,0,0,17,2023-09-01
2023-09-13,2485,26.799999237060547,0.6833495607513753,1,0.024253789335489273,0.04477614909410477,0.014925430528819561,0.018656717613339424,0.03,0.024,take_profit,1,0,17,2023-09-01
2023-09-13,1722,57.52381134033203,0.6784066064946901,1,0.006666685454547405,0.016666660085320473,0.004999980796128511,0.013333314098417759,0.013333314098417759,0.007333314098417759,close,0,0,17,2023-09-01
2023-09-13,8110,14.139179229736328,0.6735544836566639,1,0.017241375520825386,0.02413795329630375,0.010344796814024448,0.010344796814024448,0.010344796814024448,0.004344796814024448,close,0,0,17,2023-09-01
2023-09-13,6175,34.96598815917969,0.672592919971817,1,0.010540069080889225,0.01449267752468586,0.0013174483319744468,0.005270057357847691,0.005270057357847691,-0.0007299426421523095,close,0,0,17,2023-09-01
2023-09-13,2474,159.0996856689453,0.6723335662895489,1,0.01108014676719904,0.013850229792296886,0.0027698990888893604,0.01108014676719904,0.01108014676719904,0.005080146767199039,close,0,0,17,2023-09-01
2023-09-13,2330,521.6312255859375,0.6723162473513895,1,0.011152397841215134,0.02230481430888176,0.009293662384152412,0.02230481430888176,0.02230481430888176,0.01630481430888176,close,0,0,17,2023-09-01
2023-09-13,2059,812.7427368164062,0.6718787010258233,1,0.01338200829923153,0.06204380840063095,0.009732373058795929,0.05717762932181358,0.03,0.024,take_profit,1,0,17,2023-09-01
2023-09-13,2353,34.120914459228516,0.6706456129618723,1,0.010796192102134228,0.022941960021853447,0.008097074925899506,0.0202428437769413,0.0202428437769413,0.0142428437769413,close,0,0,17,2023-09-01
2023-09-13,2354,54.10517120361328,0.6693421099568063,1,0.012389416806399822,0.02123897522687912,0.01061946526169777,0.017699137330055237,0.017699137330055237,0.011699137330055237,close,0,0,17,2023-09-01
2023-09-13,3055,32.23942184448242,0.6689516665415259,1,0.012084601446986198,0.05135950446128845,0.012084601446986198,0.03625376150012016,0.03,0.024,take_profit,1,0,17,2023-09-01
2023-09-13,3294,18.562658309936523,0.6686731844683897,1,0.010638333857059479,0.010638333857059479,-4.945952980506263e-09,0.0026596304960548878,0.0026596304960548878,-0.0033403695039451124,close,0,0,17,2023-09-01
2023-09-13,3141,91.62528991699219,0.6658996866989805,1,0.0075188265182077885,0.030075201764702797,0.0075188265182077885,0.020408159121870995,0.03,0.024,take_profit,1,0,17,2023-09-01
2023-09-14,6239,95.44319915771484,0.680080263145202,1,-7.955764935729803e-09,0.014285705983638763,-0.004761912859976292,0.004761896561831236,0.004761896561831236,-0.0012381034381687642,close,0,0,17,2023-09-01
2023-09-14,6189,36.12221145629883,0.6688287375532332,1,0.0032501814421266317,0.009750748984515667,0.0010832922998815775,0.009750748984515667,0.009750748984515667,0.003750748984515667,close,0,0,17,2023-09-01
2023-09-14,6243,48.369903564453125,0.6682709188255785,0,0.009861948899924755,0.025641025975346565,-0.0019724161829799414,-0.0019724161829799414,-0.0019724161829799414,-0.007972416182979941,close,0,0,17,2023-09-01
2023-09-14,6278,86.17972564697266,0.6676491099324939,1,0.008501647040247917,0.023379454389214516,0.005313517060130835,0.015940509736537933,0.015940509736537933,0.009940509736537933,close,0,0,17,2023-09-01
2023-09-14,2030,17.266260147094727,0.6641574185516098,1,0.0026810115668922663,0.02949066273868084,0.0026810115668922663,0.024128712713718414,0.024128712713718414,0.018128712713718416,close,0,0,17,2023-09-01
2023-09-14,2303,42.133426666259766,0.6640005985251948,1,0.0021119024604558945,0.005279752425849438,-0.010559739544987679,0.005279752425849438,0.005279752425849438,-0.0007202475741505624,close,0,0,17,2023-09-01
2023-09-14,8111,17.37857437133789,0.6632139971980614,0,0.0027323137037456036,0.010929014533758163,-0.002732188208028674,-0.002732188208028674,-0.002732188208028674,-0.008732188208028674,close,0,0,17,2023-09-01
2023-09-14,2352,42.5024299621582,0.6631930741500576,1,0.00655016116797924,0.014192132279276848,-0.003275099443271756,0.00545847462490201,0.00545847462490201,-0.0005415253750979902,close,0,0,17,2023-09-01
2023-09-14,3189,110.32742309570312,0.6610974564936074,1,0.00896859634667635,0.017937205731868744,-1.3099333173727246e-08,0.017937205731868744,0.017937205731868744,0.011937205731868744,close,0,0,17,2023-09-01
2023-09-14,4720,13.512223243713379,0.660781383975604,0,2.209756999604906e-08,0.0067797088995575905,-0.0033898213878273964,-0.0033898213878273964,-0.0033898213878273964,-0.009389821387827397,close,0,0,17,2023-09-01
2023-09-14,8112,47.262847900390625,0.6597501434538997,1,0.01315789483487606,0.03007514402270317,0.005639069247990847,0.016917236149311066,0.03,0.024,take_profit,1,0,17,2023-09-01
2023-09-14,1215,89.10063171386719,0.6581259534511776,1,0.004102581646293402,0.025641027837991714,-0.004102577921003103,0.0071794576942920685,0.0071794576942920685,0.0011794576942920684,close,0,0,17,2023-09-01
2023-09-14,2613,19.54893684387207,0.6574892243846119,1,0.009661801159381866,0.038647327572107315,0.009661801159381866,0.038647327572107315,0.03,0.024,take_profit,1,0,17,2023-09-01
2023-09-14,2028,23.15125274658203,0.6562079345700933,1,-7.249136846354531e-09,0.04958672076463699,-7.249136846354531e-09,0.04132230579853058,0.03,0.024,take_profit,1,0,17,2023-09-01
2023-09-14,8016,270.7857360839844,0.6554338685538922,1,0.013333270326256752,0.048333268612623215,0.008333270438015461,0.008333270438015461,0.03,0.024,take_profit,1,0,17,2023-09-01
2023-09-14,4938,70.7346420288086,0.654612029033228,1,0.006451519671827555,0.007741822395473719,0.0012902102898806334,0.007741822395473719,0.007741822395473719,0.0017418223954737185,close,0,0,17,2023-09-01
2023-09-14,1712,32.192813873291016,0.6543804536986633,0,0.004109630826860666,0.008219157345592976,-0.005479473154991865,0.0,0.0,-0.006,close,0,0,17,2023-09-01
2023-09-14,8938,69.74859619140625,0.6520030253926099,1,0.0013299250276759267,0.011968162842094898,-0.002659477526322007,0.011968162842094898,0.011968162842094898,0.005968162842094898,close,0,0,17,2023-09-01
2023-09-14,5315,16.862478256225586,0.6519451567250744,1,0.002652485389262438,0.00795754510909319,5.941487746241592e-09,0.005305065773427486,0.005305065773427486,-0.0006949342265725137,close,0,0,17,2023-09-01
2023-09-14,3363,72.7663345336914,0.6518931872121847,0,0.013333400711417198,0.03466671332716942,-0.10000001639127731,-0.09066666662693024,-0.02,-0.026000000000000002,ambiguous_stop_loss,1,1,17,2023-09-01
2023-09-15,8016,273.0422668457031,0.5755555091860548,0,8.125164896455317e-08,0.02644636482000351,-0.03471066430211067,-0.031404878944158554,-0.02,-0.026000000000000002,stop_loss,0,1,17,2023-09-01
2023-09-15,8081,246.7101593017578,0.548754933744483,1,-0.005405282601714134,0.04504517465829849,-0.007207084912806749,0.021621746942400932,0.03,0.024,take_profit,1,0,17,2023-09-01
2023-09-15,2404,214.56541442871094,0.5484213795635134,0,-0.008456586860120296,0.010570898652076721,-0.019027411937713623,-0.016913246363401413,-0.016913246363401413,-0.02291324636340141,close,0,0,17,2023-09-01
2023-09-15,6541,66.19999694824219,0.5468530036228039,0,-0.03323258459568024,0.021148059517145157,-0.03323258459568024,-0.02870081551373005,-0.03323258459568024,-0.039232584595680235,gap_stop,0,1,17,2023-09-01
2023-09-15,3702,54.72528076171875,0.545457338054036,0,-0.0033613573759794235,0.010084007866680622,-0.008403361774981022,0.0,0.0,-0.006,close,0,0,17,2023-09-01
2023-09-15,3615,20.912851333618164,0.5443839506843032,0,-0.004608396906405687,0.029953811317682266,-0.009216709062457085,-0.0023042846005409956,-0.0023042846005409956,-0.008304284600540996,close,0,0,17,2023-09-01
2023-09-15,2606,45.30353927612305,0.5440384919188046,1,0.015999993309378624,0.015999993309378624,-0.013000021688640118,0.01400002371519804,0.01400002371519804,0.00800002371519804,close,0,0,17,2023-09-01
2023-09-15,6284,60.30769348144531,0.5418244367826325,1,-0.015625031664967537,0.034374918788671494,-0.017187507823109627,0.006249992176890373,0.03,0.024,take_profit,1,0,17,2023-09-01
2023-09-15,6919,21.575000762939453,0.5386061465075075,1,-0.003476280951872468,0.16338352859020233,-0.02549252100288868,0.14600229263305664,-0.02,-0.026000000000000002,ambiguous_stop_loss,1,1,17,2023-09-01
2023-09-15,4915,65.60071563720703,0.5363104080812218,1,-0.00278165889903903,0.019471555948257446,-0.004172458313405514,0.005563349463045597,0.005563349463045597,-0.00043665053695440305,close,0,0,17,2023-09-01
2023-09-15,4919,128.32305908203125,0.5329270086527431,1,1.1092274121438095e-07,0.015094452537596226,-0.011320644989609718,0.011320866644382477,0.011320866644382477,0.005320866644382477,close,0,0,17,2023-09-01
2023-09-15,3529,2091.36962890625,0.5328304615095655,1,-0.004705722909420729,0.04000016674399376,-0.007058664225041866,0.028235459700226784,0.03,0.024,take_profit,1,0,17,2023-09-01
2023-09-15,6691,173.6329345703125,0.5326090882723464,1,-0.0019120752112939954,0.026768619194626808,-0.0038241269066929817,0.0038240798749029636,0.0038240798749029636,-0.0021759201250970365,close,0,0,17,2023-09-01
2023-09-15,2612,40.94352340698242,0.531030758375997,0,0.0057077412493526936,0.025114186108112335,-0.006849318742752075,-0.004566248971968889,-0.004566248971968889,-0.01056624897196889,close,0,0,17,2023-09-01
2023-09-15,3045,88.39025115966797,0.5277470525156902,0,2.3138349014573123e-09,0.0010460114572197199,-0.0062761325389146805,-0.004184114281088114,-0.004184114281088114,-0.010184114281088114,close,0,0,17,2023-09-01
2023-09-15,8222,49.025291442871094,0.5264953952705259,1,0.009979987516999245,0.06586827337741852,0.007984010502696037,0.013972018845379353,0.03,0.024,take_profit,1,0,17,2023-09-01
2023-09-15,6719,247.3269805908203,0.5264831126206099,0,0.0,0.01606425642967224,-0.012048192322254181,0.0,0.0,-0.006,close,0,0,17,2023-09-01
2023-09-15,6239,95.89768981933594,0.5262285972827382,0,-0.004739328753203154,0.009478680789470673,-0.009478664956986904,-0.004739328753203154,-0.004739328753203154,-0.010739328753203154,close,0,0,17,2023-09-01
2023-09-15,9958,176.01300048828125,0.525176515103569,1,-0.0028010851237922907,0.08963589370250702,-0.0028010851237922907,0.05322132632136345,0.03,0.024,take_profit,1,0,17,2023-09-01
2023-09-15,3036,74.4608383178711,0.5247917332265853,1,0.09925560653209686,0.09925560653209686,0.09925560653209686,0.09925560653209686,0.03,0.024,gap_take_profit,1,0,17,2023-09-01
2023-09-18,3036,81.85149383544922,0.7039900237365052,1,0.09932281076908112,0.09932281076908112,0.018058696761727333,0.027088003233075142,0.03,0.024,gap_take_profit,1,0,17,2023-09-01
2023-09-18,8016,264.4674072265625,0.6298525045001544,1,0.011945443227887154,0.01706489734351635,-0.027303704991936684,0.00853247381746769,-0.02,-0.026000000000000002,stop_loss,0,1,17,2023-09-01
2023-09-18,2404,210.93641662597656,0.6126214745713536,1,0.004301038105040789,0.023655876517295837,0.004301038105040789,0.008602113462984562,0.008602113462984562,0.002602113462984562,close,0,0,17,2023-09-01
2023-09-18,3034,401.57012939453125,0.6074071494405351,0,0.005586562212556601,0.008938517421483994,-0.02681567147374153,-0.004469303414225578,-0.02,-0.026000000000000002,stop_loss,0,1,17,2023-09-01
2023-09-18,2347,58.15897750854492,0.6048172842626722,1,-3.248894131502311e-08,0.010954535566270351,-0.006259836722165346,0.004694731440395117,0.004694731440395117,-0.0013052685596048833,close,0,0,17,2023-09-01
2023-09-18,2417,25.189645767211914,0.6028085637954468,0,-0.015748007223010063,-0.003937013912945986,-0.027559000998735428,-0.017716482281684875,-0.02,-0.026000000000000002,stop_loss,0,1,17,2023-09-01
2023-09-18,2516,7.349999904632568,0.599675809411833,1,-0.005442171823233366,0.013605429790914059,-0.006802682299166918,0.005442171823233366,0.005442171823233366,-0.0005578281767666341,close,0,0,17,2023-09-01
2023-09-18,3693,510.6076965332031,0.5966469833351097,0,0.013358788564801216,0.03053436242043972,-0.040076326578855515,-0.015267165377736092,-0.02,-0.026000000000000002,ambiguous_stop_loss,1,1,17,2023-09-01
2023-09-18,1515,40.620033264160156,0.5923103849355679,0,0.012746213003993034,0.012746213003993034,-0.027809984982013702,-0.020857511088252068,-0.02,-0.026000000000000002,stop_loss,0,1,17,2023-09-01
2023-09-18,1308,24.70442008972168,0.5867130770072827,1,0.009689966216683388,0.009689966216683388,4.3226901169646226e-08,0.0058140563778579235,0.0058140563778579235,-0.00018594362214207662,close,0,0,17,2023-09-01
2023-09-18,8476,60.78666687011719,0.5774843253595963,1,0.0014859245857223868,0.0029717860743403435,-0.0014857985079288483,0.0014859245857223868,0.0014859245857223868,-0.004514075414277613,close,0,0,17,2023-09-01
2023-09-18,8255,169.9815216064453,0.5764172969770299,0,0.005747126415371895,0.01149425283074379,-0.0028735632076859474,0.0,0.0,-0.006,close,0,0,17,2023-09-01
2023-09-18,6150,86.0999984741211,0.5735702092239339,0,0.03832756355404854,0.045296184718608856,-0.04065040871500969,-0.0011614224640652537,0.03,0.024,gap_take_profit,1,1,17,2023-09-01
2023-09-18,3167,49.84244918823242,0.5734627742795892,1,0.08565741777420044,0.08764941990375519,0.029880540445446968,0.04980085790157318,0.03,0.024,gap_take_profit,1,0,17,2023-09-01
2023-09-18,3213,68.42037200927734,0.5729332798512912,1,0.00917427334934473,0.03276539966464043,0.002621193416416645,0.006553081329911947,0.03,0.024,take_profit,1,0,17,2023-09-01
2023-09-18,6231,122.98146057128906,0.5694816910058678,1,0.006557337939739227,0.032786864787340164,-0.0065573956817388535,0.013114734552800655,0.03,0.024,take_profit,1,0,17,2023-09-01
2023-09-18,6919,24.725000381469727,0.5691448689577044,0,0.01516683492809534,0.019211338832974434,-0.05864512547850609,-0.03336706757545471,-0.02,-0.026000000000000002,stop_loss,0,1,17,2023-09-01
2023-09-18,6695,40.599998474121094,0.5688690128506629,1,0.0,0.01231527142226696,0.0,0.004926127381622791,0.004926127381622791,-0.0010738726183772088,close,0,0,17,2023-09-01
2023-09-18,6176,114.08497619628906,0.5672285514831159,0,0.007751937955617905,0.011627906933426857,-0.007751937955617905,0.0,0.0,-0.006,close,0,0,17,2023-09-01
2023-09-18,6239,95.44319915771484,0.5656307120916677,0,0.009523898363113403,0.009523898363113403,-0.009523722343146801,-0.004761816933751106,-0.004761816933751106,-0.010761816933751106,close,0,0,17,2023-09-01
2023-09-19,3122,31.350000381469727,0.5518766180369772,1,0.06858053058385849,0.09888358414173126,-0.00637960946187377,0.017543835565447807,0.03,0.024,gap_take_profit,1,0,17,2023-09-01
2023-09-19,3265,90.81437683105469,0.5515351876820938,0,0.014198815450072289,0.04969577491283417,-0.09736305475234985,-0.09634887427091599,-0.02,-0.026000000000000002,ambiguous_stop_loss,1,1,17,2023-09-01
2023-09-19,3622,37.527523040771484,0.5515201275145856,0,0.01222497969865799,0.013447455130517483,-0.039119821041822433,-0.013447466306388378,-0.02,-0.026000000000000002,stop_loss,0,1,17,2023-09-01
2023-09-19,3227,121.9408187866211,0.5497046752076704,0,0.008000013418495655,0.016000013798475266,-0.015999985858798027,-0.007999986410140991,-0.007999986410140991,-0.013999986410140991,close,0,0,17,2023-09-01
2023-09-19,3339,19.649999618530273,0.5393087580999176,0,0.030534371733665466,0.0890585258603096,-0.09160301834344864,-0.09160301834344864,0.03,0.024,gap_take_profit,1,1,17,2023-09-01
2023-09-19,6284,59.08269119262695,0.5330795859089789,0,0.004784735385328531,0.027113309130072594,-0.011164228431880474,-0.004784618504345417,-0.004784618504345417,-0.010784618504345417,close,0,0,17,2023-09-01
2023-09-19,3588,64.5640869140625,0.5303432858284127,0,-0.0073854876682162285,0.011816907674074173,-0.02215649001300335,-0.019202381372451782,-0.02,-0.026000000000000002,stop_loss,0,1,17,2023-09-01
2023-09-19,4967,65.35974884033203,0.5230349547589084,1,0.004450942389667034,0.02225516363978386,-0.010385852307081223,0.0014836287591606379,0.0014836287591606379,-0.004516371240839362,close,0,0,17,2023-09-01
2023-09-19,3583,190.34580993652344,0.5229835404636395,0,-3.0736270417719425e-08,0.023076891899108887,-0.02051285095512867,-0.010256440378725529,-0.02,-0.026000000000000002,stop_loss,0,1,17,2023-09-01
2023-09-19,4128,47.904762268066406,0.5211218944577748,0,0.0,0.009940319694578648,-0.009940399788320065,-0.009940399788320065,-0.009940399788320065,-0.015940399788320063,close,0,0,17,2023-09-01
2023-09-19,6291,200.16921997070312,0.5187049463156185,0,0.011185682378709316,0.011185682378709316,-0.033557046204805374,0.0,-0.02,-0.026000000000000002,stop_loss,0,1,17,2023-09-01
2023-09-19,5475,13.449999809265137,0.5166927185142971,0,-0.0074349017813801765,0.0,-0.04460962489247322,-0.04460962489247322,-0.02,-0.026000000000000002,stop_loss,0,1,17,2023-09-01
2023-09-19,8147,72.67045593261719,0.5162833944697426,0,-0.007957536727190018,0.009283781982958317,-0.011936357244849205,-0.005305057391524315,-0.005305057391524315,-0.011305057391524315,close,0,0,17,2023-09-01
2023-09-19,8086,112.40338134765625,0.5159850552677115,0,-0.004405313171446323,-2.7150052872570996e-08,-0.030837031081318855,-0.008810599334537983,-0.02,-0.026000000000000002,stop_loss,0,1,17,2023-09-01
2023-09-19,8085,41.099998474121094,0.5158851443842524,0,-0.010948831215500832,-0.006082725245505571,-0.07542575895786285,-0.06326030939817429,-0.02,-0.026000000000000002,stop_loss,0,1,17,2023-09-01
2023-09-19,6698,30.600000381469727,0.5153319474020291,0,0.0,0.006535910069942474,-0.016339868307113647,-0.013071882538497448,-0.013071882538497448,-0.019071882538497446,close,0,0,17,2023-09-01
2023-09-19,3529,2120.89501953125,0.514270947442654,0,2.1990750553868565e-08,0.009280764497816563,-0.034802764654159546,-0.016241278499364853,-0.02,-0.026000000000000002,stop_loss,0,1,17,2023-09-01
2023-09-19,2313,53.52308654785156,0.5135639511044664,0,0.024604501202702522,0.0404217503964901,-0.015817277133464813,-0.005272488575428724,0.03,0.024,take_profit,1,0,17,2023-09-01
2023-09-19,4755,127.91443634033203,0.5123940214799386,1,0.007407449185848236,0.007407449185848236,-0.003703662194311619,0.003703745547682047,0.003703745547682047,-0.0022962544523179532,close,0,0,17,2023-09-01
2023-09-19,3017,272.3772888183594,0.5113670520724265,1,-0.003597093978896737,0.061151109635829926,-0.012589899823069572,0.010791395790874958,0.03,0.024,take_profit,1,0,17,2023-09-01
2023-09-20,3014,155.22157287597656,0.5780483623901613,0,-4.401639053241979e-09,0.00862068496644497,-0.043103452771902084,-0.03735632449388504,-0.02,-0.026000000000000002,stop_loss,0,1,17,2023-09-01
2023-09-20,3036,92.38317108154297,0.5707937890550194,1,-0.0020000517833977938,0.02999996580183506,-0.03600002080202103,0.02999996580183506,-0.02,-0.026000000000000002,stop_loss,0,1,17,2023-09-01
2023-09-20,8016,258.60040283203125,0.5643983291764185,0,-0.0069807968102395535,0.008726010099053383,-0.022687602788209915,-0.0069807968102395535,-0.02,-0.026000000000000002,stop_loss,0,1,17,2023-09-01
2023-09-20,3044,189.2184600830078,0.5451813272051594,0,-0.01711498387157917,-0.009780021384358406,-0.06845972687005997,-0.061124760657548904,-0.02,-0.026000000000000002,stop_loss,0,1,17,2023-09-01
2023-09-20,2387,43.32512664794922,0.5446240524458702,0,-0.011099853552877903,-0.009081720374524593,-0.03229055553674698,-0.020181603729724884,-0.02,-0.026000000000000002,stop_loss,0,1,17,2023-09-01
2023-09-20,6719,238.387451171875,0.5444724560695259,0,0.0020833334419876337,0.008333333767950535,-0.010416666977107525,0.0,0.0,-0.006,close,0,0,17,2023-09-01
2023-09-20,1307,22.7913875579834,0.539388651551168,1,0.003876040456816554,0.02713187038898468,-0.0038758537266403437,0.009689980186522007,0.009689980186522007,0.003689980186522007,close,0,0,17,2023-09-01
2023-09-20,5469,60.0079460144043,0.5361313389113975,0,0.003367019584402442,0.003367019584402442,-0.030302999541163445,-0.015151496976613998,-0.02,-0.026000000000000002,stop_loss,0,1,17,2023-09-01
2023-09-20,5269,1133.6160888671875,0.5360400575141169,0,-0.004291868768632412,0.008583667688071728,-0.05150216817855835,-0.042918477207422256,-0.02,-0.026000000000000002,stop_loss,0,1,17,2023-09-01
2023-09-20,6173,43.851104736328125,0.5330719923993867,0,0.005359010770916939,0.005359010770916939,-0.0321543850004673,-0.022508148103952408,-0.02,-0.026000000000000002,stop_loss,0,1,17,2023-09-01
2023-09-20,3548,121.6317367553711,0.527065339349133,1,-0.016000017523765564,0.035999979823827744,-0.05600001662969589,0.019999980926513672,-0.02,-0.026000000000000002,ambiguous_stop_loss,1,1,17,2023-09-01
2023-09-20,4147,85.0999984741211,0.5258907286281396,0,0.0047003705985844135,0.007050510961562395,-0.024676833301782608,-0.021151533350348473,-0.02,-0.026000000000000002,stop_loss,0,1,17,2023-09-01
2023-09-20,4915,64.6883316040039,0.5203455623797272,0,4.6036404910410056e-08,0.008462647907435894,-0.023977452889084816,-0.012693910859525204,-0.02,-0.026000000000000002,stop_loss,0,1,17,2023-09-01
2023-09-20,2458,126.69852447509766,0.5178651914289737,0,-0.010869578458368778,-1.3283143474041026e-08,-0.025362331420183182,-0.014492766931653023,-0.02,-0.026000000000000002,stop_loss,0,1,17,2023-09-01
2023-09-20,6546,79.71243286132812,0.5121363405865472,0,-0.0058962507173419,-0.004717023111879826,-0.02830192819237709,-0.020047247409820557,-0.02,-0.026000000000000002,stop_loss,0,1,17,2023-09-01
2023-09-20,2542,35.66791915893555,0.5115804492517815,0,-0.0033937098924070597,0.001131220138631761,-0.010181000456213951,-0.005656070541590452,-0.005656070541590452,-0.011656070541590452,close,0,0,17,2023-09-01
2023-09-20,8112,48.06240463256836,0.5115356452285339,0,0.009242095053195953,0.011090566404163837,-0.014787464402616024,-0.005545320920646191,-0.005545320920646191,-0.01154532092064619,close,0,0,17,2023-09-01
2023-09-20,8011,17.561010360717773,0.509026995522711,0,6.200062685479679e-09,0.013192657381296158,-0.026385193690657616,-0.007915584370493889,-0.02,-0.026000000000000002,stop_loss,0,1,17,2023-09-01
2023-09-20,3529,2086.448974609375,0.5085728652919936,0,-0.023584963753819466,-0.018867982551455498,-0.07547175139188766,-0.070754773914814,-0.023584963753819466,-0.029584963753819464,gap_stop,0,1,17,2023-09-01
2023-09-20,3325,32.400001525878906,0.5059677335747781,0,0.009259235113859177,0.018518470227718353,-0.029321009293198586,-0.01543215662240982,-0.02,-0.026000000000000002,stop_loss,0,1,17,2023-09-01
2023-09-21,3014,149.42306518554688,0.5416611689421976,0,-0.008955154567956924,0.008955294266343117,-0.020895453169941902,-0.01791037991642952,-0.02,-0.026000000000000002,stop_loss,0,1,17,2023-09-01
2023-09-21,3213,66.08887481689453,0.5248224146216275,0,-0.02442331425845623,0.0013568969443440437,-0.025780145078897476,-0.00542736379429698,-0.02442331425845623,-0.03042331425845623,gap_stop,0,1,17,2023-09-01
2023-09-21,6284,57.29230499267578,0.5173927557472618,1,-0.013157855719327927,0.009868485853075981,-0.01973682828247547,0.0016448014648631215,0.0016448014648631215,-0.004355198535136879,close,0,0,17,2023-09-01
2023-09-21,6625,79.8138198852539,0.5128236312706685,0,-0.004192960448563099,0.006289275363087654,-0.01991618238389492,-0.01048219669610262,-0.01048219669610262,-0.016482196696102618,close,0,0,17,2023-09-01
2023-09-21,2630,35.65683364868164,0.5118547028024653,1,0.01763909123837948,0.07734060287475586,0.014925428666174412,0.050203561782836914,0.03,0.024,take_profit,1,0,17,2023-09-01
2023-09-21,3596,152.79916381835938,0.5070369367131747,0,-0.009063481353223324,0.00906340591609478,-0.027190368622541428,-0.006042333785444498,-0.02,-0.026000000000000002,stop_loss,0,1,17,2023-09-01
2023-09-21,2025,12.213294982910156,0.506184845478143,0,-0.00933325756341219,0.02400018461048603,-0.00933325756341219,-0.006666501052677631,-0.006666501052677631,-0.012666501052677632,close,0,0,17,2023-09-01
2023-09-21,8081,234.70806884765625,0.504150230988344,1,-0.00568188214674592,0.007575692608952522,-0.024621274322271347,0.007575692608952522,-0.02,-0.026000000000000002,stop_loss,0,1,17,2023-09-01
2023-09-21,4966,944.2135009765625,0.5022003790434894,1,0.006122366059571505,0.05102032050490379,-0.01632661186158657,0.04081624001264572,0.03,0.024,take_profit,1,0,17,2023-09-01
2023-09-21,6285,125.40343475341797,0.5021630905977948,1,-0.0036231414414942265,0.025362344458699226,-0.01811588555574417,0.007246387656778097,0.007246387656778097,0.001246387656778097,close,0,0,17,2023-09-01
2023-09-21,6122,43.2653923034668,0.49636307513016353,1,-0.012474119663238525,0.032224416732788086,-0.019750598818063736,0.008315903134644032,0.03,0.024,take_profit,1,0,17,2023-09-01
2023-09-21,2305,21.450000762939453,0.4924797680205122,1,0.006992988754063845,0.07925402373075485,-0.009324044920504093,0.0699300691485405,0.03,0.024,take_profit,1,0,17,2023-09-01
2023-09-21,2345,438.8714904785156,0.491030526934607,1,-0.01212796475738287,0.0319734662771225,-0.018743179738521576,0.02205064333975315,0.03,0.024,take_profit,1,0,17,2023-09-01
2023-09-21,6491,336.74542236328125,0.4883344488337751,1,-0.0014065003488212824,0.04922641068696976,-0.00562590966001153,0.035161711275577545,0.03,0.024,take_profit,1,0,17,2023-09-01
2023-09-21,6693,65.37933349609375,0.48686763391102,1,-7.532165113843803e-08,0.005830850452184677,-0.004373186267912388,0.0014576283283531666,0.0014576283283531666,-0.0045423716716468335,close,0,0,17,2023-09-01
2023-09-21,3264,57.26540756225586,0.4865868494170522,1,-0.006319134961813688,0.007898838259279728,-0.012638273648917675,0.0015797590604051948,0.0015797590604051948,-0.004420240939594805,close,0,0,17,2023-09-01
2023-09-21,3317,42.6229248046875,0.48399027691150115,1,-8.864014944265364e-08,0.03272717818617821,-0.009091025218367577,0.03272717818617821,0.03,0.024,take_profit,1,0,17,2023-09-01
2023-09-21,4909,22.10276222229004,0.48291938343061136,1,-0.008264404721558094,0.0206612478941679,-0.01652889885008335,0.010330669581890106,0.010330669581890106,0.004330669581890106,close,0,0,17,2023-09-01
2023-09-21,3450,57.16643142700195,0.476195408057925,1,-0.013961574994027615,0.02617803029716015,-0.027923166751861572,0.020942440256476402,-0.02,-0.026000000000000002,stop_loss,0,1,17,2023-09-01
2023-09-21,3339,17.700000762939453,0.4750909440146839,1,0.0,0.07909601926803589,-0.028248585760593414,0.07062146812677383,-0.02,-0.026000000000000002,ambiguous_stop_loss,1,1,17,2023-09-01
2023-09-22,1218,21.23764419555664,0.7406012052365243,1,-2.3670832405287e-08,0.019867559894919395,-0.00220749550499022,0.013245060108602047,0.013245060108602047,0.007245060108602047,close,0,0,17,2023-09-01
2023-09-22,2317,98.78724670410156,0.7396437026980299,1,0.004761958960443735,0.009523863904178143,5.4171199082020394e-08,0.004761958960443735,0.004761958960443735,-0.001238041039556265,close,0,0,17,2023-09-01
2023-09-22,2883,10.714862823486328,0.7337812492861991,1,0.004273566883057356,0.017094047740101814,0.004273566883057356,0.012820608913898468,0.012820608913898468,0.006820608913898468,close,0,0,17,2023-09-01
2023-09-22,2881,53.7301025390625,0.730900135451556,1,-2.4446492830065836e-08,0.008196665905416012,-0.0016393624246120453,0.004917989484965801,0.004917989484965801,-0.0010820105150341989,close,0,0,17,2023-09-01
2023-09-22,1305,24.641759872436523,0.7280218648743716,0,-9.328793737495289e-09,0.00392920384183526,-0.013752480037510395,-0.01178787276148796,-0.01178787276148796,-0.01778787276148796,close,0,0,17,2023-09-01
2023-09-22,2603,94.45083618164062,0.7276488077801223,1,3.4121047320923026e-08,0.017467282712459564,-0.004366778302937746,0.01310047134757042,0.01310047134757042,0.007100471347570419,close,0,0,17,2023-09-01
2023-09-22,1608,18.40409278869629,0.7266820330142181,1,-5.58382140525282e-08,0.010203966870903969,-5.58382140525282e-08,0.007652985397726297,0.007652985397726297,0.0016529853977262973,close,0,0,17,2023-09-01
2023-09-22,2891,21.94888687133789,0.7213413419890322,1,0.006185606587678194,0.018556788563728333,0.0041237822733819485,0.014433060772716999,0.014433060772716999,0.008433060772716999,close,0,0,17,2023-09-01
2023-09-22,1598,31.388294219970703,0.7209866065302389,1,0.010385744273662567,0.031157298013567924,0.010385744273662567,0.026706276461482048,0.03,0.024,take_profit,1,0,17,2023-09-01
2023-09-22,2615,46.85702133178711,0.720710554215818,0,0.0010101654333993793,0.002020251238718629,-0.016161521896719933,-0.006060511339455843,-0.006060511339455843,-0.012060511339455843,close,0,0,17,2023-09-01
2023-09-22,2636,66.4002685546875,0.7202487423919595,1,0.0013020994374528527,0.019531285390257835,-0.0039062537252902985,0.019531285390257835,0.019531285390257835,0.013531285390257835,close,0,0,17,2023-09-01
2023-09-22,1103,17.372295379638672,0.7194627495542818,1,0.0026955471839755774,0.013477157801389694,0.0026955471839755774,0.00539092393592,0.00539092393592,-0.00060907606408,close,0,0,17,2023-09-01
2023-09-22,2530,23.547231674194336,0.7189671896872869,0,0.00198811711743474,0.003976158332079649,0.0,0.0,0.0,-0.006,close,0,0,17,2023-09-01
2023-09-22,2406,15.149999618530273,0.7165874315901577,1,0.003300342708826065,0.009901028126478195,0.0,0.00660068541765213,0.00660068541765213,0.00060068541765213,close,0,0,17,2023-09-01
2023-09-22,2006,56.66191482543945,0.7164806230062528,0,-0.004746810998767614,0.0031645812559872866,-0.006329125724732876,-0.003164556808769703,-0.003164556808769703,-0.009164556808769703,close,0,0,17,2023-09-01
2023-09-22,6226,9.90999984741211,0.7163248769431482,1,0.019172606989741325,0.019172606989741325,0.0,0.019172606989741325,0.019172606989741325,0.013172606989741325,close,0,0,17,2023-09-01
2023-09-22,3014,146.74684143066406,0.7160473642895062,0,0.009118541143834591,0.021276595070958138,-0.009118541143834591,0.0,0.0,-0.006,close,0,0,17,2023-09-01
2023-09-22,2545,34.220001220703125,0.7156873619875563,1,-0.0012771579204127192,0.008939994499087334,-0.0012771579204127192,0.00383141846396029,0.00383141846396029,-0.00216858153603971,close,0,0,17,2023-09-01
2023-09-22,8404,19.71856117248535,0.7144040625427505,0,0.004662062972784042,0.006992978975176811,-0.011655021458864212,-0.011655021458864212,-0.011655021458864212,-0.01765502145886421,close,0,0,17,2023-09-01
2023-09-22,1532,32.00521469116211,0.71362237023352,1,0.005633822176605463,0.012676076032221317,0.004225393291562796,0.008450680412352085,0.008450680412352085,0.002450680412352085,close,0,0,17,2023-09-01
2023-09-25,3045,86.91091918945312,0.7282105342785579,1,-0.002127633895725012,0.006382955703884363,-0.002127633895725012,0.006382955703884363,0.006382955703884363,0.00038295570388436305,close,0,0,17,2023-09-01
2023-09-25,2845,10.627303123474121,0.7149888290098673,1,4.5202977361213925e-08,0.008658024482429028,-0.004328900948166847,0.008658024482429028,0.008658024482429028,0.0026580244824290274,close,0,0,17,2023-09-01
2023-09-25,8131,35.97706985473633,0.7121063759035755,0,0.0038609893526881933,0.0038609893526881933,-0.0038609986659139395,-0.0025740170385688543,-0.0025740170385688543,-0.008574017038568854,close,0,0,17,2023-09-01
2023-09-25,3189,108.34845733642578,0.7086929845339611,0,-4.438503253823001e-08,0.004566165618598461,-0.036529723554849625,-0.036529723554849625,-0.02,-0.026000000000000002,stop_loss,0,1,17,2023-09-01
2023-09-25,8111,16.761302947998047,0.708266269474698,1,-5.24792165279564e-09,0.005665739066898823,-5.24792165279564e-09,0.0028329207561910152,0.0028329207561910152,-0.003167079243808985,close,0,0,17,2023-09-01
2023-09-25,4967,64.77790832519531,0.7036742713884627,1,0.005987875629216433,0.013472904451191425,-0.010479165241122246,0.002993909642100334,0.002993909642100334,-0.003006090357899666,close,0,0,17,2023-09-01
2023-09-25,1102,35.734039306640625,0.7036266131356906,1,1.4570923667633906e-07,0.0037784259766340256,-0.002518804045394063,0.0012595724547281861,0.0012595724547281861,-0.004740427545271814,close,0,0,17,2023-09-01
2023-09-25,4952,47.20077896118164,0.7028167776988515,0,-5.612176323666063e-08,0.003929156810045242,-0.013752525672316551,-0.007858631201088428,-0.007858631201088428,-0.013858631201088429,close,0,0,17,2023-09-01
2023-09-25,6477,39.07883071899414,0.7022490316226522,0,-0.0012405946617946029,0.007444231770932674,-0.004962717182934284,-0.0012405946617946029,-0.0012405946617946029,-0.007240594661794603,close,0,0,17,2023-09-01
2023-09-25,3714,42.872802734375,0.7010873798228596,0,-0.003340772818773985,-0.001113635255023837,-0.01113583892583847,-0.01113583892583847,-0.01113583892583847,-0.01713583892583847,close,0,0,17,2023-09-01
2023-09-25,3455,60.851318359375,0.6999747091267602,0,3.7961029875077656e-08,0.0014492912450805306,-0.00579708581790328,-0.00579708581790328,-0.00579708581790328,-0.01179708581790328,close,0,0,17,2023-09-01
2023-09-25,8011,16.912317276000977,0.6991589349246801,1,-0.0027396304067224264,0.016438404098153114,-0.010958833619952202,0.010959041304886341,0.010959041304886341,0.004959041304886341,close,0,0,17,2023-09-01
2023-09-25,3042,90.73160552978516,0.6974817409444283,0,0.0010030260309576988,0.008024058304727077,-0.014042109251022339,-0.014042109251022339,-0.014042109251022339,-0.020042109251022337,close,0,0,17,2023-09-01
2023-09-25,2530,23.547231674194336,0.6969484773649357,0,0.0,0.003976158332079649,-0.001988041214644909,0.0,0.0,-0.006,close,0,0,17,2023-09-01
2023-09-25,3047,14.100000381469727,0.6965870425036634,0,0.0035460451617836952,0.00709215784445405,-0.010638338513672352,-0.00709222536534071,-0.00709222536534071,-0.01309222536534071,close,0,0,17,2023-09-01
2023-09-25,2101,37.55188751220703,0.6965302336205698,0,0.0,0.01315789483487606,-0.0013157693902030587,0.0,0.0,-0.006,close,0,0,17,2023-09-01
2023-09-25,3128,26.466590881347656,0.6946546223088821,0,0.005000064615160227,0.005000064615160227,-0.01333326380699873,-0.008333239704370499,-0.008333239704370499,-0.014333239704370499,close,0,0,17,2023-09-01
2023-09-25,3044,179.96571350097656,0.693747040486283,1,0.0025707168970257044,0.02827765792608261,-0.0025706712622195482,0.005141410976648331,0.005141410976648331,-0.0008585890233516694,close,0,0,17,2023-09-01
2023-09-25,2404,208.66827392578125,0.6934243896944439,0,-3.5920869834171754e-08,0.006521702744066715,-0.010869600810110569,-0.008695688098669052,-0.008695688098669052,-0.014695688098669052,close,0,0,17,2023-09-01
2023-09-25,2038,18.0,0.6910310868738145,0,0.0027777354698628187,0.0027777354698628187,-0.008333312347531319,-0.008333312347531319,-0.008333312347531319,-0.014333312347531319,close,0,0,17,2023-09-01
2023-09-26,8034,21.20346450805664,0.5295019149138586,1,8.128583317557059e-08,0.018181830644607544,-0.009090871550142765,0.0136363934725523,0.0136363934725523,0.007636393472552299,close,0,0,17,2023-09-01
2023-09-26,2417,24.445858001708984,0.5293888437548881,1,0.006085192784667015,0.028397612273693085,1.526104043136911e-08,0.004056825768202543,0.004056825768202543,-0.0019431742317974569,close,0,0,17,2023-09-01
2023-09-26,6257,52.07286834716797,0.526817374895837,1,0.005291034933179617,0.01410937774926424,-0.0017636659322306514,0.0035273933317512274,0.0035273933317512274,-0.0024726066682487727,close,0,0,17,2023-09-01
2023-09-26,6139,106.62999725341797,0.5242429650387292,1,-0.017937175929546356,0.04035881534218788,-0.035874344408512115,0.035874541848897934,-0.02,-0.026000000000000002,ambiguous_stop_loss,1,1,17,2023-09-01
2023-09-26,3005,69.90377807617188,0.5233431705009434,0,-0.005256262142211199,0.005256262142211199,-0.019710907712578773,0.0,0.0,-0.006,close,0,0,17,2023-09-01
2023-09-26,8048,65.89952850341797,0.5218357561989391,0,0.00663137948140502,0.0106101268902421,-0.019893847405910492,-0.015915099531412125,-0.015915099531412125,-0.021915099531412123,close,0,0,17,2023-09-01
2023-09-26,1305,23.673519134521484,0.5164242281137227,0,-0.004090038128197193,0.008179868571460247,-0.01840498112142086,-0.0020450796000659466,-0.0020450796000659466,-0.008045079600065947,close,0,0,17,2023-09-01
2023-09-26,6442,76.96538543701172,0.5156326601288865,0,0.026249906048178673,0.04749990627169609,-0.05750007554888725,-0.056250061839818954,-0.02,-0.026000000000000002,ambiguous_stop_loss,1,1,17,2023-09-01
2023-09-26,4908,68.04728698730469,0.5103522496318212,1,0.005594474263489246,0.04895109683275223,0.0013986272970214486,0.01398606225848198,0.03,0.024,take_profit,1,0,17,2023-09-01
2023-09-26,8227,153.4215087890625,0.5083439198264305,1,-0.009584608487784863,0.012779610231518745,-0.009584608487784863,0.0031949453987181187,0.0031949453987181187,-0.0028050546012818815,close,0,0,17,2023-09-01
2023-09-26,3167,49.39565658569336,0.507404800661057,1,-0.010050300508737564,0.007035095244646072,-0.011055310256779194,0.0010049599222838879,0.0010049599222838879,-0.004995040077716112,close,0,0,17,2023-09-01
2023-09-26,6170,48.853145599365234,0.5073501660163497,1,0.009174283593893051,0.01100911758840084,-0.007339505944401026,0.009174283593893051,0.009174283593893051,0.003174283593893051,close,0,0,17,2023-09-01
2023-09-26,3008,1991.387939453125,0.5038216889808008,0,8.372206394824389e-08,0.004705966450273991,-0.018823446705937386,-0.009411681443452835,-0.009411681443452835,-0.015411681443452835,close,0,0,17,2023-09-01
2023-09-26,3036,87.7640151977539,0.5027930276028592,1,0.008421055972576141,0.1000000461935997,0.003157941158860922,0.1000000461935997,0.03,0.024,take_profit,1,0,17,2023-09-01
2023-09-26,8068,41.29999923706055,0.500153204431697,0,-0.001210635295137763,-0.001210635295137763,-0.04358351603150368,-0.041162244975566864,-0.02,-0.026000000000000002,stop_loss,0,1,17,2023-09-01
2023-09-26,8112,48.5066032409668,0.4994298702593515,1,0.003663035109639168,0.01282054465264082,-0.009157492779195309,0.007326052989810705,0.007326052989810705,0.001326052989810705,close,0,0,17,2023-09-01
2023-09-26,6426,71.4941177368164,0.4970276936363141,0,-0.0055479202419519424,-4.905263750742961e-08,-0.026352357119321823,-0.023578369989991188,-0.02,-0.026000000000000002,stop_loss,0,1,17,2023-09-01
2023-09-26,4966,958.6657104492188,0.49581813159194554,0,0.0020099717658013105,0.010050171986222267,-0.012060378678143024,-0.0110553540289402,-0.0110553540289402,-0.0170553540289402,close,0,0,17,2023-09-01
2023-09-26,4961,239.39349365234375,0.4913866896941325,1,0.0075614480301737785,0.045368630439043045,0.005671089049428701,0.037807196378707886,0.03,0.024,take_profit,1,0,17,2023-09-01
2023-09-26,3042,89.4575424194336,0.48681746987733127,0,-0.003051875624805689,-0.003051875624805689,-0.02339775487780571,-0.012207536958158016,-0.02,-0.026000000000000002,stop_loss,0,1,17,2023-09-01
2023-09-27,3189,103.8957748413086,0.6537927290056512,1,0.009523840621113777,0.03333336487412453,0.009523840621113777,0.03333336487412453,0.03,0.024,take_profit,1,0,17,2023-09-01
2023-09-27,1305,23.625104904174805,0.6470457964573725,1,0.008196765556931496,0.03278694674372673,0.008196765556931496,0.020491816103458405,0.03,0.024,take_profit,1,0,17,2023-09-01
2023-09-27,2006,54.86881637573242,0.6431202180914817,0,0.0016339975409209728,0.0016339975409209728,-0.01797385886311531,-0.008169899694621563,-0.008169899694621563,-0.014169899694621563,close,0,0,17,2023-09-01
2023-09-27,8464,289.74420166015625,0.6419329763246069,0,0.001612903201021254,0.006451612804085016,-0.001612903201021254,0.0,0.0,-0.006,close,0,0,17,2023-09-01
2023-09-27,6206,60.128177642822266,0.640405138710285,0,0.00910461600869894,0.00910461600869894,-0.0060698892921209335,-0.004552461672574282,-0.004552461672574282,-0.010552461672574282,close,0,0,17,2023-09-01
2023-09-27,2615,45.815757751464844,0.6395626822392684,0,0.011363560333848,0.021694138646125793,-0.00206622201949358,-0.00206622201949358,-0.00206622201949358,-0.00806622201949358,close,0,0,17,2023-09-01
2023-09-27,3592,323.9053955078125,0.6372616384500512,0,-1.061606358376821e-08,0.00558658130466938,-0.011173195205628872,-0.008379898965358734,-0.008379898965358734,-0.014379898965358734,close,0,0,17,2023-09-01
2023-09-27,2880,18.374004364013672,0.6369973611735361,0,0.0,0.007317014504224062,0.0,0.0,0.0,-0.006,close,0,0,17,2023-09-01
2023-09-27,4770,272.98809814453125,0.6358472508832231,1,0.008591003715991974,0.013745643198490143,-6.066467506116169e-08,0.006872791331261396,0.006872791331261396,0.0008727913312613963,close,0,0,17,2023-09-01
2023-09-27,8163,38.205902099609375,0.6334994175416341,1,4.576541101641851e-08,0.007001284509897232,4.576541101641851e-08,0.007001284509897232,0.007001284509897232,0.001001284509897232,close,0,0,17,2023-09-01
2023-09-27,2409,15.173009872436523,0.6334746489707068,0,0.0030488502234220505,0.006097584497183561,0.0,0.0,0.0,-0.006,close,0,0,17,2023-09-01
2023-09-27,2731,112.80411529541016,0.6332758840346218,1,0.004016058519482613,0.028112443163990974,-5.6361675326854765e-09,0.012048186734318733,0.012048186734318733,0.006048186734318733,close,0,0,17,2023-09-01
2023-09-27,1303,64.10458374023438,0.6301772747507884,0,0.00150147860404104,0.007507507689297199,-0.004504435695707798,0.0,0.0,-0.006,close,0,0,17,2023-09-01
2023-09-27,2504,22.437236785888672,0.6298177087971775,0,-4.230377825820142e-09,0.005976076237857342,-0.001992081757634878,-0.001992081757634878,-0.001992081757634878,-0.007992081757634878,close,0,0,17,2023-09-01
2023-09-27,2633,27.840038299560547,0.6274083020283637,1,0.0016723533626645803,0.006689063273370266,0.0016723533626645803,0.0016723533626645803,0.0016723533626645803,-0.00432764663733542,close,0,0,17,2023-09-01
2023-09-27,4904,69.67977142333984,0.6252300656991031,1,-0.001381262089125812,0.008287203498184681,-0.001381262089125812,0.004143515136092901,0.004143515136092901,-0.001856484863907099,close,0,0,17,2023-09-01
2023-09-27,2606,43.763214111328125,0.6245258447490305,0,0.01759844832122326,0.018633628264069557,-0.01035191211849451,-0.009316731244325638,-0.009316731244325638,-0.015316731244325638,close,0,0,17,2023-09-01
2023-09-27,8341,103.25502014160156,0.624054571252213,1,0.017699170857667923,0.017699170857667923,0.004424833692610264,0.004424833692610264,0.004424833692610264,-0.0015751663073897363,close,0,0,17,2023-09-01
2023-09-27,5880,22.663978576660156,0.6224655357253919,1,0.001960818422958255,0.007843200117349625,5.115680679068646e-08,0.003921665251255035,0.003921665251255035,-0.0020783347487449647,close,0,0,17,2023-09-01
2023-09-27,4958,90.64530181884766,0.6210367472801859,1,0.004098366480320692,0.020491793751716614,0.004098366480320692,0.00819674227386713,0.00819674227386713,0.00219674227386713,close,0,0,17,2023-09-01
2023-09-28,4915,63.137264251708984,0.7537744162537112,0,0.0028902606572955847,0.011560759507119656,-0.01300567202270031,-0.001445043832063675,-0.001445043832063675,-0.007445043832063675,close,0,0,17,2023-09-01
2023-09-28,2032,15.868020057678223,0.7513459979703211,1,0.003067584475502372,0.003067584475502372,-0.003067408688366413,0.003067584475502372,0.003067584475502372,-0.0029324155244976283,close,0,0,17,2023-09-01
2023-09-28,3311,37.88833236694336,0.7504956214444777,1,0.011435877531766891,0.021601101383566856,-0.011435730382800102,0.007623991463333368,0.007623991463333368,0.0016239914633333682,close,0,0,17,2023-09-01
2023-09-28,3533,786.002197265625,0.7491140227009726,1,0.01215068157762289,0.04860268533229828,0.01215068157762289,0.020656149834394455,0.03,0.024,take_profit,1,0,17,2023-09-01
2023-09-28,9938,53.39345169067383,0.7484789055902912,1,0.023985272273421288,0.07564577460289001,0.023985272273421288,0.05166054889559746,0.03,0.024,take_profit,1,0,17,2023-09-01
2023-09-28,6239,92.26176452636719,0.7477311762993125,1,0.004926066379994154,0.024630500003695488,0.004926066379994154,0.024630500003695488,0.024630500003695488,0.01863050000369549,close,0,0,17,2023-09-01
2023-09-28,6176,108.77869415283203,0.7422887019203697,1,0.004065061453729868,0.016260184347629547,-0.0040650200098752975,0.004065061453729868,0.004065061453729868,-0.0019349385462701322,close,0,0,17,2023-09-01
2023-09-28,2504,22.392539978027344,0.7414833865355627,1,0.005988079123198986,0.009980034083127975,0.001996047794818878,0.009980034083127975,0.009980034083127975,0.003980034083127975,close,0,0,17,2023-09-01
2023-09-28,8054,35.33717346191406,0.7380626231450794,1,0.009872941300272942,0.025387728586792946,0.00846252590417862,0.00846252590417862,0.00846252590417862,0.0024625259041786193,close,0,0,17,2023-09-01
2023-09-28,3592,321.19110107421875,0.737312947830892,1,2.105568341903563e-08,0.016901429742574692,2.105568341903563e-08,0.016901429742574692,0.016901429742574692,0.010901429742574692,close,0,0,17,2023-09-01
2023-09-28,4958,91.38829803466797,0.7342253555419243,1,0.011178825981914997,0.014227637089788914,0.00813001487404108,0.014227637089788914,0.014227637089788914,0.008227637089788914,close,0,0,17,2023-09-01
2023-09-28,2337,31.073495864868164,0.734157785502595,1,0.007898925803601742,0.009478740394115448,-0.01105843298137188,0.0015798460226505995,0.0015798460226505995,-0.004420153977349401,close,0,0,17,2023-09-01
2023-09-28,4726,38.0,0.7317160135313385,1,0.003947408404201269,0.011842125095427036,0.0013157693902030587,0.007894717156887054,0.007894717156887054,0.0018947171568870543,close,0,0,17,2023-09-01
2023-09-28,6499,51.900001525878906,0.7305634242879622,1,0.040462397038936615,0.05973022058606148,-0.017341069877147675,0.0211945753544569,0.03,0.024,gap_take_profit,1,0,17,2023-09-01
2023-09-28,8034,21.058895111083984,0.7302795650337731,1,0.00915338285267353,0.03890163451433182,0.00915338285267353,0.011441702954471111,0.03,0.024,take_profit,1,0,17,2023-09-01
2023-09-28,2412,107.45338439941406,0.7302615262920019,1,0.004310383461415768,0.008620728738605976,3.839587847664916e-08,0.004310383461415768,0.004310383461415768,-0.0016896165385842325,close,0,0,17,2023-09-01
2023-09-28,2211,63.58631896972656,0.729685188035714,1,-3.415097893366692e-08,0.005633790045976639,-0.008450716733932495,0.0028168242424726486,0.0028168242424726486,-0.0031831757575273515,close,0,0,17,2023-09-01
2023-09-28,2885,21.989145278930664,0.7287852847338434,0,0.001996013568714261,0.003992034588009119,-0.005987990647554398,-0.003991969395428896,-0.003991969395428896,-0.009991969395428896,close,0,0,17,2023-09-01
2023-09-28,2454,672.9281616210938,0.7280193068322626,1,0.016326487064361572,0.017687031999230385,0.006802678573876619,0.013605399988591671,0.013605399988591671,0.007605399988591671,close,0,0,17,2023-09-01
2023-09-28,2731,114.16320037841797,0.7261945669464708,1,0.007936502806842327,0.015873011201620102,-0.003968259319663048,0.011904756538569927,0.011904756538569927,0.005904756538569927,close,0,0,17,2023-09-01
2023-10-02,8222,46.67677307128906,0.4643530165111235,1,0.004192983265966177,0.023060861974954605,9.489632191161945e-08,0.001048297039233148,0.001048297039233148,-0.004951702960766852,close,0,0,18,2023-10-01
2023-10-02,8215,32.978843688964844,0.4643530165111235,0,0.007122605573385954,0.008547194302082062,-0.005697821732610464,-0.0028488622047007084,-0.0028488622047007084,-0.008848862204700709,close,0,0,18,2023-10-01
2023-10-02,8213,42.999542236328125,0.4643530165111235,0,0.0010870646219700575,0.006521848030388355,-0.008695562370121479,-0.008695562370121479,-0.008695562370121479,-0.01469556237012148,close,0,0,18,2023-10-01
2023-10-02,8183,46.05099868774414,0.4643530165111235,0,0.00792087521404028,0.009901043027639389,-0.005940527189522982,-0.005940527189522982,-0.005940527189522982,-0.011940527189522982,close,0,0,18,2023-10-01
2023-10-02,8358,64.29701232910156,0.4643530165111235,1,-2.8644038252423343e-08,0.03886392340064049,-0.005979124456644058,0.022421494126319885,0.03,0.024,take_profit,1,0,18,2023-10-01
2023-10-02,1103,17.4659481048584,0.4643530165111235,0,-0.002680991543456912,0.008042807690799236,-0.01608581654727459,-0.005362018011510372,-0.005362018011510372,-0.011362018011510372,close,0,0,18,2023-10-01
2023-10-02,8299,433.6346740722656,0.4643530165111235,1,0.0021435809321701527,0.03536973148584366,-0.0021436642855405807,0.009646260179579258,0.03,0.024,take_profit,1,0,18,2023-10-01
2023-10-02,1110,18.284839630126953,0.4643530165111235,1,-0.005333319306373596,0.0026666605845093727,-0.005333319306373596,0.0026666605845093727,0.0026666605845093727,-0.0033333394154906274,close,0,0,18,2023-10-01
2023-10-02,1201,17.664186477661133,0.4643530165111235,1,0.0027028045151382685,0.005405569449067116,1.4270408144057e-07,0.0027028045151382685,0.0027028045151382685,-0.0032971954848617317,close,0,0,18,2023-10-01
2023-10-02,8289,31.633460998535156,0.4643530165111235,1,0.004511293489485979,0.007518766447901726,-0.016541359946131706,0.004511293489485979,0.004511293489485979,-0.001488706510514021,close,0,0,18,2023-10-01
2023-10-02,1595,38.27391815185547,0.4643530165111235,1,6.440870947699295e-08,0.0012755552306771278,-0.0025510145351290703,0.0012755552306771278,0.0012755552306771278,-0.004724444769322872,close,0,0,18,2023-10-01
2023-10-02,1216,65.32730865478516,0.4643530165111235,0,-0.004267551936209202,-8.363479508943783e-08,-0.007112458348274231,-0.007112458348274231,-0.007112458348274231,-0.013112458348274231,close,0,0,18,2023-10-01
2023-10-02,1590,984.3310546875,0.4643530165111235,0,-0.018905453383922577,0.0049751438200473785,-0.023880578577518463,-0.006965154781937599,-0.02,-0.026000000000000002,stop_loss,0,1,18,2023-10-01
2023-10-02,8454,430.660400390625,0.4643530165111235,0,-1.3437133183913375e-08,0.0077669657766819,-0.009708770550787449,-0.009708770550787449,-0.009708770550787449,-0.015708770550787447,close,0,0,18,2023-10-01
2023-10-02,1587,22.70435333251953,0.4643530165111235,0,-0.008196673355996609,-0.0020491525065153837,-0.010245874524116516,-0.010245874524116516,-0.010245874524116516,-0.016245874524116515,close,0,0,18,2023-10-01
2023-10-02,1586,33.34637451171875,0.4643530165111235,1,0.0014903238043189049,0.013412808999419212,0.0014903238043189049,0.005961298476904631,0.005961298476904631,-3.8701523095369464e-05,close,0,0,18,2023-10-01
2023-10-02,1309,17.317100524902344,0.4643530165111235,0,-6.503735505702934e-08,-6.503735505702934e-08,-0.011173184961080551,-0.011173184961080551,-0.011173184961080551,-0.01717318496108055,close,0,0,18,2023-10-01
2023-10-02,1313,14.492918014526367,0.4643530165111235,0,0.0033333785831928253,0.0033333785831928253,-0.016666634008288383,-0.013333288952708244,-0.013333288952708244,-0.019333288952708243,close,0,0,18,2023-10-01
2023-10-02,1464,12.524974822998047,0.4643530165111235,0,-0.0036765076220035553,-0.0036765076220035553,-0.011029498651623726,-0.0036765076220035553,-0.0036765076220035553,-0.009676507622003555,close,0,0,18,2023-10-01
2023-10-02,1319,71.60018157958984,0.4643530165111235,1,4.8351370907084856e-08,0.021850908175110817,-0.0038560321554541588,0.011568093672394753,0.011568093672394753,0.005568093672394752,close,0,0,18,2023-10-01
2023-10-03,9955,21.350000381469727,0.45812579424601385,0,-0.007025742903351784,-0.007025742903351784,-0.025761177763342857,-0.01873534545302391,-0.02,-0.026000000000000002,stop_loss,0,1,18,2023-10-01
2023-10-03,1101,30.99676513671875,0.45812579424601385,0,-0.0060241129249334335,-0.0015059945872053504,-0.010542230680584908,-0.009036115370690823,-0.009036115370690823,-0.015036115370690823,close,0,0,18,2023-10-01
2023-10-03,1102,35.464012145996094,0.45812579424601385,0,-0.005076203960925341,-0.002538171596825123,-0.011421380564570427,-0.007614332716912031,-0.007614332716912031,-0.013614332716912031,close,0,0,18,2023-10-01
2023-10-03,1103,17.372295379638672,0.45812579424601385,0,-0.0026953956112265587,-0.0026953956112265587,-0.01347710844129324,-0.010781628079712391,-0.010781628079712391,-0.01678162807971239,close,0,0,18,2023-10-01
2023-10-03,1104,22.706995010375977,0.45812579424601385,0,1.1897032692331777e-08,1.1897032692331777e-08,-0.02123548649251461,-0.017374541610479355,-0.02,-0.026000000000000002,stop_loss,0,1,18,2023-10-01
2023-10-03,1110,18.333599090576172,0.45812579424601385,0,-0.010638236999511719,0.0,-0.010638236999511719,0.0,0.0,-0.006,close,0,0,18,2023-10-01
2023-10-03,1201,17.711929321289062,0.45812579424601385,0,-0.005390897858887911,-0.0026955213397741318,-0.013477232307195663,-0.01078175287693739,-0.01078175287693739,-0.016781752876937388,close,0,0,18,2023-10-01
2023-10-03,1210,48.68459701538086,0.45812579424601385,0,4.161011979419982e-09,4.161011979419982e-09,-0.02071559801697731,-0.018832387402653694,-0.02,-0.026000000000000002,stop_loss,0,1,18,2023-10-01
2023-10-03,1215,86.26769256591797,0.45812579424601385,0,-0.002118648262694478,-0.002118648262694478,-0.01271186862140894,-0.010593175888061523,-0.010593175888061523,-0.016593175888061522,close,0,0,18,2023-10-01
2023-10-03,8436,172.16006469726562,0.45812579424601385,1,-0.011080329306423664,0.005540169309824705,-0.01939057931303978,0.0027700860518962145,0.0027700860518962145,-0.0032299139481037856,close,0,0,18,2023-10-01
2023-10-03,8438,24.106042861938477,0.45812579424601385,1,2.4221161964987914e-08,0.023346267640590668,2.4221161964987914e-08,0.009727650322020054,0.009727650322020054,0.0037276503220200537,close,0,0,18,2023-10-01
2023-10-03,8454,426.4792175292969,0.45812579424601385,0,-0.009803824126720428,-0.009803824126720428,-0.023529330268502235,-0.01960776560008526,-0.02,-0.026000000000000002,stop_loss,0,1,18,2023-10-01
2023-10-03,8464,292.5481872558594,0.45812579424601385,0,-0.00798723753541708,0.004792314488440752,-0.028754010796546936,-0.020766790956258774,-0.02,-0.026000000000000002,stop_loss,0,1,18,2023-10-01
2023-10-03,8473,25.372053146362305,0.45812579424601385,0,0.0018655905732885003,0.0018655905732885003,-0.0018657727632671595,-0.0018657727632671595,-0.0018657727632671595,-0.00786577276326716,close,0,0,18,2023-10-01
2023-10-03,8476,29.309471130371094,0.45812579424601385,1,0.0015408811159431934,0.013867530040442944,-0.006163281854242086,0.012326600961387157,0.012326600961387157,0.006326600961387157,close,0,0,18,2023-10-01
2023-10-03,8489,25.100000381469727,0.45812579424601385,0,0.0,0.0,0.0,0.0,0.0,-0.006,close,0,0,18,2023-10-01
2023-10-03,8358,65.7386474609375,0.45812579424601385,0,0.0014619659632444382,0.013157917186617851,-0.016081849113106728,0.0,0.0,-0.006,close,0,0,18,2023-10-01
2023-10-03,8374,28.63308334350586,0.45812579424601385,0,0.008665544912219048,0.008665544912219048,-0.008665477856993675,-0.008665477856993675,-0.008665477856993675,-0.014665477856993675,close,0,0,18,2023-10-01
2023-10-03,8383,33.96559524536133,0.45812579424601385,0,-7.866397311317996e-09,0.0013404543278738856,-0.005361958872526884,-0.004021394066512585,-0.004021394066512585,-0.010021394066512585,close,0,0,18,2023-10-01
2023-10-03,8390,46.109920501708984,0.45812579424601385,0,-0.008080758154392242,0.0010101665975525975,-0.008080758154392242,-0.0030302531085908413,-0.0030302531085908413,-0.009030253108590841,close,0,0,18,2023-10-01
2023-10-04,9955,20.950000762939453,0.4742566144853234,1,0.0,0.009546484798192978,0.0,0.004773196764290333,0.004773196764290333,-0.0012268032357096673,close,0,0,18,2023-10-01
2023-10-04,1101,30.7166748046875,0.4742566144853234,0,-0.0045593176037073135,0.001519732759334147,-0.009118634276092052,-0.0045593176037073135,-0.0045593176037073135,-0.010559317603707314,close,0,0,18,2023-10-01
2023-10-04,1102,35.19397735595703,0.4742566144853234,1,-7.409704849692389e-09,0.006393854506313801,-7.409704849692389e-09,0.006393854506313801,0.006393854506313801,0.0003938545063138007,close,0,0,18,2023-10-01
2023-10-04,1103,17.184993743896484,0.4742566144853234,0,0.0,0.008174366317689419,-0.0027248580008745193,0.0,0.0,-0.006,close,0,0,18,2023-10-01
2023-10-04,1104,22.312471389770508,0.4742566144853234,1,-7.873882168496493e-08,0.009823106229305267,-7.873882168496493e-08,0.007858499884605408,0.007858499884605408,0.0018584998846054076,close,0,0,18,2023-10-01
2023-10-04,9945,31.74644660949707,0.4742566144853234,1,0.004411724396049976,0.013235230930149555,0.0014704810455441475,0.007352855987846851,0.007352855987846851,0.0013528559878468512,close,0,0,18,2023-10-01
2023-10-04,1201,17.520963668823242,0.4742566144853234,1,0.008174512535333633,0.010899266228079796,0.0027248994447290897,0.010899266228079796,0.010899266228079796,0.004899266228079796,close,0,0,18,2023-10-01
2023-10-04,8431,59.28925323486328,0.4742566144853234,1,0.008375206962227821,0.02177552878856659,0.003350093960762024,0.018425432965159416,0.018425432965159416,0.012425432965159416,close,0,0,18,2023-10-01
2023-10-04,8438,24.340538024902344,0.4742566144853234,0,-0.02504819817841053,-0.019267791882157326,-0.02504819817841053,-0.019267791882157326,-0.02504819817841053,-0.03104819817841053,gap_stop,0,1,18,2023-10-01
2023-10-04,8454,418.1169128417969,0.4742566144853234,1,0.011999931186437607,0.023999914526939392,0.001999912317842245,0.019999919459223747,0.019999919459223747,0.013999919459223747,close,0,0,18,2023-10-01
2023-10-04,8464,286.472900390625,0.4742566144853234,1,3.87223266784531e-08,0.03262646868824959,-0.0016312827356159687,0.027732502669095993,0.03,0.024,take_profit,1,0,18,2023-10-01
2023-10-04,8473,25.32471466064453,0.4742566144853234,0,2.262785869788786e-08,0.001869228552095592,-0.0018691096920520067,-0.0018691096920520067,-0.0018691096920520067,-0.007869109692052007,close,0,0,18,2023-10-01
2023-10-04,8299,434.0994567871094,0.4742566144853234,0,0.010706671513617039,0.010706671513617039,-0.017130589112639427,-0.0021412947680801153,-0.0021412947680801153,-0.008141294768080115,close,0,0,18,2023-10-01
2023-10-04,8341,102.79813385009766,0.4742566144853234,1,0.004444499965757132,0.013333389535546303,-0.00444438960403204,0.004444499965757132,0.004444499965757132,-0.0015555000342428685,close,0,0,18,2023-10-01
2023-10-04,8374,28.384963989257812,0.4742566144853234,1,0.006992893293499947,0.015734151005744934,0.0034964431542903185,0.015734151005744934,0.015734151005744934,0.009734151005744934,close,0,0,18,2023-10-01
2023-10-04,8383,33.82900619506836,0.4742566144853234,1,0.0013458228204399347,0.012112920172512531,-5.1584869709131453e-08,0.006729423068463802,0.006729423068463802,0.0007294230684638022,close,0,0,18,2023-10-01
2023-10-04,8415,30.528188705444336,0.4742566144853234,1,-0.0014992135111242533,0.008995608426630497,-0.0014992135111242533,0.004497811198234558,0.004497811198234558,-0.001502188801765442,close,0,0,18,2023-10-01
2023-10-04,8227,174.00843811035156,0.4742566144853234,1,0.014084470458328724,0.05070418864488602,0.00845066737383604,0.0225351732224226,0.03,0.024,take_profit,1,0,18,2023-10-01
2023-10-04,8234,46.1761360168457,0.4742566144853234,1,0.005291007459163666,0.011640197597444057,0.004232822451740503,0.009523827582597733,0.009523827582597733,0.0035238275825977324,close,0,0,18,2023-10-01
2023-10-04,8249,30.090757369995117,0.4742566144853234,1,0.003424655878916383,0.010274062864482403,0.0017123923171311617,0.00856168195605278,0.00856168195605278,0.00256168195605278,close,0,0,18,2023-10-01
2023-10-05,9958,172.561767578125,0.47102010115993975,1,0.0028571514412760735,0.02000000886619091,-0.019999992102384567,0.005714294500648975,0.005714294500648975,-0.00028570549935102475,close,0,0,18,2023-10-01
2023-10-05,1101,30.576627731323242,0.47102010115993975,1,-2.323885439636797e-08,0.010686952620744705,-0.0015267174458131194,0.0015266709960997105,0.0015266709960997105,-0.00447332900390029,close,0,0,18,2023-10-01
2023-10-05,9941,172.70431518554688,0.47102010115993975,1,2.4406658027942285e-08,0.008333357982337475,2.4406658027942285e-08,0.0055555799044668674,0.0055555799044668674,-0.0004444200955331327,close,0,0,18,2023-10-01
2023-10-05,1103,17.184993743896484,0.47102010115993975,1,0.016348762437701225,0.016348762437701225,3.066295306553002e-08,0.0027247846592217684,0.0027247846592217684,-0.0032752153407782317,close,0,0,18,2023-10-01
2023-10-05,9940,25.57428550720215,0.47102010115993975,1,-0.0034843364264816046,0.003484264714643359,-0.0034843364264816046,0.0017421310767531395,0.0017421310767531395,-0.004257868923246861,close,0,0,18,2023-10-01
2023-10-05,8422,155.8562774658203,0.47102010115993975,1,0.002881871070712805,0.008645559661090374,-0.002881817752495408,0.002881871070712805,0.002881871070712805,-0.0031181289292871953,close,0,0,18,2023-10-01
2023-10-05,8436,172.636962890625,0.47102010115993975,0,-0.005524876527488232,-0.0027624457143247128,-0.013812169432640076,-0.013812169432640076,-0.013812169432640076,-0.019812169432640074,close,0,0,18,2023-10-01
2023-10-05,8271,56.524444580078125,0.47102010115993975,1,0.011804388836026192,0.018549777567386627,0.0033726850524544716,0.008431694470345974,0.008431694470345974,0.002431694470345974,close,0,0,18,2023-10-01
2023-10-05,8289,31.5383243560791,0.47102010115993975,0,0.01206632237881422,0.01206632237881422,-0.00754145160317421,-0.0015083610778674483,-0.0015083610778674483,-0.0075083610778674485,close,0,0,18,2023-10-01
2023-10-05,8358,65.4503173828125,0.47102010115993975,0,1.2304831820131312e-08,0.010279081761837006,-0.014684275723993778,-0.008810537867248058,-0.008810537867248058,-0.014810537867248058,close,0,0,18,2023-10-01
2023-10-05,8390,46.57567596435547,0.47102010115993975,1,2.489836425922931e-08,0.016000010073184967,-0.001999944681301713,0.001999994507059455,0.001999994507059455,-0.004000005492940545,close,0,0,18,2023-10-01
2023-10-05,8222,45.991790771484375,0.47102010115993975,0,0.010638241656124592,0.02127653919160366,-0.006383017636835575,-0.004255390726029873,-0.004255390726029873,-0.010255390726029873,close,0,0,18,2023-10-01
2023-10-05,8227,177.92974853515625,0.47102010115993975,1,0.019283795729279518,0.09917360544204712,-0.0027547720819711685,0.09917360544204712,0.03,0.024,take_profit,1,0,18,2023-10-01
2023-10-05,8240,34.8005485534668,0.47102010115993975,0,-5.7357087968057385e-08,0.007853325456380844,-0.018324682489037514,-0.01701580360531807,-0.01701580360531807,-0.023015803605318068,close,0,0,18,2023-10-01
2023-10-05,8255,164.60853576660156,0.47102010115993975,1,0.014836802147328854,0.03560831397771835,0.008902084082365036,0.011869442649185658,0.03,0.024,take_profit,1,0,18,2023-10-01
2023-10-05,8261,77.84845733642578,0.47102010115993975,1,0.0035928438883274794,0.009580868296325207,-0.0011975934030488133,0.008383190259337425,0.008383190259337425,0.002383190259337425,close,0,0,18,2023-10-01
2023-10-05,8155,141.8167266845703,0.47102010115993975,0,0.01000000536441803,0.01000000536441803,-0.05333332717418671,-0.04999999329447746,-0.02,-0.026000000000000002,stop_loss,0,1,18,2023-10-01
2023-10-05,8210,222.22268676757812,0.47102010115993975,1,0.01089324988424778,0.04139433801174164,3.731761566427849e-09,0.002178652910515666,0.03,0.024,take_profit,1,0,18,2023-10-01
2023-10-05,8213,42.111507415771484,0.47102010115993975,1,0.005549474619328976,0.005549474619328976,-0.0044394442811608315,0.001109945704229176,0.001109945704229176,-0.004890054295770824,close,0,0,18,2023-10-01
2023-10-05,1536,63.13008499145508,0.47102010115993975,0,-0.004587177652865648,2.4772083051516347e-08,-0.004587177652865648,-0.004587177652865648,-0.004587177652865648,-0.010587177652865648,close,0,0,18,2023-10-01
2023-10-06,9955,20.950000762939453,0.4742566144853234,1,0.09785199165344238,0.09785199165344238,0.09785199165344238,0.09785199165344238,0.03,0.024,gap_take_profit,1,0,18,2023-10-01
2023-10-06,1101,30.623308181762695,0.4742566144853234,1,0.010670795105397701,0.0121951624751091,0.001524360734038055,0.00914631225168705,0.00914631225168705,0.0031463122516870497,close,0,0,18,2023-10-01
2023-10-06,9939,97.72337341308594,0.4742566144853234,0,-0.00952382292598486,-0.004761918447911739,-0.019047632813453674,-0.01428572740405798,-0.01428572740405798,-0.020285727404057978,close,0,0,18,2023-10-01
2023-10-06,1103,17.23181915283203,0.4742566144853234,0,-3.066295306553002e-08,0.005434772465378046,-0.005434833932667971,-0.0027173804119229317,-0.0027173804119229317,-0.008717380411922932,close,0,0,18,2023-10-01
2023-10-06,8390,46.668827056884766,0.4742566144853234,1,0.03792424127459526,0.063872329890728,0.001996109029278159,0.0039920867420732975,0.03,0.024,gap_take_profit,1,0,18,2023-10-01
2023-10-06,8404,18.89120864868164,0.4742566144853234,1,0.014598516747355461,0.043795615434646606,0.002433015964925289,0.01946471631526947,0.03,0.024,take_profit,1,0,18,2023-10-01
2023-10-06,8415,30.665498733520508,0.4742566144853234,1,0.004477596376091242,0.004477596376091242,-6.096345117612145e-08,0.0014924535062164068,0.0014924535062164068,-0.004507546493783593,close,0,0,18,2023-10-01
2023-10-06,8436,170.25247192382812,0.4742566144853234,0,-0.00840330682694912,-0.00840330682694912,-0.03361339122056961,-0.03361339122056961,-0.02,-0.026000000000000002,stop_loss,0,1,18,2023-10-01
2023-10-06,8271,57.001041412353516,0.4742566144853234,0,0.011705707758665085,0.020066911354660988,-0.006688916124403477,-0.006688916124403477,-0.006688916124403477,-0.012688916124403477,close,0,0,18,2023-10-01
2023-10-06,8289,31.490753173828125,0.4742566144853234,0,-0.015105766244232655,-0.015105766244232655,-0.05589121952652931,-0.05135950818657875,-0.02,-0.026000000000000002,stop_loss,0,1,18,2023-10-01
2023-10-06,8299,430.3812561035156,0.4742566144853234,1,0.024838022887706757,0.024838022887706757,0.004319664090871811,0.008639317937195301,0.008639317937195301,0.002639317937195301,close,0,0,18,2023-10-01
2023-10-06,8358,64.87366485595703,0.4742566144853234,0,0.059259261935949326,0.06518521159887314,-0.0059259445406496525,-0.004444485530257225,0.03,0.024,gap_take_profit,1,0,18,2023-10-01
2023-10-06,8374,28.83157730102539,0.4742566144853234,1,0.02925996482372284,0.02925996482372284,0.006884761620312929,0.013769470155239105,0.013769470155239105,0.007769470155239105,close,0,0,18,2023-10-01
2023-10-06,8215,33.30769729614258,0.4742566144853234,0,0.008462587371468544,0.008462587371468544,-0.018335741013288498,-0.016925325617194176,-0.016925325617194176,-0.022925325617194174,close,0,0,18,2023-10-01
2023-10-06,8222,45.796077728271484,0.4742566144853234,1,0.06410259753465652,0.0961538776755333,0.018162470310926437,0.021367549896240234,0.03,0.024,gap_take_profit,1,0,18,2023-10-01
2023-10-06,8234,46.07841110229492,0.4742566144853234,0,0.01802755706012249,0.01802755706012249,-0.06044541671872139,-0.06044541671872139,-0.02,-0.026000000000000002,stop_loss,0,1,18,2023-10-01
2023-10-06,8240,34.20838928222656,0.4742566144853234,0,0.015978805720806122,0.022636596113443375,-0.0599200613796711,-0.05858852341771126,-0.02,-0.026000000000000002,stop_loss,0,1,18,2023-10-01
2023-10-06,8249,30.142284393310547,0.4742566144853234,0,0.00854702852666378,0.00854702852666378,-0.003418796230107546,-0.0017094598151743412,-0.0017094598151743412,-0.007709459815174341,close,0,0,18,2023-10-01
2023-10-06,8255,166.56234741210938,0.4742566144853234,0,0.011730242520570755,0.011730242520570755,-0.020527822896838188,-0.01759527251124382,-0.02,-0.026000000000000002,stop_loss,0,1,18,2023-10-01
2023-10-06,8131,35.606651306152344,0.4742566144853234,1,-0.001300386618822813,0.010403044521808624,-0.001300386618822813,0.009102674201130867,0.009102674201130867,0.003102674201130867,close,0,0,18,2023-10-01
2023-10-11,9958,169.6035614013672,0.4763887357879514,1,-1.3584818603362692e-08,0.02325580082833767,-0.002906990237534046,0.020348822697997093,0.020348822697997093,0.014348822697997093,close,0,0,18,2023-10-01
2023-10-11,9946,15.782981872558594,0.4763887357879514,1,4.8595872215173586e-08,0.02484474517405033,4.8595872215173586e-08,0.02484474517405033,0.02484474517405033,0.018844745174050333,close,0,0,18,2023-10-01
2023-10-11,9939,96.32732391357422,0.4763887357879514,0,0.0,0.009661835618317127,-0.004830917809158564,0.0,0.0,-0.006,close,0,0,18,2023-10-01
2023-10-11,1103,17.184993743896484,0.4763887357879514,0,-0.0027248580008745193,0.005449612159281969,-0.010899224318563938,0.0,0.0,-0.006,close,0,0,18,2023-10-01
2023-10-11,1104,22.356307983398438,0.4763887357879514,1,0.011764658614993095,0.021568583324551582,0.003921564668416977,0.017646998167037964,0.017646998167037964,0.011646998167037964,close,0,0,18,2023-10-01
2023-10-11,8390,46.855133056640625,0.4763887357879514,1,0.005964148323982954,0.02385682240128517,-0.005964250303804874,0.001988065894693136,0.001988065894693136,-0.004011934105306864,close,0,0,18,2023-10-01
2023-10-11,8404,19.258920669555664,0.4763887357879514,1,0.002386608859524131,0.016706477850675583,0.002386608859524131,0.016706477850675583,0.016706477850675583,0.010706477850675583,close,0,0,18,2023-10-01
2023-10-11,8415,30.711265563964844,0.4763887357879514,0,6.096345117612145e-08,0.001490351278334856,-0.004470810294151306,-0.0014902293914929032,-0.0014902293914929032,-0.007490229391492903,close,0,0,18,2023-10-01
2023-10-11,8436,164.5297088623047,0.4763887357879514,1,-6.444772537861354e-08,0.03188399225473404,-6.444772537861354e-08,0.026086891070008278,0.03,0.024,take_profit,1,0,18,2023-10-01
2023-10-11,8438,23.496356964111328,0.4763887357879514,1,0.031936097890138626,0.031936097890138626,0.02395203709602356,0.027944067493081093,0.03,0.024,gap_take_profit,1,0,18,2023-10-01
2023-10-11,8261,78.31461334228516,0.4763887357879514,1,0.0047619035467505455,0.04166664555668831,0.00119043851736933,0.04166664555668831,0.03,0.024,take_profit,1,0,18,2023-10-01
2023-10-11,8271,56.61976623535156,0.4763887357879514,1,0.01515145506709814,0.025252502411603928,0.008417487144470215,0.018518470227718353,0.018518470227718353,0.012518470227718353,close,0,0,18,2023-10-01
2023-10-11,8289,29.873403549194336,0.4763887357879514,0,-0.012738896533846855,-0.006369445938616991,-0.02388540469110012,-0.012738896533846855,-0.02,-0.026000000000000002,stop_loss,0,1,18,2023-10-01
2023-10-11,8299,434.0994567871094,0.4763887357879514,1,0.009635945782065392,0.011777273379266262,-0.016059985384345055,0.006423954851925373,0.006423954851925373,0.00042395485192537295,close,0,0,18,2023-10-01
2023-10-11,8341,101.8843765258789,0.4763887357879514,1,1.72296861222776e-08,0.013452932238578796,-0.004484287928789854,0.013452932238578796,0.013452932238578796,0.007452932238578796,close,0,0,18,2023-10-01
2023-10-11,8358,64.58533477783203,0.4763887357879514,1,0.013392851687967777,0.03720235452055931,-2.833142787039833e-08,0.02232140116393566,0.03,0.024,take_profit,1,0,18,2023-10-01
2023-10-11,8374,29.228572845458984,0.4763887357879514,1,-0.02886252850294113,0.006791092921048403,-0.02886252850294113,0.006791092921048403,-0.02886252850294113,-0.03486252850294113,gap_stop,0,1,18,2023-10-01
2023-10-11,8383,34.05665588378906,0.4763887357879514,0,0.0026737558655440807,0.0053475117310881615,-0.0013369799125939608,0.0,0.0,-0.006,close,0,0,18,2023-10-01
2023-10-11,8213,39.914794921875,0.4763887357879514,1,-0.0035128716845065355,0.011709647253155708,-0.0035128716845065355,0.011709647253155708,0.011709647253155708,0.005709647253155708,close,0,0,18,2023-10-01
2023-10-11,8215,32.743953704833984,0.4763887357879514,1,0.008608335629105568,0.02295553684234619,0.004304131027311087,0.02152073010802269,0.02152073010802269,0.01552073010802269,close,0,0,18,2023-10-01
2023-10-12,1101,31.46358299255371,0.4666824076517453,1,0.005934816785156727,0.013353214599192142,7.58804503675492e-08,0.002967389766126871,0.002967389766126871,-0.003032610233873129,close,0,0,18,2023-10-01
2023-10-12,1102,36.49912643432617,0.4666824076517453,1,-0.0024661195930093527,0.0012329606106504798,-0.006165293976664543,0.0012329606106504798,0.0012329606106504798,-0.00476703938934952,close,0,0,18,2023-10-01
2023-10-12,1103,17.184993743896484,0.4666824076517453,1,-0.002724827267229557,0.008174397051334381,-0.005449581425637007,0.0027247846592217684,0.0027247846592217684,-0.0032752153407782317,close,0,0,18,2023-10-01
2023-10-12,1104,22.750829696655273,0.4666824076517453,0,0.0,0.007707161828875542,-0.0019267529714852571,0.0,0.0,-0.006,close,0,0,18,2023-10-01
2023-10-12,1110,18.626155853271484,0.4666824076517453,0,0.0,0.010471143759787083,-0.002617860911414027,0.0,0.0,-0.006,close,0,0,18,2023-10-01
2023-10-12,1201,17.75967025756836,0.4666824076517453,0,6.800654261951422e-08,6.800654261951422e-08,-0.008064428344368935,-0.0026881657540798187,-0.0026881657540798187,-0.008688165754079819,close,0,0,18,2023-10-01
2023-10-12,1210,48.776283264160156,0.4666824076517453,0,0.0018797325901687145,0.007518816273659468,-0.007518764119595289,-0.007518764119595289,-0.007518764119595289,-0.01351876411959529,close,0,0,18,2023-10-01
2023-10-12,1215,86.26769256591797,0.4666824076517453,0,2.204712679088061e-08,0.0021186338271945715,-0.006355893798172474,-0.005296587944030762,-0.005296587944030762,-0.011296587944030762,close,0,0,18,2023-10-01
2023-10-12,1216,64.5838851928711,0.4666824076517453,0,-0.00575538445264101,-0.0014387936098501086,-0.010071865282952785,-0.00719421124085784,-0.00719421124085784,-0.01319421124085784,close,0,0,18,2023-10-01
2023-10-12,1217,11.923060417175293,0.4666824076517453,0,-2.6605986747085808e-08,0.007968055084347725,-0.011952263303101063,-0.011952263303101063,-0.011952263303101063,-0.01795226330310106,close,0,0,18,2023-10-01
2023-10-12,1218,20.581295013427734,0.4666824076517453,0,-0.009111649356782436,-0.002277953550219536,-0.018223300576210022,-0.018223300576210022,-0.018223300576210022,-0.02422330057621002,close,0,0,18,2023-10-01
2023-10-12,1219,18.014108657836914,0.4666824076517453,0,1.4573490858538207e-08,0.002538098255172372,-0.005076152738183737,-0.002538069151341915,-0.002538069151341915,-0.008538069151341915,close,0,0,18,2023-10-01
2023-10-12,1225,54.720001220703125,0.4666824076517453,0,-0.030797146260738373,0.009057937189936638,-0.030797146260738373,-0.019927609711885452,-0.030797146260738373,-0.03679714626073837,gap_stop,0,1,18,2023-10-01
2023-10-12,1227,35.11817169189453,0.4666824076517453,0,-0.0013208810705691576,1.029034493171821e-07,-0.011888854205608368,-0.010567869991064072,-0.010567869991064072,-0.01656786999106407,close,0,0,18,2023-10-01
2023-10-12,1229,51.91338348388672,0.4666824076517453,0,-0.0032362339552491903,-2.366654427987669e-08,-0.009708724915981293,-0.00809058453887701,-0.00809058453887701,-0.01409058453887701,close,0,0,18,2023-10-01
2023-10-12,1231,69.64266204833984,0.4666824076517453,1,-3.193703079773513e-08,0.0034601553343236446,-0.00807387288659811,0.0034601553343236446,0.0034601553343236446,-0.0025398446656763555,close,0,0,18,2023-10-01
2023-10-12,1301,78.24798583984375,0.4666824076517453,0,-0.0037173661403357983,-0.0024782277178019285,-0.009913153946399689,-0.0024782277178019285,-0.0024782277178019285,-0.008478227717801929,close,0,0,18,2023-10-01
2023-10-12,1303,65.16336822509766,0.4666824076517453,0,-0.0132937952876091,-0.010339630767703056,-0.025110680609941483,-0.020679321140050888,-0.02,-0.026000000000000002,stop_loss,0,1,18,2023-10-01
2023-10-12,1304,19.644248962402344,0.4666824076517453,0,-0.012224988080561161,-0.0024450942873954773,-0.012224988080561161,-0.00978003814816475,-0.00978003814816475,-0.015780038148164748,close,0,0,18,2023-10-01
2023-10-12,1305,22.26956558227539,0.4666824076517453,0,8.248377270092533e-08,0.002173962537199259,-0.008695603348314762,-0.004347760695964098,-0.004347760695964098,-0.010347760695964098,close,0,0,18,2023-10-01
2023-10-13,1101,31.556947708129883,0.4491640940894482,0,-3.8679903724414544e-08,0.002958608791232109,-0.005917220842093229,-0.005917220842093229,-0.005917220842093229,-0.01191722084209323,close,0,0,18,2023-10-01
2023-10-13,1102,36.54412841796875,0.4491640940894482,1,-0.0036944386083632708,0.0024631975684314966,-0.006157549563795328,0.0024631975684314966,0.0024631975684314966,-0.0035368024315685035,close,0,0,18,2023-10-01
2023-10-13,1103,17.23181915283203,0.4491640940894482,0,-6.855920986481578e-08,-6.855920986481578e-08,-0.008152221329510212,-0.005434871651232243,-0.005434871651232243,-0.011434871651232243,close,0,0,18,2023-10-01
2023-10-13,1104,22.750829696655273,0.4491640940894482,0,-0.005780309904366732,-0.0019267291063442826,-0.00963389128446579,-0.0019267291063442826,-0.0019267291063442826,-0.007926729106344283,close,0,0,18,2023-10-01
2023-10-13,1110,18.626155853271484,0.4491640940894482,0,-0.005235592368990183,-0.005235592368990183,-0.01570683717727661,-0.01308897603303194,-0.01308897603303194,-0.01908897603303194,close,0,0,18,2023-10-01
2023-10-13,1201,17.711929321289062,0.4491640940894482,0,0.0,0.0026954796630889177,-0.0053907535038888454,0.0,0.0,-0.006,close,0,0,18,2023-10-01
2023-10-13,1210,48.4095458984375,0.4491640940894482,0,-1.0810965278551521e-07,-1.0810965278551521e-07,-0.0075758215971291065,-0.005681911483407021,-0.005681911483407021,-0.01168191148340702,close,0,0,18,2023-10-01
2023-10-13,1215,85.8107681274414,0.4491640940894482,1,1.458873910564762e-09,0.010649628937244415,-0.0031949190888553858,0.007454707752913237,0.007454707752913237,0.0014547077529132365,close,0,0,18,2023-10-01
2023-10-13,1216,64.11925506591797,0.4491640940894482,0,0.0,0.001449253293685615,-0.005797123536467552,0.0,0.0,-0.006,close,0,0,18,2023-10-01
2023-10-13,1217,11.780552864074707,0.4491640940894482,0,4.989835389324071e-08,4.989835389324071e-08,-0.016128968447446823,-0.016128968447446823,-0.016128968447446823,-0.02212896844744682,close,0,0,18,2023-10-01
2023-10-13,1218,20.206235885620117,0.4491640940894482,0,0.002320240717381239,0.002320240717381239,-0.03248254582285881,-0.030162394046783447,-0.02,-0.026000000000000002,stop_loss,0,1,18,2023-10-01
2023-10-13,1219,17.968387603759766,0.4491640940894482,0,1.4647845603121823e-08,0.0025445567443966866,-0.005089069250971079,-0.002544527407735586,-0.002544527407735586,-0.008544527407735586,close,0,0,18,2023-10-01
2023-10-13,1225,53.62956237792969,0.4491640940894482,1,0.0073937405832111835,0.022181157022714615,-3.0412754536968123e-09,0.001848468091338873,0.001848468091338873,-0.004151531908661127,close,0,0,18,2023-10-01
2023-10-13,1227,34.747047424316406,0.4491640940894482,1,0.0013349977089092135,0.013351038098335266,0.0013349977089092135,0.01201594527810812,0.01201594527810812,0.00601594527810812,close,0,0,18,2023-10-01
2023-10-13,1229,51.49337387084961,0.4491640940894482,0,6.19295192905156e-08,6.19295192905156e-08,-0.004893954377621412,-0.003262615529820323,-0.003262615529820323,-0.009262615529820323,close,0,0,18,2023-10-01
2023-10-13,1231,69.88363647460938,0.4491640940894482,0,2.024352063756396e-08,0.01149427704513073,-0.00574710825458169,-0.002298852428793907,-0.002298852428793907,-0.008298852428793907,close,0,0,18,2023-10-01
2023-10-13,1301,78.05406951904297,0.4491640940894482,0,-0.006211130879819393,-0.001242167316377163,-0.008695565164089203,-0.002484384458512068,-0.002484384458512068,-0.008484384458512068,close,0,0,18,2023-10-01
2023-10-13,1303,63.815834045410156,0.4491640940894482,0,-0.0075415656901896,-0.003016748698428273,-0.012066498398780823,-0.003016748698428273,-0.003016748698428273,-0.009016748698428273,close,0,0,18,2023-10-01
2023-10-13,1304,19.45212745666504,0.4491640940894482,1,-0.0024690476711839437,0.009876632131636143,-0.012345628812909126,0.009876632131636143,0.009876632131636143,0.0038766321316361426,close,0,0,18,2023-10-01
2023-10-13,1305,22.17274284362793,0.4491640940894482,1,-6.790534712308727e-08,0.02620082162320614,-0.013100470416247845,0.02620082162320614,0.02620082162320614,0.02020082162320614,close,0,0,18,2023-10-01
2023-10-16,2207,603.4450073242188,0.47071257242686737,0,0.009302313439548016,0.009302313439548016,-0.007751950528472662,-0.0031007875222712755,-0.0031007875222712755,-0.009100787522271276,close,0,0,18,2023-10-01
2023-10-16,9908,30.56829261779785,0.47071257242686737,0,4.256862951024232e-08,4.256862951024232e-08,-0.0030302144587039948,-0.0030302144587039948,-0.0030302144587039948,-0.009030214458703995,close,0,0,18,2023-10-01
2023-10-16,6517,65.34672546386719,0.47071257242686737,0,0.013196484185755253,0.013196484185755253,-0.02492666244506836,-0.02492666244506836,-0.02,-0.026000000000000002,stop_loss,0,1,18,2023-10-01
2023-10-16,6024,42.36697769165039,0.47071257242686737,0,0.0010514756431803107,0.0031545732636004686,-0.00630916515365243,-0.0021030502393841743,-0.0021030502393841743,-0.008103050239384174,close,0,0,18,2023-10-01
2023-10-16,2032,15.673321723937988,0.47071257242686737,0,0.0031055426225066185,0.006211203522980213,-0.006211203522980213,0.0,0.0,-0.006,close,0,0,18,2023-10-01
2023-10-16,1560,158.41458129882812,0.47071257242686737,1,0.009259325452148914,0.024691425263881683,0.0030864854343235493,0.009259325452148914,0.009259325452148914,0.003259325452148914,close,0,0,18,2023-10-01
2023-10-16,6026,9.78816032409668,0.47071257242686737,1,0.004291951190680265,0.012875676155090332,8.890045677389935e-08,0.004291951190680265,0.004291951190680265,-0.0017080488093197347,close,0,0,18,2023-10-01
2023-10-16,2038,17.299999237060547,0.47071257242686737,0,0.0,0.00578036904335022,-0.011560628190636635,-0.011560628190636635,-0.011560628190636635,-0.017560628190636633,close,0,0,18,2023-10-01
2023-10-16,2049,201.68170166015625,0.47071257242686737,0,0.0024213914293795824,0.004842699039727449,-0.01210645493119955,-0.01210645493119955,-0.01210645493119955,-0.01810645493119955,close,0,0,18,2023-10-01
2023-10-16,5534,70.76984405517578,0.47071257242686737,1,0.00135123694781214,0.002702567493543029,-0.00270275492221117,0.00135123694781214,0.00135123694781214,-0.00464876305218786,close,0,0,18,2023-10-01
2023-10-16,5475,12.449999809265137,0.47071257242686737,0,0.0040160794742405415,0.02811248041689396,0.0,0.0,0.0,-0.006,close,0,0,18,2023-10-01
2023-10-16,2483,23.762025833129883,0.47071257242686737,1,0.008196786977350712,0.008196786977350712,-0.006147491279989481,0.0020492617040872574,0.0020492617040872574,-0.003950738295912743,close,0,0,18,2023-10-01
2023-10-16,1449,13.008279800415039,0.47071257242686737,0,0.00350880715996027,0.017543889582157135,-0.010526275262236595,0.0,0.0,-0.006,close,0,0,18,2023-10-01
2023-10-16,3227,124.86740112304688,0.47071257242686737,1,0.011718722991645336,0.04296872392296791,0.003906223690137267,0.015624972991645336,0.03,0.024,take_profit,1,0,18,2023-10-01
2023-10-16,6834,25.05542755126953,0.47071257242686737,0,-0.009823180735111237,0.0019646084401756525,-0.013752467930316925,-0.013752467930316925,-0.013752467930316925,-0.019752467930316923,close,0,0,18,2023-10-01
2023-10-16,1903,56.5,0.47071257242686737,0,0.0017698844894766808,0.007079672999680042,-0.023008836433291435,-0.02123895101249218,-0.02,-0.026000000000000002,stop_loss,0,1,18,2023-10-01
2023-10-16,6015,9.628049850463867,0.47071257242686737,0,0.004854387138038874,0.00970868207514286,-0.004854387138038874,0.0,0.0,-0.006,close,0,0,18,2023-10-01
2023-10-16,3230,8.789029121398926,0.47071257242686737,0,-1.8326192119388907e-08,-1.8326192119388907e-08,-0.016949234530329704,-0.010169526562094688,-0.010169526562094688,-0.016169526562094687,close,0,0,18,2023-10-01
2023-10-16,1907,30.071577072143555,0.47071257242686737,0,2.9029722625750765e-08,0.0015600677579641342,-0.028081083670258522,-0.012480459176003933,-0.02,-0.026000000000000002,stop_loss,0,1,18,2023-10-01
2023-10-16,6693,61.28121566772461,0.47071257242686737,0,0.0,0.0,-0.017107345163822174,0.0,0.0,-0.006,close,0,0,18,2023-10-01
2023-10-17,9945,32.353363037109375,0.4764491333829066,0,-0.0014430776936933398,0.0028859705198556185,-0.017316071316599846,-0.01587309129536152,-0.01587309129536152,-0.021873091295361517,close,0,0,18,2023-10-01
2023-10-17,1101,31.230173110961914,0.4764491333829066,0,-0.02391621470451355,-0.02092672325670719,-0.034379661083221436,-0.02989530935883522,-0.02391621470451355,-0.029916214704513548,gap_stop,0,1,18,2023-10-01
2023-10-17,1102,36.54412841796875,0.4764491333829066,0,3.3393834364403574e-09,3.3393834364403574e-09,-0.03817731887102127,-0.03817731887102127,-0.02,-0.026000000000000002,stop_loss,0,1,18,2023-10-01
2023-10-17,1103,17.044517517089844,0.4764491333829066,0,0.005494383163750172,0.005494383163750172,-0.005494564305990934,-0.002747353632003069,-0.002747353632003069,-0.008747353632003069,close,0,0,18,2023-10-01
2023-10-17,1104,22.48781394958496,0.4764491333829066,1,2.8048113165368704e-08,0.013645271770656109,-0.009746563620865345,0.013645271770656109,0.013645271770656109,0.007645271770656109,close,0,0,18,2023-10-01
2023-10-17,1110,18.284839630126953,0.4764491333829066,0,0.002666624030098319,0.002666624030098319,-0.018666688352823257,-0.007999981753528118,-0.007999981753528118,-0.013999981753528118,close,0,0,18,2023-10-01
2023-10-17,9941,176.0624542236328,0.4764491333829066,0,-2.421924705231504e-08,-2.421924705231504e-08,-0.008174411021173,-0.00544961541891098,-0.00544961541891098,-0.01144961541891098,close,0,0,18,2023-10-01
2023-10-17,8436,165.48348999023438,0.4764491333829066,0,7.73786581476088e-08,0.002881922060623765,-0.014409145340323448,-0.014409145340323448,-0.014409145340323448,-0.020409145340323447,close,0,0,18,2023-10-01
2023-10-17,8438,23.35565948486328,0.4764491333829066,1,4.64335059291443e-08,0.008032206445932388,-0.014056194573640823,0.006024127826094627,0.006024127826094627,2.4127826094627255e-05,close,0,0,18,2023-10-01
2023-10-17,8454,439.85894775390625,0.4764491333829066,0,4.856242696860136e-08,4.856242696860136e-08,-0.020912501960992813,-0.019011331722140312,-0.02,-0.026000000000000002,stop_loss,0,1,18,2023-10-01
2023-10-17,8464,280.3976135253906,0.4764491333829066,0,0.006666666828095913,0.006666666828095913,-0.0016666667070239782,0.0,0.0,-0.006,close,0,0,18,2023-10-01
2023-10-17,8358,64.58533477783203,0.4764491333829066,0,0.008928605355322361,0.008928605355322361,-0.0520833320915699,-0.047619059681892395,-0.02,-0.026000000000000002,stop_loss,0,1,18,2023-10-01
2023-10-17,8374,28.63308334350586,0.4764491333829066,0,-0.010398606769740582,-0.0051992470398545265,-0.013864758424460888,-0.0051992470398545265,-0.0051992470398545265,-0.011199247039854527,close,0,0,18,2023-10-01
2023-10-17,8383,33.82900619506836,0.4764491333829066,0,0.0013458563480526209,0.009421205148100853,-0.005383618175983429,-0.004037743899971247,-0.004037743899971247,-0.010037743899971247,close,0,0,18,2023-10-01
2023-10-17,8390,46.855133056640625,0.4764491333829066,1,0.0159045048058033,0.02783297933638096,-0.005964250303804874,0.001988065894693136,0.001988065894693136,-0.004011934105306864,close,0,0,18,2023-10-01
2023-10-17,8222,45.796077728271484,0.4764491333829066,0,-0.002136691240593791,-0.002136691240593791,-0.03846149519085884,-0.03632477670907974,-0.02,-0.026000000000000002,stop_loss,0,1,18,2023-10-01
2023-10-17,8227,215.67242431640625,0.4764491333829066,0,-0.013636384159326553,0.011363615281879902,-0.05000001937150955,-0.009090929292142391,-0.02,-0.026000000000000002,stop_loss,0,1,18,2023-10-01
2023-10-17,8234,41.72954559326172,0.4764491333829066,0,4.8339028779764703e-08,4.8339028779764703e-08,-0.026932071894407272,-0.01639341190457344,-0.02,-0.026000000000000002,stop_loss,0,1,18,2023-10-01
2023-10-17,8240,33.29738235473633,0.4764491333829066,0,0.03556767851114273,0.03556767851114273,-0.023255787789821625,-0.023255787789821625,0.03,0.024,gap_take_profit,1,1,18,2023-10-01
2023-10-17,8249,29.781606674194336,0.4764491333829066,0,0.012110737152397633,0.012110737152397633,-0.006920450832694769,-0.0034601972438395023,-0.0034601972438395023,-0.009460197243839502,close,0,0,18,2023-10-01
2023-10-18,2059,799.88916015625,0.451329801968012,0,-4.360257932489731e-09,0.01730531081557274,-0.004944379907101393,-0.004944379907101393,-0.004944379907101393,-0.010944379907101393,close,0,0,18,2023-10-01
2023-10-18,2308,306.2522888183594,0.451329801968012,0,-0.012598425149917603,0.0031496062874794006,-0.022047244012355804,0.0,-0.02,-0.026000000000000002,stop_loss,0,1,18,2023-10-01
2023-10-18,2312,13.362089157104492,0.451329801968012,1,2.450840774770313e-08,0.03571430966258049,2.450840774770313e-08,0.02857142686843872,0.03,0.024,take_profit,1,0,18,2023-10-01
2023-10-18,2313,49.00795364379883,0.451329801968012,1,-0.003838746342808008,0.013435682281851768,-0.013435674831271172,0.0038387528620660305,0.0038387528620660305,-0.0021612471379339696,close,0,0,18,2023-10-01
2023-10-18,3498,31.049999237060547,0.451329801968012,1,0.0,0.014492778107523918,-0.009661811403930187,0.004830967169255018,0.004830967169255018,-0.0011690328307449819,close,0,0,18,2023-10-01
2023-10-18,2316,32.30982971191406,0.451329801968012,1,-0.006079082377254963,0.018237002193927765,-0.015197599306702614,0.009118485264480114,0.009118485264480114,0.003118485264480114,close,0,0,18,2023-10-01
2023-10-18,2317,99.2576675415039,0.451329801968012,0,-0.004739399533718824,-6.312546219078286e-08,-0.023696744814515114,-0.018957408145070076,-0.02,-0.026000000000000002,stop_loss,0,1,18,2023-10-01
2023-10-18,3605,28.299999237060547,0.451329801968012,1,0.0,0.014134329743683338,0.0,0.0035335824359208345,0.0035335824359208345,-0.0024664175640791656,close,0,0,18,2023-10-01
2023-10-18,2324,26.967330932617188,0.451329801968012,1,-0.006908496841788292,0.01899823732674122,-0.006908496841788292,0.010362659581005573,0.010362659581005573,0.004362659581005573,close,0,0,18,2023-10-01
2023-10-18,2327,86.1087646484375,0.451329801968012,0,-0.005454538855701685,0.0036363459657877684,-0.014545423910021782,-0.0018181982450187206,-0.0018181982450187206,-0.00781819824501872,close,0,0,18,2023-10-01
2023-10-18,2328,34.015628814697266,0.451329801968012,0,-0.00965522974729538,-0.006896651815623045,-0.03172427788376808,-0.028965594246983528,-0.02,-0.026000000000000002,stop_loss,0,1,18,2023-10-01
2023-10-18,3390,15.954113960266113,0.451329801968012,0,0.008771907538175583,0.008771907538175583,-0.0029240434523671865,0.0,0.0,-0.006,close,0,0,18,2023-10-01
2023-10-18,3030,57.24153137207031,0.451329801968012,0,0.0,0.00660068541765213,-0.0016501399222761393,0.0,0.0,-0.006,close,0,0,18,2023-10-01
2023-10-18,2331,25.716550827026367,0.451329801968012,0,-0.005576151888817549,0.0018588212551549077,-0.018587319180369377,-0.009293638169765472,-0.009293638169765472,-0.015293638169765473,close,0,0,18,2023-10-01
2023-10-18,3229,14.350000381469727,0.451329801968012,0,-0.006968667730689049,0.0,-0.013937335461378098,0.0,0.0,-0.006,close,0,0,18,2023-10-01
2023-10-18,3032,57.269840240478516,0.451329801968012,0,-0.004846624098718166,0.019386008381843567,-0.02423267997801304,-0.003231078153476119,-0.02,-0.026000000000000002,stop_loss,0,1,18,2023-10-01
2023-10-18,3402,44.347591400146484,0.451329801968012,1,0.003083245363086462,0.00719425780698657,4.463962710588021e-08,0.004110978916287422,0.004110978916287422,-0.001889021083712578,close,0,0,18,2023-10-01
2023-10-18,3231,85.9145278930664,0.451329801968012,1,-0.0032967908773571253,0.01648346148431301,-0.021978074684739113,0.007692219689488411,-0.02,-0.026000000000000002,stop_loss,0,1,18,2023-10-01
2023-10-18,3501,44.37559127807617,0.451329801968012,0,-0.0010059725027531385,0.005030229687690735,-0.002012070268392563,-0.002012070268392563,-0.002012070268392563,-0.008012070268392563,close,0,0,18,2023-10-01
2023-10-18,3236,23.360774993896484,0.451329801968012,1,-4.248858687105894e-08,0.012448057532310486,-0.004149435553699732,0.012448057532310486,0.012448057532310486,0.006448057532310486,close,0,0,18,2023-10-01
2023-10-19,1101,29.783035278320312,0.4347268201819598,0,-0.006269553210586309,3.371307011335034e-09,-0.015673978254199028,-0.004702179227024317,-0.004702179227024317,-0.010702179227024317,close,0,0,18,2023-10-01
2023-10-19,1102,35.238983154296875,0.4347268201819598,0,-0.006385649088770151,4.7041176287621056e-08,-0.01404856238514185,-0.005108529236167669,-0.005108529236167669,-0.01110852923616767,close,0,0,18,2023-10-01
2023-10-19,1103,16.950864791870117,0.4347268201819598,0,-0.002762407995760441,-0.002762407995760441,-0.01933695189654827,-0.011049680411815643,-0.011049680411815643,-0.01704968041181564,close,0,0,18,2023-10-01
2023-10-19,1104,22.356307983398438,0.4347268201819598,0,0.007843000814318657,0.007843000814318657,-0.013725600205361843,-0.00784326158463955,-0.00784326158463955,-0.01384326158463955,close,0,0,18,2023-10-01
2023-10-19,1110,18.089799880981445,0.4347268201819598,0,-0.013477060943841934,-0.013477060943841934,-0.03773576021194458,-0.021563295274972916,-0.02,-0.026000000000000002,stop_loss,0,1,18,2023-10-01
2023-10-19,1201,17.855152130126953,0.4347268201819598,0,6.755362136345866e-08,6.755362136345866e-08,-0.01336891669780016,-0.002673790557309985,-0.002673790557309985,-0.008673790557309985,close,0,0,18,2023-10-01
2023-10-19,1210,47.492698669433594,0.4347268201819598,0,-0.003861077595502138,-0.003861077595502138,-0.01737453229725361,-0.011583040468394756,-0.011583040468394756,-0.017583040468394755,close,0,0,18,2023-10-01
2023-10-19,1215,85.17106628417969,0.4347268201819598,0,0.0010730373905971646,0.0010730373905971646,-0.01502138376235962,-0.006437741685658693,-0.006437741685658693,-0.012437741685658693,close,0,0,18,2023-10-01
2023-10-19,1216,63.7475471496582,0.4347268201819598,0,-0.013119488023221493,-0.008746265433728695,-0.016034895554184914,-0.01457719225436449,-0.01457719225436449,-0.02057719225436449,close,0,0,18,2023-10-01
2023-10-19,1217,11.495540618896484,0.4347268201819598,0,3.3641857299926414e-08,3.3641857299926414e-08,-0.028925618156790733,-0.024793369695544243,-0.02,-0.026000000000000002,stop_loss,0,1,18,2023-10-01
2023-10-19,1218,19.268590927124023,0.4347268201819598,0,3.326506359258019e-08,3.326506359258019e-08,-0.026763921603560448,-0.014598471112549305,-0.02,-0.026000000000000002,stop_loss,0,1,18,2023-10-01
2023-10-19,1219,17.465457916259766,0.4347268201819598,0,-0.002617890713736415,-0.002617890713736415,-0.02356029860675335,-0.02356029860675335,-0.02,-0.026000000000000002,stop_loss,0,1,18,2023-10-01
2023-10-19,1225,53.530433654785156,0.4347268201819598,1,-3.6722127561006346e-09,0.014814796857535839,-0.007407439406961203,0.001851819921284914,0.001851819921284914,-0.004148180078715086,close,0,0,18,2023-10-01
2023-10-19,1227,36.045997619628906,0.4347268201819598,0,-2.0892542806905112e-08,-2.0892542806905112e-08,-0.019305041059851646,-0.019305041059851646,-0.019305041059851646,-0.025305041059851645,close,0,0,18,2023-10-01
2023-10-19,1229,51.0733642578125,0.4347268201819598,0,-0.0016447543166577816,0.0016447543166577816,-0.013157892040908337,0.0,0.0,-0.006,close,0,0,18,2023-10-01
2023-10-19,1231,70.20494079589844,0.4347268201819598,1,0.0011441882234066725,0.01144171692430973,-0.008009111508727074,0.004576662555336952,0.004576662555336952,-0.001423337444663048,close,0,0,18,2023-10-01
2023-10-19,1301,76.89053344726562,0.4347268201819598,0,-0.003783118911087513,-0.001261089346371591,-0.01008828915655613,-0.008827274665236473,-0.008827274665236473,-0.014827274665236473,close,0,0,18,2023-10-01
2023-10-19,1303,62.757041931152344,0.4347268201819598,0,-0.013803569599986076,-0.006134857423603535,-0.018404843285679817,-0.012269850820302963,-0.012269850820302963,-0.01826985082030296,close,0,0,18,2023-10-01
2023-10-19,1304,18.68364906311035,0.4347268201819598,0,-0.002570767654106021,-0.002570767654106021,-0.030848361551761627,-0.017994891852140427,-0.02,-0.026000000000000002,stop_loss,0,1,18,2023-10-01
2023-10-19,1305,21.398149490356445,0.4347268201819598,0,-0.004524915013462305,-0.004524915013462305,-0.03167425096035004,-0.01809954084455967,-0.02,-0.026000000000000002,stop_loss,0,1,18,2023-10-01
2023-10-20,1101,29.642990112304688,0.44673983906438763,0,-0.0015747997676953673,0.004724376834928989,-0.006299257278442383,-0.003149638883769512,-0.003149638883769512,-0.009149638883769512,close,0,0,18,2023-10-01
2023-10-20,1102,35.058963775634766,0.44673983906438763,0,1.8253357936259818e-08,0.005134826060384512,-0.002567434683442116,-0.002567434683442116,-0.002567434683442116,-0.008567434683442116,close,0,0,18,2023-10-01
2023-10-20,1103,16.76356315612793,0.44673983906438763,1,-0.005586687941104174,0.011173151433467865,-0.008379941806197166,0.0027932850643992424,0.0027932850643992424,-0.0032067149356007577,close,0,0,18,2023-10-01
2023-10-20,1104,22.18096160888672,0.44673983906438763,0,2.4339193771538703e-08,0.005928864702582359,-0.003952561412006617,-0.0019762301817536354,-0.0019762301817536354,-0.007976230181753636,close,0,0,18,2023-10-01
2023-10-20,1110,17.699724197387695,0.44673983906438763,0,7.065534646244487e-08,7.065534646244487e-08,-0.02479325607419014,-0.011019150726497173,-0.02,-0.026000000000000002,stop_loss,0,1,18,2023-10-01
2023-10-20,1201,17.807411193847656,0.44673983906438763,0,-1.0932634353366666e-07,0.002680917037650943,-0.010723907500505447,-0.008042983710765839,-0.008042983710765839,-0.014042983710765839,close,0,0,18,2023-10-01
2023-10-20,1210,46.942588806152344,0.44673983906438763,1,0.003906275145709515,0.015624995343387127,1.0455373455897643e-08,0.007812465541064739,0.007812465541064739,0.001812465541064739,close,0,0,18,2023-10-01
2023-10-20,1215,84.62275695800781,0.44673983906438763,0,-0.008639282546937466,-0.008639282546937466,-0.023758089169859886,-0.01619872637093067,-0.02,-0.026000000000000002,stop_loss,0,1,18,2023-10-01
2023-10-20,1216,62.81828689575195,0.44673983906438763,1,-0.0014793124282732606,0.005917137023061514,-0.0029585796874016523,0.0014792223228141665,0.0014792223228141665,-0.004520777677185834,close,0,0,18,2023-10-01
2023-10-20,1217,11.210527420043945,0.44673983906438763,1,-7.04481735169793e-08,0.02118636853992939,-0.0042373742908239365,0.008474456146359444,0.008474456146359444,0.0024744561463594435,close,0,0,18,2023-10-01
2023-10-20,1218,18.9872989654541,0.44673983906438763,0,-0.0049382904544472694,0.009876580908894539,-0.0049382904544472694,0.0,0.0,-0.006,close,0,0,18,2023-10-01
2023-10-20,1219,17.053966522216797,0.44673983906438763,1,0.0053618294186890125,0.01608574390411377,-2.181679015222926e-08,0.0026808511465787888,0.0026808511465787888,-0.0033191488534212114,close,0,0,18,2023-10-01
2023-10-20,1225,53.62956237792969,0.44673983906438763,1,-0.0018484073225408792,0.0036968651693314314,-0.0018484073225408792,0.0036968651693314314,0.0036968651693314314,-0.0023031348306685687,close,0,0,18,2023-10-01
2023-10-20,1227,35.350128173828125,0.44673983906438763,0,-0.0026246316265314817,0.006561680231243372,-0.0026246316265314817,-0.0026246316265314817,-0.0026246316265314817,-0.008624631626531482,close,0,0,18,2023-10-01
2023-10-20,1229,51.0733642578125,0.44673983906438763,0,-1.2341137889393394e-08,0.00822368822991848,-0.00822371244430542,-0.003289520973339677,-0.003289520973339677,-0.009289520973339677,close,0,0,18,2023-10-01
2023-10-20,1231,70.5262451171875,0.44673983906438763,0,-9.418786817150249e-08,-9.418786817150249e-08,-0.014806455001235008,-0.013667544350028038,-0.013667544350028038,-0.019667544350028036,close,0,0,18,2023-10-01
2023-10-20,1301,76.21179962158203,0.44673983906438763,0,-0.0012722713872790337,-2.615240646264283e-08,-0.006361349485814571,-0.006361349485814571,-0.006361349485814571,-0.012361349485814572,close,0,0,18,2023-10-01
2023-10-20,1303,61.987022399902344,0.44673983906438763,0,-0.006211236584931612,-0.0015528041403740644,-0.013975211419165134,-0.01086960919201374,-0.01086960919201374,-0.01686960919201374,close,0,0,18,2023-10-01
2023-10-20,1304,18.34743881225586,0.44673983906438763,1,7.877858365645807e-08,0.02094246819615364,-0.002617782447487116,0.005235701333731413,0.005235701333731413,-0.0007642986662685872,close,0,0,18,2023-10-01
2023-10-20,1305,21.010852813720703,0.44673983906438763,0,-0.006912564393132925,0.011520683765411377,-0.011520789004862309,-0.006912564393132925,-0.006912564393132925,-0.012912564393132925,close,0,0,18,2023-10-01
2023-10-23,1301,75.72698974609375,0.4870168301599808,0,2.6445857059798072e-08,0.0025609047152101994,-0.0038411442656069994,-0.0038411442656069994,-0.0038411442656069994,-0.009841144265607,close,0,0,18,2023-10-01
2023-10-23,9958,170.58963012695312,0.4870168301599808,0,-8.840725485015355e-09,0.008670511655509472,-0.014450876042246819,-0.005780355539172888,-0.005780355539172888,-0.011780355539172888,close,0,0,18,2023-10-01
2023-10-23,1101,29.549625396728516,0.4870168301599808,0,0.003159573068842292,0.003159573068842292,-0.009478645399212837,-0.004739321302622557,-0.004739321302622557,-0.010739321302622557,close,0,0,18,2023-10-01
2023-10-23,1102,34.96895217895508,0.4870168301599808,1,2.1561440632922313e-08,0.01415711548179388,2.1561440632922313e-08,0.003861065022647381,0.003861065022647381,-0.0021389349773526193,close,0,0,18,2023-10-01
2023-10-23,8996,218.01010131835938,0.4870168301599808,1,0.004464351572096348,0.011160780675709248,-0.024553507566452026,0.008928637951612473,-0.02,-0.026000000000000002,stop_loss,0,1,18,2023-10-01
2023-10-23,9802,122.96978759765625,0.4870168301599808,1,0.0038461380172520876,0.03461536765098572,-0.011538476683199406,0.030769214034080505,0.03,0.024,take_profit,1,0,18,2023-10-01
2023-10-23,9902,11.487821578979492,0.4870168301599808,1,-6.5490750600361025e-09,0.012605084106326103,-6.5490750600361025e-09,0.012605084106326103,0.012605084106326103,0.006605084106326103,close,0,0,18,2023-10-01
2023-10-23,9904,26.813661575317383,0.4870168301599808,1,-0.0017211289377883077,0.00688472343608737,-0.0017211289377883077,0.00688472343608737,0.00688472343608737,0.0008847234360873698,close,0,0,18,2023-10-01
2023-10-23,8908,54.023521423339844,0.4870168301599808,1,-3.621543243070846e-08,0.018062325194478035,-3.621543243070846e-08,0.004926019348204136,0.004926019348204136,-0.0010739806517958642,close,0,0,18,2023-10-01
2023-10-23,9914,160.150634765625,0.4870168301599808,0,0.005882353987544775,0.008823530748486519,-0.011764705181121826,-0.0058823516592383385,-0.0058823516592383385,-0.011882351659238339,close,0,0,18,2023-10-01
2023-10-23,9917,104.81454467773438,0.4870168301599808,1,-3.403143722380264e-08,0.0131578603759408,-0.00438599893823266,0.0131578603759408,0.0131578603759408,0.0071578603759408,close,0,0,18,2023-10-01
2023-10-23,9919,18.47842788696289,0.4870168301599808,1,3.4828008921294895e-08,0.015831129625439644,3.4828008921294895e-08,0.0026385169476270676,0.0026385169476270676,-0.0033614830523729326,close,0,0,18,2023-10-01
2023-10-23,9921,162.0139923095703,0.4870168301599808,1,0.002958638360723853,0.01479295827448368,-0.0059171016328036785,0.008875798434019089,0.008875798434019089,0.0028757984340190886,close,0,0,18,2023-10-01
2023-10-23,9931,35.95756530761719,0.4870168301599808,0,0.002570685464888811,0.002570685464888811,-0.007712129969149828,-0.007712129969149828,-0.007712129969149828,-0.013712129969149828,close,0,0,18,2023-10-01
2023-10-23,8942,58.10007858276367,0.4870168301599808,1,-0.0013907728716731071,0.005563356913626194,-0.005563250742852688,0.0027817049995064735,0.0027817049995064735,-0.0032182950004935266,close,0,0,18,2023-10-01
2023-10-23,6854,89.0,0.4870168301599808,0,-0.002247156808152795,-0.002247156808152795,-0.033707864582538605,-0.033707864582538605,-0.02,-0.026000000000000002,stop_loss,0,1,18,2023-10-01
2023-10-23,9935,15.467512130737305,0.4870168301599808,1,-4.029998024179804e-08,0.0058650849387049675,-0.002932546893134713,0.0058650849387049675,0.0058650849387049675,-0.00013491506129503263,close,0,0,18,2023-10-01
2023-10-23,9938,57.432437896728516,0.4870168301599808,0,-0.0068609826266765594,0.003430586773902178,-0.01715261861681938,-0.0068609826266765594,-0.0068609826266765594,-0.01286098262667656,close,0,0,18,2023-10-01
2023-10-23,9940,25.396066665649414,0.4870168301599808,0,2.6176174561243215e-09,2.6176174561243215e-09,-0.0017543565481901169,-0.0017543565481901169,-0.0017543565481901169,-0.007754356548190117,close,0,0,18,2023-10-01
2023-10-23,9945,30.999469757080078,0.4870168301599808,1,3.4900274670235376e-08,0.013554275035858154,-0.0015059661818668246,0.010542158037424088,0.010542158037424088,0.004542158037424087,close,0,0,18,2023-10-01
2023-10-24,1217,11.400535583496094,0.4870168301599808,1,0.008333458565175533,0.008333458565175533,9.24673742019877e-08,0.00416677538305521,0.00416677538305521,-0.00183322461694479,close,0,0,18,2023-10-01
2023-10-24,2327,82.1947250366211,0.4870168301599808,0,0.005714260041713715,0.007619044277817011,-0.007619024254381657,-0.007619024254381657,-0.007619024254381657,-0.013619024254381657,close,0,0,18,2023-10-01
2023-10-24,9958,169.6035614013672,0.4870168301599808,0,0.0058139353059232235,0.029069749638438225,-0.011627924628555775,-0.011627924628555775,-0.011627924628555775,-0.017627924628555773,close,0,0,18,2023-10-01
2023-10-24,1101,29.40958023071289,0.4870168301599808,1,0.004761868622153997,0.011111099272966385,-2.4125050401835324e-08,0.0015872531803324819,0.0015872531803324819,-0.004412746819667518,close,0,0,18,2023-10-01
2023-10-24,1102,35.10396957397461,0.4870168301599808,0,0.005128184799104929,0.011538440361618996,-0.0012820714619010687,-0.0012820714619010687,-0.0012820714619010687,-0.007282071461901069,close,0,0,18,2023-10-01
2023-10-24,1103,16.716739654541016,0.4870168301599808,1,-1.2600588661371148e-07,0.01400547381490469,-1.2600588661371148e-07,0.008403212763369083,0.008403212763369083,0.0024032127633690833,close,0,0,18,2023-10-01
2023-10-24,3511,27.649999618530273,0.4870168301599808,1,0.016274891793727875,0.06329113990068436,0.005424940958619118,0.05063289776444435,0.03,0.024,take_profit,1,0,18,2023-10-01
2023-10-24,3372,14.550000190734863,0.4870168301599808,0,0.0034364392049610615,0.0034364392049610615,-0.03780069947242737,-0.024055007845163345,-0.02,-0.026000000000000002,stop_loss,0,1,18,2023-10-01
2023-10-24,3006,90.42523956298828,0.4870168301599808,0,0.004310323856770992,0.009698254987597466,-0.01939653977751732,-0.01939653977751732,-0.01939653977751732,-0.025396539777517317,close,0,0,18,2023-10-01
2023-10-24,1210,47.4010124206543,0.4870168301599808,1,0.0019341747974976897,0.009671147912740707,0.0019341747974976897,0.0038684550672769547,0.0038684550672769547,-0.0021315449327230455,close,0,0,18,2023-10-01
2023-10-24,2516,9.140000343322754,0.4870168301599808,1,0.0,0.008752726949751377,-0.015317323617637157,0.002188129583373666,0.002188129583373666,-0.0038118704166263343,close,0,0,18,2023-10-01
2023-10-24,8927,43.52084732055664,0.4870168301599808,0,0.0034245967399328947,0.0051369816064834595,-0.011986348778009415,-0.011986348778009415,-0.011986348778009415,-0.017986348778009413,close,0,0,18,2023-10-01
2023-10-24,3607,13.016433715820312,0.4870168301599808,0,0.0,0.010638270527124405,0.0,0.0,0.0,-0.006,close,0,0,18,2023-10-01
2023-10-24,2337,31.809837341308594,0.4870168301599808,0,-0.058642029762268066,-0.05555560067296028,-0.0941358432173729,-0.08487661182880402,-0.058642029762268066,-0.06464202976226807,gap_stop,0,1,18,2023-10-01
2023-10-24,2338,67.69087219238281,0.4870168301599808,1,0.010100878775119781,0.030302919447422028,0.005771831143647432,0.02597387135028839,0.03,0.024,take_profit,1,0,18,2023-10-01
2023-10-24,6937,180.4954833984375,0.4870168301599808,0,0.008174342103302479,0.008174342103302479,-0.0027248398400843143,-0.0027248398400843143,-0.0027248398400843143,-0.008724839840084314,close,0,0,18,2023-10-01
2023-10-24,3376,88.0975570678711,0.4870168301599808,1,0.009771954268217087,0.014115076512098312,0.002171553671360016,0.004343073349446058,0.004343073349446058,-0.0016569266505539419,close,0,0,18,2023-10-01
2023-10-24,2342,33.87242889404297,0.4870168301599808,1,-0.00436673779040575,0.020378489047288895,-0.00436673779040575,0.01310046762228012,0.01310046762228012,0.007100467622280121,close,0,0,18,2023-10-01
2023-10-24,3305,58.55229568481445,0.4870168301599808,0,0.00799998827278614,0.015999987721443176,-0.008000011555850506,-0.006400035694241524,-0.006400035694241524,-0.012400035694241524,close,0,0,18,2023-10-01
2023-10-24,3580,46.48843765258789,0.4870168301599808,1,0.010040267370641232,0.028112590312957764,0.0030121849849820137,0.01405634731054306,0.01405634731054306,0.00805634731054306,close,0,0,18,2023-10-01
2023-10-25,1101,29.456260681152344,0.43766687618519506,0,4.832680744470963e-08,0.0015848707407712936,-0.004754297900944948,-0.0031694755889475346,-0.0031694755889475346,-0.009169475588947535,close,0,0,18,2023-10-01
2023-10-25,1102,35.058963775634766,0.43766687618519506,1,-0.0012836667010560632,0.011553303338587284,-0.0025674421340227127,0.0038510430604219437,0.0038510430604219437,-0.0021489569395780565,close,0,0,18,2023-10-01
2023-10-25,1103,16.857213973999023,0.43766687618519506,0,-0.008333269506692886,4.3434937424535747e-08,-0.008333269506692886,-0.005555533338338137,-0.005555533338338137,-0.011555533338338137,close,0,0,18,2023-10-01
2023-10-25,1104,22.400142669677734,0.43766687618519506,0,-0.0039139785803854465,-0.0039139785803854465,-0.013698716647922993,-0.00978480651974678,-0.00978480651974678,-0.01578480651974678,close,0,0,18,2023-10-01
2023-10-25,1110,17.699724197387695,0.43766687618519506,0,-0.005509629379957914,-0.0027547453064471483,-0.01377407182008028,-0.005509629379957914,-0.005509629379957914,-0.011509629379957914,close,0,0,18,2023-10-01
2023-10-25,1201,17.855152130126953,0.43766687618519506,0,3.292480599270675e-08,3.292480599270675e-08,-0.010695194825530052,-0.00534758111461997,-0.00534758111461997,-0.01134758111461997,close,0,0,18,2023-10-01
2023-10-25,1210,47.584381103515625,0.43766687618519506,0,-0.0019268245669081807,1.741574218172559e-09,-0.011560735292732716,-0.009633908979594707,-0.009633908979594707,-0.015633908979594706,close,0,0,18,2023-10-01
2023-10-25,1215,84.16583251953125,0.43766687618519506,0,-0.0010858401656150818,-0.0010858401656150818,-0.011943602934479713,-0.006514721550047398,-0.006514721550047398,-0.012514721550047398,close,0,0,18,2023-10-01
2023-10-25,1216,62.81828689575195,0.43766687618519506,0,-0.004437788389623165,0.0014792813453823328,-0.011834238655865192,-0.004437788389623165,-0.004437788389623165,-0.010437788389623165,close,0,0,18,2023-10-01
2023-10-25,1217,11.448039054870605,0.43766687618519506,0,-0.00829881802201271,-0.00829881802201271,-0.016597526147961617,-0.016597526147961617,-0.016597526147961617,-0.022597526147961615,close,0,0,18,2023-10-01
2023-10-25,1218,19.409238815307617,0.43766687618519506,0,-0.004830893129110336,-0.004830893129110336,-0.026570061221718788,-0.02173912338912487,-0.02,-0.026000000000000002,stop_loss,0,1,18,2023-10-01
2023-10-25,1219,17.23685073852539,0.43766687618519506,0,-8.043369348342821e-08,0.0026524525601416826,-0.005305146332830191,-0.005305146332830191,-0.005305146332830191,-0.01130514633283019,close,0,0,18,2023-10-01
2023-10-25,1225,53.2330436706543,0.43766687618519506,1,0.0018621652852743864,0.0018621652852743864,-0.003724412526935339,0.0018621652852743864,0.0018621652852743864,-0.004137834714725614,close,0,0,18,2023-10-01
2023-10-25,1227,35.16456604003906,0.43766687618519506,0,-1.4823821281595428e-08,0.0013192262267693877,-0.010554144158959389,-0.009234903380274773,-0.009234903380274773,-0.015234903380274773,close,0,0,18,2023-10-01
2023-10-25,1229,51.40937423706055,0.43766687618519506,0,-0.0032680085860192776,0.004901941865682602,-0.006535946391522884,0.0,0.0,-0.006,close,0,0,18,2023-10-01
2023-10-25,1231,70.36558532714844,0.43766687618519506,0,-0.005707519594579935,1.4029797057446558e-07,-0.012556901201605797,-0.003424497786909342,-0.003424497786909342,-0.009424497786909342,close,0,0,18,2023-10-01
2023-10-25,1301,75.43611145019531,0.43766687618519506,0,-0.0025708323810249567,-0.0025708323810249567,-0.010282893665134907,-0.008997566998004913,-0.008997566998004913,-0.014997566998004913,close,0,0,18,2023-10-01
2023-10-25,1303,60.73572540283203,0.43766687618519506,0,-0.006339063867926598,4.45552998940002e-08,-0.009508647955954075,-0.009508647955954075,-0.009508647955954075,-0.015508647955954075,close,0,0,18,2023-10-01
2023-10-25,1304,18.779708862304688,0.43766687618519506,0,-0.0025575298350304365,-0.0025575298350304365,-0.017902759835124016,-0.015345253981649876,-0.015345253981649876,-0.021345253981649874,close,0,0,18,2023-10-01
2023-10-25,1305,21.252912521362305,0.43766687618519506,0,-0.00455583306029439,-7.329382434306808e-09,-0.015945354476571083,-0.009111658670008183,-0.009111658670008183,-0.015111658670008183,close,0,0,18,2023-10-01
2023-10-26,1101,29.362899780273438,0.4394462701414551,1,0.003179551102221012,0.01748800091445446,0.003179551102221012,0.01271853782236576,0.01271853782236576,0.006718537822365761,close,0,0,18,2023-10-01
2023-10-26,1102,35.19397735595703,0.4394462701414551,1,4.2742229311443225e-08,0.01406661793589592,-0.0012787102023139596,0.007672755513340235,0.007672755513340235,0.0016727555133402346,close,0,0,18,2023-10-01
2023-10-26,1103,16.76356315612793,0.4394462701414551,0,0.0,0.005586613435298204,0.0,0.0,0.0,-0.006,close,0,0,18,2023-10-01
2023-10-26,1104,22.18096160888672,0.4394462701414551,1,-1.516782965893526e-08,0.009881410747766495,-1.516782965893526e-08,0.0019763160962611437,0.0019763160962611437,-0.0040236839037388564,close,0,0,18,2023-10-01
2023-10-26,1110,17.602205276489258,0.4394462701414551,0,-3.594720254795902e-08,0.002770110499113798,-0.005540117621421814,-0.0027700767386704683,-0.0027700767386704683,-0.008770076738670468,close,0,0,18,2023-10-01
2023-10-26,1201,17.75967025756836,0.4394462701414551,0,-0.002688233507797122,0.005376364570111036,-0.005376364570111036,0.0,0.0,-0.006,close,0,0,18,2023-10-01
2023-10-26,1210,47.12595748901367,0.4394462701414551,1,-1.741574440217164e-09,0.011673119850456715,-1.741574440217164e-09,0.009727624244987965,0.009727624244987965,0.0037276242449879645,close,0,0,18,2023-10-01
2023-10-26,1215,83.61751556396484,0.4394462701414551,0,0.002185826189815998,0.005464548245072365,-0.004371534567326307,-0.0021856920793652534,-0.0021856920793652534,-0.008185692079365254,close,0,0,18,2023-10-01
2023-10-26,1216,62.539512634277344,0.4394462701414551,0,0.0,0.0044575841166079044,-0.002971836132928729,0.0,0.0,-0.006,close,0,0,18,2023-10-01
2023-10-26,1217,11.25802993774414,0.4394462701414551,1,0.0042192647233605385,0.00843868963420391,-7.954663061582323e-08,0.0042192647233605385,0.0042192647233605385,-0.0017807352766394616,close,0,0,18,2023-10-01
2023-10-26,1218,18.9872989654541,0.4394462701414551,1,0.007407396100461483,0.02222226746380329,7.35028704568208e-09,0.012345686554908752,0.012345686554908752,0.006345686554908752,close,0,0,18,2023-10-01
2023-10-26,1219,17.14540672302246,0.4394462701414551,1,0.0053334408439695835,0.00800012145191431,8.043370058885557e-08,0.0053334408439695835,0.0053334408439695835,-0.0006665591560304166,close,0,0,18,2023-10-01
2023-10-26,1225,53.33217239379883,0.4394462701414551,1,-1.0435615038772994e-08,0.0074349623173475266,-1.0435615038772994e-08,0.005576183553785086,0.005576183553785086,-0.00042381644621491445,close,0,0,18,2023-10-01
2023-10-26,1227,34.83982467651367,0.4394462701414551,1,0.003994721453636885,0.007989334873855114,7.122926248825934e-09,0.007989334873855114,0.007989334873855114,0.001989334873855114,close,0,0,18,2023-10-01
2023-10-26,1229,51.40937423706055,0.4394462701414551,1,-2.3612493293967418e-08,0.016339806839823723,-2.3612493293967418e-08,0.016339806839823723,0.016339806839823723,0.010339806839823723,close,0,0,18,2023-10-01
2023-10-26,1231,70.12461853027344,0.4394462701414551,1,0.004581816028803587,0.0068727885372936726,-1.2880673239124008e-07,0.0022908435203135014,0.0022908435203135014,-0.0037091564796864988,close,0,0,18,2023-10-01
2023-10-26,1301,74.75736999511719,0.4394462701414551,1,2.5159677008446124e-08,0.005188112612813711,2.5159677008446124e-08,0.0012970223324373364,0.0012970223324373364,-0.004702977667562664,close,0,0,18,2023-10-01
2023-10-26,1303,60.15821075439453,0.4394462701414551,0,-0.0016000166069716215,0.004799946676939726,-0.004800028633326292,-0.004800028633326292,-0.004800028633326292,-0.010800028633326292,close,0,0,18,2023-10-01
2023-10-26,1304,18.49152946472168,0.4394462701414551,0,1.4523270586153103e-08,0.010389665141701698,-0.00779217341914773,-0.0025973485317081213,-0.0025973485317081213,-0.008597348531708121,close,0,0,18,2023-10-01
2023-10-26,1305,21.059263229370117,0.4394462701414551,1,3.6814631343418114e-09,0.01839079149067402,-0.0022988119162619114,0.004597722552716732,0.004597722552716732,-0.001402277447283268,close,0,0,18,2023-10-01
2023-10-27,1101,29.736352920532227,0.4679715983907845,1,-0.0015698340721428394,0.007849294692277908,-0.00313966884277761,0.0047096251510083675,0.0047096251510083675,-0.0012903748489916326,close,0,0,18,2023-10-01
2023-10-27,1102,35.464012145996094,0.4679715983907845,1,0.003806976368650794,0.017766345292329788,0.003806976368650794,0.017766345292329788,0.017766345292329788,0.011766345292329788,close,0,0,18,2023-10-01
2023-10-27,1103,16.76356315612793,0.4679715983907845,0,0.008379867300391197,0.008379867300391197,-0.005586613435298204,0.0,0.0,-0.006,close,0,0,18,2023-10-01
2023-10-27,1104,22.22479820251465,0.4679715983907845,1,0.0019724795129150152,0.005917269736528397,1.2273081040348188e-07,0.003944836091250181,0.003944836091250181,-0.002055163908749819,close,0,0,18,2023-10-01
2023-10-27,1110,17.55344581604004,0.4679715983907845,0,0.008333312347531319,0.008333312347531319,-0.011111153289675713,0.0,0.0,-0.006,close,0,0,18,2023-10-01
2023-10-27,1201,17.75967025756836,0.4679715983907845,0,-0.0026881657540798187,6.800654261951422e-08,-0.005376297049224377,-0.0026881657540798187,-0.0026881657540798187,-0.008688165754079819,close,0,0,18,2023-10-01
2023-10-27,1210,47.584381103515625,0.4679715983907845,0,0.0019267969764769077,0.005780376493930817,-0.005780361592769623,-0.005780361592769623,-0.005780361592769623,-0.011780361592769623,close,0,0,18,2023-10-01
2023-10-27,1215,83.43475341796875,0.4679715983907845,0,-0.001095334067940712,0.0010952964657917619,-0.00547642819583416,-0.00547642819583416,-0.00547642819583416,-0.01147642819583416,close,0,0,18,2023-10-01
2023-10-27,1216,62.539512634277344,0.4679715983907845,1,0.0014858474023640156,0.008915267884731293,-0.0029718498699367046,0.004457570146769285,0.004457570146769285,-0.001542429853230715,close,0,0,18,2023-10-01
2023-10-27,1217,11.305530548095703,0.4679715983907845,0,7.044818062240665e-08,0.00420176750048995,-0.012604940682649612,-0.008403243497014046,-0.008403243497014046,-0.014403243497014046,close,0,0,18,2023-10-01
2023-10-27,1218,19.221710205078125,0.4679715983907845,0,0.007316995412111282,0.007316995412111282,-0.007317112758755684,-0.0024390455801039934,-0.0024390455801039934,-0.008439045580103994,close,0,0,18,2023-10-01
2023-10-27,1219,17.23685073852539,0.4679715983907845,0,0.002652533119544387,0.005305066239088774,-0.005305066239088774,0.0,0.0,-0.006,close,0,0,18,2023-10-01
2023-10-27,1225,53.62956237792969,0.4679715983907845,0,-0.00369678414426744,1.7249490724680072e-08,-0.009242127649486065,-0.009242127649486065,-0.009242127649486065,-0.015242127649486065,close,0,0,18,2023-10-01
2023-10-27,1227,35.11817169189453,0.4679715983907845,0,-0.005283833015710115,-0.001320880837738514,-0.011888853274285793,-0.011888853274285793,-0.011888853274285793,-0.01788885327428579,close,0,0,18,2023-10-01
2023-10-27,1229,52.249393463134766,0.4679715983907845,0,0.0016077341279014945,0.004823202267289162,-0.011253999546170235,0.0,0.0,-0.006,close,0,0,18,2023-10-01
2023-10-27,1231,70.28526306152344,0.4679715983907845,0,1.288067466020948e-07,1.288067466020948e-07,-0.009142711758613586,-0.002285607624799013,-0.002285607624799013,-0.008285607624799013,close,0,0,18,2023-10-01
2023-10-27,1301,74.85433197021484,0.4679715983907845,0,0.0025907328817993402,0.007772100158035755,-0.0012953170808032155,0.0,0.0,-0.006,close,0,0,18,2023-10-01
2023-10-27,1303,59.869449615478516,0.4679715983907845,0,0.0016076936153694987,0.0048231398686766624,-0.017684923484921455,-0.014469476416707039,-0.014469476416707039,-0.020469476416707037,close,0,0,18,2023-10-01
2023-10-27,1304,18.443500518798828,0.4679715983907845,1,0.010416591539978981,0.010416591539978981,-1.4523269697974683e-08,0.002604112261906266,0.002604112261906266,-0.003395887738093734,close,0,0,18,2023-10-01
2023-10-27,1305,21.15608787536621,0.4679715983907845,0,0.002288335934281349,0.002288335934281349,-0.011441607028245926,-0.006864930037409067,-0.006864930037409067,-0.012864930037409067,close,0,0,18,2023-10-01
2023-10-30,2405,16.20612335205078,0.476675436150154,0,0.018181834369897842,0.021212207153439522,-0.018181711435317993,-0.015151454135775566,-0.015151454135775566,-0.021151454135775564,close,0,0,18,2023-10-01
2023-10-30,6233,26.434444427490234,0.476675436150154,0,0.009242149069905281,0.020332764834165573,-0.048059117048978806,-0.04436224699020386,-0.02,-0.026000000000000002,stop_loss,0,1,18,2023-10-01
2023-10-30,8045,73.15181732177734,0.476675436150154,0,-0.002570801880210638,0.01928015425801277,-0.016709597781300545,-0.006426783744245768,-0.006426783744245768,-0.012426783744245768,close,0,0,18,2023-10-01
2023-10-30,6239,95.89768981933594,0.471352573050167,0,0.004739344585686922,0.004739344585686922,-0.009478664956986904,-0.004739328753203154,-0.004739328753203154,-0.010739328753203154,close,0,0,18,2023-10-01
2023-10-30,1611,14.834577560424805,0.471352573050167,0,-2.339455384969824e-08,0.009345866739749908,-0.018691565841436386,-0.015576288104057312,-0.015576288104057312,-0.02157628810405731,close,0,0,18,2023-10-01
2023-10-30,2467,42.26531219482422,0.471352573050167,0,3.377174451202336e-08,0.0022422377951443195,-0.005605347920209169,-0.005605347920209169,-0.005605347920209169,-0.01160534792020917,close,0,0,18,2023-10-01
2023-10-30,2820,12.949292182922363,0.471352573050167,0,-8.770017956294396e-08,-8.770017956294396e-08,-0.003496604273095727,-0.003496604273095727,-0.003496604273095727,-0.009496604273095727,close,0,0,18,2023-10-01
2023-10-30,6143,72.65363311767578,0.471352573050167,1,0.008749991655349731,0.04624999314546585,0.003750068135559559,0.012500029988586903,0.03,0.024,take_profit,1,0,18,2023-10-01
2023-10-30,2491,13.75,0.471352573050167,0,0.0,0.0,-0.0181818176060915,-0.010909062810242176,-0.010909062810242176,-0.016909062810242174,close,0,0,18,2023-10-01
2023-10-30,1201,17.711929321289062,0.471352573050167,0,0.008086192421615124,0.008086192421615124,-0.005390895530581474,-0.0026955190114676952,-0.0026955190114676952,-0.008695519011467695,close,0,0,18,2023-10-01
2023-10-30,2477,17.566280364990234,0.471352573050167,0,0.00262476596981287,0.00262476596981287,-0.0026245983317494392,-0.0026245983317494392,-0.0026245983317494392,-0.00862459833174944,close,0,0,18,2023-10-01
2023-10-30,2834,10.73048210144043,0.471352573050167,0,-4.064482439503081e-08,0.0038909432478249073,-0.007782183587551117,-0.007782183587551117,-0.007782183587551117,-0.013782183587551117,close,0,0,18,2023-10-01
2023-10-30,6525,59.016422271728516,0.471352573050167,0,0.003034847555682063,0.010622100904583931,-0.007587260566651821,-0.007587260566651821,-0.007587260566651821,-0.013587260566651821,close,0,0,18,2023-10-01
2023-10-30,2308,284.54937744140625,0.471352573050167,0,-8.195949163791738e-08,0.01186432410031557,-0.018644148483872414,-0.015254317782819271,-0.015254317782819271,-0.02125431778281927,close,0,0,18,2023-10-01
2023-10-30,6016,10.79796314239502,0.471352573050167,0,0.0038314731791615486,0.0038314731791615486,-0.007662805262953043,-0.007662805262953043,-0.007662805262953043,-0.013662805262953043,close,0,0,18,2023-10-01
2023-10-30,2204,79.11470031738281,0.471352573050167,0,0.005586615763604641,0.014525197446346283,-0.033519528806209564,-0.03128492832183838,-0.02,-0.026000000000000002,stop_loss,0,1,18,2023-10-01
2023-10-30,6781,598.1790161132812,0.471352573050167,0,0.0016208369052037597,0.01620754785835743,-0.008103637024760246,-0.006482891738414764,-0.006482891738414764,-0.012482891738414765,close,0,0,18,2023-10-01
2023-10-30,3324,290.447021484375,0.471352573050167,0,0.008403359912335873,0.013445376418530941,-0.05546218529343605,-0.043697480112314224,-0.02,-0.026000000000000002,stop_loss,0,1,18,2023-10-01
2023-10-30,6788,119.75836944580078,0.471352573050167,0,0.015325680375099182,0.015325680375099182,-0.034482747316360474,-0.030651330947875977,-0.02,-0.026000000000000002,stop_loss,0,1,18,2023-10-01
2023-10-30,2351,101.34168243408203,0.471352573050167,0,-2.5843718276519212e-08,-2.5843718276519212e-08,-0.06542058289051056,-0.06074768677353859,-0.02,-0.026000000000000002,stop_loss,0,1,18,2023-10-01
2023-10-31,9958,148.4031219482422,0.48175803534548234,0,-0.019933626055717468,-0.019933626055717468,-0.09966783970594406,-0.0465116985142231,-0.02,-0.026000000000000002,stop_loss,0,1,18,2023-10-01
2023-10-31,9955,26.100000381469727,0.48175803534548234,0,-0.034482743591070175,-0.0019157526548951864,-0.034482743591070175,-0.032567065209150314,-0.034482743591070175,-0.040482743591070174,gap_stop,0,1,18,2023-10-01
2023-10-31,1102,36.00407028198242,0.48175803534548234,0,0.0,0.0037500381004065275,-0.0037500381004065275,0.0,0.0,-0.006,close,0,0,18,2023-10-01
2023-10-31,1103,16.669910430908203,0.48175803534548234,1,0.002809123834595084,0.005618070252239704,7.049567329886486e-08,0.005618070252239704,0.005618070252239704,-0.000381929747760296,close,0,0,18,2023-10-01
2023-10-31,1104,22.22479820251465,0.48175803534548234,1,0.003944848198443651,0.05128217861056328,1.3479308336172835e-07,0.019724009558558464,0.03,0.024,take_profit,1,0,18,2023-10-01
2023-10-31,9945,30.252498626708984,0.48175803534548234,1,0.012345541268587112,0.01851840317249298,0.0015431207139045,0.006172679364681244,0.006172679364681244,0.00017267936468124377,close,0,0,18,2023-10-01
2023-10-31,1201,17.664186477661133,0.48175803534548234,0,0.0027027346659451723,0.0027027346659451723,-0.005405353382229805,-0.0027025886811316013,-0.0027025886811316013,-0.008702588681131601,close,0,0,18,2023-10-01
2023-10-31,1210,46.57584762573242,0.48175803534548234,1,0.00787402968853712,0.021653572097420692,0.005905480589717627,0.021653572097420692,0.021653572097420692,0.015653572097420694,close,0,0,18,2023-10-01
2023-10-31,1215,82.70366668701172,0.48175803534548234,1,0.0011049100430682302,0.01104967761784792,0.0011049100430682302,0.01104967761784792,0.01104967761784792,0.005049677617847919,close,0,0,18,2023-10-01
2023-10-31,8415,30.482419967651367,0.48175803534548234,0,0.0060060289688408375,0.0060060289688408375,-0.00300295720808208,0.0,0.0,-0.006,close,0,0,18,2023-10-01
2023-10-31,8422,155.40711975097656,0.48175803534548234,1,2.688086730984196e-08,0.005780373699963093,2.688086730984196e-08,0.0028902003541588783,0.0028902003541588783,-0.003109799645841122,close,0,0,18,2023-10-01
2023-10-31,8436,165.00660705566406,0.48175803534548234,1,0.011560606770217419,0.023121299222111702,0.002890086965635419,0.00578026007860899,0.00578026007860899,-0.0002197399213910104,close,0,0,18,2023-10-01
2023-10-31,8438,22.98046875,0.48175803534548234,1,0.006122419610619545,0.006122419610619545,-0.0020407987758517265,0.002040771534666419,0.002040771534666419,-0.003959228465333581,close,0,0,18,2023-10-01
2023-10-31,8454,445.7126159667969,0.48175803534548234,0,0.011256984435021877,0.01688552461564541,-0.01876179687678814,-0.01688559539616108,-0.01688559539616108,-0.022885595396161078,close,0,0,18,2023-10-01
2023-10-31,8289,26.924118041992188,0.48175803534548234,0,6.60929622142703e-09,0.01060075405985117,-0.010600673966109753,-0.007067090831696987,-0.007067090831696987,-0.013067090831696987,close,0,0,18,2023-10-01
2023-10-31,8299,432.70513916015625,0.48175803534548234,1,0.0085928775370121,0.026852812618017197,-0.0075188297778368,0.0021481947042047977,0.0021481947042047977,-0.0038518052957952024,close,0,0,18,2023-10-01
2023-10-31,8341,94.57428741455078,0.48175803534548234,1,0.014492814429104328,0.014492814429104328,5.97275047198309e-08,0.004830977879464626,0.004830977879464626,-0.0011690221205353738,close,0,0,18,2023-10-01
2023-10-31,8358,56.12773513793945,0.48175803534548234,1,0.013698602095246315,0.018835576251149178,-1.4189901698102858e-08,0.010273931547999382,0.010273931547999382,0.004273931547999382,close,0,0,18,2023-10-01
2023-10-31,8374,27.789474487304688,0.48175803534548234,1,0.008928537368774414,0.008928537368774414,0.007142850197851658,0.008928537368774414,0.008928537368774414,0.002928537368774414,close,0,0,18,2023-10-01
2023-10-31,8383,33.692413330078125,0.48175803534548234,1,0.012162279337644577,0.012162279337644577,0.0027027574833482504,0.005405522417277098,0.005405522417277098,-0.0005944775827229024,close,0,0,18,2023-10-01
2023-11-01,2605,19.531278610229492,0.7055990135333313,1,0.00470584724098444,0.01647055149078369,-5.2963095242830605e-08,0.014117557555437088,0.014117557555437088,0.008117557555437088,close,0,0,19,2023-11-01
2023-11-01,6166,55.06035232543945,0.7018386363725393,1,0.014134392142295837,0.028268655762076378,0.005300469230860472,0.01766790822148323,0.01766790822148323,0.01166790822148323,close,0,0,19,2023-11-01
2023-11-01,8289,26.733842849731445,0.7000200031131879,1,0.005338046699762344,0.026690373197197914,0.005338046699762344,0.024910973384976387,0.024910973384976387,0.01891097338497639,close,0,0,19,2023-11-01
2023-11-01,3709,24.339521408081055,0.7000096482198779,1,0.019417455419898033,0.04077664762735367,0.00970871839672327,0.02912619337439537,0.03,0.024,take_profit,1,0,19,2023-11-01
2023-11-01,4510,13.803549766540527,0.6913086774813868,1,0.0069445157423615456,0.02430562861263752,0.0069445157423615456,0.020833391696214676,0.020833391696214676,0.014833391696214676,close,0,0,19,2023-11-01
2023-11-01,3694,29.38421058654785,0.6912725668970996,1,0.012966008856892586,0.029173465445637703,0.011345287784934044,0.017828233540058136,0.017828233540058136,0.011828233540058136,close,0,0,19,2023-11-01
2023-11-01,3257,62.64524841308594,0.6907222048688322,1,0.023564068600535393,0.039764340966939926,0.016200298443436623,0.02945510670542717,0.03,0.024,take_profit,1,0,19,2023-11-01
2023-11-01,1732,22.799999237060547,0.6879264567473341,0,-0.002192949177697301,0.0065790144726634026,-0.002192949177697301,0.0,0.0,-0.006,close,0,0,19,2023-11-01
2023-11-01,1905,20.549999237060547,0.6876245287437697,1,0.009732397273182869,0.021897848695516586,0.0072993445210158825,0.012165450491011143,0.012165450491011143,0.006165450491011143,close,0,0,19,2023-11-01
2023-11-01,1504,41.839637756347656,0.6854473118265965,1,0.014317229390144348,0.03524235635995865,0.013215924613177776,0.02973574958741665,0.03,0.024,take_profit,1,0,19,2023-11-01
2023-11-01,3231,84.49835205078125,0.6848826085978533,1,0.037988852709531784,0.05474862828850746,0.029050271958112717,0.03687155246734619,0.03,0.024,gap_take_profit,1,0,19,2023-11-01
2023-11-01,1326,57.939693450927734,0.6809277877254165,1,0.01151316985487938,0.014802656136453152,0.0065789720974862576,0.0065789720974862576,0.0065789720974862576,0.0005789720974862574,close,0,0,19,2023-11-01
2023-11-01,8222,41.29475784301758,0.6808433971967247,1,0.009478616528213024,0.024881495162844658,0.007108984049409628,0.021326957270503044,0.021326957270503044,0.015326957270503044,close,0,0,19,2023-11-01
2023-11-01,2606,39.91241455078125,0.6798870620467306,1,0.007945636287331581,0.04313290864229202,0.003405323252081871,0.04313290864229202,0.03,0.024,take_profit,1,0,19,2023-11-01
2023-11-01,3071,29.8138484954834,0.6789426543988218,1,0.018720878288149834,0.04524189606308937,0.018720878288149834,0.04524189606308937,0.03,0.024,take_profit,1,0,19,2023-11-01
2023-11-01,7402,64.05908966064453,0.6789178128867578,1,0.010542132891714573,0.010542132891714573,-0.013554229401051998,0.001506011001765728,0.001506011001765728,-0.004493988998234272,close,0,0,19,2023-11-01
2023-11-01,1609,28.681665420532227,0.6784264630378957,1,0.00940436776727438,0.02194354683160782,0.007836978882551193,0.018808703869581223,0.018808703869581223,0.012808703869581222,close,0,0,19,2023-11-01
2023-11-01,1471,17.850000381469727,0.678402750048303,1,0.025210019201040268,0.03361346572637558,0.008403339423239231,0.019607864320278168,0.03,0.024,take_profit,1,0,19,2023-11-01
2023-11-01,3305,53.587059020996094,0.6769249666006567,1,0.01923072151839733,0.04895101487636566,0.013985980302095413,0.043706271797418594,0.03,0.024,take_profit,1,0,19,2023-11-01
2023-11-01,2371,34.288665771484375,0.6765682774605795,1,0.005594590213149786,0.03356661647558212,0.005594590213149786,0.015384764410555363,0.03,0.024,take_profit,1,0,19,2023-11-01
2023-11-02,1732,22.799999237060547,0.7051796101937706,1,0.0,0.0065790144726634026,0.0,0.0021930327638983727,0.0021930327638983727,-0.0038069672361016275,close,0,0,19,2023-11-01
2023-11-02,4563,43.70940399169922,0.6976398400048301,0,-0.009687860496342182,0.0021528119686990976,-0.035522107034921646,-0.022604942321777344,-0.02,-0.026000000000000002,stop_loss,0,1,19,2023-11-01
2023-11-02,1102,36.00407028198242,0.6959022293584924,1,0.001250079134479165,0.0075000799261033535,0.001250079134479165,0.006250098813325167,0.006250098813325167,0.0002500988133251666,close,0,0,19,2023-11-01
2023-11-02,3003,63.56987380981445,0.6906256719743179,1,0.0029453281313180923,0.00883636623620987,-1.3459040815178014e-07,0.007363634649664164,0.007363634649664164,0.0013636346496641635,close,0,0,19,2023-11-01
2023-11-02,6546,75.01241302490234,0.6881330222911402,0,0.006265579257160425,0.007518692873418331,-0.01002518367022276,-0.006265747826546431,-0.006265747826546431,-0.01226574782654643,close,0,0,19,2023-11-01
2023-11-02,2337,27.440893173217773,0.6876989108408289,0,0.007155594415962696,0.00894454400986433,-0.0035778305027633905,-0.0035778305027633905,-0.0035778305027633905,-0.00957783050276339,close,0,0,19,2023-11-01
2023-11-02,6269,79.9680404663086,0.6861648520985402,1,0.001186228240840137,0.00711742602288723,0.001186228240840137,0.002372449729591608,0.002372449729591608,-0.003627550270408392,close,0,0,19,2023-11-01
2023-11-02,1301,74.85433197021484,0.6842390091181044,1,0.009067395702004433,0.009067395702004433,0.002590711461380124,0.009067395702004433,0.009067395702004433,0.0030673957020044326,close,0,0,19,2023-11-01
2023-11-02,3019,58.16268539428711,0.6837914280791145,1,0.0487804152071476,0.0487804152071476,0.019512135535478592,0.021138126030564308,0.03,0.024,gap_take_profit,1,0,19,2023-11-01
2023-11-02,8422,156.30543518066406,0.681268125263901,1,0.008620654232800007,0.01724134385585785,0.005747091490775347,0.01724134385585785,0.01724134385585785,0.011241343855857849,close,0,0,19,2023-11-01
2023-11-02,5203,84.8227767944336,0.6799885280189912,1,0.012087863869965076,0.013186748139560223,-3.1186736748622934e-08,0.009890095330774784,0.009890095330774784,0.003890095330774784,close,0,0,19,2023-11-01
2023-11-02,1809,13.71663761138916,0.6793971522289259,1,0.010676122270524502,0.01779358834028244,0.003558725817129016,0.010676122270524502,0.010676122270524502,0.004676122270524502,close,0,0,19,2023-11-01
2023-11-02,8215,32.274169921875,0.6789864344337757,1,0.007277981378138065,0.03056773543357849,0.005822399631142616,0.010189256630837917,0.03,0.024,take_profit,1,0,19,2023-11-01
2023-11-02,9914,158.26649475097656,0.6784452862177829,1,0.011904807761311531,0.03571433201432228,0.005952426698058844,0.02083337865769863,0.03,0.024,take_profit,1,0,19,2023-11-01
2023-11-02,2331,25.09514808654785,0.678044304397187,0,0.013333327136933804,0.01714286580681801,-0.003809558693319559,-0.0019047532696276903,-0.0019047532696276903,-0.00790475326962769,close,0,0,19,2023-11-01
2023-11-02,2324,27.107057571411133,0.6770451911666314,0,0.008591068908572197,0.008591068908572197,-0.0085910614579916,-0.0051546222530305386,-0.0051546222530305386,-0.011154622253030539,close,0,0,19,2023-11-01
2023-11-02,3042,88.72949981689453,0.6768629989899945,1,0.006153844762593508,0.01025642454624176,-0.0030769403092563152,0.0030769684817641973,0.0030769684817641973,-0.0029230315182358028,close,0,0,19,2023-11-01
2023-11-02,8341,96.40180969238281,0.6762852580009178,1,-0.004739376250654459,0.009478632360696793,-0.004739376250654459,0.009478632360696793,0.009478632360696793,0.0034786323606967925,close,0,0,19,2023-11-01
2023-11-02,2464,36.81324005126953,0.6742387654215034,0,0.008042870089411736,0.008042870089411736,-0.0013404667843133211,-0.0013404667843133211,-0.0013404667843133211,-0.007340466784313321,close,0,0,19,2023-11-01
2023-11-02,1464,11.92635440826416,0.673542726148885,1,0.0038610934279859066,0.015444070100784302,0.0038610934279859066,0.00772208534181118,0.00772208534181118,0.00172208534181118,close,0,0,19,2023-11-01
2023-11-03,6217,40.1632194519043,0.7163376505468537,1,0.013613827526569366,0.018564341589808464,0.007425708696246147,0.014851432293653488,0.014851432293653488,0.008851432293653488,close,0,0,19,2023-11-01
2023-11-03,8215,32.60301971435547,0.7049050204281729,1,0.008645616471767426,0.017291128635406494,0.008645616471767426,0.014409327879548073,0.014409327879548073,0.008409327879548073,close,0,0,19,2023-11-01
2023-11-03,8213,40.428916931152344,0.7024399726774162,1,0.004624358844012022,0.008092514239251614,0.0034683067351579666,0.006936462130397558,0.006936462130397558,0.0009364621303975581,close,0,0,19,2023-11-01
2023-11-03,1708,27.67449378967285,0.700934912746219,1,0.0032680013682693243,0.017973845824599266,0.0032680013682693243,0.01633988507091999,0.01633988507091999,0.01033988507091999,close,0,0,19,2023-11-01
2023-11-03,8131,36.02337646484375,0.700603145158366,1,-1.0428961161323969e-07,0.010282611474394798,-1.0428961161323969e-07,0.005141204688698053,0.005141204688698053,-0.0008587953113019468,close,0,0,19,2023-11-01
2023-11-03,1519,181.8709259033203,0.6995446661523039,1,0.013333319686353207,0.09777779132127762,0.013333319686353207,0.07111111283302307,0.03,0.024,take_profit,1,0,19,2023-11-01
2023-11-03,5608,18.149999618530273,0.6963463410560394,1,0.0055096629075706005,0.0055096629075706005,-0.0055096629075706005,0.002754884073510766,0.002754884073510766,-0.003245115926489234,close,0,0,19,2023-11-01
2023-11-03,2031,42.072853088378906,0.6950792815155908,1,0.006389715243130922,0.015974394977092743,0.006389715243130922,0.008519607596099377,0.008519607596099377,0.0025196075960993766,close,0,0,19,2023-11-01
2023-11-03,3033,26.022809982299805,0.6939233887513921,1,0.0018248895648866892,0.009124117903411388,0.0018248895648866892,0.007299328222870827,0.007299328222870827,0.0012993282228708266,close,0,0,19,2023-11-01
2023-11-03,6546,74.54240417480469,0.6920181563632771,1,0.01639338582754135,0.018915511667728424,0.0037830453366041183,0.013871355913579464,0.013871355913579464,0.007871355913579464,close,0,0,19,2023-11-01
2023-11-03,2208,19.84635353088379,0.6920071949755885,1,0.007317107170820236,0.02195122465491295,0.0024390676990151405,0.019512252882122993,0.019512252882122993,0.013512252882122993,close,0,0,19,2023-11-01
2023-11-03,3413,170.04318237304688,0.6916570458768132,1,0.002702709985896945,0.016216224059462547,0.002702709985896945,0.013513520359992981,0.013513520359992981,0.007513520359992981,close,0,0,19,2023-11-01
2023-11-03,5443,27.456735610961914,0.6895543348352932,1,0.001745224348269403,0.01570681668817997,0.001745224348269403,0.012216402217745781,0.012216402217745781,0.006216402217745781,close,0,0,19,2023-11-01
2023-11-03,2607,28.474552154541016,0.6894507357705022,1,-3.236834800190991e-08,0.00814328994601965,-0.00977205578237772,0.0032572466880083084,0.0032572466880083084,-0.0027427533119916917,close,0,0,19,2023-11-01
2023-11-03,3706,37.2264518737793,0.6891546588628855,1,0.01312338374555111,0.019685063511133194,0.007874120026826859,0.015748117119073868,0.015748117119073868,0.009748117119073868,close,0,0,19,2023-11-01
2023-11-03,6412,109.26184844970703,0.689019139199137,1,0.016736440360546112,0.09623435139656067,0.004184139426797628,0.0878661498427391,0.03,0.024,take_profit,1,0,19,2023-11-01
2023-11-03,2231,125.61750030517578,0.6882167429784125,1,0.003773474134504795,0.03018856607377529,0.003773474134504795,0.026414981111884117,0.03,0.024,take_profit,1,0,19,2023-11-01
2023-11-03,2637,38.35677719116211,0.6877091191686472,1,0.011574164032936096,0.011574164032936096,-0.008101816289126873,0.004629736766219139,0.004629736766219139,-0.001370263233780861,close,0,0,19,2023-11-01
2023-11-03,2613,18.84064292907715,0.6870656037597651,1,0.01253136433660984,0.01253136433660984,3.615352284214168e-08,0.005012490786612034,0.005012490786612034,-0.0009875092133879663,close,0,0,19,2023-11-01
2023-11-03,3024,15.161140441894531,0.6864410079832888,1,0.009554163552820683,0.03821650892496109,0.009554163552820683,0.03184718266129494,0.03,0.024,take_profit,1,0,19,2023-11-01
2023-11-06,1434,23.574934005737305,0.6873621522749813,1,0.001976204803213477,0.005928788799792528,0.001976204803213477,0.001976204803213477,0.001976204803213477,-0.004023795196786523,close,0,0,19,2023-11-01
2023-11-06,4563,42.580204010009766,0.6856740882277141,1,0.012154662050306797,0.02762429229915142,-1.74390244467304e-08,0.02541438117623329,0.02541438117623329,0.019414381176233293,close,0,0,19,2023-11-01
2023-11-06,3479,87.1942367553711,0.6761681938006079,1,0.003092820756137371,0.013402098789811134,-0.0010309064527973533,0.004123732913285494,0.004123732913285494,-0.0018762670867145063,close,0,0,19,2023-11-01
2023-11-06,5488,11.600000381469727,0.6735425826555119,0,0.008620640262961388,0.008620640262961388,-0.004310361109673977,-0.004310361109673977,-0.004310361109673977,-0.010310361109673977,close,0,0,19,2023-11-01
2023-11-06,6591,49.33513641357422,0.6724778293832493,1,0.007751929108053446,0.013565867207944393,-0.0019379934528842568,0.007751929108053446,0.007751929108053446,0.0017519291080534457,close,0,0,19,2023-11-01
2023-11-06,4510,14.234911918640137,0.6709457644538784,1,0.010100970976054668,0.02020195499062538,-1.3169164425619329e-08,0.010100970976054668,0.010100970976054668,0.004100970976054668,close,0,0,19,2023-11-01
2023-11-06,1560,174.5493927001953,0.6703223075749455,0,-0.00840328261256218,-0.00560216186568141,-0.07843130081892014,-0.050420090556144714,-0.02,-0.026000000000000002,stop_loss,0,1,19,2023-11-01
2023-11-06,6470,58.886016845703125,0.6702297876835859,0,0.004608341958373785,0.006144416984170675,-0.003072149818763137,0.0,0.0,-0.006,close,0,0,19,2023-11-01
2023-11-06,3211,69.44676208496094,0.6701581697445261,0,0.0,0.002531606936827302,-0.002531606936827302,0.0,0.0,-0.006,close,0,0,19,2023-11-01
2023-11-06,5272,31.899999618530273,0.6693336779208272,1,0.010971798561513424,0.032915398478507996,0.0031348082702606916,0.009404424577951431,0.03,0.024,take_profit,1,0,19,2023-11-01
2023-11-06,1217,11.400535583496094,0.6693117564171756,0,0.004166743718087673,0.004166743718087673,-0.01666659116744995,-0.012499907985329628,-0.012499907985329628,-0.018499907985329626,close,0,0,19,2023-11-01
2023-11-06,6689,107.21505737304688,0.6691583499496009,0,0.008928571827709675,0.01785714365541935,-0.004464285913854837,0.0,0.0,-0.006,close,0,0,19,2023-11-01
2023-11-06,2412,108.8428726196289,0.6671321958220616,1,-3.2077597467150554e-08,0.004255286883562803,-3.2077597467150554e-08,0.004255286883562803,0.004255286883562803,-0.0017447131164371969,close,0,0,19,2023-11-01
2023-11-06,1586,31.805784225463867,0.6669699472130964,0,0.001562483492307365,0.001562483492307365,-0.012500008568167686,-0.00468750623986125,-0.00468750623986125,-0.01068750623986125,close,0,0,19,2023-11-01
2023-11-06,5530,35.849998474121094,0.6665067107586147,1,0.0,0.005578821990638971,-0.0027893579099327326,0.004184143152087927,0.004184143152087927,-0.0018158568479120733,close,0,0,19,2023-11-01
2023-11-06,3511,28.5,0.666320182019471,0,0.001754359225742519,0.007017570547759533,-0.007017570547759533,-0.005263144616037607,-0.005263144616037607,-0.011263144616037607,close,0,0,19,2023-11-01
2023-11-06,2614,20.318923950195312,0.6619302347593924,0,4.0919221788726645e-08,0.0022222718689590693,-0.011111021041870117,-0.008888790383934975,-0.008888790383934975,-0.014888790383934975,close,0,0,19,2023-11-01
2023-11-06,3581,24.614397048950195,0.6602487659737847,0,0.00793648511171341,0.00793648511171341,-0.007936515845358372,-0.007936515845358372,-0.007936515845358372,-0.013936515845358372,close,0,0,19,2023-11-01
2023-11-06,1227,35.257347106933594,0.6599899118282645,0,0.0,0.003947408404201269,0.0,0.0,0.0,-0.006,close,0,0,19,2023-11-01
2023-11-06,3339,18.450000762939453,0.659810147039272,0,0.0054199714213609695,0.018970105797052383,-0.008130163885653019,-0.002710089087486267,-0.002710089087486267,-0.008710089087486267,close,0,0,19,2023-11-01
2023-11-07,6667,74.22962188720703,0.7366886784321609,0,0.03515620529651642,0.04687497392296791,-0.009114647284150124,-0.0039062947034835815,0.03,0.024,gap_take_profit,1,0,19,2023-11-01
2023-11-07,8034,21.20346450805664,0.6975435247268766,1,0.09999997913837433,0.09999997913837433,0.08181823045015335,0.09999997913837433,0.03,0.024,gap_take_profit,1,0,19,2023-11-01
2023-11-07,4770,292.2192077636719,0.6950694997679829,1,-0.001605100929737091,0.01605140045285225,-0.01605132967233658,0.004815444815903902,0.004815444815903902,-0.001184555184096098,close,0,0,19,2023-11-01
2023-11-07,3372,14.300000190734863,0.6839630730461569,0,0.013986000791192055,0.02797200158238411,-0.003496516728773713,-0.003496516728773713,-0.003496516728773713,-0.009496516728773713,close,0,0,19,2023-11-01
2023-11-07,2504,22.794803619384766,0.6761318910032693,0,0.0019606752321124077,0.003921504132449627,-0.001960833091288805,-0.001960833091288805,-0.001960833091288805,-0.007960833091288805,close,0,0,19,2023-11-01
2023-11-07,3036,137.1890106201172,0.675685485087829,1,0.00673409178853035,0.040404062718153,-0.010100997053086758,0.00673409178853035,0.03,0.024,take_profit,1,0,19,2023-11-01
2023-11-07,3294,19.50066566467285,0.6743862678612216,0,0.002531606936827302,0.002531606936827302,-0.002531606936827302,0.0,0.0,-0.006,close,0,0,19,2023-11-01
2023-11-07,3580,46.48843765258789,0.6702326440683094,1,0.002008184092119336,0.03212866932153702,-0.0010038951877504587,0.01405634731054306,0.03,0.024,take_profit,1,0,19,2023-11-01
2023-11-07,3686,13.449999809265137,0.666916404772668,1,0.0,0.014869874343276024,0.0,0.014869874343276024,0.014869874343276024,0.008869874343276024,close,0,0,19,2023-11-01
2023-11-07,1434,23.621522903442383,0.6667432259446229,1,6.803727359283585e-08,0.013806790113449097,6.803727359283585e-08,0.003944856580346823,0.003944856580346823,-0.0020551434196531774,close,0,0,19,2023-11-01
2023-11-07,3419,18.799999237060547,0.6659522843413007,1,0.015957508236169815,0.03457454964518547,0.005319169256836176,0.013297872617840767,0.03,0.024,take_profit,1,0,19,2023-11-01
2023-11-07,3709,25.190221786499023,0.6636223737491825,0,3.9599193257799925e-08,3.9599193257799925e-08,-0.022514047101140022,-0.011256967671215534,-0.02,-0.026000000000000002,stop_loss,0,1,19,2023-11-01
2023-11-07,8454,446.548828125,0.6629119965565324,0,0.007490659132599831,0.009363284334540367,-0.020599283277988434,-0.016853908076882362,-0.02,-0.026000000000000002,stop_loss,0,1,19,2023-11-01
2023-11-07,8046,223.70034790039062,0.6615018865036769,0,-0.006451654247939587,0.010752646252512932,-0.00860219169408083,-0.006451654247939587,-0.006451654247939587,-0.012451654247939587,close,0,0,19,2023-11-01
2023-11-07,6279,143.61575317382812,0.6614335134460204,1,0.013157905079424381,0.039473775774240494,0.013157905079424381,0.029605284333229065,0.03,0.024,take_profit,1,0,19,2023-11-01
2023-11-07,4564,24.200000762939453,0.6614291934933271,0,0.008264414966106415,0.008264414966106415,-0.00619840994477272,0.0,0.0,-0.006,close,0,0,19,2023-11-01
2023-11-07,6451,120.39546966552734,0.6599204199103389,0,0.0040983655489981174,0.012295086868107319,-0.024590158835053444,-0.004098355770111084,-0.02,-0.026000000000000002,stop_loss,0,1,19,2023-11-01
2023-11-07,4174,83.0999984741211,0.6588181508561659,0,0.008423641324043274,0.010830343700945377,-0.006016847211867571,-0.004813496023416519,-0.004813496023416519,-0.01081349602341652,close,0,0,19,2023-11-01
2023-11-07,3045,89.86958312988281,0.6587499766258311,1,0.00514398654922843,0.012345679104328156,0.0010288229677826166,0.011316888965666294,0.011316888965666294,0.005316888965666294,close,0,0,19,2023-11-01
2023-11-07,3376,98.04559326171875,0.6587427663689525,1,0.024390270933508873,0.04878051578998566,0.009756123647093773,0.04390246793627739,0.03,0.024,take_profit,1,0,19,2023-11-01
2023-11-08,8034,23.323810577392578,0.6594390430885846,0,0.012396718375384808,0.01859504170715809,-0.026859473437070847,0.0,-0.02,-0.026000000000000002,stop_loss,0,1,19,2023-11-01
2023-11-08,1560,165.74859619140625,0.6557416490300825,1,0.005899688694626093,0.0294985082000494,-0.020648984238505363,0.02359880320727825,-0.02,-0.026000000000000002,stop_loss,0,1,19,2023-11-01
2023-11-08,2329,46.900909423828125,0.6471240732686138,0,-0.010204053483903408,-0.0030612268019467592,-0.0693877562880516,-0.053061164915561676,-0.02,-0.026000000000000002,stop_loss,0,1,19,2023-11-01
2023-11-08,2059,865.1458740234375,0.6289242843291253,0,0.0045713703148067,0.006857084576040506,-0.04342862591147423,-0.024000056087970734,-0.02,-0.026000000000000002,stop_loss,0,1,19,2023-11-01
2023-11-08,6492,55.400001525878906,0.6283192690019255,0,0.005415148567408323,0.019855568185448647,-0.04693144932389259,-0.0361010804772377,-0.02,-0.026000000000000002,stop_loss,0,1,19,2023-11-01
2023-11-08,2723,93.25646209716797,0.6256708370638396,1,-7.979584637496373e-08,0.014925291761755943,-0.004975203890353441,0.009950168430805206,0.009950168430805206,0.003950168430805206,close,0,0,19,2023-11-01
2023-11-08,2049,200.70504760742188,0.6234715629397696,1,0.0024331139866262674,0.012165473774075508,0.0024331139866262674,0.009732384234666824,0.009732384234666824,0.003732384234666824,close,0,0,19,2023-11-01
2023-11-08,9938,59.00863265991211,0.6186530567592762,1,0.01669449545443058,0.04173623025417328,5.7566102995565416e-09,0.0016694293590262532,0.03,0.024,take_profit,1,0,19,2023-11-01
2023-11-08,1434,23.714706420898438,0.6174726319485979,0,0.001964569790288806,0.005893857683986425,-0.003929324448108673,-0.0019647181034088135,-0.0019647181034088135,-0.007964718103408814,close,0,0,19,2023-11-01
2023-11-08,8131,36.208580017089844,0.6153092923175214,1,-0.002557436004281044,0.007672783453017473,-0.005114941857755184,0.007672783453017473,0.007672783453017473,0.001672783453017473,close,0,0,19,2023-11-01
2023-11-08,5302,10.25,0.6152858075351312,1,0.004878067411482334,0.019512176513671875,-0.004878067411482334,0.01463410910218954,0.01463410910218954,0.00863410910218954,close,0,0,19,2023-11-01
2023-11-08,8076,32.295650482177734,0.6126689284347445,0,0.004538545850664377,0.004538545850664377,-0.015128670260310173,-0.015128670260310173,-0.015128670260310173,-0.02112867026031017,close,0,0,19,2023-11-01
2023-11-08,8255,164.60853576660156,0.6097800309387704,0,4.316656543323916e-08,0.0029674023389816284,-0.008902034722268581,-0.005934675224125385,-0.005934675224125385,-0.011934675224125385,close,0,0,19,2023-11-01
2023-11-08,8111,17.9483642578125,0.6095551180183513,1,0.00529101025313139,0.06084652617573738,-1.5149804966085867e-08,0.00529101025313139,0.03,0.024,take_profit,1,0,19,2023-11-01
2023-11-08,3617,202.7075653076172,0.6093283467748881,0,0.01809956692159176,0.031674228608608246,-0.03846152126789093,-0.006787310820072889,-0.02,-0.026000000000000002,ambiguous_stop_loss,1,1,19,2023-11-01
2023-11-08,3017,306.6694030761719,0.607908104975949,1,0.006389739457517862,0.025559067726135254,-3.6629572264246235e-08,0.011182071641087532,0.011182071641087532,0.005182071641087532,close,0,0,19,2023-11-01
2023-11-08,2607,28.474552154541016,0.6048266957388061,1,-0.0016287388280034065,0.042345210909843445,-0.0016287388280034065,0.042345210909843445,0.03,0.024,take_profit,1,0,19,2023-11-01
2023-11-08,3624,48.09486770629883,0.6039283323391644,0,4.6720387558707444e-08,4.6720387558707444e-08,-0.015655517578125,-0.013698524795472622,-0.013698524795472622,-0.01969852479547262,close,0,0,19,2023-11-01
2023-11-08,6205,64.68846893310547,0.6025943404088243,0,0.0014619510620832443,0.0014619510620832443,-0.02485388144850731,-0.007309956010431051,-0.02,-0.026000000000000002,stop_loss,0,1,19,2023-11-01
2023-11-08,6121,307.25653076171875,0.6017836832576009,1,0.002923963824287057,0.0073099285364151,-0.004385977517813444,0.002923963824287057,0.002923963824287057,-0.003076036175712943,close,0,0,19,2023-11-01
2023-11-09,8068,33.29999923706055,0.6718774005373993,0,0.0060060289688408375,0.024024002254009247,-0.00300295720808208,0.0,0.0,-0.006,close,0,0,19,2023-11-01
2023-11-09,2351,97.07965087890625,0.6685356635089879,1,2.1640454761495675e-08,0.0097561189904809,-0.009756076149642467,0.0097561189904809,0.0097561189904809,0.0037561189904808997,close,0,0,19,2023-11-01
2023-11-09,6122,47.7628288269043,0.6514968232313247,1,0.03578156232833862,0.09981168061494827,0.009416239336133003,0.09981168061494827,0.03,0.024,gap_take_profit,1,0,19,2023-11-01
2023-11-09,6237,45.496620178222656,0.6490897753305667,0,0.008695694617927074,0.01304345391690731,-0.015217399224638939,-0.00978261698037386,-0.00978261698037386,-0.015782616980373858,close,0,0,19,2023-11-01
2023-11-09,2481,57.74488067626953,0.6483962808367116,0,-0.0065789176151156425,-0.0016447195084765553,-0.018092088401317596,-0.014802602119743824,-0.014802602119743824,-0.020802602119743822,close,0,0,19,2023-11-01
2023-11-09,6411,108.30901336669922,0.6483760179516741,0,-0.008583711460232735,-2.0826032454124288e-08,-0.012875556945800781,-0.012875556945800781,-0.012875556945800781,-0.01887555694580078,close,0,0,19,2023-11-01
2023-11-09,4167,19.10762596130371,0.6464765730080141,0,0.022959183901548386,0.030612323433160782,-0.03061220794916153,-0.03061220794916153,-0.02,-0.026000000000000002,ambiguous_stop_loss,1,1,19,2023-11-01
2023-11-09,3028,28.47026252746582,0.6447233260425282,1,0.0015527133364230394,0.0062111453153193,0.0015527133364230394,0.004658255726099014,0.004658255726099014,-0.0013417442739009858,close,0,0,19,2023-11-01
2023-11-09,6235,110.7922134399414,0.6396782351795829,0,-0.03478260338306427,0.00869565736502409,-0.03478260338306427,-0.004347820766270161,-0.03478260338306427,-0.04078260338306427,gap_stop,0,1,19,2023-11-01
2023-11-09,1312,15.518608093261719,0.6392217332166401,0,-0.0031545974779874086,0.0031545974779874086,-0.0031545974779874086,-0.0031545974779874086,-0.0031545974779874086,-0.009154597477987409,close,0,0,19,2023-11-01
2023-11-09,5386,45.64240264892578,0.6369425800032781,0,-0.02439027465879917,-0.01567944884300232,-0.0731707215309143,-0.04703832417726517,-0.02439027465879917,-0.03039027465879917,gap_stop,0,1,19,2023-11-01
2023-11-09,4533,24.654146194458008,0.6364226876733872,1,-0.015065865591168404,0.08286259323358536,-0.039547961205244064,0.009416230954229832,-0.02,-0.026000000000000002,ambiguous_stop_loss,1,1,19,2023-11-01
2023-11-09,6805,325.0615234375,0.6360500773132735,1,0.027272706851363182,0.13333331048488617,0.0075757382437586784,0.10303027927875519,0.03,0.024,take_profit,1,0,19,2023-11-01
2023-11-09,2230,99.70828247070312,0.6337173285743234,1,-0.004115218762308359,0.016460862010717392,-0.012345696799457073,0.012345661409199238,0.012345661409199238,0.006345661409199238,close,0,0,19,2023-11-01
2023-11-09,3228,152.5,0.6328721947607286,1,-0.016393441706895828,0.09836065769195557,-0.02950819581747055,0.08196721225976944,-0.02,-0.026000000000000002,ambiguous_stop_loss,1,1,19,2023-11-01
2023-11-09,2369,19.76081657409668,0.6325938688120051,1,0.01496266108006239,0.02244393900036812,-0.0024937179405242205,0.002493832493200898,0.002493832493200898,-0.003506167506799102,close,0,0,19,2023-11-01
2023-11-09,5425,73.43281555175781,0.6323384864094458,0,0.002534897066652775,0.005069809500128031,-0.0025348311755806208,-0.0012673265300691128,-0.0012673265300691128,-0.007267326530069113,close,0,0,19,2023-11-01
2023-11-09,3466,25.75,0.6323007780330454,0,-0.0058252280578017235,-0.003883509896695614,-0.027184495702385902,-0.027184495702385902,-0.02,-0.026000000000000002,stop_loss,0,1,19,2023-11-01
2023-11-09,6168,24.040910720825195,0.6297638397260705,0,-6.517446138332161e-08,0.012195024639368057,-0.02032526768743992,-0.02032526768743992,-0.02,-0.026000000000000002,stop_loss,0,1,19,2023-11-01
2023-11-09,5534,70.4829330444336,0.628798175550383,0,-0.0013568314025178552,0.00407059770077467,-0.0027136628050357103,0.0,0.0,-0.006,close,0,0,19,2023-11-01
2023-11-10,4563,42.72135543823242,0.6694771309146196,0,5.381548717764417e-08,5.381548717764417e-08,-0.015418465249240398,-0.00770924799144268,-0.00770924799144268,-0.01370924799144268,close,0,0,19,2023-11-01
2023-11-10,8234,39.188636779785156,0.668335569580715,1,0.009975118562579155,0.07481298595666885,-0.0024937100242823362,0.0660848468542099,0.03,0.024,take_profit,1,0,19,2023-11-01
2023-11-10,6552,36.0234375,0.6660217984443222,1,0.0027585746720433235,0.020689651370048523,0.0027585746720433235,0.017931072041392326,0.017931072041392326,0.011931072041392326,close,0,0,19,2023-11-01
2023-11-10,2457,52.5,0.664061513457168,1,0.009523809887468815,0.03238096833229065,-0.003809538437053561,0.02857142873108387,0.03,0.024,take_profit,1,0,19,2023-11-01
2023-11-10,2485,21.649999618530273,0.6602442070743373,1,0.006928388960659504,0.04618937894701958,0.002309521660208702,0.030023077502846718,0.03,0.024,take_profit,1,0,19,2023-11-01
2023-11-10,6109,13.355395317077637,0.6530667339208222,1,0.010989077389240265,0.032967112958431244,0.010989077389240265,0.021978061646223068,0.03,0.024,take_profit,1,0,19,2023-11-01
2023-11-10,2390,15.0,0.6488279667729375,1,0.01666666753590107,0.02000001259148121,-0.0066666919738054276,0.02000001259148121,0.02000001259148121,0.014000012591481209,close,0,0,19,2023-11-01
2023-11-10,4976,36.150001525878906,0.6480615323954035,1,0.020746886730194092,0.020746886730194092,0.0027662094216793776,0.0041493140161037445,0.0041493140161037445,-0.0018506859838962556,close,0,0,19,2023-11-01
2023-11-10,6122,52.53011703491211,0.6477024964203516,1,0.06164386495947838,0.0993150919675827,0.030821925029158592,0.0993150919675827,0.03,0.024,gap_take_profit,1,0,19,2023-11-01
2023-11-10,3511,28.0,0.6461524590436026,0,0.02500002644956112,0.02500002644956112,-0.0017856870545074344,-0.0017856870545074344,-0.0017856870545074344,-0.0077856870545074345,close,0,0,19,2023-11-01
2023-11-10,6176,111.43183898925781,0.645767418989762,1,0.011904753744602203,0.011904753744602203,0.003968245815485716,0.011904753744602203,0.011904753744602203,0.005904753744602203,close,0,0,19,2023-11-01
2023-11-10,2886,34.45115661621094,0.6434888215350362,1,0.001302171964198351,0.007812540978193283,-0.005208299495279789,0.002604204695671797,0.002604204695671797,-0.0033957953043282033,close,0,0,19,2023-11-01
2023-11-10,1524,25.14009666442871,0.6428942353317456,1,0.003597086062654853,0.028776969760656357,-0.003597117029130459,0.021582696586847305,0.021582696586847305,0.015582696586847305,close,0,0,19,2023-11-01
2023-11-10,4541,29.58281898498535,0.6403172089865317,1,0.011627915315330029,0.014950123615562916,-0.008305652067065239,0.011627915315330029,0.011627915315330029,0.005627915315330028,close,0,0,19,2023-11-01
2023-11-10,4577,26.100000381469727,0.6395651877156334,0,-0.007662864401936531,0.005747111514210701,-0.019157087430357933,-0.013409975916147232,-0.013409975916147232,-0.01940997591614723,close,0,0,19,2023-11-01
2023-11-10,4755,116.07051086425781,0.6376409164788226,1,0.012244883924722672,0.02040814980864525,-1.3462911674366751e-08,0.01632651686668396,0.01632651686668396,0.01032651686668396,close,0,0,19,2023-11-01
2023-11-10,3293,307.3871765136719,0.6375042534541445,0,0.006125569809228182,0.009188356809318066,-0.018376726657152176,-0.016845334321260452,-0.016845334321260452,-0.02284533432126045,close,0,0,19,2023-11-01
2023-11-10,6499,47.29999923706055,0.6369905245585031,0,0.0,0.0,-0.029598260298371315,-0.028541194275021553,-0.02,-0.026000000000000002,stop_loss,0,1,19,2023-11-01
2023-11-10,6126,26.148880004882812,0.6351434650351607,1,0.005534992553293705,0.02214018628001213,-0.0018451088108122349,0.01660507544875145,0.01660507544875145,0.01060507544875145,close,0,0,19,2023-11-01
2023-11-10,8464,304.6987609863281,0.6345720455986735,0,-5.148234194507495e-08,-5.148234194507495e-08,-0.030674897134304047,-0.015337473712861538,-0.02,-0.026000000000000002,stop_loss,0,1,19,2023-11-01
2023-11-13,5314,1.9856661558151245,0.7011658221019548,1,4.2820360590667406e-09,0.09962642937898636,-0.028642529621720314,0.09962642937898636,-0.02,-0.026000000000000002,ambiguous_stop_loss,1,1,19,2023-11-01
2023-11-13,6451,127.79683685302734,0.6768602186954444,1,0.027026956900954247,0.050192978233098984,-0.007722076028585434,0.007721938192844391,0.03,0.024,take_profit,1,0,19,2023-11-01
2023-11-13,3466,24.25,0.6575850569403175,0,-0.010309278033673763,-0.0020618243142962456,-0.026804108172655106,-0.026804108172655106,-0.02,-0.026000000000000002,stop_loss,0,1,19,2023-11-01
2023-11-13,3702,65.3944091796875,0.6496865407351325,0,-0.0014064823044463992,0.012658215127885342,-0.009845279157161713,-0.005625934340059757,-0.005625934340059757,-0.011625934340059757,close,0,0,19,2023-11-01
2023-11-13,2330,553.627197265625,0.6462246498273546,1,0.00875651091337204,0.00875651091337204,-5.647213896509129e-08,0.001751256873831153,0.001751256873831153,-0.004248743126168847,close,0,0,19,2023-11-01
2023-11-13,8043,26.00445556640625,0.6400479263917193,1,0.016728732734918594,0.03345731645822525,0.007435050792992115,0.0260224137455225,0.03,0.024,take_profit,1,0,19,2023-11-01
2023-11-13,6122,57.74715042114258,0.6399027340705433,1,0.017133988440036774,0.09345793724060059,-0.037383127957582474,0.04984426870942116,-0.02,-0.026000000000000002,ambiguous_stop_loss,1,1,19,2023-11-01
2023-11-13,8131,35.93076705932617,0.6385917321060991,1,6.14710415902664e-08,0.006443360820412636,6.14710415902664e-08,0.002577440347522497,0.002577440347522497,-0.003422559652477503,close,0,0,19,2023-11-01
2023-11-13,3147,68.94000244140625,0.6354588674729363,1,0.03162998706102371,0.04501193389296532,-0.010949081741273403,0.02676374651491642,0.03,0.024,gap_take_profit,1,0,19,2023-11-01
2023-11-13,2454,829.4868774414062,0.6298123606904046,0,0.011037553660571575,0.012141305953264236,-0.00441498588770628,-0.0011037273798137903,-0.0011037273798137903,-0.0071037273798137904,close,0,0,19,2023-11-01
2023-11-13,6167,14.614428520202637,0.6297081716790708,1,0.013071885332465172,0.02287578210234642,0.0032679885625839233,0.013071885332465172,0.013071885332465172,0.007071885332465172,close,0,0,19,2023-11-01
2023-11-13,2379,399.4784240722656,0.6274067205294227,1,0.012135944329202175,0.029126236215233803,0.006067983340471983,0.015776721760630608,0.015776721760630608,0.009776721760630607,close,0,0,19,2023-11-01
2023-11-13,3044,182.74154663085938,0.6260205987472851,1,-1.6658210810760465e-08,0.017721502110362053,-0.01772153563797474,0.01518985629081726,0.01518985629081726,0.00918985629081726,close,0,0,19,2023-11-01
2023-11-13,4157,14.800000190734863,0.6248839651293022,0,0.0067567178048193455,0.0067567178048193455,-0.02027028240263462,-0.006756782531738281,-0.02,-0.026000000000000002,stop_loss,0,1,19,2023-11-01
2023-11-13,5490,22.20670509338379,0.6235237005550534,0,-6.095628179991763e-08,0.004444400314241648,-0.002222249051555991,-0.002222249051555991,-0.002222249051555991,-0.008222249051555991,close,0,0,19,2023-11-01
2023-11-13,8383,33.73794174194336,0.6224433744304629,0,3.5025301770019723e-08,0.0040486594662070274,-0.002698979340493679,-0.0013494720915332437,-0.0013494720915332437,-0.007349472091533244,close,0,0,19,2023-11-01
2023-11-13,3221,25.08391571044922,0.6216956809962708,1,0.0055657546035945415,0.031539734452962875,0.003710424993187189,0.02226329781115055,0.03,0.024,take_profit,1,0,19,2023-11-01
2023-11-13,3675,197.18289184570312,0.6196006361837658,1,0.009661819785833359,0.04347824305295944,0.007246360648423433,0.04347824305295944,0.03,0.024,take_profit,1,0,19,2023-11-01
2023-11-13,2731,120.05256652832031,0.6181767490644535,1,1.78512493675953e-08,0.018867943435907364,-0.003773567033931613,0.007547187618911266,0.007547187618911266,0.0015471876189112662,close,0,0,19,2023-11-01
2023-11-13,2388,137.94801330566406,0.6175722524177737,1,0.039711203426122665,0.09386282414197922,0.025270769372582436,0.07942239195108414,0.03,0.024,gap_take_profit,1,0,19,2023-11-01
2023-11-14,8068,32.150001525878906,0.7529794558093543,1,0.02332814782857895,0.029548892751336098,0.0062207444570958614,0.0171072855591774,0.0171072855591774,0.011107285559177399,close,0,0,19,2023-11-01
2023-11-14,2481,56.79513168334961,0.7444332569375937,1,0.013377864845097065,0.03511704504489899,0.013377864845097065,0.030100272968411446,0.03,0.024,take_profit,1,0,19,2023-11-01
2023-11-14,6541,60.79999923706055,0.7408806927756685,1,0.006578972563147545,0.032894738018512726,0.006578972563147545,0.018092142418026924,0.03,0.024,take_profit,1,0,19,2023-11-01
2023-11-14,2723,91.21502685546875,0.7407449185890744,1,0.006103706080466509,0.06307215243577957,0.006103706080466509,0.05289921164512634,0.03,0.024,take_profit,1,0,19,2023-11-01
2023-11-14,6190,28.98476219177246,0.7400924426707153,1,0.006711483001708984,0.02349000796675682,0.0033557654824107885,0.008389309979975224,0.008389309979975224,0.0023893099799752234,close,0,0,19,2023-11-01
2023-11-14,5443,27.121315002441406,0.7381854321206546,1,-6.280330211438923e-08,0.014134266413748264,-6.280330211438923e-08,0.008833859115839005,0.008833859115839005,0.0028338591158390044,close,0,0,19,2023-11-01
2023-11-14,3447,38.262142181396484,0.7381764405215112,0,5.289364679583741e-08,0.007702216040343046,-0.0012836245587095618,-0.0012836245587095618,-0.0012836245587095618,-0.007283624558709562,close,0,0,19,2023-11-01
2023-11-14,4162,93.40695190429688,0.7377306712967695,1,0.00970872025936842,0.033980563282966614,-1.7361738713361774e-08,0.004854351282119751,0.03,0.024,take_profit,1,0,19,2023-11-01
2023-11-14,3498,28.950000762939453,0.737181045323325,1,0.006908423267304897,0.015544001944363117,-0.005181399639695883,0.015544001944363117,0.015544001944363117,0.009544001944363117,close,0,0,19,2023-11-01
2023-11-14,5469,53.44142150878906,0.7367972245010698,1,0.017013195902109146,0.028355319052934647,0.01134210079908371,0.015122830867767334,0.015122830867767334,0.009122830867767334,close,0,0,19,2023-11-01
2023-11-14,3624,46.683082580566406,0.7353211563697925,1,0.008064503781497478,0.024193521589040756,-0.0020161408465355635,0.014112875796854496,0.014112875796854496,0.008112875796854496,close,0,0,19,2023-11-01
2023-11-14,6125,49.07667541503906,0.7341010954366666,0,0.019762787967920303,0.023715371266007423,-0.007905150763690472,-0.007905150763690472,-0.007905150763690472,-0.013905150763690472,close,0,0,19,2023-11-01
2023-11-14,3702,65.02650451660156,0.7324025389704192,0,0.007072220556437969,0.011315545998513699,-0.02687394991517067,-0.016973000019788742,-0.02,-0.026000000000000002,stop_loss,0,1,19,2023-11-01
2023-11-14,2357,363.6942443847656,0.7315401359839574,0,0.01767672598361969,0.022727230563759804,-0.0151515556499362,-0.011363677680492401,-0.011363677680492401,-0.0173636776804924,close,0,0,19,2023-11-01
2023-11-14,4576,60.41596603393555,0.731426208761604,1,0.009901057928800583,0.014851541258394718,2.9952957447676454e-08,0.014851541258394718,0.014851541258394718,0.008851541258394718,close,0,0,19,2023-11-01
2023-11-14,8131,36.02337646484375,0.7312499254024705,1,0.002570550190284848,0.008997284807264805,0.0012852229410782456,0.005141204688698053,0.005141204688698053,-0.0008587953113019468,close,0,0,19,2023-11-01
2023-11-14,3023,259.4251403808594,0.730664757436083,0,0.01785706914961338,0.01785706914961338,-0.01071435771882534,-0.00892864353954792,-0.00892864353954792,-0.01492864353954792,close,0,0,19,2023-11-01
2023-11-14,3057,11.050000190734863,0.729524308382993,1,0.018099529668688774,0.018099529668688774,0.0,0.00452490383759141,0.00452490383759141,-0.0014750961624085904,close,0,0,19,2023-11-01
2023-11-14,8240,32.20417022705078,0.7278929961023884,0,0.0014146075118333101,0.00990115012973547,-0.007072043139487505,-0.004243123345077038,-0.004243123345077038,-0.010243123345077038,close,0,0,19,2023-11-01
2023-11-14,3060,18.779760360717773,0.7273366907480864,1,0.012986985966563225,0.018181810155510902,0.0025973364245146513,0.005194798111915588,0.005194798111915588,-0.0008052018880844117,close,0,0,19,2023-11-01
2023-11-15,6205,63.83730697631836,0.7173592608453133,1,0.013333321548998356,0.013333321548998356,0.0014814246678724885,0.0014814246678724885,0.0014814246678724885,-0.004518575332127512,close,0,0,19,2023-11-01
2023-11-15,4770,341.9386901855469,0.7098967574575601,1,-0.005487013608217239,0.03429350629448891,-0.008230498060584068,0.017832601442933083,0.03,0.024,take_profit,1,0,19,2023-11-01
2023-11-15,6179,27.304445266723633,0.6964432031244447,0,2.8336739177348136e-08,0.0017331561539322138,-0.0086654769256711,-0.001733099459670484,-0.001733099459670484,-0.007733099459670484,close,0,0,19,2023-11-01
2023-11-15,1504,41.14845657348633,0.6896529670291641,0,-0.0011199286673218012,0.005599064286798239,-0.021276650950312614,-0.0067190323024988174,-0.02,-0.026000000000000002,stop_loss,0,1,19,2023-11-01
2023-11-15,6234,28.061695098876953,0.6887670247359384,1,1.3634865680955954e-08,0.02434786595404148,1.3634865680955954e-08,0.02086959220468998,0.02086959220468998,0.01486959220468998,close,0,0,19,2023-11-01
2023-11-15,4961,239.39349365234375,0.6870272333223209,0,0.001890315324999392,0.007561392616480589,-0.02457471191883087,-0.02457471191883087,-0.02,-0.026000000000000002,stop_loss,0,1,19,2023-11-01
2023-11-15,3162,44.205360412597656,0.6859991583777983,1,0.0011198619613423944,0.01567748188972473,-0.0022396347485482693,0.007838769815862179,0.007838769815862179,0.0018387698158621787,close,0,0,19,2023-11-01
2023-11-15,3006,92.66637420654297,0.6830749346037068,0,0.017876045778393745,0.03364891931414604,-0.0063090561889112,-0.0052575478330254555,0.03,0.024,take_profit,1,0,19,2023-11-01
2023-11-15,6591,48.187808990478516,0.6792873361418391,1,0.00992068275809288,0.00992068275809288,4.767558436924446e-08,0.001984144328162074,0.001984144328162074,-0.004015855671837926,close,0,0,19,2023-11-01
2023-11-15,3323,27.9268798828125,0.6789669309293166,1,3.213425969761374e-08,0.014109366573393345,3.213425969761374e-08,0.010582015849649906,0.010582015849649906,0.004582015849649906,close,0,0,19,2023-11-01
2023-11-15,2540,57.5711555480957,0.6745253683858824,0,-0.013303747400641441,0.04988916590809822,-0.04988913610577583,-0.03436803072690964,-0.02,-0.026000000000000002,ambiguous_stop_loss,1,1,19,2023-11-01
2023-11-15,6412,128.00550842285156,0.6744443123289553,0,0.010714286006987095,0.02500000037252903,-0.0071428571827709675,0.0,0.0,-0.006,close,0,0,19,2023-11-01
2023-11-15,6485,97.52246856689453,0.6741600655911223,0,0.009999969974160194,0.014999969862401485,-0.026999998837709427,-0.025000030174851418,-0.02,-0.026000000000000002,stop_loss,0,1,19,2023-11-01
2023-11-15,1815,16.850000381469727,0.6737877306482009,1,0.011869368143379688,0.07715129107236862,0.005934740416705608,0.044510383158922195,0.03,0.024,take_profit,1,0,19,2023-11-01
2023-11-15,6218,22.70338249206543,0.6732704876358698,0,0.013015218079090118,0.01735362969338894,-0.0043383450247347355,-0.0021691808942705393,-0.0021691808942705393,-0.00816918089427054,close,0,0,19,2023-11-01
2023-11-15,4563,41.96855163574219,0.6728433170977117,1,9.415645507715453e-08,0.00896873977035284,-0.017937110736966133,0.0033633573912084103,0.0033633573912084103,-0.00263664260879159,close,0,0,19,2023-11-01
2023-11-15,2241,33.90127944946289,0.6727011313296124,0,0.008670513518154621,0.015895884484052658,-0.0014451418537646532,-0.0014451418537646532,-0.0014451418537646532,-0.007445141853764653,close,0,0,19,2023-11-01
2023-11-15,2464,35.62889862060547,0.6716457743365485,1,0.0055403257720172405,0.01246553473174572,0.0055403257720172405,0.008310472592711449,0.008310472592711449,0.0023104725927114485,close,0,0,19,2023-11-01
2023-11-15,6667,89.30751037597656,0.6710362093865351,1,0.0303029865026474,0.05194800719618797,-0.0021645461674779654,0.006493495311588049,0.03,0.024,gap_take_profit,1,0,19,2023-11-01
2023-11-15,2342,33.52729797363281,0.6710096878157745,0,0.007352941203862429,0.007352941203862429,-0.004411809612065554,0.0,0.0,-0.006,close,0,0,19,2023-11-01
2023-11-16,6603,16.428436279296875,0.6244176135677212,1,0.009063612669706345,0.021148137748241425,0.0030212928541004658,0.009063612669706345,0.009063612669706345,0.0030636126697063445,close,0,0,19,2023-11-01
2023-11-16,5014,12.759913444519043,0.6186302571883457,0,0.0036900509148836136,0.007380031514912844,-0.01107015274465084,0.0,0.0,-0.006,close,0,0,19,2023-11-01
2023-11-16,9914,162.5057830810547,0.6138322031528312,1,0.005797144956886768,0.043478306382894516,0.002898594131693244,0.02028989978134632,0.03,0.024,take_profit,1,0,19,2023-11-01
2023-11-16,8155,123.38054656982422,0.6084707553802118,1,0.015325607731938362,0.04214552789926529,0.007662773132324219,0.034482695162296295,0.03,0.024,take_profit,1,0,19,2023-11-01
2023-11-16,9939,97.72337341308594,0.604748585114393,1,0.004761805292218924,0.009523709304630756,-9.916170284895998e-08,0.004761805292218924,0.004761805292218924,-0.0012381947077810766,close,0,0,19,2023-11-01
2023-11-16,2753,162.65440368652344,0.6046379998245427,1,0.011236034333705902,0.019663000479340553,0.0028090672567486763,0.01404502335935831,0.01404502335935831,0.00804502335935831,close,0,0,19,2023-11-01
2023-11-16,2451,73.72249603271484,0.6037076767650218,0,2.2630388230027165e-08,0.004914046265184879,-0.009828024543821812,-0.0036855186335742474,-0.0036855186335742474,-0.009685518633574247,close,0,0,19,2023-11-01
2023-11-16,8299,438.7471923828125,0.6002098505378458,1,0.001059303991496563,0.02330506592988968,0.001059303991496563,0.014830490574240685,0.014830490574240685,0.008830490574240684,close,0,0,19,2023-11-01
2023-11-16,4526,17.639408111572266,0.59919865945788,1,0.014084468595683575,0.05633798986673355,0.00845064502209425,0.014084468595683575,0.03,0.024,take_profit,1,0,19,2023-11-01
2023-11-16,4545,27.514463424682617,0.5984555522226803,1,-4.64702409885831e-08,0.018643993884325027,-0.008474621921777725,0.018643993884325027,0.018643993884325027,0.012643993884325027,close,0,0,19,2023-11-01
2023-11-16,6164,11.111351013183594,0.5970364777407985,1,0.004784732591360807,0.019138799980282784,0.004784732591360807,0.019138799980282784,0.019138799980282784,0.013138799980282783,close,0,0,19,2023-11-01
2023-11-16,3092,34.75,0.5970263819078576,1,0.0,0.015827316790819168,0.0,0.011510835029184818,0.011510835029184818,0.005510835029184818,close,0,0,19,2023-11-01
2023-11-16,3532,149.18496704101562,0.5958762897056473,1,0.009523691609501839,0.015872897580266,0.003174486104398966,0.009523691609501839,0.009523691609501839,0.0035236916095018386,close,0,0,19,2023-11-01
2023-11-16,5443,27.3129825592041,0.5955396656751545,1,0.015789493918418884,0.047368429601192474,0.008771924301981926,0.04035085812211037,0.03,0.024,take_profit,1,0,19,2023-11-01
2023-11-16,6218,22.65413475036621,0.5939714641127465,1,-1.336328026013689e-08,0.03260868042707443,-1.336328026013689e-08,0.030434802174568176,0.03,0.024,take_profit,1,0,19,2023-11-01
2023-11-16,3537,34.021427154541016,0.5904957875340584,0,7.019653480710986e-08,0.0038511469028890133,-0.0012836221139878035,-0.0012836221139878035,-0.0012836221139878035,-0.007283622113987804,close,0,0,19,2023-11-01
2023-11-16,6167,14.948745727539062,0.5885280817553235,1,0.009584704414010048,0.02875404618680477,0.006389804184436798,0.025559084489941597,0.025559084489941597,0.0195590844899416,close,0,0,19,2023-11-01
2023-11-16,2478,43.40350341796875,0.588505400790541,1,0.01609439216554165,0.01609439216554165,0.002145942533388734,0.008583694696426392,0.008583694696426392,0.0025836946964263915,close,0,0,19,2023-11-01
2023-11-16,6180,60.838436126708984,0.5883533662093752,1,0.001447073882445693,0.014471697621047497,-8.191789646616598e-08,0.013024541549384594,0.013024541549384594,0.007024541549384594,close,0,0,19,2023-11-01
2023-11-16,3019,59.95957946777344,0.5879200048674404,1,1.4438013007378458e-09,0.004731850698590279,-0.0031545846723020077,0.003154527395963669,0.003154527395963669,-0.0028454726040363313,close,0,0,19,2023-11-01
2023-11-17,3005,83.13130187988281,0.6867069774665663,1,0.018784530460834503,0.09944754838943481,0.016574619337916374,0.09944754838943481,0.03,0.024,take_profit,1,0,19,2023-11-01
2023-11-17,6243,64.30239868164062,0.6594911658004937,1,0.03560829162597656,0.07715124636888504,0.010385674424469471,0.037091948091983795,0.03,0.024,gap_take_profit,1,0,19,2023-11-01
2023-11-17,1717,27.541086196899414,0.6562907916207114,1,0.005067598540335894,0.00675676204264164,-0.005067511461675167,0.00675676204264164,0.00675676204264164,0.0007567620426416396,close,0,0,19,2023-11-01
2023-11-17,6693,61.5671272277832,0.6545725021631535,1,0.006192023400217295,0.029411839321255684,0.001548013067804277,0.029411839321255684,0.029411839321255684,0.023411839321255686,close,0,0,19,2023-11-01
2023-11-17,2355,42.78589630126953,0.6545526763053884,1,0.03965694084763527,0.09967835247516632,0.009646190330386162,0.09967835247516632,0.03,0.024,gap_take_profit,1,0,19,2023-11-01
2023-11-17,5880,23.508323669433594,0.6512144232493439,0,0.0,0.0018904195167124271,-0.003780685132369399,0.0,0.0,-0.006,close,0,0,19,2023-11-01
2023-11-17,3555,31.200000762939453,0.6500098561409291,0,-0.006410280708223581,-0.006410280708223581,-0.006410280708223581,-0.006410280708223581,-0.006410280708223581,-0.012410280708223581,close,0,0,19,2023-11-01
2023-11-17,4561,29.053340911865234,0.6496248310701548,1,5.997323171413882e-08,0.008210240863263607,-0.008210120722651482,0.008210240863263607,0.008210240863263607,0.002210240863263607,close,0,0,19,2023-11-01
2023-11-17,4760,60.70505905151367,0.6474752612135977,1,6.38231441030257e-08,0.014836922287940979,6.38231441030257e-08,0.007418433669954538,0.007418433669954538,0.0014184336699545382,close,0,0,19,2023-11-01
2023-11-17,8383,34.05665588378906,0.6464565756877361,1,0.0026738164015114307,0.01604280062019825,6.036675870291219e-08,0.006684552412480116,0.006684552412480116,0.0006845524124801158,close,0,0,19,2023-11-01
2023-11-17,2207,638.996826171875,0.6447964530316138,1,0.0029281319584697485,0.007320518139749765,-0.024890312924981117,0.0043922606855630875,-0.02,-0.026000000000000002,stop_loss,0,1,19,2023-11-01
2023-11-17,2330,562.3533325195312,0.6410252428965217,0,-0.00689649349078536,-0.0017240794841200113,-0.008620631881058216,-0.005172355566173792,-0.005172355566173792,-0.011172355566173792,close,0,0,19,2023-11-01
2023-11-17,3615,22.7921142578125,0.6401162254738697,1,0.004228390287607908,0.02537004090845585,4.429965727581475e-08,0.010570869781076908,0.010570869781076908,0.004570869781076908,close,0,0,19,2023-11-01
2023-11-17,2543,21.10154914855957,0.6381641221692391,1,0.09880232065916061,0.09880232065916061,0.02694600261747837,0.034431081265211105,0.03,0.024,gap_take_profit,1,0,19,2023-11-01
2023-11-17,3322,24.72890853881836,0.6376103853199384,0,0.01600000262260437,0.01600000262260437,-0.005999967455863953,-0.005999967455863953,-0.005999967455863953,-0.011999967455863953,close,0,0,19,2023-11-01
2023-11-17,6695,56.29999923706055,0.6373644042229151,1,0.0763765424489975,0.09591477364301682,-0.021314401179552078,0.014209577813744545,0.03,0.024,gap_take_profit,1,1,19,2023-11-01
2023-11-17,6291,228.3809814453125,0.6369878940261515,0,0.03921567648649216,0.07843136042356491,-0.033333342522382736,-0.033333342522382736,0.03,0.024,gap_take_profit,1,1,19,2023-11-01
2023-11-17,6425,19.67336082458496,0.6352928234391302,0,0.0,0.0,-0.0024690981954336166,0.0,0.0,-0.006,close,0,0,19,2023-11-01
2023-11-17,1464,11.972402572631836,0.6349248508760346,1,0.007692225743085146,0.011538444086909294,0.0038461603689938784,0.007692225743085146,0.007692225743085146,0.0016922257430851458,close,0,0,19,2023-11-01
2023-11-17,3379,14.03268051147461,0.6345026855649791,1,0.0070175244472920895,0.0982455387711525,0.0070175244472920895,0.09473682194948196,0.03,0.024,take_profit,1,0,19,2023-11-01
2023-11-20,5244,35.082801818847656,0.6794830763971429,0,0.033333320170640945,0.04166663438081741,-0.02638894133269787,-0.016666656360030174,0.03,0.024,gap_take_profit,1,1,19,2023-11-01
2023-11-20,6127,28.94236183166504,0.6787876004483545,0,0.04258943721652031,0.04599660634994507,-0.023850111290812492,0.0,0.03,0.024,gap_take_profit,1,1,19,2023-11-01
2023-11-20,3715,96.69790649414062,0.6781446324235267,0,0.014634192921221256,0.029268339276313782,-0.03024384379386902,-0.02731705829501152,-0.02,-0.026000000000000002,stop_loss,0,1,19,2023-11-01
2023-11-20,3059,38.478939056396484,0.6769712062089859,0,0.03057323582470417,0.045859821140766144,-0.04076432064175606,-0.024203870445489883,0.03,0.024,gap_take_profit,1,1,19,2023-11-01
2023-11-20,6558,30.0483341217041,0.6741743420250735,0,0.016528913751244545,0.02644624374806881,-0.05454545468091965,-0.02644626796245575,-0.02,-0.026000000000000002,stop_loss,0,1,19,2023-11-01
2023-11-20,8089,23.374954223632812,0.6711970282823311,1,0.03683239221572876,0.0828728899359703,0.025782600045204163,0.07918959856033325,0.03,0.024,gap_take_profit,1,0,19,2023-11-01
2023-11-20,3005,91.39850616455078,0.6707360014265753,1,0.015075410716235638,0.09547742456197739,0.005025158636271954,0.09547742456197739,0.03,0.024,take_profit,1,0,19,2023-11-01
2023-11-20,8289,31.728599548339844,0.670647349638987,1,0.03748121112585068,0.06896556168794632,0.03448275476694107,0.03448275476694107,0.03,0.024,gap_take_profit,1,0,19,2023-11-01
2023-11-20,2355,47.050724029541016,0.6695100067770287,0,0.03313848748803139,0.04483436793088913,-0.017543746158480644,-0.0058478694409132,0.03,0.024,gap_take_profit,1,0,19,2023-11-01
2023-11-20,5213,26.199481964111328,0.6692171335046223,1,0.003349966835230589,0.03517575562000275,-0.0033501849975436926,0.028475603088736534,0.03,0.024,take_profit,1,0,19,2023-11-01
2023-11-20,3149,22.399999618530273,0.6671346198424478,1,0.008928605355322361,0.08035719394683838,0.0,0.020089320838451385,0.03,0.024,take_profit,1,0,19,2023-11-01
2023-11-20,3323,28.32090950012207,0.6639981221668098,1,0.006956581957638264,0.006956581957638264,3.334895026796403e-08,0.0034783075097948313,0.0034783075097948313,-0.002521692490205169,close,0,0,19,2023-11-01
2023-11-20,8086,121.81159210205078,0.6621290141203768,1,0.008130106143653393,0.012195146642625332,-0.012195097282528877,0.008130106143653393,0.008130106143653393,0.0021301061436533927,close,0,0,19,2023-11-01
2023-11-20,2516,11.850000381469727,0.6600668098550485,1,0.02109704539179802,0.0970463752746582,-0.02109704539179802,0.0970463752746582,-0.02,-0.026000000000000002,ambiguous_stop_loss,1,1,19,2023-11-01
2023-11-20,8076,30.194721221923828,0.6600052038968163,1,0.006472557317465544,0.01294501218944788,0.001618200563825667,0.01294501218944788,0.01294501218944788,0.00694501218944788,close,0,0,19,2023-11-01
2023-11-20,5351,47.95000076293945,0.6596323278587112,1,0.04171011224389076,0.08237749338150024,-0.004171027336269617,0.005213764030486345,0.03,0.024,gap_take_profit,1,0,19,2023-11-01
2023-11-20,6233,29.805936813354492,0.658892915167339,1,0.047541018575429916,0.09999998658895493,-0.008196710608899593,0.006557412911206484,0.03,0.024,gap_take_profit,1,0,19,2023-11-01
2023-11-20,2491,13.600000381469727,0.6581879279752072,1,0.0,0.014705867506563663,-0.0036764845717698336,0.011029383167624474,0.011029383167624474,0.0050293831676244734,close,0,0,19,2023-11-01
2023-11-20,6244,27.561384201049805,0.6581301013883625,1,0.00880276970565319,0.00880276970565319,-0.003521186765283346,0.007042233366519213,0.007042233366519213,0.0010422333665192126,close,0,0,19,2023-11-01
2023-11-20,8064,17.31817054748535,0.6567684977748601,1,9.852511695385147e-09,0.008403349667787552,-0.0028011747635900974,0.005602272227406502,0.005602272227406502,-0.00039772777259349835,close,0,0,19,2023-11-01
2023-11-21,4909,22.194095611572266,0.6063223541006527,1,0.002057629404589534,0.012345694936811924,-3.090774924885409e-08,0.004115211311727762,0.004115211311727762,-0.001884788688272238,close,0,0,19,2023-11-01
2023-11-21,3047,16.049999237060547,0.5995304006703702,0,0.0031153361778706312,0.034267984330654144,-0.015576265752315521,-0.015576265752315521,0.03,0.024,take_profit,1,0,19,2023-11-01
2023-11-21,3694,38.004215240478516,0.5913903874105273,1,-0.0012531504034996033,0.09899748116731644,-0.006265605334192514,0.09899748116731644,0.03,0.024,take_profit,1,0,19,2023-11-01
2023-11-21,2891,24.483192443847656,0.59121881797238,1,-0.0018484297906979918,0.005545313935726881,-0.003696830477565527,0.005545313935726881,0.005545313935726881,-0.0004546860642731191,close,0,0,19,2023-11-01
2023-11-21,3623,39.29999923706055,0.5908601431062321,0,0.06361323595046997,0.07251914590597153,-0.027989784255623817,-0.006361323408782482,0.03,0.024,gap_take_profit,1,1,19,2023-11-01
2023-11-21,5876,42.7276725769043,0.5902939372080318,0,-0.0021598460152745247,-0.0021598460152745247,-0.01835854910314083,-0.012958982028067112,-0.012958982028067112,-0.01895898202806711,close,0,0,19,2023-11-01
2023-11-21,6716,88.47444152832031,0.5899098272752461,1,0.015706827864050865,0.09947646409273148,0.015706827864050865,0.09947646409273148,0.03,0.024,take_profit,1,0,19,2023-11-01
2023-11-21,4561,28.814809799194336,0.5817850398149715,1,0.0033112051896750927,0.021523162722587585,-0.006622544024139643,0.021523162722587585,0.021523162722587585,0.015523162722587585,close,0,0,19,2023-11-01
2023-11-21,2101,37.65070343017578,0.580209770286923,1,0.0013124574907124043,0.007874137721955776,0.0013124574907124043,0.007874137721955776,0.007874137721955776,0.001874137721955776,close,0,0,19,2023-11-01
2023-11-21,3230,11.023528099060059,0.5781842497475328,0,-0.004504557233303785,0.00900892075151205,-0.027027077972888947,-0.00900907814502716,-0.02,-0.026000000000000002,stop_loss,0,1,19,2023-11-01
2023-11-21,6234,28.549724578857422,0.5756792128858575,1,-2.7316268358390516e-08,0.008546981029212475,-0.0034188437275588512,0.001709348289296031,0.001709348289296031,-0.004290651710703969,close,0,0,19,2023-11-01
2023-11-21,2882,42.2873649597168,0.57215318319883,1,-0.0010833939304575324,0.0032503174152225256,-0.002166801132261753,0.0032503174152225256,0.0032503174152225256,-0.0027496825847774745,close,0,0,19,2023-11-01
2023-11-21,6451,158.38912963867188,0.5711753455608647,0,-0.0031152646988630295,0.018691588193178177,-0.015576324425637722,0.0,0.0,-0.006,close,0,0,19,2023-11-01
2023-11-21,6530,47.89885330200195,0.5700689754068817,1,0.02766803465783596,0.09881425648927689,0.02766803465783596,0.09881425648927689,0.03,0.024,take_profit,1,0,19,2023-11-01
2023-11-21,6024,42.01057815551758,0.5685933578312277,0,0.0010604291455820203,0.0021208582911640406,-0.0031813683453947306,0.0,0.0,-0.006,close,0,0,19,2023-11-01
2023-11-21,6261,56.335105895996094,0.5682845234849492,1,0.005041992757469416,0.021848715841770172,0.005041992757469416,0.016806710511446,0.016806710511446,0.010806710511445999,close,0,0,19,2023-11-01
2023-11-21,3712,33.49106979370117,0.5673540977778136,1,0.002724794903770089,0.012261642143130302,0.0013624178245663643,0.010899160988628864,0.010899160988628864,0.004899160988628864,close,0,0,19,2023-11-01
2023-11-21,6186,45.906917572021484,0.5666425632533583,1,0.0018552201800048351,0.02040804736316204,0.0018552201800048351,0.02040804736316204,0.02040804736316204,0.01440804736316204,close,0,0,19,2023-11-01
2023-11-21,1717,27.634130477905273,0.5659364686659086,1,-2.5034916362187687e-08,0.006733942776918411,-0.00505058141425252,0.006733942776918411,0.006733942776918411,0.0007339427769184111,close,0,0,19,2023-11-01
2023-11-21,2038,18.049999237060547,0.5650998108730219,0,0.00554018747061491,0.01108037494122982,-0.0027700408827513456,0.0,0.0,-0.006,close,0,0,19,2023-11-01
2023-11-22,6781,690.2811279296875,0.6741209411647041,1,0.007022541016340256,0.033707935363054276,-0.004213414620608091,0.0014045631978660822,0.03,0.024,take_profit,1,0,19,2023-11-01
2023-11-22,1402,27.896404266357422,0.6683256717545162,1,0.003283988917246461,0.014778253622353077,-3.310184126803506e-08,0.00656807329505682,0.00656807329505682,0.0005680732950568198,close,0,0,19,2023-11-01
2023-11-22,3308,42.528221130371094,0.6496200669122226,1,0.00831025280058384,0.020775675773620605,0.00831025280058384,0.009695279411971569,0.009695279411971569,0.003695279411971569,close,0,0,19,2023-11-01
2023-11-22,1216,66.72120666503906,0.6486601268740139,1,0.0041780914179980755,0.025069452822208405,0.0041780914179980755,0.009749142453074455,0.009749142453074455,0.003749142453074455,close,0,0,19,2023-11-01
2023-11-22,6190,29.908775329589844,0.6433420298602415,0,0.0016259534750133753,0.008130042813718319,-0.006504127290099859,-0.006504127290099859,-0.006504127290099859,-0.01250412729009986,close,0,0,19,2023-11-01
2023-11-22,3045,90.88662719726562,0.6392541070205467,1,-0.0030517897102981806,0.005086594261229038,-0.004069068003445864,0.0010174022754654288,0.0010174022754654288,-0.004982597724534571,close,0,0,19,2023-11-01
2023-11-22,4726,35.79999923706055,0.6382173191056517,0,0.008379867300391197,0.008379867300391197,-0.013966481201350689,-0.012569854035973549,-0.012569854035973549,-0.018569854035973547,close,0,0,19,2023-11-01
2023-11-22,4770,331.1504821777344,0.6364090164620524,1,0.008498615585267544,0.031161505728960037,-0.00849855225533247,0.00424932362511754,0.03,0.024,take_profit,1,0,19,2023-11-01
2023-11-22,6716,97.27556610107422,0.6351927579757888,1,0.01904759742319584,0.09999997913837433,0.009523787535727024,0.09999997913837433,0.03,0.024,take_profit,1,0,19,2023-11-01
2023-11-22,2478,43.682926177978516,0.6339760299462877,1,0.0010661222040653229,0.009594857692718506,0.0010661222040653229,0.0063966126181185246,0.0063966126181185246,0.0003966126181185244,close,0,0,19,2023-11-01
2023-11-22,2337,27.8826961517334,0.6320593390687753,1,-0.001760573941282928,0.02112673595547676,-0.001760573941282928,0.015845060348510742,0.015845060348510742,0.009845060348510742,close,0,0,19,2023-11-01
2023-11-22,1303,65.93339538574219,0.6319234109691715,0,-0.001459831721149385,0.0058394381776452065,-0.01021893322467804,0.0,0.0,-0.006,close,0,0,19,2023-11-01
2023-11-22,8064,17.366680145263672,0.631685167617358,1,6.5486247535773146e-09,0.011173233389854431,6.5486247535773146e-09,0.0027933665551245213,0.0027933665551245213,-0.003206633444875479,close,0,0,19,2023-11-01
2023-11-22,6533,512.0,0.6307051826614708,0,0.02734375,0.0390625,-0.01953125,-0.017578125,0.03,0.024,take_profit,1,0,19,2023-11-01
2023-11-22,8210,222.7068328857422,0.6295668060465351,0,0.0021738826762884855,0.010869534686207771,-0.019565246999263763,-0.017391333356499672,-0.017391333356499672,-0.02339133335649967,close,0,0,19,2023-11-01
2023-11-22,3362,174.35897827148438,0.6294246654590087,1,0.017142808064818382,0.06571423262357712,-0.0257143322378397,0.0428570918738842,-0.02,-0.026000000000000002,ambiguous_stop_loss,1,1,19,2023-11-01
2023-11-22,5521,11.050000190734863,0.6282275477676867,0,0.05429859086871147,0.07692302018404007,-0.04524886980652809,-0.03167424350976944,0.03,0.024,gap_take_profit,1,1,19,2023-11-01
2023-11-22,6237,63.200740814208984,0.6278554055502044,0,0.0015649489359930158,0.09702658653259277,-0.05633803829550743,-0.051643211394548416,-0.02,-0.026000000000000002,ambiguous_stop_loss,1,1,19,2023-11-01
2023-11-22,2028,23.15125274658203,0.6270189651959314,0,0.0,0.006198331248015165,0.0,0.0,0.0,-0.006,close,0,0,19,2023-11-01
2023-11-22,2630,33.09264373779297,0.6268475974849919,1,0.005847904831171036,0.01023380272090435,-0.008771977387368679,0.0014618956483900547,0.0014618956483900547,-0.004538104351609945,close,0,0,19,2023-11-01
2023-11-23,4726,35.349998474121094,0.6821332538781509,1,0.0,0.012729866430163383,-0.008486541919410229,0.012729866430163383,0.012729866430163383,0.006729866430163383,close,0,0,19,2023-11-01
2023-11-23,5508,75.41493225097656,0.6741957549104356,1,0.004459282848984003,0.016722364351153374,0.004459282848984003,0.016722364351153374,0.016722364351153374,0.010722364351153374,close,0,0,19,2023-11-01
2023-11-23,4523,45.349998474121094,0.6667035979791426,1,0.00992283970117569,0.012127961963415146,0.0,0.003307641251012683,0.003307641251012683,-0.002692358748987317,close,0,0,19,2023-11-01
2023-11-23,8112,47.3516845703125,0.6579613900243583,0,4.0397225120614166e-08,0.003752400167286396,-0.0018761036917567253,-0.0018761036917567253,-0.0018761036917567253,-0.007876103691756725,close,0,0,19,2023-11-01
2023-11-23,6830,133.040283203125,0.6564884827492812,1,0.025270694866776466,0.025270694866776466,-6.248507133932435e-08,0.007220153696835041,0.007220153696835041,0.001220153696835041,close,0,0,19,2023-11-01
2023-11-23,3189,95.8809585571289,0.6532836518995652,1,0.004128039814531803,0.009287999011576176,-0.0030959497671574354,0.008255943655967712,0.008255943655967712,0.0022559436559677123,close,0,0,19,2023-11-01
2023-11-23,3376,115.74163055419922,0.6502362624450024,1,0.008264407515525818,0.033057793974876404,-0.004132286179810762,0.016528869047760963,0.03,0.024,take_profit,1,0,19,2023-11-01
2023-11-23,6138,179.45693969726562,0.649356891996658,1,0.015384613536298275,0.041025638580322266,0.010256407782435417,0.020512817427515984,0.03,0.024,take_profit,1,0,19,2023-11-01
2023-11-23,8383,34.60301971435547,0.6478395549246618,1,0.0026315979193896055,0.010526415891945362,0.0026315979193896055,0.006579007022082806,0.006579007022082806,0.0005790070220828055,close,0,0,19,2023-11-01
2023-11-23,8996,238.4485626220703,0.6462857528561519,1,0.014285743236541748,0.04285717383027077,0.004081660881638527,0.03877554088830948,0.03,0.024,take_profit,1,0,19,2023-11-01
2023-11-23,5351,55.20000076293945,0.644821947747708,0,0.007246335037052631,0.02355070970952511,-0.05072462186217308,-0.030797114595770836,-0.02,-0.026000000000000002,stop_loss,0,1,19,2023-11-01
2023-11-23,6584,83.84671020507812,0.6432656487688831,0,0.01067604310810566,0.03440083563327789,-0.008303770795464516,-0.003558794967830181,0.03,0.024,take_profit,1,0,19,2023-11-01
2023-11-23,3324,357.32305908203125,0.643142469158767,1,0.005464464891701937,0.03278686851263046,-0.005464496556669474,0.012295065447688103,0.03,0.024,take_profit,1,0,19,2023-11-01
2023-11-23,6190,29.714244842529297,0.6430214083183357,0,0.008183297701179981,0.011456632055342197,-0.004909980110824108,-0.0016366449417546391,-0.0016366449417546391,-0.007636644941754639,close,0,0,19,2023-11-01
2023-11-23,2379,420.3249816894531,0.6428356419600478,1,2.89426562716244e-08,0.03460210561752319,2.89426562716244e-08,0.012687456794083118,0.03,0.024,take_profit,1,0,19,2023-11-01
2023-11-23,6761,65.29161071777344,0.6416096442163203,0,0.003989365417510271,0.003989365417510271,-0.01595749333500862,-0.007978707551956177,-0.007978707551956177,-0.013978707551956177,close,0,0,19,2023-11-01
2023-11-23,5258,128.48265075683594,0.6415409749894412,1,0.01063821092247963,0.07801412045955658,0.007092182524502277,0.06382977962493896,0.03,0.024,take_profit,1,0,19,2023-11-01
2023-11-23,5498,10.649999618530273,0.6405586705688675,1,0.004694853909313679,0.009389707818627357,0.0,0.004694853909313679,0.004694853909313679,-0.0013051460906863214,close,0,0,19,2023-11-01
2023-11-23,1532,34.16895294189453,0.6396945342331168,1,0.0026384072843939066,0.014511777088046074,-7.448537786558518e-08,0.013192536309361458,0.013192536309361458,0.007192536309361458,close,0,0,19,2023-11-01
2023-11-23,6153,21.761938095092773,0.6386862351518169,1,0.002272750483825803,0.011363665573298931,-0.002272662939503789,0.006818251684308052,0.006818251684308052,0.0008182516843080519,close,0,0,19,2023-11-01
2023-11-24,1514,58.64386749267578,0.6390276360128975,1,0.02310231700539589,0.0676567330956459,0.009900936856865883,0.057755742222070694,0.03,0.024,take_profit,1,0,19,2023-11-01
2023-11-24,2474,174.08413696289062,0.6138184299878213,0,0.0025315522216260433,0.010126488283276558,-0.007595029193907976,-0.007595029193907976,-0.007595029193907976,-0.013595029193907976,close,0,0,19,2023-11-01
2023-11-24,6271,144.5142059326172,0.6092320423569074,0,0.00662250118330121,0.009933759458363056,-0.03311259672045708,-0.02980133891105652,-0.02,-0.026000000000000002,stop_loss,0,1,19,2023-11-01
2023-11-24,6435,93.9645004272461,0.6084120588015616,1,1.0799260152793977e-08,0.009901001118123531,-0.00495048426091671,0.004950505681335926,0.004950505681335926,-0.001049494318664074,close,0,0,19,2023-11-01
2023-11-24,2347,61.981632232666016,0.6077545511726794,1,0.001468386733904481,0.024963336065411568,0.001468386733904481,0.0044053117744624615,0.0044053117744624615,-0.0015946882255375387,close,0,0,19,2023-11-01
2023-11-24,2303,44.7584228515625,0.6074269029862217,0,-0.005964148789644241,0.005964251235127449,-0.015904506668448448,-0.015904506668448448,-0.015904506668448448,-0.021904506668448447,close,0,0,19,2023-11-01
2023-11-24,4919,134.61814880371094,0.6069828695946435,1,0.01438859198242426,0.04316557198762894,0.010791469365358353,0.017985714599490166,0.03,0.024,take_profit,1,0,19,2023-11-01
2023-11-24,3045,90.88662719726562,0.6017411840296152,1,7.962212578149774e-08,0.014242134056985378,7.962212578149774e-08,0.0020346366800367832,0.0020346366800367832,-0.003965363319963217,close,0,0,19,2023-11-01
2023-11-24,2466,38.75,0.5981373819874594,1,0.0025806056801229715,0.011612922884523869,0.0,0.0077419159933924675,0.0077419159933924675,0.0017419159933924674,close,0,0,19,2023-11-01
2023-11-24,3443,1615.125732421875,0.5973025966485289,0,0.006042239721864462,0.015105683356523514,-0.03021153435111046,-0.02719038724899292,-0.02,-0.026000000000000002,stop_loss,0,1,19,2023-11-01
2023-11-24,1303,65.64463806152344,0.5949299758807206,0,-6.353189974106499e-08,0.016129057854413986,-0.00733144162222743,-0.00733144162222743,-0.00733144162222743,-0.01333144162222743,close,0,0,19,2023-11-01
2023-11-24,1216,67.46460723876953,0.594452655679853,0,0.0027549017686396837,0.015151511877775192,-0.008264424279332161,-0.008264424279332161,-0.008264424279332161,-0.014264424279332161,close,0,0,19,2023-11-01
2023-11-24,4904,76.8017349243164,0.5926825702025882,1,0.006265648175030947,0.0213032029569149,0.005012438632547855,0.005012438632547855,0.005012438632547855,-0.0009875613674521447,close,0,0,19,2023-11-01
2023-11-24,6716,117.65711212158203,0.5921468068928717,1,0.07086611539125443,0.09842517226934433,0.07086611539125443,0.09842517226934433,0.03,0.024,gap_take_profit,1,0,19,2023-11-01
2023-11-24,2308,305.2876892089844,0.5905116423089712,0,-0.0015798466047272086,0.00315948948264122,-0.009478740394115448,-0.006319182924926281,-0.006319182924926281,-0.012319182924926281,close,0,0,19,2023-11-01
2023-11-24,1513,114.75957489013672,0.587434469091938,1,0.03418802097439766,0.06410254538059235,0.00854699406772852,0.017094003036618233,0.03,0.024,gap_take_profit,1,0,19,2023-11-01
2023-11-24,6108,20.43014907836914,0.5821532896950744,0,0.00477325264364481,0.0071599422954022884,-0.016706407070159912,-0.011933119036257267,-0.011933119036257267,-0.017933119036257265,close,0,0,19,2023-11-01
2023-11-24,6239,97.71565246582031,0.5807856254565498,1,0.004651225171983242,0.013953551650047302,6.224612292271559e-08,0.009302387945353985,0.009302387945353985,0.0033023879453539847,close,0,0,19,2023-11-01
2023-11-24,3049,9.449999809265137,0.5802591502321277,0,0.0,0.0031745750457048416,-0.005291025619953871,-0.0031745750457048416,-0.0031745750457048416,-0.009174575045704842,close,0,0,19,2023-11-01
2023-11-24,6127,31.111804962158203,0.5790138447680364,0,0.007923894561827183,0.019017469137907028,-0.0744849294424057,-0.06339147686958313,-0.02,-0.026000000000000002,stop_loss,0,1,19,2023-11-01
2023-11-27,1325,25.98617935180664,0.6959327881835855,1,0.09906547516584396,0.09906547516584396,0.08411221951246262,0.09906547516584396,0.03,0.024,gap_take_profit,1,0,19,2023-11-01
2023-11-27,6716,129.23753356933594,0.6304928723713954,1,0.09677422046661377,0.09677422046661377,2.1685918838443285e-08,0.05376346409320831,0.03,0.024,gap_take_profit,1,0,19,2023-11-01
2023-11-27,3623,49.79999923706055,0.6268477378418096,1,0.008032158948481083,0.09839360415935516,0.008032158948481083,0.09638553112745285,0.03,0.024,take_profit,1,0,19,2023-11-01
2023-11-27,2355,44.06993103027344,0.6241076729411561,1,0.013527589850127697,0.03642037883400917,0.002081195591017604,0.031217463314533234,0.03,0.024,take_profit,1,0,19,2023-11-01
2023-11-27,3515,185.7427978515625,0.6238606885374215,1,0.007672661449760199,0.02046038582921028,0.002557571744546294,0.02046038582921028,0.02046038582921028,0.014460385829210281,close,0,0,19,2023-11-01
2023-11-27,2606,43.3101806640625,0.6231501250029294,1,0.031380776315927505,0.07112976163625717,0.012552370317280293,0.0156903974711895,0.03,0.024,gap_take_profit,1,0,19,2023-11-01
2023-11-27,8016,260.85693359375,0.6222759615946674,1,0.003460309002548456,0.01730114035308361,-0.012110627256333828,0.01730114035308361,0.01730114035308361,0.01130114035308361,close,0,0,19,2023-11-01
2023-11-27,4121,26.216121673583984,0.6212204249895745,0,0.009328335523605347,0.026119409129023552,-0.055970173329114914,-0.020522382110357285,-0.02,-0.026000000000000002,stop_loss,0,1,19,2023-11-01
2023-11-27,2890,16.583816528320312,0.6200228698143241,1,0.01063813827931881,0.015957271680235863,0.0026594374794512987,0.0026594374794512987,0.0026594374794512987,-0.0033405625205487014,close,0,0,19,2023-11-01
2023-11-27,2465,52.599998474121094,0.618618326283069,1,0.013307999819517136,0.03422059118747711,0.0019011842086911201,0.03422059118747711,0.03,0.024,take_profit,1,0,19,2023-11-01
2023-11-27,4171,37.75,0.6174681042028316,0,0.0,0.034437064081430435,-0.03178809955716133,-0.018543066456913948,-0.02,-0.026000000000000002,ambiguous_stop_loss,1,1,19,2023-11-01
2023-11-27,4904,77.18669891357422,0.6165892403248345,1,0.009975142776966095,0.014962692745029926,0.0024938639253377914,0.0037407279014587402,0.0037407279014587402,-0.00225927209854126,close,0,0,19,2023-11-01
2023-11-27,3019,61.851051330566406,0.6163804237532592,1,-0.0015290091978386045,0.015290539711713791,-0.0015290091978386045,0.015290539711713791,0.015290539711713791,0.00929053971171379,close,0,0,19,2023-11-01
2023-11-27,6223,205.8937530517578,0.6153122014803329,1,0.007194229867309332,0.033573124557733536,0.007194229867309332,0.031175045296549797,0.03,0.024,take_profit,1,0,19,2023-11-01
2023-11-27,9919,21.01372528076172,0.6152141764551246,1,0.0533643402159214,0.09976805746555328,0.04640371352434158,0.09976805746555328,0.03,0.024,gap_take_profit,1,0,19,2023-11-01
2023-11-27,2891,24.166404724121094,0.6149247923854634,1,0.026217231526970863,0.026217231526970863,0.013108603656291962,0.0168539360165596,0.0168539360165596,0.0108539360165596,close,0,0,19,2023-11-01
2023-11-27,4919,137.0393524169922,0.614447181185473,1,0.017667721956968307,0.02120129019021988,-0.0035336895380169153,0.017667721956968307,0.017667721956968307,0.011667721956968307,close,0,0,19,2023-11-01
2023-11-27,6415,391.0382385253906,0.6137295527461577,1,0.015170682221651077,0.04551202431321144,0.0012642346555367112,0.03666246682405472,0.03,0.024,take_profit,1,0,19,2023-11-01
2023-11-27,8210,209.63491821289062,0.6131845607380356,1,-1.053715781296205e-08,0.048498835414648056,-1.053715781296205e-08,0.03695148974657059,0.03,0.024,take_profit,1,0,19,2023-11-01
2023-11-27,1732,28.049999237060547,0.6131709165837542,1,0.058823585510253906,0.09447421133518219,0.03386811912059784,0.08199647814035416,0.03,0.024,gap_take_profit,1,0,19,2023-11-01
2023-11-28,2474,171.43980407714844,0.6353914487285167,1,0.002570789773017168,0.02056564949452877,9.534500833296988e-08,0.01028287224471569,0.01028287224471569,0.0042828722447156905,close,0,0,19,2023-11-01
2023-11-28,2461,22.54138946533203,0.6347166602509254,0,0.012220063246786594,0.018330028280615807,-0.008146537467837334,-0.006109908688813448,-0.006109908688813448,-0.012109908688813448,close,0,0,19,2023-11-01
2023-11-28,9919,23.1102237701416,0.628331814023141,1,0.02531641721725464,0.09915608167648315,0.01265822071582079,0.09915608167648315,0.03,0.024,take_profit,1,0,19,2023-11-01
2023-11-28,2892,24.51055908203125,0.6183619971411938,0,0.005434820894151926,0.00905799213796854,-0.003623179392889142,-0.003623179392889142,-0.003623179392889142,-0.009623179392889142,close,0,0,19,2023-11-01
2023-11-28,5608,20.200000762939453,0.6117384053128495,0,0.0,0.007425723597407341,-0.037128712981939316,-0.01980205439031124,-0.02,-0.026000000000000002,stop_loss,0,1,19,2023-11-01
2023-11-28,1616,11.961396217346191,0.6117149451054681,1,-0.01167318131774664,0.0817120149731636,-0.03112843446433544,0.0778210237622261,-0.02,-0.026000000000000002,ambiguous_stop_loss,1,1,19,2023-11-01
2023-11-28,2890,16.627920150756836,0.6111093005359004,0,0.007957668974995613,0.007957668974995613,-0.002652383642271161,-0.002652383642271161,-0.002652383642271161,-0.008652383642271161,close,0,0,19,2023-11-01
2023-11-28,2010,14.913021087646484,0.6100667581470355,1,0.008902043104171753,0.008902043104171753,-1.13590354899884e-08,0.0029673022218048573,0.0029673022218048573,-0.003032697778195143,close,0,0,19,2023-11-01
2023-11-28,6695,63.29999923706055,0.6082351116756562,1,0.030015762895345688,0.058451831340789795,-0.012638218700885773,0.031595636159181595,0.03,0.024,gap_take_profit,1,0,19,2023-11-01
2023-11-28,2347,61.981632232666016,0.6073637332572511,0,-2.0586954363466248e-08,0.014684267342090607,-0.002936833305284381,-0.002936833305284381,-0.002936833305284381,-0.008936833305284381,close,0,0,19,2023-11-01
2023-11-28,1402,28.033823013305664,0.6057537426360508,0,0.0,0.009803896769881248,0.0,0.0,0.0,-0.006,close,0,0,19,2023-11-01
2023-11-28,2886,35.57261657714844,0.6034571507410073,0,3.735001996574283e-08,3.735001996574283e-08,-0.012610308825969696,-0.012610308825969696,-0.012610308825969696,-0.018610308825969694,close,0,0,19,2023-11-01
2023-11-28,2329,50.729557037353516,0.6002747834083381,1,0.028301836922764778,0.09999993443489075,0.015094276517629623,0.09999993443489075,0.03,0.024,take_profit,1,0,19,2023-11-01
2023-11-28,3545,130.95884704589844,0.598010289212527,0,0.026415100321173668,0.026415100321173668,-0.045283012092113495,-0.026415089145302773,-0.02,-0.026000000000000002,stop_loss,0,1,19,2023-11-01
2023-11-28,4904,77.47543334960938,0.597412515662935,1,0.00124224997125566,0.016149139031767845,0.00124224997125566,0.006211213301867247,0.006211213301867247,0.0002112133018672465,close,0,0,19,2023-11-01
2023-11-28,1325,28.56051254272461,0.5943133713927874,1,0.05442174896597862,0.09863940626382828,0.0204081442207098,0.09863940626382828,0.03,0.024,gap_take_profit,1,0,19,2023-11-01
2023-11-28,2613,19.59615707397461,0.5927564750096889,1,0.024096453562378883,0.024096453562378883,6.592641454972181e-08,0.0024096679408103228,0.0024096679408103228,-0.0035903320591896774,close,0,0,19,2023-11-01
2023-11-28,1216,66.72120666503906,0.5924289677138549,1,0.004178153350949287,0.019498465582728386,0.004178153350949287,0.005570889450609684,0.005570889450609684,-0.00042911054939031613,close,0,0,19,2023-11-01
2023-11-28,1532,35.47620391845703,0.590707719305507,1,0.0038119913078844547,0.013977214694023132,-0.001270620501600206,0.007623974233865738,0.007623974233865738,0.0016239742338657378,close,0,0,19,2023-11-01
2023-11-28,4306,16.148345947265625,0.589783696977019,0,0.008875728584825993,0.008875728584825993,-0.005917171481996775,-0.002958524040877819,-0.002958524040877819,-0.00895852404087782,close,0,0,19,2023-11-01
2023-11-29,5478,133.16490173339844,0.7015492097735422,1,0.09698989987373352,0.09698989987373352,0.00668890168890357,0.06354508548974991,0.03,0.024,gap_take_profit,1,0,19,2023-11-01
2023-11-29,8210,238.68362426757812,0.6494223686043514,1,0.014198757708072662,0.06693709641695023,-0.006085217464715242,0.0223123487085104,0.03,0.024,take_profit,1,0,19,2023-11-01
2023-11-29,6789,291.30426025390625,0.6492199945168996,1,0.020270293578505516,0.04391894116997719,-0.0033783556427806616,0.03547299653291702,0.03,0.024,take_profit,1,0,19,2023-11-01
2023-11-29,2492,132.85133361816406,0.6404513877375412,0,0.0035842915531247854,0.010752750560641289,-0.02508954517543316,-0.021505316719412804,-0.02,-0.026000000000000002,stop_loss,0,1,19,2023-11-01
2023-11-29,2329,55.80250930786133,0.6353040563758896,1,0.0017152971122413874,0.046312183141708374,-0.012006882578134537,0.01715265028178692,0.03,0.024,take_profit,1,0,19,2023-11-01
2023-11-29,5328,15.592146873474121,0.6330657457041954,1,0.01567409560084343,0.09717875719070435,0.003134861122816801,0.09717875719070435,0.03,0.024,take_profit,1,0,19,2023-11-01
2023-11-29,9919,25.401742935180664,0.6315815974387246,1,0.05566222593188286,0.09980808198451996,0.01919386349618435,0.09980808198451996,0.03,0.024,gap_take_profit,1,0,19,2023-11-01
2023-11-29,2461,22.403663635253906,0.6216530093382991,1,-2.0326682559357323e-08,0.012295108288526535,-0.006147545762360096,0.012295108288526535,0.012295108288526535,0.006295108288526535,close,0,0,19,2023-11-01
2023-11-29,2324,28.644054412841797,0.6212273284368208,1,-0.001625928794965148,0.004878099542111158,-0.01300805527716875,0.004878099542111158,0.004878099542111158,-0.0011219004578888418,close,0,0,19,2023-11-01
2023-11-29,6153,21.465185165405273,0.6202592403169332,1,0.0023041709791868925,0.006912424229085445,-0.011520677246153355,0.004608253017067909,0.004608253017067909,-0.0013917469829320909,close,0,0,19,2023-11-01
2023-11-29,3045,91.4413833618164,0.6202497850815664,0,4.638733130946093e-08,0.005055658053606749,-0.005055565387010574,-0.005055565387010574,-0.005055565387010574,-0.011055565387010574,close,0,0,19,2023-11-01
2023-11-29,3685,21.850000381469727,0.6162179274847255,1,0.0045766765251755714,0.025171589106321335,0.0045766765251755714,0.025171589106321335,0.025171589106321335,0.019171589106321336,close,0,0,19,2023-11-01
2023-11-29,2892,24.4217529296875,0.6121030046514431,1,0.0018181947525590658,0.010909133590757847,0.0018181947525590658,0.007272787392139435,0.007272787392139435,0.0012727873921394347,close,0,0,19,2023-11-01
2023-11-29,2023,16.110843658447266,0.6093493688258399,0,1.7363907645062682e-08,0.009009123779833317,-0.009008971974253654,-0.0030029399786144495,-0.0030029399786144495,-0.00900293997861445,close,0,0,19,2023-11-01
2023-11-29,2349,8.079999923706055,0.6085646921512924,1,0.0,0.013613819144666195,-0.002475186251103878,0.006188142579048872,0.006188142579048872,0.00018814257904887187,close,0,0,19,2023-11-01
2023-11-29,8096,11.609281539916992,0.6081698637811979,1,0.04255314916372299,0.09787226468324661,0.021276554092764854,0.09787226468324661,0.03,0.024,gap_take_profit,1,0,19,2023-11-01
2023-11-29,2101,38.34244918823242,0.6063254034698664,1,0.007731996010988951,0.007731996010988951,-0.01030916441231966,0.001288696308620274,0.001288696308620274,-0.004711303691379726,close,0,0,19,2023-11-01
2023-11-29,6405,23.665443420410156,0.6053945331576011,1,0.006289244629442692,0.016771424561738968,-0.0020965312141925097,0.008385648019611835,0.008385648019611835,0.0023856480196118354,close,0,0,19,2023-11-01
2023-11-29,8027,67.94367218017578,0.6045642662444985,1,0.005856398958712816,0.013177042827010155,-0.005856563802808523,0.00292818620800972,0.00292818620800972,-0.0030718137919902803,close,0,0,19,2023-11-01
2023-11-29,1216,67.09290313720703,0.6045395768413232,1,1.9106225934706345e-08,0.013850435614585876,-0.0013850013492628932,0.011080394499003887,0.011080394499003887,0.005080394499003887,close,0,0,19,2023-11-01
2023-11-30,6693,80.1516342163086,0.5926617403338862,0,0.02615928091108799,0.0511295348405838,-0.022592274472117424,-0.016646970063447952,-0.02,-0.026000000000000002,ambiguous_stop_loss,1,1,19,2023-11-01
2023-11-30,9919,27.937042236328125,0.5852676339883984,1,0.01221640594303608,0.09947644174098969,0.006980817299336195,0.09947644174098969,0.03,0.024,take_profit,1,0,19,2023-11-01
2023-11-30,8096,12.745508193969727,0.5819235606983574,1,0.023255832493305206,0.05813954025506973,0.007751970086246729,0.034883782267570496,0.03,0.024,take_profit,1,0,19,2023-11-01
2023-11-30,1325,34.486331939697266,0.5796687260096147,1,0.03661976754665375,0.1000000536441803,0.030985943973064423,0.1000000536441803,0.03,0.024,gap_take_profit,1,0,19,2023-11-01
2023-11-30,1582,80.09233856201172,0.5657503597979083,1,0.006711374502629042,0.08948543667793274,-0.01677853986620903,0.030201289802789688,0.03,0.024,take_profit,1,0,19,2023-11-01
2023-11-30,4577,24.0,0.5654878864685697,1,0.016666650772094727,0.035416681319475174,0.010416666977107525,0.014583349227905273,0.03,0.024,take_profit,1,0,19,2023-11-01
2023-11-30,3665,252.39450073242188,0.5635678089908487,1,0.007575845345854759,0.03787882626056671,0.0018940216396003962,0.030303141102194786,0.03,0.024,take_profit,1,0,19,2023-11-01
2023-11-30,4721,86.87640380859375,0.5606081233720888,1,5.869638641797792e-08,0.06476407498121262,-0.003292975714430213,0.00109773688018322,0.03,0.024,take_profit,1,0,19,2023-11-01
2023-11-30,1603,36.23125076293945,0.5558149719220857,1,0.004010673146694899,0.018716534599661827,0.0013369173975661397,0.005347551312297583,0.005347551312297583,-0.0006524486877024175,close,0,0,19,2023-11-01
2023-11-30,8932,54.287437438964844,0.5548621594969688,1,0.013636366464197636,0.07727274298667908,-0.004545446019619703,0.045454591512680054,0.03,0.024,take_profit,1,0,19,2023-11-01
2023-11-30,2890,16.672027587890625,0.5535365370565506,1,-1.4678496640385674e-08,0.005290976259857416,-0.002645510248839855,0.002645480912178755,0.002645480912178755,-0.0033545190878212453,close,0,0,19,2023-11-01
2023-11-30,3588,76.198974609375,0.5534074238690454,0,0.012515603564679623,0.018773503601551056,-0.010012563318014145,-0.010012563318014145,-0.010012563318014145,-0.016012563318014143,close,0,0,19,2023-11-01
2023-11-30,2615,44.20652770996094,0.5479826101608702,1,0.0010706230532377958,0.04282652586698532,0.0010706230532377958,0.04175587743520737,0.03,0.024,take_profit,1,0,19,2023-11-01
2023-11-30,6117,61.900001525878906,0.5466580664028313,1,0.001615484245121479,0.09854601323604584,0.001615484245121479,0.09854601323604584,0.03,0.024,take_profit,1,0,19,2023-11-01
2023-11-30,1402,28.033823013305664,0.546455304892533,1,-1.6031403760052854e-08,0.01307186670601368,-1.6031403760052854e-08,0.01143790502101183,0.01143790502101183,0.005437905021011829,close,0,0,19,2023-11-01
2023-11-30,3555,34.75,0.5461967530023698,1,0.08345328271389008,0.09928059577941895,0.06474819779396057,0.09928059577941895,0.03,0.024,gap_take_profit,1,0,19,2023-11-01
2023-11-30,2104,19.700000762939453,0.5460514954577705,1,0.007614193484187126,0.010152225382626057,0.0,0.007614193484187126,0.007614193484187126,0.001614193484187126,close,0,0,19,2023-11-01
2023-11-30,2474,171.43980407714844,0.5452600617428806,1,0.010282869450747967,0.012853563763201237,9.219060359555442e-08,0.005141480825841427,0.005141480825841427,-0.0008585191741585733,close,0,0,19,2023-11-01
2023-11-30,3583,215.72523498535156,0.5448192742967555,1,0.006787375081330538,0.06334846466779709,0.006787375081330538,0.038461584597826004,0.03,0.024,take_profit,1,0,19,2023-11-01
2023-11-30,3211,70.76536560058594,0.5447299940943993,1,7.780946553737067e-09,0.0074534048326313496,-0.0012422093423083425,0.0074534048326313496,0.0074534048326313496,0.0014534048326313494,close,0,0,19,2023-11-01
2023-12-01,1442,33.879451751708984,0.6729390846038399,1,7.80027775704184e-08,0.02480427734553814,7.80027775704184e-08,0.016971398144960403,0.016971398144960403,0.010971398144960403,close,0,0,20,2023-12-01
2023-12-01,4912,79.04643249511719,0.6565700632100985,1,0.005952280480414629,0.05238086357712746,-0.0011905486462637782,0.039285674691200256,0.03,0.024,take_profit,1,0,20,2023-12-01
2023-12-01,2061,16.799999237060547,0.6487897104055188,1,0.0446428582072258,0.08630957454442978,0.0297619067132473,0.0595238134264946,0.03,0.024,gap_take_profit,1,0,20,2023-12-01
2023-12-01,2612,48.32831573486328,0.6463535946597154,1,0.052224382758140564,0.09864600002765656,0.03868471458554268,0.09864600002765656,0.03,0.024,gap_take_profit,1,0,20,2023-12-01
2023-12-01,6532,60.30152130126953,0.641850605892236,1,0.0015337769873440266,0.01993863843381405,0.0015337769873440266,0.0030674959998577833,0.0030674959998577833,-0.002932504000142217,close,0,0,20,2023-12-01
2023-12-01,4564,24.450000762939453,0.6416684524904155,1,0.004089917056262493,0.01840486004948616,0.004089917056262493,0.014314865693449974,0.014314865693449974,0.008314865693449974,close,0,0,20,2023-12-01
2023-12-01,4168,28.100000381469727,0.6373561658040033,1,0.0035587323363870382,0.026690391823649406,0.0035587323363870382,0.019572926685214043,0.019572926685214043,0.013572926685214043,close,0,0,20,2023-12-01
2023-12-01,5228,22.149999618530273,0.6344473072985526,0,-0.004514690022915602,-0.002257301937788725,-0.004514690022915602,-0.004514690022915602,-0.004514690022915602,-0.010514690022915602,close,0,0,20,2023-12-01
2023-12-01,4909,27.12611961364746,0.6318417920379183,1,0.04377100244164467,0.08080799132585526,0.0016834636917337775,0.010100971907377243,0.03,0.024,gap_take_profit,1,0,20,2023-12-01
2023-12-01,3059,37.79269027709961,0.6309772131253547,0,0.019455207511782646,0.027237288653850555,-0.007782126311212778,-0.006485129240900278,-0.006485129240900278,-0.012485129240900278,close,0,0,20,2023-12-01
2023-12-01,5439,138.803955078125,0.6288729572198886,0,0.01369861513376236,0.0308219026774168,-0.010273987427353859,-0.006849329918622971,0.03,0.024,take_profit,1,0,20,2023-12-01
2023-12-01,3555,38.20000076293945,0.6271301489638644,0,-0.018324626609683037,-0.018324626609683037,-0.08638741075992584,-0.060209404677152634,-0.02,-0.026000000000000002,stop_loss,0,1,20,2023-12-01
2023-12-01,1784,52.7577018737793,0.6247123246143684,1,0.0016920012421905994,0.011844308115541935,-0.001692053279839456,0.003384064417332411,0.003384064417332411,-0.0026159355826675893,close,0,0,20,2023-12-01
2023-12-01,3466,22.899999618530273,0.6222516865919182,1,0.004366829060018063,0.021834062412381172,0.0,0.008733658120036125,0.008733658120036125,0.002733658120036125,close,0,0,20,2023-12-01
2023-12-01,3551,75.04734802246094,0.6197426810158727,0,0.012674270197749138,0.012674270197749138,-0.02281372807919979,-0.0012674087192863226,-0.02,-0.026000000000000002,stop_loss,0,1,20,2023-12-01
2023-12-01,6109,13.99136734008789,0.6191386467799058,1,0.0034964794758707285,0.03846151381731033,0.0034964794758707285,0.027971962466835976,0.03,0.024,take_profit,1,0,20,2023-12-01
2023-12-01,5498,10.899999618530273,0.6189935456970251,1,0.0045871734619140625,0.01834869384765625,0.0045871734619140625,0.013761521317064762,0.013761521317064762,0.007761521317064762,close,0,0,20,2023-12-01
2023-12-01,1786,74.3392105102539,0.6188024116942382,0,-0.0012706286506727338,0.010165223851799965,-0.0025412573013454676,0.0,0.0,-0.006,close,0,0,20,2023-12-01
2023-12-01,6591,48.3790283203125,0.6177330458333935,0,-1.6312506900817425e-08,0.003952567931264639,-0.005928854923695326,-0.003952525090426207,-0.003952525090426207,-0.009952525090426207,close,0,0,20,2023-12-01
2023-12-01,6117,68.0,0.6158369870264545,1,0.08088235557079315,0.09705880284309387,-0.036764707416296005,0.014705882407724857,0.03,0.024,gap_take_profit,1,1,20,2023-12-01
2023-12-04,3073,26.200000762939453,0.6756833555716721,0,0.032442688941955566,0.05152665823698044,0.011450352147221565,-0.007633616682142019,0.03,0.024,gap_take_profit,1,0,20,2023-12-01
2023-12-04,1325,41.723609924316406,0.6355395800218876,0,0.01629801094532013,0.0535505935549736,-0.0989522933959961,-0.0989522933959961,-0.02,-0.026000000000000002,ambiguous_stop_loss,1,1,20,2023-12-01
2023-12-04,2617,32.01001739501953,0.6298998182351183,1,0.060820385813713074,0.07920797914266586,0.004243297036737204,0.019801974296569824,0.03,0.024,gap_take_profit,1,0,20,2023-12-01
2023-12-04,2641,21.078105926513672,0.6281711379168662,1,0.08597279340028763,0.09954741597175598,0.027149299159646034,0.04072392359375954,0.03,0.024,gap_take_profit,1,0,20,2023-12-01
2023-12-04,8089,40.72321701049805,0.626239907297904,1,0.0401691198348999,0.09090902656316757,-0.008456687442958355,0.025369947776198387,0.03,0.024,gap_take_profit,1,0,20,2023-12-01
2023-12-04,6667,83.99159240722656,0.6188371544571366,1,-0.005753769539296627,0.006904440000653267,-0.01726124808192253,0.0011507004965096712,0.0011507004965096712,-0.004849299503490329,close,0,0,20,2023-12-01
2023-12-04,2613,22.1932373046875,0.6065977134449311,1,0.023404259234666824,0.07659575343132019,3.55473659396921e-08,0.004255371168255806,0.03,0.024,take_profit,1,0,20,2023-12-01
2023-12-04,2611,13.79852294921875,0.6018678266165086,1,0.09597524255514145,0.09907117486000061,0.0619194470345974,0.09907117486000061,0.03,0.024,gap_take_profit,1,0,20,2023-12-01
2023-12-04,4171,45.75,0.5982174942010906,0,0.01967216469347477,0.027322404086589813,-0.09945353865623474,-0.09180329740047455,-0.02,-0.026000000000000002,stop_loss,0,1,20,2023-12-01
2023-12-04,8027,65.9541015625,0.5973591713965303,0,6.46178150986998e-08,0.007541542872786522,-0.013574618846178055,-0.013574618846178055,-0.013574618846178055,-0.019574618846178053,close,0,0,20,2023-12-01
2023-12-04,3147,85.12664031982422,0.5924806420978507,1,0.009852193295955658,0.02463044412434101,-0.014778395183384418,0.009852193295955658,0.009852193295955658,0.003852193295955658,close,0,0,20,2023-12-01
2023-12-04,2605,24.080917358398438,0.5850798013319413,1,0.06870224326848984,0.09923657029867172,0.051526643335819244,0.09923657029867172,0.03,0.024,gap_take_profit,1,0,20,2023-12-01
2023-12-04,2106,28.797630310058594,0.5843704819664377,1,0.0016076287720352411,0.008038520812988281,-0.0032155096996575594,0.004823074676096439,0.004823074676096439,-0.0011769253239035608,close,0,0,20,2023-12-01
2023-12-04,3694,40.575927734375,0.5825928580681684,0,-1.8470259988134785e-08,0.009389689192175865,-0.030516432598233223,-0.029342742636799812,-0.02,-0.026000000000000002,stop_loss,0,1,20,2023-12-01
2023-12-04,2436,72.40485382080078,0.5779988469106913,0,-0.005256217438727617,0.00525630684569478,-0.019710863009095192,-0.019710863009095192,-0.019710863009095192,-0.02571086300909519,close,0,0,20,2023-12-01
2023-12-04,3036,107.56693267822266,0.575718478548887,1,-0.01310038287192583,0.0218341164290905,-0.01746719516813755,0.01310049183666706,0.01310049183666706,0.007100491836667061,close,0,0,20,2023-12-01
2023-12-04,2612,53.09571075439453,0.569096179147127,0,0.05985923111438751,0.0985916405916214,-0.0070421695709228516,-0.0070421695709228516,0.03,0.024,gap_take_profit,1,0,20,2023-12-01
2023-12-04,2374,25.621339797973633,0.5678665001440827,0,0.0019194430205971003,0.0019194430205971003,-0.015355058945715427,-0.009596915915608406,-0.009596915915608406,-0.015596915915608406,close,0,0,20,2023-12-01
2023-12-04,2401,35.04999923706055,0.5648523632721282,0,0.0,0.0,-0.017118358984589577,-0.0071326675824820995,-0.0071326675824820995,-0.0131326675824821,close,0,0,20,2023-12-01
2023-12-04,6499,50.599998474121094,0.5635305615112799,1,0.06916996091604233,0.08695655316114426,0.009881422854959965,0.009881422854959965,0.03,0.024,gap_take_profit,1,0,20,2023-12-01
2023-12-05,8476,26.374008178710938,0.7418110201570135,1,1.0239726305007935,1.0239726305007935,1.0068494081497192,1.0136985778808594,0.03,0.024,gap_take_profit,1,0,20,2023-12-01
2023-12-05,3229,16.100000381469727,0.649284879174841,1,-0.006211203522980213,0.09937890619039536,-0.01863355189561844,0.09937890619039536,0.03,0.024,take_profit,1,0,20,2023-12-01
2023-12-05,4770,309.5740966796875,0.6486724375179952,1,0.0045454129576683044,0.018181776627898216,-0.0075757987797260284,0.007575715892016888,0.007575715892016888,0.0015757158920168875,close,0,0,20,2023-12-01
2023-12-05,2605,26.470624923706055,0.6483789862366454,0,-0.027777712792158127,0.03298617899417877,-0.05902770161628723,-0.010416601784527302,-0.027777712792158127,-0.033777712792158125,gap_stop,1,1,20,2023-12-01
2023-12-05,6414,246.80941772460938,0.630231059476803,1,0.014981343410909176,0.04494389146566391,0.014981343410909176,0.02059932053089142,0.03,0.024,take_profit,1,0,20,2023-12-01
2023-12-05,2376,215.07298278808594,0.6297812582911708,1,0.021881835535168648,0.07877461612224579,0.019693652167916298,0.06564550846815109,0.03,0.024,take_profit,1,0,20,2023-12-01
2023-12-05,3037,166.50421142578125,0.6170293964327913,0,0.0058309417217969894,0.008746393956243992,-0.008746318519115448,-0.008746318519115448,-0.008746318519115448,-0.014746318519115448,close,0,0,20,2023-12-01
2023-12-05,6199,21.850000381469727,0.6140588740480994,1,0.09610985219478607,0.09839814901351929,0.09610985219478607,0.09839814901351929,0.03,0.024,gap_take_profit,1,0,20,2023-12-01
2023-12-05,2611,15.165558815002441,0.608979222968434,1,-0.04225347563624382,0.039436712861061096,-0.047887299209833145,0.014084556140005589,-0.04225347563624382,-0.04825347563624382,gap_stop,1,1,20,2023-12-01
2023-12-05,1514,74.99834442138672,0.6032586993431625,1,0.01935483328998089,0.06322573870420456,-0.012903298251330853,0.015483842231333256,0.03,0.024,take_profit,1,0,20,2023-12-01
2023-12-05,3592,358.7388000488281,0.599470649102232,1,0.005044055636972189,0.006305089686065912,-0.00252214795909822,0.0037830218207091093,0.0037830218207091093,-0.002216978179290891,close,0,0,20,2023-12-01
2023-12-05,3073,26.0,0.5981556393533568,1,0.03076920099556446,0.04230770841240883,-0.0038461685180664062,0.034615371376276016,0.03,0.024,gap_take_profit,1,0,20,2023-12-01
2023-12-05,3006,87.69689178466797,0.5975366187338588,1,0.008888859301805496,0.03555545583367348,0.0044443984515964985,0.03555545583367348,0.03,0.024,take_profit,1,0,20,2023-12-01
2023-12-05,1815,16.200000762939453,0.5951772950351315,1,0.01234560739248991,0.03086419589817524,0.009259235113859177,0.01543209794908762,0.03,0.024,take_profit,1,0,20,2023-12-01
2023-12-05,5234,93.26123046875,0.5943221543756518,0,-0.008138403296470642,-0.003051933366805315,-0.03153619542717934,-0.013224872760474682,-0.02,-0.026000000000000002,stop_loss,0,1,20,2023-12-01
2023-12-05,6719,275.635498046875,0.5940568730654783,1,0.016216235235333443,0.025225244462490082,0.0036036218516528606,0.0036036218516528606,0.0036036218516528606,-0.0023963781483471395,close,0,0,20,2023-12-01
2023-12-05,1506,17.450000762939453,0.5937602503748641,1,0.00573057122528553,0.07736380398273468,0.002865285612642765,0.04871051385998726,0.03,0.024,take_profit,1,0,20,2023-12-01
2023-12-05,6462,105.5,0.5936852098052954,1,0.014218009077012539,0.0995260700583458,0.004739336669445038,0.0995260700583458,0.03,0.024,take_profit,1,0,20,2023-12-01
2023-12-05,2347,60.5253791809082,0.5931649275394427,0,0.006015060469508171,0.009022533893585205,-0.0030074729584157467,0.0,0.0,-0.006,close,0,0,20,2023-12-01
2023-12-05,8027,65.05879974365234,0.5893644535892767,1,0.00305797322653234,0.035168036818504333,0.00305797322653234,0.029051924124360085,0.03,0.024,take_profit,1,0,20,2023-12-01
2023-12-06,1618,31.68526840209961,0.6101242268500603,0,0.012012011371552944,0.051051028072834015,-0.09909912198781967,-0.09909912198781967,-0.02,-0.026000000000000002,ambiguous_stop_loss,1,1,20,2023-12-01
2023-12-06,6199,24.0,0.6066840159523504,1,0.0,0.09999998658895493,0.0,0.09999998658895493,0.03,0.024,take_profit,1,0,20,2023-12-01
2023-12-06,6112,73.19518280029297,0.592205370862838,0,-0.011688380502164364,-0.002597412094473839,-0.07142861932516098,-0.0649351105093956,-0.02,-0.026000000000000002,stop_loss,0,1,20,2023-12-01
2023-12-06,4561,40.40752029418945,0.5878955287425663,1,0.021251529455184937,0.0873672217130661,-0.04840610548853874,0.007083915174007416,-0.02,-0.026000000000000002,ambiguous_stop_loss,1,1,20,2023-12-01
2023-12-06,2399,26.399999618530273,0.5854034245713232,0,0.02272728830575943,0.03598487749695778,-0.04734848439693451,-0.04734848439693451,-0.02,-0.026000000000000002,ambiguous_stop_loss,1,1,20,2023-12-01
2023-12-06,3229,17.700000762939453,0.5853709993142632,1,0.0056496309116482735,0.06779654324054718,0.0,0.04237287864089012,0.03,0.024,take_profit,1,0,20,2023-12-01
2023-12-06,1466,13.800000190734863,0.5841131167794494,1,0.0942029133439064,0.0978260412812233,0.0,0.021739143878221512,0.03,0.024,gap_take_profit,1,0,20,2023-12-01
2023-12-06,5386,51.36758041381836,0.5812415090154904,0,0.0061919414438307285,0.00928786676377058,-0.08359135687351227,-0.058823589235544205,-0.02,-0.026000000000000002,stop_loss,0,1,20,2023-12-01
2023-12-06,2105,41.31816101074219,0.5805524954823476,0,-0.0011110268533229828,0.013333368115127087,-0.004444394260644913,-0.003333300119265914,-0.003333300119265914,-0.009333300119265914,close,0,0,20,2023-12-01
2023-12-06,6233,37.67274856567383,0.5651904380001959,0,0.031128400936722755,0.05706873908638954,-0.032425444573163986,-0.015564186498522758,0.03,0.024,gap_take_profit,1,1,20,2023-12-01
2023-12-06,3008,2174.127197265625,0.547068593706678,0,-0.004310165997594595,0.010776042938232422,-0.00862051174044609,-0.004310165997594595,-0.004310165997594595,-0.010310165997594595,close,0,0,20,2023-12-01
2023-12-06,3479,102.0262451171875,0.5417970155008568,1,0.008810585364699364,0.05726873502135277,1.2679874039633887e-08,0.013215871527791023,0.03,0.024,take_profit,1,0,20,2023-12-01
2023-12-06,1102,37.534244537353516,0.5341185338208755,0,-0.004796265624463558,0.004796096123754978,-0.004796265624463558,-0.002398221055045724,-0.002398221055045724,-0.008398221055045724,close,0,0,20,2023-12-01
2023-12-06,5314,2.7052536010742188,0.5335629549143475,0,0.08043881505727768,0.08043881505727768,-0.03107849508523941,-0.03107849508523941,0.03,0.024,gap_take_profit,1,1,20,2023-12-01
2023-12-06,6243,75.178466796875,0.5311968488933357,0,0.015228411182761192,0.016497427597641945,-0.08502541482448578,-0.07106604427099228,-0.02,-0.026000000000000002,stop_loss,0,1,20,2023-12-01
2023-12-06,5302,12.899999618530273,0.5305060109998982,0,0.0,0.007751967757940292,-0.046511586755514145,-0.023255756124854088,-0.02,-0.026000000000000002,stop_loss,0,1,20,2023-12-01
2023-12-06,6695,64.9000015258789,0.5288787043135863,0,-0.010785894468426704,0.007704160176217556,-0.07087830454111099,-0.06317415088415146,-0.02,-0.026000000000000002,stop_loss,0,1,20,2023-12-01
2023-12-06,3515,207.5948944091797,0.5285632437764719,1,0.006864994764328003,0.048054926097393036,-0.006864982657134533,0.011441653594374657,0.03,0.024,take_profit,1,0,20,2023-12-01
2023-12-06,4755,119.38681030273438,0.5267600893758144,0,1.3399400700109254e-08,1.3399400700109254e-08,-0.015873001888394356,-0.015873001888394356,-0.015873001888394356,-0.021873001888394354,close,0,0,20,2023-12-01
2023-12-06,9917,108.95195770263672,0.5266262969375093,0,-0.00421937508508563,0.012658262625336647,-0.01687760278582573,-0.00421937508508563,-0.00421937508508563,-0.01021937508508563,close,0,0,20,2023-12-01
2023-12-07,2105,41.18043518066406,0.7080538627597304,1,0.01003339421004057,0.012263099662959576,0.0033444480504840612,0.0033444480504840612,0.0033444480504840612,-0.002655551949515939,close,0,0,20,2023-12-01
2023-12-07,4939,20.534616470336914,0.6991005980943589,0,0.011600979603827,0.025522146373987198,-0.03248249739408493,-0.00696048978716135,-0.02,-0.026000000000000002,stop_loss,0,1,20,2023-12-01
2023-12-07,8034,25.444156646728516,0.6962478532929607,0,0.00757571728900075,0.028409035876393318,-0.05681823566555977,-0.05681823566555977,-0.02,-0.026000000000000002,stop_loss,0,1,20,2023-12-01
2023-12-07,2314,41.400001525878906,0.6906927959419361,1,0.012077294290065765,0.038647305220365524,-0.009661871939897537,0.006038647145032883,0.03,0.024,take_profit,1,0,20,2023-12-01
2023-12-07,6698,33.0,0.6875455303312764,0,0.08181820809841156,0.09090909361839294,-0.03030303120613098,-0.03030303120613098,0.03,0.024,gap_take_profit,1,1,20,2023-12-01
2023-12-07,1524,30.02342414855957,0.6816534475821572,1,0.045180708169937134,0.09939754754304886,0.025602350011467934,0.09939754754304886,0.03,0.024,gap_take_profit,1,0,20,2023-12-01
2023-12-07,3213,81.60227966308594,0.6732412103744565,0,0.04175814986228943,0.061538320034742355,-0.04395615682005882,-0.03516491502523422,0.03,0.024,gap_take_profit,1,1,20,2023-12-01
2023-12-07,1477,305.4120178222656,0.6713154878697868,1,0.0028653815388679504,0.015759302303195,0.0028653815388679504,0.0071633546613156796,0.0071633546613156796,0.0011633546613156794,close,0,0,20,2023-12-01
2023-12-07,3008,2164.75634765625,0.6648823239112484,0,0.0021642963401973248,0.01298680528998375,-0.0086582126095891,-0.0086582126095891,-0.0086582126095891,-0.0146582126095891,close,0,0,20,2023-12-01
2023-12-07,6789,290.81219482421875,0.6627117952273889,0,0.013536405749619007,0.028764832764863968,-0.018612494692206383,-0.005076115485280752,-0.005076115485280752,-0.011076115485280752,close,0,0,20,2023-12-01
2023-12-07,4919,137.52359008789062,0.660770007851756,1,0.010563264600932598,0.024647770449519157,-1.1483348316687625e-07,0.007042137905955315,0.007042137905955315,0.0010421379059553145,close,0,0,20,2023-12-01
2023-12-07,8436,171.68316650390625,0.659436614992703,0,0.008333315141499043,0.008333315141499043,-0.019444461911916733,-0.016666684299707413,-0.016666684299707413,-0.02266668429970741,close,0,0,20,2023-12-01
2023-12-07,6220,24.405471801757812,0.6542423547026304,1,0.009578538127243519,0.009578538127243519,-0.0019157581264153123,0.0019156740745529532,0.0019156740745529532,-0.004084325925447047,close,0,0,20,2023-12-01
2023-12-07,6199,26.399999618530273,0.6534581618226601,0,0.0,0.020833376795053482,-0.053030289709568024,-0.03409089520573616,-0.02,-0.026000000000000002,stop_loss,0,1,20,2023-12-01
2023-12-07,6245,107.61619567871094,0.6529980799912638,1,0.017777791246771812,0.04444446042180061,0.008888903073966503,0.04000001400709152,0.03,0.024,take_profit,1,0,20,2023-12-01
2023-12-07,5263,121.39737701416016,0.6522288992500193,0,0.0,0.008130080997943878,-0.008130080997943878,0.0,0.0,-0.006,close,0,0,20,2023-12-01
2023-12-07,5508,76.6760482788086,0.6521210146980375,0,0.0032895731274038553,0.004386047832667828,-0.006578865461051464,-0.0010964088141918182,-0.0010964088141918182,-0.007096408814191818,close,0,0,20,2023-12-01
2023-12-07,6719,266.6959533691406,0.651858061861337,1,0.01489762682467699,0.0409683920443058,0.01489762682467699,0.03165740519762039,0.03,0.024,take_profit,1,0,20,2023-12-01
2023-12-07,2645,97.78223419189453,0.645426666344555,1,0.009389637969434261,0.014084474183619022,-3.281397553678289e-08,0.004694802686572075,0.004694802686572075,-0.0013051973134279252,close,0,0,20,2023-12-01
2023-12-07,2461,20.980480194091797,0.6436033766316005,0,0.002188074169680476,0.013128992170095444,-0.002188309794291854,-0.002188309794291854,-0.002188309794291854,-0.008188309794291854,close,0,0,20,2023-12-01
2023-12-08,3499,20.75,0.7430359136064332,1,0.026505988091230392,0.09879514575004578,0.014457794837653637,0.09879514575004578,0.03,0.024,take_profit,1,0,20,2023-12-01
2023-12-08,8112,55.16959762573242,0.711252158982923,1,0.030595894902944565,0.09983910620212555,0.024154646322131157,0.09983910620212555,0.03,0.024,gap_take_profit,1,0,20,2023-12-01
2023-12-08,3443,1849.34326171875,0.6955098707540646,0,-0.02110818214714527,-0.00791557040065527,-0.047493405640125275,-0.036939315497875214,-0.02110818214714527,-0.02710818214714527,gap_stop,0,1,20,2023-12-01
2023-12-08,5434,167.7377166748047,0.6860752797007423,1,-0.002747267484664917,0.00549449073150754,-0.00549452006816864,0.002747237915173173,0.002747237915173173,-0.003252762084826827,close,0,0,20,2023-12-01
2023-12-08,6239,110.44142150878906,0.6692703353598901,1,0.004115205258131027,0.01234565768390894,-0.008230473846197128,0.01234565768390894,0.01234565768390894,0.006345657683908939,close,0,0,20,2023-12-01
2023-12-08,2105,41.31816101074219,0.6689293453559421,1,0.003333398373797536,0.015555604360997677,0.003333398373797536,0.008888954296708107,0.008888954296708107,0.002888954296708107,close,0,0,20,2023-12-01
2023-12-08,8150,38.95545959472656,0.6681430656744177,0,0.0035336147993803024,0.018845783546566963,-0.007067020982503891,-0.0011777390027418733,-0.0011777390027418733,-0.007177739002741873,close,0,0,20,2023-12-01
2023-12-08,1524,33.0076789855957,0.6673401281982297,1,0.07671236246824265,0.07671236246824265,0.008219209499657154,0.020547999069094658,0.03,0.024,gap_take_profit,1,0,20,2023-12-01
2023-12-08,6462,124.5,0.6648123924603505,1,0.0200803205370903,0.05220883712172508,-0.012048192322254181,0.048192769289016724,0.03,0.024,take_profit,1,0,20,2023-12-01
2023-12-08,1560,175.038330078125,0.6528278122493396,0,0.005586627870798111,0.011173220351338387,-0.019553037360310555,-0.019553037360310555,-0.019553037360310555,-0.025553037360310553,close,0,0,20,2023-12-01
2023-12-08,1102,37.62425231933594,0.6488845627490506,1,-0.005980824586004019,0.0035885905381292105,-0.005980824586004019,0.001196191180497408,0.001196191180497408,-0.004803808819502592,close,0,0,20,2023-12-01
2023-12-08,8016,263.5647888183594,0.647173401102546,1,0.010273969732224941,0.010273969732224941,-0.008561646565794945,0.0034246547147631645,0.0034246547147631645,-0.0025753452852368356,close,0,0,20,2023-12-01
2023-12-08,3592,351.0483093261719,0.6467312707720552,1,0.0038659535348415375,0.011597911827266216,-0.0025773451197892427,0.002577293897047639,0.002577293897047639,-0.0034227061029523612,close,0,0,20,2023-12-01
2023-12-08,2481,65.15293884277344,0.645928650525356,1,0.011661909520626068,0.027696873992681503,-0.0014576469548046589,0.00583098316565156,0.00583098316565156,-0.0001690168343484403,close,0,0,20,2023-12-01
2023-12-08,6147,62.41874313354492,0.6396384611866377,1,1.1767245844396257e-08,0.005730583332479,-0.007163311820477247,0.0028652974870055914,0.0028652974870055914,-0.0031347025129944087,close,0,0,20,2023-12-01
2023-12-08,2345,514.8392944335938,0.639220576620259,1,-5.93871405385471e-08,0.01127813570201397,-0.011278253979980946,0.0018796398071572185,0.0018796398071572185,-0.004120360192842782,close,0,0,20,2023-12-01
2023-12-08,6129,30.115888595581055,0.6388290986361218,0,0.0016447758534923196,0.023026343435049057,-0.006578908301889896,-0.004934196826070547,-0.004934196826070547,-0.010934196826070547,close,0,0,20,2023-12-01
2023-12-08,1618,31.39981460571289,0.6378982570490879,1,0.03787877410650253,0.09999996423721313,0.030303018167614937,0.09999996423721313,0.03,0.024,gap_take_profit,1,0,20,2023-12-01
2023-12-08,6217,41.4058952331543,0.6367143772955299,0,0.009603743441402912,0.009603743441402912,-0.004801981616765261,-0.00360151962377131,-0.00360151962377131,-0.00960151962377131,close,0,0,20,2023-12-01
2023-12-08,2464,35.67824935913086,0.6339557014653838,1,4.7416355286600265e-09,0.004149318672716618,-0.001383205526508391,0.0013831094838678837,0.0013831094838678837,-0.0046168905161321164,close,0,0,20,2023-12-01
2023-12-11,3499,22.799999237060547,0.7114128765111378,0,0.00877196341753006,0.01315794512629509,-0.06140349432826042,-0.03508768603205681,-0.02,-0.026000000000000002,stop_loss,0,1,20,2023-12-01
2023-12-11,5521,13.050000190734863,0.6938905031447712,1,0.015325655229389668,0.08045978099107742,-0.026819951832294464,0.034482743591070175,-0.02,-0.026000000000000002,ambiguous_stop_loss,1,1,20,2023-12-01
2023-12-11,8112,60.67768096923828,0.6929292863418506,1,0.024890094995498657,0.046852026134729385,-0.01610555499792099,0.008784701116383076,0.03,0.024,take_profit,1,0,20,2023-12-01
2023-12-11,6668,48.0,0.688107070116083,1,0.0416666679084301,0.09999998658895493,0.022916635498404503,0.09999998658895493,0.03,0.024,gap_take_profit,1,0,20,2023-12-01
2023-12-11,6588,34.650001525878906,0.6875411835854266,1,-0.020202040672302246,0.0995670035481453,-0.04040408134460449,0.09090901911258698,-0.020202040672302246,-0.026202040672302244,gap_stop,1,1,20,2023-12-01
2023-12-11,6830,132.5599822998047,0.6830913923883557,1,0.0217391736805439,0.03985511511564255,0.014492795802652836,0.0217391736805439,0.03,0.024,take_profit,1,0,20,2023-12-01
2023-12-11,1595,37.00463104248047,0.6754012896751054,0,0.0013192410115152597,0.0026384820230305195,0.0,0.0,0.0,-0.006,close,0,0,20,2023-12-01
2023-12-11,5011,23.802011489868164,0.6721220708880166,1,0.048387154936790466,0.09879038482904434,0.01814521662890911,0.07862909138202667,0.03,0.024,gap_take_profit,1,0,20,2023-12-01
2023-12-11,1618,34.539794921875,0.6667152141787933,1,0.04958674684166908,0.09641872346401215,0.008264433592557907,0.016528980806469917,0.03,0.024,gap_take_profit,1,0,20,2023-12-01
2023-12-11,3592,351.95306396484375,0.6630934718431531,0,4.1999783206847496e-08,4.1999783206847496e-08,-0.012853428721427917,-0.012853428721427917,-0.012853428721427917,-0.018853428721427916,close,0,0,20,2023-12-01
2023-12-11,6727,54.481964111328125,0.6629399665167299,0,-0.0017064586281776428,0.001706523704342544,-0.0051194410771131516,0.0,0.0,-0.006,close,0,0,20,2023-12-01
2023-12-11,6113,16.245275497436523,0.660188512991053,0,0.022598782554268837,0.06497161090373993,-0.033898402005434036,-0.02824859321117401,-0.02,-0.026000000000000002,ambiguous_stop_loss,1,1,20,2023-12-01
2023-12-11,3236,22.58531379699707,0.6601073992320725,0,0.004291771445423365,0.008583633229136467,-0.004291870165616274,-0.002145980251953006,-0.002145980251953006,-0.008145980251953006,close,0,0,20,2023-12-01
2023-12-11,1560,171.6157989501953,0.6596437844535105,1,0.005698017776012421,0.031339045614004135,0.005698017776012421,0.014245026744902134,0.03,0.024,take_profit,1,0,20,2023-12-01
2023-12-11,3490,21.44420051574707,0.6572236629758298,0,-6.984500799944726e-08,0.002159806666895747,-0.008639329113066196,-0.006479534786194563,-0.006479534786194563,-0.012479534786194563,close,0,0,20,2023-12-01
2023-12-11,2352,40.832027435302734,0.6569235383784372,0,0.005681818351149559,0.021590925753116608,-0.0034091256093233824,0.0,0.0,-0.006,close,0,0,20,2023-12-01
2023-12-11,5203,86.59380340576172,0.6549139112683108,0,0.004305721260607243,0.011840672232210636,-0.00753503292798996,0.0,0.0,-0.006,close,0,0,20,2023-12-01
2023-12-11,3484,45.57317352294922,0.6522432558473966,1,0.009677434340119362,0.02580646611750126,-1.1920048281766071e-09,0.012903192080557346,0.012903192080557346,0.006903192080557346,close,0,0,20,2023-12-01
2023-12-11,6202,64.79939270019531,0.6521509012670178,0,0.0015289706643670797,0.010703258216381073,-0.00917434599250555,-0.006116288714110851,-0.006116288714110851,-0.012116288714110851,close,0,0,20,2023-12-01
2023-12-11,5469,62.028419494628906,0.6495585461544895,1,0.017915328964591026,0.017915328964591026,-0.0032573735807090998,0.0032573044300079346,0.0032573044300079346,-0.0027426955699920656,close,0,0,20,2023-12-01
2023-12-12,5314,2.8536224365234375,0.7662907172775203,1,0.098786860704422,0.098786860704422,0.098786860704422,0.098786860704422,0.03,0.024,gap_take_profit,1,0,20,2023-12-01
2023-12-12,3701,59.55100631713867,0.7384212558982102,0,0.003311244072392583,0.011589390225708485,-0.0099337762221694,-0.0049669016152620316,-0.0049669016152620316,-0.010966901615262032,close,0,0,20,2023-12-01
2023-12-12,3622,43.81269454956055,0.7240913912466739,1,0.03874346986413002,0.08900528401136398,0.00523564824834466,0.05340317264199257,0.03,0.024,gap_take_profit,1,0,20,2023-12-01
2023-12-12,3709,23.9614315032959,0.7233989741827391,0,2.0782616516612507e-08,0.013806741684675217,-0.005917123984545469,-0.005917123984545469,-0.005917123984545469,-0.01191712398454547,close,0,0,20,2023-12-01
2023-12-12,2408,72.5,0.723387688838804,1,0.005517262499779463,0.016551682725548744,-0.0027585786301642656,0.016551682725548744,0.016551682725548744,0.010551682725548744,close,0,0,20,2023-12-01
2023-12-12,8150,38.95545959472656,0.712121971617754,1,0.0011778430780395865,0.017667848616838455,-0.010600719600915909,0.016490010544657707,0.016490010544657707,0.010490010544657707,close,0,0,20,2023-12-01
2023-12-12,8028,48.45023727416992,0.7018205967740986,1,0.007905148901045322,0.009881403297185898,-1.9269636553076452e-08,0.001976310508325696,0.001976310508325696,-0.004023689491674304,close,0,0,20,2023-12-01
2023-12-12,3712,39.65087127685547,0.7014542850527739,0,0.035673171281814575,0.03912544995546341,-0.03797471523284912,-0.02071349509060383,0.03,0.024,gap_take_profit,1,1,20,2023-12-01
2023-12-12,3715,86.32057189941406,0.6981262850612326,1,0.0109289875254035,0.04590163379907608,0.005464506335556507,0.032786909490823746,0.03,0.024,take_profit,1,0,20,2023-12-01
2023-12-12,2451,74.3564682006836,0.6964179779148304,0,0.003654093947261572,0.017052369192242622,-0.00852617435157299,-0.0012180317426100373,-0.0012180317426100373,-0.0072180317426100375,close,0,0,20,2023-12-01
2023-12-12,3592,347.42926025390625,0.6948035059511706,1,0.002604140667244792,0.013020806945860386,0.002604140667244792,0.002604140667244792,0.002604140667244792,-0.003395859332755208,close,0,0,20,2023-12-01
2023-12-12,6664,141.61329650878906,0.6941646798608754,1,0.009868396446108818,0.02302629128098488,0.009868396446108818,0.016447344794869423,0.016447344794869423,0.010447344794869423,close,0,0,20,2023-12-01
2023-12-12,4991,32.79999923706055,0.6911683502102818,1,0.0,0.01981711946427822,0.0,0.004573217127472162,0.004573217127472162,-0.0014267828725278379,close,0,0,20,2023-12-01
2023-12-12,8261,94.63016510009766,0.6907840034044407,0,0.014778325334191322,0.019704433158040047,0.0,0.0,0.0,-0.006,close,0,0,20,2023-12-01
2023-12-12,3008,2225.669189453125,0.6889292264844167,1,0.006315664853900671,0.06526302546262741,0.006315664853900671,0.06526302546262741,0.03,0.024,take_profit,1,0,20,2023-12-01
2023-12-12,2455,156.16148376464844,0.6887236037681738,1,-5.1239013032500225e-08,0.009230717085301876,-0.015384665690362453,0.009230717085301876,0.009230717085301876,0.003230717085301876,close,0,0,20,2023-12-01
2023-12-12,4541,31.106185913085938,0.6845093323476068,0,0.004739322699606419,0.006319137755781412,-0.048973120748996735,-0.018957359716296196,-0.02,-0.026000000000000002,stop_loss,0,1,20,2023-12-01
2023-12-12,6668,52.79999923706055,0.6839892661001112,0,0.03787878900766373,0.04924246668815613,-0.030303001403808594,-0.015151500701904297,0.03,0.024,gap_take_profit,1,1,20,2023-12-01
2023-12-12,6414,251.43133544921875,0.6766384569165392,1,0.001838191761635244,0.016544073820114136,0.001838191761635244,0.016544073820114136,0.016544073820114136,0.010544073820114136,close,0,0,20,2023-12-01
2023-12-12,2236,70.85409545898438,0.6750581834078169,1,0.0055019669234752655,0.039889831095933914,0.0055019669234752655,0.016506105661392212,0.03,0.024,take_profit,1,0,20,2023-12-01
2023-12-13,5314,3.1355228424072266,0.7234406879840362,0,0.09936896711587906,0.09936896711587906,-0.04731868952512741,-0.04731868952512741,0.03,0.024,gap_take_profit,1,1,20,2023-12-01
2023-12-13,2356,43.995033264160156,0.7073568315200047,1,0.1000000536441803,0.1000000536441803,0.1000000536441803,0.1000000536441803,0.03,0.024,gap_take_profit,1,0,20,2023-12-01
2023-12-13,3596,174.03408813476562,0.6310013377120923,1,0.018567673861980438,0.034482792019844055,-0.013262567110359669,0.005305073224008083,0.03,0.024,take_profit,1,0,20,2023-12-01
2023-12-13,3592,348.3340148925781,0.6193516654598292,1,0.007792171090841293,0.018181780353188515,0.003896067151799798,0.01688307896256447,0.01688307896256447,0.010883078962564468,close,0,0,20,2023-12-01
2023-12-13,2377,166.3021240234375,0.6129912762450667,1,0.01404496468603611,0.02808990888297558,0.005617998074740171,0.019662942737340927,0.019662942737340927,0.013662942737340927,close,0,0,20,2023-12-01
2023-12-13,2387,54.910552978515625,0.6125486841646253,0,0.019108310341835022,0.019108310341835022,-0.05732480064034462,-0.05254774168133736,-0.02,-0.026000000000000002,stop_loss,0,1,20,2023-12-01
2023-12-13,5521,14.850000381469727,0.6069440917671096,1,0.016835017129778862,0.05050504952669144,-0.03703704848885536,0.010100984014570713,-0.02,-0.026000000000000002,ambiguous_stop_loss,1,1,20,2023-12-01
2023-12-13,4916,34.27292251586914,0.6005528150025019,1,-0.0028818442951887846,0.01729108951985836,-0.0028818442951887846,0.007204677443951368,0.007204677443951368,0.0012046774439513682,close,0,0,20,2023-12-01
2023-12-13,3050,16.084924697875977,0.6005221771655898,1,0.011730210855603218,0.06744872778654099,0.011730210855603218,0.03519059717655182,0.03,0.024,take_profit,1,0,20,2023-12-01
2023-12-13,3024,16.271669387817383,0.5959571765701311,1,0.005934905260801315,0.03264107182621956,0.005934905260801315,0.017804274335503578,0.03,0.024,take_profit,1,0,20,2023-12-01
2023-12-13,2492,126.18496704101562,0.5951209438939675,1,0.02264147624373436,0.045282986015081406,0.007547137327492237,0.011320722289383411,0.03,0.024,take_profit,1,0,20,2023-12-01
2023-12-13,3390,26.9633846282959,0.5915524206275569,1,0.07266437262296677,0.09861592948436737,0.0034602165687829256,0.005190293770283461,0.03,0.024,gap_take_profit,1,0,20,2023-12-01
2023-12-13,8089,47.00819396972656,0.5915063194324685,1,0.031135501340031624,0.08974355459213257,0.00732597429305315,0.07692302763462067,0.03,0.024,gap_take_profit,1,0,20,2023-12-01
2023-12-13,5426,24.697006225585938,0.5796726251810087,1,0.06547616422176361,0.09722216427326202,0.017857087776064873,0.02380945347249508,0.03,0.024,gap_take_profit,1,0,20,2023-12-01
2023-12-13,2464,35.579551696777344,0.5775043423276773,1,0.001386946183629334,0.006934817880392075,-0.0013869366375729442,0.001386946183629334,0.001386946183629334,-0.004613053816370666,close,0,0,20,2023-12-01
2023-12-13,6026,10.5023193359375,0.5759819101606702,1,0.011999915353953838,0.023999961093068123,0.011999915353953838,0.019999945536255836,0.019999945536255836,0.013999945536255836,close,0,0,20,2023-12-01
2023-12-13,8028,48.545989990234375,0.5741967865419377,1,0.007889487780630589,0.02169620804488659,0.005917131435126066,0.01577906310558319,0.01577906310558319,0.00977906310558319,close,0,0,20,2023-12-01
2023-12-13,2504,24.672021865844727,0.5696646232487091,1,0.001811556052416563,0.014492728747427464,0.001811556052416563,0.014492728747427464,0.014492728747427464,0.008492728747427463,close,0,0,20,2023-12-01
2023-12-13,5522,53.333465576171875,0.569342013599389,0,0.0052083865739405155,0.006944471038877964,-0.0034721693955361843,0.0,0.0,-0.006,close,0,0,20,2023-12-01
2023-12-13,6658,41.70940017700195,0.5678282803706955,1,0.09666282683610916,0.15995396673679352,0.021864213049411774,0.06098957359790802,0.03,0.024,gap_take_profit,1,0,20,2023-12-01
2023-12-14,2010,15.311290740966797,0.6937539294531813,1,0.005780351348221302,0.07803469151258469,0.005780351348221302,0.04335258528590202,0.03,0.024,take_profit,1,0,20,2023-12-01
2023-12-14,6548,31.05094337463379,0.686028400869877,1,0.0014793751761317253,0.019230924546718597,0.0014793751761317253,0.010355206206440926,0.010355206206440926,0.0043552062064409255,close,0,0,20,2023-12-01
2023-12-14,1434,23.574934005737305,0.678170002147045,1,0.005928888451308012,0.00988139770925045,0.003952558618038893,0.0079051423817873,0.0079051423817873,0.0019051423817873,close,0,0,20,2023-12-01
2023-12-14,3049,9.65999984741211,0.6756591658673221,0,0.002070440910756588,0.003105562413111329,-0.008281565271317959,-0.008281565271317959,-0.008281565271317959,-0.014281565271317959,close,0,0,20,2023-12-01
2023-12-14,2031,45.97097396850586,0.6742166514881605,1,0.013645264320075512,0.09941527992486954,0.013645264320075512,0.09941527992486954,0.03,0.024,take_profit,1,0,20,2023-12-01
2023-12-14,2356,48.39453887939453,0.6689203613892899,0,0.038684722036123276,0.061895571649074554,-0.07350094616413116,-0.06382976472377777,0.03,0.024,gap_take_profit,1,1,20,2023-12-01
2023-12-14,1309,16.107805252075195,0.6571143014908829,1,0.006006014999002218,0.027027059346437454,-1.4058357145074751e-08,0.027027059346437454,0.027027059346437454,0.021027059346437456,close,0,0,20,2023-12-01
2023-12-14,8027,65.25775146484375,0.65644332850552,0,0.006097559351474047,0.006097559351474047,-0.018292661756277084,-0.01676829345524311,-0.01676829345524311,-0.02276829345524311,close,0,0,20,2023-12-01
2023-12-14,3038,27.704551696777344,0.6556346290806918,1,0.004878068342804909,0.022764286026358604,0.004878068342804909,0.016260195523500443,0.016260195523500443,0.010260195523500442,close,0,0,20,2023-12-01
2023-12-14,3092,34.70000076293945,0.6554071212829145,1,0.005763710476458073,0.008645511232316494,0.0,0.004322700668126345,0.004322700668126345,-0.0016772993318736554,close,0,0,20,2023-12-01
2023-12-14,5285,67.19783020019531,0.6544538784791181,1,0.0013850834220647812,0.011080332100391388,-4.27034372307844e-08,0.008310290984809399,0.008310290984809399,0.0023102909848093985,close,0,0,20,2023-12-01
2023-12-14,4306,17.2471981048584,0.6496026974383056,1,0.002770105842500925,0.027700791135430336,-4.0764110309510215e-08,0.013850375078618526,0.013850375078618526,0.007850375078618526,close,0,0,20,2023-12-01
2023-12-14,3265,96.70902252197266,0.6488084079632673,0,0.014285759069025517,0.02380956895649433,-0.09999996423721313,-0.09999996423721313,-0.02,-0.026000000000000002,stop_loss,0,1,20,2023-12-01
2023-12-14,1104,26.17003059387207,0.6485425491695773,1,0.005025078076869249,0.016750387847423553,-3.568085205074567e-08,0.010050192475318909,0.010050192475318909,0.004050192475318909,close,0,0,20,2023-12-01
2023-12-14,3617,179.31822204589844,0.6483635680579207,1,0.007672739215195179,0.030690643936395645,0.007672739215195179,0.012787829153239727,0.03,0.024,take_profit,1,0,20,2023-12-01
2023-12-14,6266,26.279088973999023,0.6481705390583579,0,0.0015479620778933167,0.0030959825962781906,-0.00464398879557848,-0.00464398879557848,-0.00464398879557848,-0.01064398879557848,close,0,0,20,2023-12-01
2023-12-14,3003,67.78289794921875,0.647084022652042,1,0.00414343923330307,0.012430815026164055,0.0013810507953166962,0.002762245014309883,0.002762245014309883,-0.003237754985690117,close,0,0,20,2023-12-01
2023-12-14,2027,35.781436920166016,0.6450085553050952,1,0.020942404866218567,0.07329842448234558,0.020942404866218567,0.035340290516614914,0.03,0.024,take_profit,1,0,20,2023-12-01
2023-12-14,1773,107.65249633789062,0.6425015868006267,1,0.0037174399476498365,0.014869855716824532,-0.011152425780892372,0.011152406223118305,0.011152406223118305,0.005152406223118305,close,0,0,20,2023-12-01
2023-12-14,6170,52.438697814941406,0.6418115770324175,0,-0.006837646011263132,0.010256370529532433,-0.015384654514491558,-0.015384654514491558,-0.015384654514491558,-0.021384654514491556,close,0,0,20,2023-12-01
2023-12-15,1301,77.27837371826172,0.712444500990491,1,2.9168629733788975e-09,0.010037682950496674,2.9168629733788975e-09,0.010037682950496674,0.010037682950496674,0.0040376829504966735,close,0,0,20,2023-12-01
2023-12-15,2409,15.080491065979004,0.6890709525260521,0,0.0,0.006134992931038141,-0.006134876050055027,0.0,0.0,-0.006,close,0,0,20,2023-12-01
2023-12-15,3532,173.81231689453125,0.6824391843524866,0,0.010899119079113007,0.013623914681375027,-0.01907363161444664,-0.016348835080862045,-0.016348835080862045,-0.022348835080862044,close,0,0,20,2023-12-01
2023-12-15,6245,104.74642944335938,0.6805903133182316,0,0.013698630034923553,0.01826483942568302,-0.004566209856420755,0.0,0.0,-0.006,close,0,0,20,2023-12-01
2023-12-15,1560,170.63792419433594,0.6805854904069698,0,0.005730757489800453,0.011461417190730572,-0.01719188131392002,-0.011461221612989902,-0.011461221612989902,-0.0174612216129899,close,0,0,20,2023-12-01
2023-12-15,2371,39.46794128417969,0.6803316858747361,0,0.0036451262421905994,0.012150649912655354,-0.009720557369291782,-0.0012151222908869386,-0.0012151222908869386,-0.007215122290886939,close,0,0,20,2023-12-01
2023-12-15,2211,88.66261291503906,0.6778972970394475,1,0.009090988896787167,0.08080814778804779,-0.0060605271719396114,0.006060655228793621,0.03,0.024,take_profit,1,0,20,2023-12-01
2023-12-15,2885,23.70087432861328,0.6768325616469646,1,-0.007407409138977528,0.005555564537644386,-0.007407409138977528,0.0018519108416512609,0.0018519108416512609,-0.004148089158348739,close,0,0,20,2023-12-01
2023-12-15,1476,531.5942993164062,0.6765442883284564,1,0.001760534942150116,0.01584504172205925,-0.005281718447804451,0.010563351213932037,0.010563351213932037,0.004563351213932037,close,0,0,20,2023-12-01
2023-12-15,1402,28.217050552368164,0.6735703278694825,1,-1.9080223623291204e-08,0.019480513408780098,-1.9080223623291204e-08,0.019480513408780098,0.019480513408780098,0.013480513408780098,close,0,0,20,2023-12-01
2023-12-15,4904,76.70549011230469,0.6692281307779318,1,-0.0025093844160437584,0.006273513659834862,-0.007528224494308233,0.0050188275054097176,0.0050188275054097176,-0.0009811724945902826,close,0,0,20,2023-12-01
2023-12-15,1303,64.77836608886719,0.667406712653873,0,-0.0014860149240121245,-4.026239963650369e-08,-0.008915434591472149,-0.004457737319171429,-0.004457737319171429,-0.010457737319171429,close,0,0,20,2023-12-01
2023-12-15,2014,25.878219604492188,0.6665413055997325,1,0.04230773076415062,0.07115388661623001,0.011538457125425339,0.03269234672188759,0.03,0.024,gap_take_profit,1,0,20,2023-12-01
2023-12-15,1102,38.029300689697266,0.6665064703668705,0,-0.0023668205831199884,0.0071005807258188725,-0.005917152855545282,-0.005917152855545282,-0.005917152855545282,-0.011917152855545282,close,0,0,20,2023-12-01
2023-12-15,4542,54.41883087158203,0.6651011828322886,0,0.009008984081447124,0.009008984081447124,-0.009009033441543579,-0.009009033441543579,-0.009009033441543579,-0.01500903344154358,close,0,0,20,2023-12-01
2023-12-15,2027,37.045963287353516,0.6642754685043107,1,0.01011386513710022,0.026548700407147408,0.001264248974621296,0.005056955385953188,0.005056955385953188,-0.0009430446140468122,close,0,0,20,2023-12-01
2023-12-15,1216,68.48680114746094,0.6627171854207733,1,-0.002713805064558983,0.013568377122282982,-0.002713805064558983,0.006784117314964533,0.006784117314964533,0.0007841173149645327,close,0,0,20,2023-12-01
2023-12-15,2455,151.83700561523438,0.6625668111602121,0,0.003164562163874507,0.0063291192054748535,-0.022151893004775047,-0.01898733712732792,-0.02,-0.026000000000000002,stop_loss,0,1,20,2023-12-01
2023-12-15,3443,1722.475341796875,0.6617802513723319,0,0.0056657204404473305,0.014164303429424763,-0.025495752692222595,-0.01983002945780754,-0.02,-0.026000000000000002,stop_loss,0,1,20,2023-12-01
2023-12-15,2451,73.81306457519531,0.6607111087594991,0,0.012269970029592514,0.012269970029592514,-0.014723858796060085,-0.01349688321352005,-0.01349688321352005,-0.01949688321352005,close,0,0,20,2023-12-01
2023-12-18,8027,63.06923294067383,0.7141932603226299,0,-5.029037808412795e-08,-5.029037808412795e-08,-0.011041071265935898,-0.007886485196650028,-0.007886485196650028,-0.013886485196650028,close,0,0,20,2023-12-01
2023-12-18,6485,102.8862075805664,0.7101348062485674,0,2.3284982830773515e-08,2.3284982830773515e-08,-0.033175334334373474,-0.01895732246339321,-0.02,-0.026000000000000002,stop_loss,0,1,20,2023-12-01
2023-12-18,4919,133.1654510498047,0.7039445169253415,1,0.0036362423561513424,0.01818169467151165,-1.2076785083081631e-07,0.01090896874666214,0.01090896874666214,0.00490896874666214,close,0,0,20,2023-12-01
2023-12-18,3588,73.05183410644531,0.6904809063466857,0,1.581457986787882e-08,0.005221972241997719,-0.026109665632247925,-0.01697119139134884,-0.02,-0.026000000000000002,stop_loss,0,1,20,2023-12-01
2023-12-18,2038,21.649999618530273,0.6902347940999108,1,-0.013856777921319008,0.0207852553576231,-0.06697454303503036,0.002309521660208702,-0.02,-0.026000000000000002,stop_loss,0,1,20,2023-12-01
2023-12-18,2241,30.649999618530273,0.6880595807440303,0,0.003262655111029744,0.008156606927514076,-0.004893951583653688,-0.003262655111029744,-0.003262655111029744,-0.009262655111029744,close,0,0,20,2023-12-01
2023-12-18,8183,48.69551467895508,0.6860951425590077,0,0.009363350458443165,0.009363350458443165,-0.016853908076882362,-0.009363241493701935,-0.009363241493701935,-0.015363241493701935,close,0,0,20,2023-12-01
2023-12-18,3479,98.88005828857422,0.6860938481501464,1,4.7764519450765874e-08,0.05000004917383194,-0.009090861305594444,0.05000004917383194,0.03,0.024,take_profit,1,0,20,2023-12-01
2023-12-18,3264,71.01634216308594,0.6860147498429001,0,0.0025476946029812098,0.0038216575048863888,-0.03439490124583244,-0.02165604941546917,-0.02,-0.026000000000000002,stop_loss,0,1,20,2023-12-01
2023-12-18,2912,249.48313903808594,0.6833795477864727,1,-0.0018725504633039236,0.0074907466769218445,-0.0037452098913490772,0.0018727682763710618,0.0018727682763710618,-0.004127231723628938,close,0,0,20,2023-12-01
2023-12-18,1795,260.6470947265625,0.6827311757429531,1,0.007339368108659983,0.012843954376876354,-0.018348703160881996,0.0036696435417979956,0.0036696435417979956,-0.0023303564582020046,close,0,0,20,2023-12-01
2023-12-18,2636,81.6850814819336,0.6778455415220829,1,0.01870177686214447,0.08910883218050003,-0.004400514531880617,0.039603881537914276,0.03,0.024,take_profit,1,0,20,2023-12-01
2023-12-18,2032,18.837190628051758,0.6759215739271297,0,-0.018087860196828842,-0.007751903031021357,-0.0749354213476181,-0.04909563064575195,-0.02,-0.026000000000000002,stop_loss,0,1,20,2023-12-01
2023-12-18,6266,25.953649520874023,0.6733476371122312,0,-0.0031347579788416624,3.8671455371286356e-08,-0.010971782729029655,-0.006269554607570171,-0.006269554607570171,-0.012269554607570171,close,0,0,20,2023-12-01
2023-12-18,6278,85.26390075683594,0.6719233627498854,0,-1.773668500959502e-08,0.007518828380852938,-0.017185822129249573,-0.0010741151636466384,-0.0010741151636466384,-0.0070741151636466385,close,0,0,20,2023-12-01
2023-12-18,4510,15.38520622253418,0.6709435000269742,0,-0.0031151671428233385,0.0031153869349509478,-0.009345721453428268,-0.006230444181710482,-0.006230444181710482,-0.012230444181710482,close,0,0,20,2023-12-01
2023-12-18,2383,360.35528564453125,0.6701537902365517,0,0.00678428215906024,0.00678428215906024,-0.017639055848121643,-0.008141091093420982,-0.008141091093420982,-0.014141091093420982,close,0,0,20,2023-12-01
2023-12-18,3530,100.5,0.6695248720049517,0,-0.004975124262273312,0.014925372786819935,-0.028855737298727036,-0.016915392130613327,-0.02,-0.026000000000000002,stop_loss,0,1,20,2023-12-01
2023-12-18,3066,16.799999237060547,0.6693120067836436,0,-0.0029761451296508312,0.0,-0.0059522902593016624,0.0,0.0,-0.006,close,0,0,20,2023-12-01
2023-12-18,2505,20.886507034301758,0.6691082868604596,1,-0.007075499277561903,0.03066040389239788,-0.03773585706949234,0.01650940626859665,-0.02,-0.026000000000000002,ambiguous_stop_loss,1,1,20,2023-12-01
2023-12-19,6548,30.0404109954834,0.683349275707735,0,0.010703316889703274,0.0229357797652483,0.0,0.0,0.0,-0.006,close,0,0,20,2023-12-01
2023-12-19,6605,141.1815185546875,0.6750002697829799,0,0.00986845325678587,0.0164474006742239,-0.013157863169908524,-0.009868389926850796,-0.009868389926850796,-0.015868389926850794,close,0,0,20,2023-12-01
2023-12-19,6285,144.9122772216797,0.6747162654569243,0,0.009554154239594936,0.012738867662847042,-0.012738839723169804,-0.00318469968624413,-0.00318469968624413,-0.00918469968624413,close,0,0,20,2023-12-01
2023-12-19,3526,168.20724487304688,0.6701431729067354,1,0.018421009182929993,0.04999995604157448,0.01578943058848381,0.04999995604157448,0.03,0.024,take_profit,1,0,20,2023-12-01
2023-12-19,5314,3.8872568607330322,0.6694285039579282,0,0.09414764493703842,0.09923670440912247,-0.041984692215919495,-0.03562340512871742,0.03,0.024,gap_take_profit,1,1,20,2023-12-01
2023-12-19,3527,100.49402618408203,0.6654787087110339,1,0.009433908388018608,0.023584851995110512,0.0047169276513159275,0.009433908388018608,0.009433908388018608,0.003433908388018608,close,0,0,20,2023-12-01
2023-12-19,3051,32.694942474365234,0.6643250245144591,1,0.026499370113015175,0.03626233711838722,-0.004183993209153414,0.016736511141061783,0.03,0.024,take_profit,1,0,20,2023-12-01
2023-12-19,3264,69.47840881347656,0.6602963013758877,0,0.00390619901008904,0.009114552289247513,-0.010416697710752487,-0.009114634245634079,-0.009114634245634079,-0.015114634245634079,close,0,0,20,2023-12-01
2023-12-19,3443,1663.9208984375,0.6538256983373766,0,0.011730246245861053,0.01466279849410057,-0.02052781917154789,-0.011730165220797062,-0.02,-0.026000000000000002,stop_loss,0,1,20,2023-12-01
2023-12-19,6901,46.849998474121094,0.6521967632123805,1,0.004268959630280733,0.0181430596858263,0.0010673010256141424,0.011739660054445267,0.011739660054445267,0.005739660054445267,close,0,0,20,2023-12-01
2023-12-19,5272,35.0,0.6469307582894914,1,0.0071428571827709675,0.022857120260596275,0.002857099287211895,0.008571406826376915,0.008571406826376915,0.002571406826376915,close,0,0,20,2023-12-01
2023-12-19,8163,47.2558479309082,0.6464518161632794,1,0.009433872066438198,0.01698107086122036,0.0018866743193939328,0.013207470998167992,0.013207470998167992,0.0072074709981679915,close,0,0,20,2023-12-01
2023-12-19,3213,79.53980255126953,0.6437603163487847,0,0.015783485025167465,0.015783485025167465,-0.007891806773841381,-0.003382207127287984,-0.003382207127287984,-0.009382207127287984,close,0,0,20,2023-12-01
2023-12-19,3293,360.57977294921875,0.6427452774822207,0,0.010443901643157005,0.011749384924769402,-0.03002607449889183,-0.007832861505448818,-0.02,-0.026000000000000002,stop_loss,0,1,20,2023-12-01
2023-12-19,1608,20.375961303710938,0.6397671664737106,1,0.002304060384631157,0.027649644762277603,0.002304060384631157,0.011520684696733952,0.011520684696733952,0.0055206846967339514,close,0,0,20,2023-12-01
2023-12-19,2637,45.28230667114258,0.6383707771902734,1,0.00588228739798069,0.019607791677117348,-0.0058823879808187485,0.019607791677117348,0.019607791677117348,0.013607791677117348,close,0,0,20,2023-12-01
2023-12-19,1618,30.78133201599121,0.6373942252695034,0,0.009273665025830269,0.015455950982868671,-0.004636714700609446,0.0,0.0,-0.006,close,0,0,20,2023-12-01
2023-12-19,4561,33.967124938964844,0.636763133478279,1,0.00842699222266674,0.03651687875390053,0.00842699222266674,0.02528088167309761,0.03,0.024,take_profit,1,0,20,2023-12-01
2023-12-19,6126,27.789215087890625,0.6364768683325427,1,0.01562496367841959,0.017361048609018326,0.0017360880738124251,0.0034721726551651955,0.0034721726551651955,-0.0025278273448348047,close,0,0,20,2023-12-01
2023-12-19,3712,34.81428527832031,0.6307818530366088,1,0.002621203428134322,0.017037957906723022,0.0013106074184179306,0.003931799437850714,0.003931799437850714,-0.0020682005621492864,close,0,0,20,2023-12-01
2023-12-20,6164,13.556912422180176,0.6531483245141283,0,-1.8663220302528316e-08,0.007843118160963058,-0.039215702563524246,-0.039215702563524246,-0.02,-0.026000000000000002,stop_loss,0,1,20,2023-12-01
2023-12-20,8476,26.012720108032227,0.6420737934133512,1,1.0,1.0104166269302368,0.9895833730697632,1.0069442987442017,0.03,0.024,gap_take_profit,1,0,20,2023-12-01
2023-12-20,1325,43.61792755126953,0.63219344522724,0,0.08797316998243332,0.09910902380943298,-0.09020053595304489,-0.09020053595304489,0.03,0.024,gap_take_profit,1,1,20,2023-12-01
2023-12-20,5426,29.40119743347168,0.6267158801506177,1,-0.006666702684015036,0.033333323895931244,-0.033333342522382736,0.033333323895931244,-0.02,-0.026000000000000002,ambiguous_stop_loss,1,1,20,2023-12-01
2023-12-20,5434,167.7377166748047,0.6154493900702267,0,0.002747267484664917,0.002747267484664917,-0.00549449073150754,-0.002747237915173173,-0.002747237915173173,-0.008747237915173173,close,0,0,20,2023-12-01
2023-12-20,4968,180.0,0.6148800204520397,1,-0.0027777778450399637,0.04444444552063942,-0.01666666753590107,0.03888889029622078,0.03,0.024,take_profit,1,0,20,2023-12-01
2023-12-20,2357,413.2889099121094,0.6007842383837184,1,-0.025555536150932312,0.026666687801480293,-0.027777759358286858,0.007777797523885965,-0.025555536150932312,-0.03155553615093231,gap_stop,0,1,20,2023-12-01
2023-12-20,2324,34.838623046875,0.5985692567790517,0,-0.024064239114522934,0.005347482860088348,-0.028074974194169044,-0.01871662586927414,-0.024064239114522934,-0.030064239114522932,gap_stop,0,1,20,2023-12-01
2023-12-20,2331,30.066377639770508,0.5802466968070843,0,0.01112870778888464,0.03020668216049671,-0.027027057483792305,-0.023847395554184914,-0.02,-0.026000000000000002,ambiguous_stop_loss,1,1,20,2023-12-01
2023-12-20,1215,88.64370727539062,0.5793374117195971,0,-0.0020618243142962456,0.0,-0.007216463331133127,0.0,0.0,-0.006,close,0,0,20,2023-12-01
2023-12-20,2353,41.07402801513672,0.5777293123327331,1,-0.017937177792191505,0.008968670852482319,-0.0280268806964159,0.0011211714008823037,-0.02,-0.026000000000000002,stop_loss,0,1,20,2023-12-01
2023-12-20,1732,35.29999923706055,0.5776631582293708,0,0.03257794678211212,0.08781876415014267,-0.07790368795394897,-0.06232297047972679,0.03,0.024,gap_take_profit,1,1,20,2023-12-01
2023-12-20,3532,174.28591918945312,0.5770811863258664,1,-0.00815221481025219,0.02989126183092594,-0.013586997985839844,0.02717386931180954,0.02717386931180954,0.02117386931180954,close,0,0,20,2023-12-01
2023-12-20,6214,103.37002563476562,0.5709929311841894,0,-0.0044247787445783615,0.008849557489156723,-0.017699114978313446,0.0,0.0,-0.006,close,0,0,20,2023-12-01
2023-12-20,6658,45.40516662597656,0.5701513867000558,0,-0.040169116109609604,-0.010570857673883438,-0.042283330112695694,-0.03488370403647423,-0.040169116109609604,-0.0461691161096096,gap_stop,0,1,20,2023-12-01
2023-12-20,3444,97.03055572509766,0.5681414255455354,0,-0.00952371396124363,-0.00476180762052536,-0.033333249390125275,-0.028571341186761856,-0.02,-0.026000000000000002,stop_loss,0,1,20,2023-12-01
2023-12-20,6548,30.0404109954834,0.5579344793134987,0,0.006191995460540056,0.013931933790445328,-0.003095906926319003,-0.003095906926319003,-0.003095906926319003,-0.009095906926319003,close,0,0,20,2023-12-01
2023-12-20,2912,247.61434936523438,0.5551193999007286,1,-0.0018866751343011856,0.011320873163640499,-0.0018866751343011856,0.009434080682694912,0.009434080682694912,0.003434080682694912,close,0,0,20,2023-12-01
2023-12-20,2885,23.30586051940918,0.5528882176875171,0,-0.007532943971455097,-1.338715094334475e-08,-0.011299447156488895,-0.0037665164563804865,-0.0037665164563804865,-0.009766516456380487,close,0,0,20,2023-12-01
2023-12-20,6719,279.6086120605469,0.5498802288982373,1,-0.01065718475729227,0.024866795167326927,-0.015985781326889992,0.02309059537947178,0.02309059537947178,0.01709059537947178,close,0,0,20,2023-12-01
2023-12-21,1503,111.48494720458984,0.6842442252780002,1,0.008658033795654774,0.021645046770572662,2.5259012659262225e-08,0.008658033795654774,0.008658033795654774,0.0026580337956547736,close,0,0,20,2023-12-01
2023-12-21,6461,31.200000762939453,0.6750445849885629,1,-0.0016026007942855358,0.08012820035219193,-0.0016026007942855358,0.024038460105657578,0.03,0.024,take_profit,1,0,20,2023-12-01
2023-12-21,2609,48.166439056396484,0.6547777001577705,1,0.014440410770475864,0.054151613265275955,-8.406175311392872e-09,0.03790609911084175,0.03,0.024,take_profit,1,0,20,2023-12-01
2023-12-21,6179,29.39598846435547,0.6535011068337478,0,0.008143262006342411,0.009771901182830334,-0.011400722898542881,-0.009772083722054958,-0.009772083722054958,-0.015772083722054957,close,0,0,20,2023-12-01
2023-12-21,6285,140.29721069335938,0.6526939486004399,1,0.009868502616882324,0.0394737683236599,0.0032895549666136503,0.006579028908163309,0.03,0.024,take_profit,1,0,20,2023-12-01
2023-12-21,4561,33.25152587890625,0.647327876314836,1,0.0043042306788265705,0.018651433289051056,-0.012912369333207607,0.001434833975508809,0.001434833975508809,-0.004565166024491191,close,0,0,20,2023-12-01
2023-12-21,1582,70.95428466796875,0.6394556044632451,0,0.008838471956551075,0.010101079009473324,-0.007575708907097578,-0.007575708907097578,-0.007575708907097578,-0.013575708907097578,close,0,0,20,2023-12-01
2023-12-21,3264,67.57860565185547,0.6241352994247801,1,0.009370850399136543,0.012048185802996159,-0.013386907987296581,0.006693413481116295,0.006693413481116295,0.0006934134811162947,close,0,0,20,2023-12-01
2023-12-21,3005,94.15423583984375,0.6202589572081452,1,0.014634224586188793,0.0682927668094635,0.009756175801157951,0.06341471523046494,0.03,0.024,take_profit,1,0,20,2023-12-01
2023-12-21,8044,43.5,0.6179890343374382,1,0.010344845242798328,0.024137914180755615,-0.002298815408721566,0.02298850566148758,0.02298850566148758,0.01698850566148758,close,0,0,20,2023-12-01
2023-12-21,3349,17.0,0.616126317199187,1,0.014705882407724857,0.014705882407724857,0.005882375407963991,0.005882375407963991,0.005882375407963991,-0.00011762459203600896,close,0,0,20,2023-12-01
2023-12-21,5457,56.64156723022461,0.6070697746737251,0,0.007017570547759533,0.012280714698135853,-0.019298218190670013,0.0,0.0,-0.006,close,0,0,20,2023-12-01
2023-12-21,3630,34.150001525878906,0.6056312550559279,0,0.016105394810438156,0.016105394810438156,-0.008784862235188484,-0.0073206438682973385,-0.0073206438682973385,-0.013320643868297339,close,0,0,20,2023-12-01
2023-12-21,1597,62.67501449584961,0.6054510544538381,1,0.006279379595071077,0.020408131182193756,0.004709545057266951,0.01098900381475687,0.01098900381475687,0.00498900381475687,close,0,0,20,2023-12-01
2023-12-21,3444,94.25826263427734,0.6024367934333811,1,0.009803883731365204,0.029411733150482178,0.004901921842247248,0.01960780844092369,0.01960780844092369,0.01360780844092369,close,0,0,20,2023-12-01
2023-12-21,1808,49.63103485107422,0.6021586424644851,0,0.0044643934816122055,0.03125010430812836,-0.02678566426038742,-0.022321317344903946,-0.02,-0.026000000000000002,ambiguous_stop_loss,1,1,20,2023-12-01
2023-12-21,8096,13.486526489257812,0.6011847754006888,0,0.010989077389240265,0.014652094803750515,-0.014651977457106113,-0.010988960042595863,-0.010988960042595863,-0.01698896004259586,close,0,0,20,2023-12-01
2023-12-21,1504,41.70140075683594,0.6001968104724483,1,0.005524882581084967,0.0143646951764822,-0.0022098906338214874,0.007734793704003096,0.007734793704003096,0.0017347937040030955,close,0,0,20,2023-12-01
2023-12-21,9910,166.08432006835938,0.598928598907151,0,-0.03370789811015129,-0.01685396581888199,-0.04494385048747063,-0.04213486239314079,-0.03370789811015129,-0.03970789811015129,gap_stop,0,1,20,2023-12-01
2023-12-21,5488,11.199999809265137,0.5987057051809408,1,0.0044643026776611805,0.008928605355322361,0.0,0.0044643026776611805,0.0044643026776611805,-0.0015356973223388196,close,0,0,20,2023-12-01
2023-12-22,8059,17.049999237060547,0.686035208387368,1,0.03812325745820999,0.09970679134130478,0.032258134335279465,0.09970679134130478,0.03,0.024,gap_take_profit,1,0,20,2023-12-01
2023-12-22,2421,99.00775146484375,0.6717004592188007,0,0.03773583844304085,0.047169800847768784,-0.009433970786631107,-0.009433970786631107,0.03,0.024,gap_take_profit,1,0,20,2023-12-01
2023-12-22,8150,38.95545959472656,0.6574224086842198,0,0.01060082484036684,0.01060082484036684,-0.002355667296797037,-0.0011777390027418733,-0.0011777390027418733,-0.007177739002741873,close,0,0,20,2023-12-01
2023-12-22,8027,61.477577209472656,0.6549834193788909,1,0.0016181310638785362,0.011326843872666359,-0.003236287273466587,0.0032362292986363173,0.0032362292986363173,-0.002763770701363683,close,0,0,20,2023-12-01
2023-12-22,5434,166.8160858154297,0.6503953942288269,1,-4.435703715444106e-08,0.008287248201668262,-4.435703715444106e-08,0.008287248201668262,0.008287248201668262,0.0022872482016682624,close,0,0,20,2023-12-01
2023-12-22,2390,14.800000190734863,0.6491342381707594,0,0.010135109536349773,0.013513500802218914,-0.02027028240263462,-0.02027028240263462,-0.02,-0.026000000000000002,stop_loss,0,1,20,2023-12-01
2023-12-22,8088,44.44919204711914,0.6483615705150628,0,0.04066736623644829,0.06360789388418198,-0.07194997370243073,-0.06152244284749031,0.03,0.024,gap_take_profit,1,1,20,2023-12-01
2023-12-22,3374,120.8947525024414,0.6476177252837653,1,0.008032114244997501,0.012048178352415562,-1.388370307608966e-08,0.004016050137579441,0.004016050137579441,-0.001983949862420559,close,0,0,20,2023-12-01
2023-12-22,8476,25.832075119018555,0.6459621856557177,1,1.0,1.0,0.9860140681266785,0.9860140681266785,0.03,0.024,gap_take_profit,1,0,20,2023-12-01
2023-12-22,6550,77.69999694824219,0.6425467605984886,1,0.039897121489048004,0.05405411496758461,0.003861043369397521,0.019305020570755005,0.03,0.024,gap_take_profit,1,0,20,2023-12-01
2023-12-22,3045,89.86958312988281,0.6333746399504216,1,0.0010288270423188806,0.0041151996701955795,-0.0020576240494847298,0.003086408833041787,0.003086408833041787,-0.002913591166958213,close,0,0,20,2023-12-01
2023-12-22,6442,61.57229995727539,0.6323321605695027,1,0.0078126210719347,0.03125014156103134,-0.004687431734055281,0.020312612876296043,0.03,0.024,take_profit,1,0,20,2023-12-01
2023-12-22,8054,108.653076171875,0.6316225949171335,1,0.018348637968301773,0.06422019749879837,-0.013761453330516815,0.06422019749879837,0.03,0.024,take_profit,1,0,20,2023-12-01
2023-12-22,8047,11.699999809265137,0.631036307578583,1,0.008547041565179825,0.012820562347769737,-0.012820480391383171,0.004273520782589912,0.004273520782589912,-0.0017264792174100877,close,0,0,20,2023-12-01
2023-12-22,6426,71.98991394042969,0.6305372402801261,0,0.004132257308810949,0.01652897335588932,-0.011019237339496613,-0.011019237339496613,-0.011019237339496613,-0.01701923733949661,close,0,0,20,2023-12-01
2023-12-22,2427,24.83919334411621,0.6305085718517136,0,0.00195699161849916,0.011741727590560913,-0.01565556414425373,-0.013698571361601353,-0.013698571361601353,-0.01969857136160135,close,0,0,20,2023-12-01
2023-12-22,2449,78.44197845458984,0.6257654429429792,0,0.004784738179296255,0.004784738179296255,-0.008373139426112175,-0.0011961235431954265,-0.0011961235431954265,-0.007196123543195427,close,0,0,20,2023-12-01
2023-12-22,2912,249.48313903808594,0.6248545645931124,1,1.0894768109892539e-07,0.005618087016046047,1.0894768109892539e-07,0.0018727682763710618,0.0018727682763710618,-0.004127231723628938,close,0,0,20,2023-12-01
2023-12-22,3025,46.75141906738281,0.6226629802256036,0,0.0040732924826443195,0.013238277286291122,-0.009164949879050255,-0.009164949879050255,-0.009164949879050255,-0.015164949879050255,close,0,0,20,2023-12-01
2023-12-22,8081,219.5942840576172,0.6226453047013031,0,0.008097200654447079,0.008097200654447079,-0.020242881029844284,-0.020242881029844284,-0.02,-0.026000000000000002,stop_loss,0,1,20,2023-12-01
2023-12-25,8059,18.75,0.6649964769984076,1,0.0,0.09866669028997421,-0.02400004118680954,0.09866669028997421,-0.02,-0.026000000000000002,ambiguous_stop_loss,1,1,20,2023-12-01
2023-12-25,6530,41.793174743652344,0.6180926786910789,1,0.013590036891400814,0.02604755200445652,0.007927522994577885,0.02038503624498844,0.02038503624498844,0.014385036244988441,close,0,0,20,2023-12-01
2023-12-25,3306,44.07357406616211,0.6050510920873361,1,0.005257629323750734,0.021030500531196594,0.005257629323750734,0.01892748288810253,0.01892748288810253,0.012927482888102531,close,0,0,20,2023-12-01
2023-12-25,3526,169.9778594970703,0.5855238370879755,1,0.010416606441140175,0.01562493946403265,0.007812440395355225,0.007812440395355225,0.007812440395355225,0.0018124403953552245,close,0,0,20,2023-12-01
2023-12-25,8996,216.0635986328125,0.5854091308158876,1,0.006756743881851435,0.03603602200746536,0.006756743881851435,0.027027012780308723,0.03,0.024,take_profit,1,0,20,2023-12-01
2023-12-25,4961,235.77317810058594,0.582097567245117,1,0.011516254395246506,0.021113183349370956,0.0057580978609621525,0.0057580978609621525,0.0057580978609621525,-0.00024190213903784764,close,0,0,20,2023-12-01
2023-12-25,2441,57.41942596435547,0.5796926785389234,1,0.003344502067193389,0.016722416505217552,0.0016722868895158172,0.015050200745463371,0.015050200745463371,0.009050200745463371,close,0,0,20,2023-12-01
2023-12-25,2032,19.56731414794922,0.5790525290730433,0,-0.029850775375962257,-0.009950296953320503,-0.039801061153411865,-0.01741296425461769,-0.029850775375962257,-0.035850775375962256,gap_stop,0,1,20,2023-12-01
2023-12-25,6451,142.5995635986328,0.5769027578944999,0,0.0034602165687829256,0.010380632244050503,-0.017301028594374657,-0.006920406129211187,-0.006920406129211187,-0.012920406129211187,close,0,0,20,2023-12-01
2023-12-25,2390,14.5,0.5730982471173008,1,0.00689657824113965,0.017241379246115685,0.0,0.00689657824113965,0.00689657824113965,0.0008965782411396502,close,0,0,20,2023-12-01
2023-12-25,2543,16.015695571899414,0.5719950160925877,0,0.0059172166511416435,0.015779096633195877,-0.0059171090833842754,-0.0059171090833842754,-0.0059171090833842754,-0.011917109083384276,close,0,0,20,2023-12-01
2023-12-25,2413,28.63905143737793,0.5714831674954782,1,0.005190311465412378,0.022491350769996643,0.005190311465412378,0.01038067601621151,0.01038067601621151,0.00438067601621151,close,0,0,20,2023-12-01
2023-12-25,6257,60.98127746582031,0.5656603409286723,1,0.0015060120495036244,0.013554250821471214,1.1007501576898449e-08,0.006024130154401064,0.006024130154401064,2.4130154401063794e-05,close,0,0,20,2023-12-01
2023-12-25,5608,20.399999618530273,0.5654977597420882,1,0.0024510365910828114,0.036764707416296005,0.0024510365910828114,0.026960840448737144,0.03,0.024,take_profit,1,0,20,2023-12-01
2023-12-25,9902,12.260111808776855,0.560431341238084,1,0.011811131611466408,0.027559150010347366,0.011811131611466408,0.023622125387191772,0.023622125387191772,0.017622125387191774,close,0,0,20,2023-12-01
2023-12-25,1515,47.821495056152344,0.5593370891315391,1,0.003937023226171732,0.021653588861227036,0.003937023226171732,0.01574801653623581,0.01574801653623581,0.00974801653623581,close,0,0,20,2023-12-01
2023-12-25,3176,43.349998474121094,0.5579097894164472,1,-0.005767012946307659,0.027681680396199226,-0.005767012946307659,0.02537490986287594,0.02537490986287594,0.01937490986287594,close,0,0,20,2023-12-01
2023-12-25,3592,351.5007019042969,0.555837783249202,1,0.0025739255361258984,0.007721930276602507,0.0012869243510067463,0.007721930276602507,0.007721930276602507,0.0017219302766025065,close,0,0,20,2023-12-01
2023-12-25,8081,215.14906311035156,0.5521026464166193,1,0.0020660979207605124,0.014462792314589024,-1.7693928100470657e-08,0.0020660979207605124,0.0020660979207605124,-0.003933902079239488,close,0,0,20,2023-12-01
2023-12-25,4526,18.23567008972168,0.5512856801936514,1,3.2597096577546836e-08,0.021798377856612206,3.2597096577546836e-08,0.010899152606725693,0.010899152606725693,0.004899152606725693,close,0,0,20,2023-12-01
2023-12-26,8059,20.600000381469727,0.6589264087917345,1,0.038834914565086365,0.09951452165842056,0.004854387138038874,0.09951452165842056,0.03,0.024,gap_take_profit,1,0,20,2023-12-01
2023-12-26,4961,237.1307830810547,0.6388522841496093,1,0.005725206341594458,0.019083986058831215,-0.0019083813531324267,0.017175588756799698,0.017175588756799698,0.011175588756799698,close,0,0,20,2023-12-01
2023-12-26,3045,90.4243392944336,0.602846164563084,1,0.003067391226068139,0.007157386280596256,-0.0010226034792140126,0.00511242775246501,0.00511242775246501,-0.0008875722475349904,close,0,0,20,2023-12-01
2023-12-26,4904,75.935546875,0.6026734825584014,1,-0.0012673740275204182,0.008871984668076038,-0.00633710203692317,0.00633716955780983,0.00633716955780983,0.0003371695578098296,close,0,0,20,2023-12-01
2023-12-26,6667,98.10295104980469,0.5982729508945674,1,0.06896546483039856,0.06896546483039856,-0.03842370584607124,0.004926060792058706,0.03,0.024,gap_take_profit,1,1,20,2023-12-01
2023-12-26,6415,432.0700988769531,0.5958273706720941,1,0.01945071667432785,0.048054832965135574,-0.006865070667117834,0.035469021648168564,0.03,0.024,take_profit,1,0,20,2023-12-01
2023-12-26,8069,185.69497680664062,0.5869248121468398,1,0.010335909202694893,0.04909559711813927,0.010335909202694893,0.04909559711813927,0.03,0.024,take_profit,1,0,20,2023-12-01
2023-12-26,8081,215.5935821533203,0.5852355482080006,1,0.014432920143008232,0.030927764251828194,0.00824735313653946,0.02474219724535942,0.03,0.024,take_profit,1,0,20,2023-12-01
2023-12-26,3390,26.216991424560547,0.5851969902815328,1,0.0409252792596817,0.09608539938926697,0.0035587591119110584,0.03914594650268555,0.03,0.024,gap_take_profit,1,0,20,2023-12-01
2023-12-26,6525,60.62839889526367,0.5845494314340799,1,0.0029543021228164434,0.00738554960116744,2.452081737658318e-08,0.0014772196300327778,0.0014772196300327778,-0.004522780369967222,close,0,0,20,2023-12-01
2023-12-26,2352,41.85283279418945,0.5841071071139995,1,7.624240794257275e-09,0.018847065046429634,7.624240794257275e-09,0.011086482554674149,0.011086482554674149,0.0050864825546741484,close,0,0,20,2023-12-01
2023-12-26,6257,61.348636627197266,0.5818147655502456,1,0.007484993897378445,0.011975943110883236,0.0029939308296889067,0.007484993897378445,0.007484993897378445,0.0014849938973784445,close,0,0,20,2023-12-01
2023-12-26,6695,70.9000015258789,0.5810517627559014,1,0.0014104156289249659,0.09308883547782898,0.0014104156289249659,0.04372353106737137,0.03,0.024,take_profit,1,0,20,2023-12-01
2023-12-26,3711,123.73516082763672,0.5807319117799904,1,0.003773608012124896,0.011320778168737888,2.3093283729735958e-08,0.007547193206846714,0.007547193206846714,0.001547193206846714,close,0,0,20,2023-12-01
2023-12-26,2303,45.20333480834961,0.5785605683600051,1,0.009842561557888985,0.053149666637182236,0.007874087430536747,0.053149666637182236,0.03,0.024,take_profit,1,0,20,2023-12-01
2023-12-26,5443,28.89426040649414,0.5784922069874198,1,0.0016584687400609255,0.009950343519449234,-0.0016582937678322196,0.0016584687400609255,0.0016584687400609255,-0.004341531259939075,close,0,0,20,2023-12-01
2023-12-26,8271,56.810401916503906,0.5701102310462861,1,0.006711456459015608,0.04362422227859497,0.005033629946410656,0.04362422227859497,0.03,0.024,take_profit,1,0,20,2023-12-01
2023-12-26,3545,107.23800659179688,0.569788605569015,1,-4.0609030804716895e-08,0.05529949814081192,-4.0609030804716895e-08,0.041474610567092896,0.03,0.024,take_profit,1,0,20,2023-12-01
2023-12-26,8091,82.47203826904297,0.5678974670759611,1,0.00970870815217495,0.030204949900507927,0.00970870815217495,0.028047485277056694,0.03,0.024,take_profit,1,0,20,2023-12-01
2023-12-26,6691,212.14425659179688,0.5658628901994097,0,0.00469479663297534,0.010954596102237701,-0.007824737578630447,-0.007824737578630447,-0.007824737578630447,-0.013824737578630448,close,0,0,20,2023-12-01
2023-12-27,2351,107.49795532226562,0.6658242126787417,1,1.9525174366208375e-08,0.01321587897837162,-0.00440526707097888,0.00881059281527996,0.00881059281527996,0.0028105928152799605,close,0,0,20,2023-12-01
2023-12-27,3580,48.07539367675781,0.6386688795440978,0,6.695174903370571e-08,0.007767087314277887,-0.0019416511058807373,-0.0019416511058807373,-0.0019416511058807373,-0.007941651105880737,close,0,0,20,2023-12-01
2023-12-27,3376,127.69841003417969,0.6367605839392905,0,0.026217207312583923,0.04494379833340645,-0.03745320439338684,-0.033707886934280396,-0.02,-0.026000000000000002,ambiguous_stop_loss,1,1,20,2023-12-01
2023-12-27,1785,38.24706268310547,0.6353625492948001,1,0.006426737643778324,0.020565534010529518,0.006426737643778324,0.006426737643778324,0.006426737643778324,0.000426737643778324,close,0,0,20,2023-12-01
2023-12-27,5515,18.606863021850586,0.6350326777293062,1,0.005934741348028183,0.044510409235954285,2.3108695401674595e-08,0.026706255972385406,0.03,0.024,take_profit,1,0,20,2023-12-01
2023-12-27,6015,10.28238296508789,0.632866375035815,0,0.0,0.009090944193303585,-0.0045454720966517925,0.0,0.0,-0.006,close,0,0,20,2023-12-01
2023-12-27,3588,86.0218734741211,0.6242372103856471,0,0.005543187260627747,0.018847018480300903,-0.032150741666555405,-0.018846996128559113,-0.02,-0.026000000000000002,stop_loss,0,1,20,2023-12-01
2023-12-27,6525,60.717960357666016,0.6220191273707241,1,4.069499937031651e-08,0.01327428687363863,4.069499937031651e-08,0.011799382977187634,0.011799382977187634,0.005799382977187633,close,0,0,20,2023-12-01
2023-12-27,3617,182.9871368408203,0.6195977231589627,1,0.010025103576481342,0.025062697008252144,0.0075188372284173965,0.015037634409964085,0.015037634409964085,0.009037634409964085,close,0,0,20,2023-12-01
2023-12-27,6209,27.136188507080078,0.6173117148519263,0,0.009041543118655682,0.010849903337657452,-0.01084992941468954,-0.009041638113558292,-0.009041638113558292,-0.015041638113558293,close,0,0,20,2023-12-01
2023-12-27,4142,33.150001525878906,0.6166508075129808,0,0.010558023117482662,0.010558023117482662,-0.0030166602227836847,-0.0015083876205608249,-0.0015083876205608249,-0.007508387620560825,close,0,0,20,2023-12-01
2023-12-27,3088,83.38726806640625,0.6162710763878437,1,0.005720815155655146,0.012585786171257496,0.0011441388633102179,0.005720815155655146,0.005720815155655146,-0.0002791848443448545,close,0,0,20,2023-12-01
2023-12-27,1409,14.333038330078125,0.6144413447183507,1,0.0032467886339873075,0.012987085618078709,2.2867832072392957e-08,0.009740320034325123,0.009740320034325123,0.0037403200343251227,close,0,0,20,2023-12-01
2023-12-27,8476,25.1998233795166,0.6137686973092066,1,0.9892471432685852,0.9928314685821533,0.974910318851471,0.9856629967689514,0.03,0.024,gap_take_profit,1,0,20,2023-12-01
2023-12-27,8163,46.54254913330078,0.6114218959035059,1,0.005747197195887566,0.022988606244325638,0.0019157647620886564,0.017241422086954117,0.017241422086954117,0.011241422086954117,close,0,0,20,2023-12-01
2023-12-27,8383,34.557491302490234,0.6055651094366499,1,0.0013174687046557665,0.014492698945105076,0.0013174687046557665,0.0013174687046557665,0.0013174687046557665,-0.004682531295344234,close,0,0,20,2023-12-01
2023-12-27,4919,135.10238647460938,0.6049836377160611,1,0.010752790607511997,0.035842400044202805,0.010752790607511997,0.01792125031352043,0.03,0.024,take_profit,1,0,20,2023-12-01
2023-12-27,6477,36.94549560546875,0.6040738075810673,1,0.003937068395316601,0.00787411630153656,0.0013124365359544754,0.0013124365359544754,0.0013124365359544754,-0.004687563464045525,close,0,0,20,2023-12-01
2023-12-27,6122,53.24971008300781,0.6039617055293663,1,1.267278948446915e-09,0.02871624380350113,1.267278948446915e-09,0.018581079319119453,0.018581079319119453,0.012581079319119453,close,0,0,20,2023-12-01
2023-12-27,4931,29.281755447387695,0.6032270309465891,0,-1.9293366904094e-09,0.006504087708890438,-0.006504091899842024,-0.004878038074821234,-0.004878038074821234,-0.010878038074821234,close,0,0,20,2023-12-01
2023-12-28,6205,68.47142028808594,0.6782913937057473,1,1.0098821690007753e-07,0.019337140023708344,-0.004143587779253721,0.005524984560906887,0.005524984560906887,-0.00047501543909311307,close,0,0,20,2023-12-01
2023-12-28,2605,23.16179847717285,0.6715126792399013,1,0.001984156435355544,0.017857156693935394,0.001984156435355544,0.005952425766736269,0.005952425766736269,-4.757423326373113e-05,close,0,0,20,2023-12-01
2023-12-28,6657,60.29999923706055,0.6648846249254511,1,-0.0033167623914778233,0.01326698623597622,-0.0033167623914778233,0.0016584127442911267,0.0016584127442911267,-0.004341587255708873,close,0,0,20,2023-12-01
2023-12-28,6670,185.2372283935547,0.6522135283871854,0,0.0,0.009685230441391468,0.0,0.0,0.0,-0.006,close,0,0,20,2023-12-01
2023-12-28,6209,26.890832901000977,0.6474781810432902,1,3.855987884548995e-08,0.00912412628531456,-0.005474400240927935,0.007299337070435286,0.007299337070435286,0.0012993370704352854,close,0,0,20,2023-12-01
2023-12-28,1522,36.075157165527344,0.6461737297569259,1,0.0012578620808199048,0.021383630111813545,0.0012578620808199048,0.018867945298552513,0.018867945298552513,0.012867945298552513,close,0,0,20,2023-12-01
2023-12-28,6781,718.3965454101562,0.6432173770905346,1,0.009446636773645878,0.018893329426646233,-0.004048638977110386,0.01619427464902401,0.01619427464902401,0.01019427464902401,close,0,0,20,2023-12-01
2023-12-28,5425,84.78744506835938,0.6393826374718982,1,-5.341864284247322e-09,0.012074621394276619,-0.008781514130532742,0.004390790592879057,0.004390790592879057,-0.0016092094071209432,close,0,0,20,2023-12-01
2023-12-28,2329,51.878150939941406,0.6388158616739719,1,-7.659044598540277e-08,0.012915065512061119,-0.007380177732557058,0.005534964147955179,0.005534964147955179,-0.0004650358520448209,close,0,0,20,2023-12-01
2023-12-28,2458,149.5179901123047,0.6380667069998145,1,0.0031154099851846695,0.015576470643281937,1.4475853049589205e-07,0.012461205944418907,0.012461205944418907,0.006461205944418907,close,0,0,20,2023-12-01
2023-12-28,2344,30.75,0.6368101163059368,0,0.017886154353618622,0.02764228917658329,-0.017886154353618622,-0.009756072424352169,-0.009756072424352169,-0.015756072424352167,close,0,0,20,2023-12-01
2023-12-28,3592,359.1911926269531,0.6322937631737575,1,0.0025188459549099207,0.010075520724058151,-0.0037783829029649496,0.008816074579954147,0.008816074579954147,0.002816074579954147,close,0,0,20,2023-12-01
2023-12-28,3357,104.89021301269531,0.6304413085613493,1,0.013215812854468822,0.017621099948883057,-4.5301085549454e-08,0.004405240993946791,0.004405240993946791,-0.0015947590060532094,close,0,0,20,2023-12-01
2023-12-28,2427,24.644758224487305,0.6302440074678695,0,3.2212653877650155e-08,3.2212653877650155e-08,-0.005917112808674574,-0.003944755997508764,-0.003944755997508764,-0.009944755997508764,close,0,0,20,2023-12-01
2023-12-28,3051,32.83174133300781,0.628093787599837,1,0.008333329111337662,0.02222221903502941,-0.008333294652402401,0.008333329111337662,0.008333329111337662,0.0023333291113376616,close,0,0,20,2023-12-01
2023-12-28,1217,11.305530548095703,0.6262117479788702,1,1.1102389407824376e-07,0.01680690050125122,1.1102389407824376e-07,0.012605203315615654,0.012605203315615654,0.006605203315615654,close,0,0,20,2023-12-01
2023-12-28,8431,53.727779388427734,0.6256154679774629,1,2.809898091982177e-08,0.027726462110877037,2.809898091982177e-08,0.027726462110877037,0.027726462110877037,0.02172646211087704,close,0,0,20,2023-12-01
2023-12-28,6488,550.2476806640625,0.6247133455825187,0,0.0017006882699206471,0.0051020486280322075,-0.01020407397300005,-0.0017006723210215569,-0.0017006723210215569,-0.007700672321021557,close,0,0,20,2023-12-01
2023-12-28,6449,65.37471008300781,0.6242769803978453,1,-8.907422710535684e-08,0.013119465671479702,-0.00437319977208972,0.013119465671479702,0.013119465671479702,0.007119465671479702,close,0,0,20,2023-12-01
2023-12-28,6438,99.57160949707031,0.6228415240031857,0,0.0047846888191998005,0.0047846888191998005,-0.0047846888191998005,0.0,0.0,-0.006,close,0,0,20,2023-12-01
2023-12-29,2362,37.346832275390625,0.5977332395598283,1,0.05036856234073639,0.0995086133480072,0.024570055305957794,0.0995086133480072,0.03,0.024,gap_take_profit,1,0,20,2023-12-01
2023-12-29,6113,18.40213394165039,0.5769172781311709,1,0.05236907675862312,0.09975064545869827,0.0149626350030303,0.09975064545869827,0.03,0.024,gap_take_profit,1,0,20,2023-12-01
2023-12-29,6657,60.400001525878906,0.544399890801496,1,0.003311207750812173,0.024834437295794487,0.0016556038754060864,0.023178769275546074,0.023178769275546074,0.017178769275546076,close,0,0,20,2023-12-01
2023-12-29,6691,209.82029724121094,0.5442860989387132,0,-0.0015822371933609247,0.0063291797414422035,-0.003164520487189293,-0.0015822371933609247,-0.0015822371933609247,-0.007582237193360925,close,0,0,20,2023-12-01
2023-12-29,4542,51.771427154541016,0.5360547662464458,1,2.5311646112413655e-08,0.009469722397625446,-0.015151475556194782,0.0037879187148064375,0.0037879187148064375,-0.0022120812851935626,close,0,0,20,2023-12-01
2023-12-29,2903,22.115978240966797,0.5334222153833071,0,0.0020200994331389666,0.004040347412228584,-0.006060661748051643,-0.0020202426239848137,-0.0020202426239848137,-0.008020242623984814,close,0,0,20,2023-12-01
2023-12-29,1528,11.415129661560059,0.5233630295443906,1,-6.025537402365444e-09,0.013043439015746117,-6.025537402365444e-09,0.004347836598753929,0.004347836598753929,-0.001652163401246071,close,0,0,20,2023-12-01
2023-12-29,3230,9.355101585388184,0.5182590003641783,0,0.0,0.0010615953942760825,-0.01804671622812748,0.0,0.0,-0.006,close,0,0,20,2023-12-01
2023-12-29,1727,28.149024963378906,0.5182454971601599,1,0.0121316472068429,0.017330940812826157,0.005199212580919266,0.005199212580919266,0.005199212580919266,-0.0008007874190807344,close,0,0,20,2023-12-01
2023-12-29,4510,15.289349555969238,0.5180707637490998,1,-3.6229579336577444e-08,0.012539136223495007,-3.6229579336577444e-08,0.012539136223495007,0.012539136223495007,0.0065391362234950064,close,0,0,20,2023-12-01
2023-12-29,4714,13.550000190734863,0.5175314562966647,1,0.0,0.018450183793902397,-0.0036900509148836136,0.0036900509148836136,0.0036900509148836136,-0.0023099490851163865,close,0,0,20,2023-12-01
2023-12-29,3701,58.2692756652832,0.5174919769343579,0,0.0016921209171414375,0.010152358561754227,-0.006768116261810064,-0.0016919869231060147,-0.0016919869231060147,-0.007691986923106015,close,0,0,20,2023-12-01
2023-12-29,2439,106.15685272216797,0.5171300891616737,1,0.004566193092614412,0.01826482266187668,-0.004566227085888386,0.009132402949035168,0.009132402949035168,0.0031324029490351676,close,0,0,20,2023-12-01
2023-12-29,3532,159.60423278808594,0.5166967584485542,0,-8.186442812530004e-08,0.005934635642915964,-0.011869517154991627,-0.008902158588171005,-0.008902158588171005,-0.014902158588171005,close,0,0,20,2023-12-01
2023-12-29,8438,24.57503318786621,0.5154666787383068,1,-9.73059410824817e-09,0.022900694981217384,-9.73059410824817e-09,0.015267150476574898,0.015267150476574898,0.009267150476574898,close,0,0,20,2023-12-01
2023-12-29,6199,28.899999618530273,0.514217799407926,0,0.0017301434418186545,0.0017301434418186545,-0.055363334715366364,-0.010380596853792667,-0.02,-0.026000000000000002,stop_loss,0,1,20,2023-12-01
2023-12-29,6670,185.2372283935547,0.5113144902292082,1,0.00968523882329464,0.026634391397237778,0.007263931445777416,0.007263931445777416,0.007263931445777416,0.001263931445777416,close,0,0,20,2023-12-01
2023-12-29,9907,15.029830932617188,0.5109386944947871,0,0.0,0.00619197404012084,-0.0030959281139075756,0.0,0.0,-0.006,close,0,0,20,2023-12-01
2023-12-29,6689,127.79652404785156,0.5106023256144873,1,0.007490621414035559,0.059925079345703125,0.0037453032564371824,0.007490621414035559,0.03,0.024,take_profit,1,0,20,2023-12-01
2023-12-29,5490,22.00931167602539,0.5098780138579677,0,0.0,0.004484322387725115,-0.002242118353024125,0.0,0.0,-0.006,close,0,0,20,2023-12-01
2024-01-02,6164,14.779692649841309,0.5655215479818398,1,-0.032374124974012375,0.04316544160246849,-0.03597124665975571,0.017985587939620018,-0.032374124974012375,-0.03837412497401237,gap_stop,1,1,21,2024-01-01
2024-01-02,3402,70.00812530517578,0.554052111813284,0,-0.006510453764349222,-0.0013022003695368767,-0.03385427966713905,-0.011718806810677052,-0.02,-0.026000000000000002,stop_loss,0,1,21,2024-01-01
2024-01-02,2467,64.62992095947266,0.5356735728715435,0,-0.0087976586073637,0.023460473865270615,-0.03372430056333542,-0.0322580486536026,-0.02,-0.026000000000000002,stop_loss,0,1,21,2024-01-01
2024-01-02,6931,82.76870727539062,0.5211806634445447,1,0.008791297674179077,0.0472528338432312,0.0032968188170343637,0.02527482621371746,0.03,0.024,take_profit,1,0,21,2024-01-01
2024-01-02,6113,20.23775863647461,0.5162780052885876,1,0.06575972586870193,0.09977329522371292,0.027210939675569534,0.09977329522371292,0.03,0.024,gap_take_profit,1,0,21,2024-01-01
2024-01-02,6679,410.5604248046875,0.4933662759903675,0,-0.0034404085017740726,-0.0034404085017740726,-0.029816554859280586,-0.016055086627602577,-0.02,-0.026000000000000002,stop_loss,0,1,21,2024-01-01
2024-01-02,2603,124.55963134765625,0.4898558370317109,1,0.02317873202264309,0.033112507313489914,0.003311184234917164,0.026489989832043648,0.03,0.024,take_profit,1,0,21,2024-01-01
2024-01-02,4966,1093.5533447265625,0.48936520509755205,0,-0.013215925544500351,-0.004405353683978319,-0.03964764252305031,-0.03964764252305031,-0.02,-0.026000000000000002,stop_loss,0,1,21,2024-01-01
2024-01-02,8476,25.515949249267578,0.48554698298891974,1,0.9929203987121582,0.9929203987121582,0.9504424929618835,0.9646016955375671,0.03,0.024,gap_take_profit,1,0,21,2024-01-01
2024-01-02,8054,127.59260559082031,0.48435710465397624,1,-2.8299904641926332e-08,0.05078122019767761,-2.8299904641926332e-08,0.023437470197677612,0.03,0.024,take_profit,1,0,21,2024-01-01
2024-01-02,4726,35.150001525878906,0.48028830323740546,0,0.0,0.00995728187263012,-0.004267468582838774,-0.004267468582838774,-0.004267468582838774,-0.010267468582838774,close,0,0,21,2024-01-01
2024-01-02,6163,20.389705657958984,0.47519863762908815,0,-0.009685247205197811,0.004842559807002544,-0.029055779799818993,-0.026634417474269867,-0.02,-0.026000000000000002,stop_loss,0,1,21,2024-01-01
2024-01-02,5011,24.329879760742188,0.4726038884771288,0,1.0296884234151094e-08,1.0296884234151094e-08,-0.029585788026452065,-0.023668643087148666,-0.02,-0.026000000000000002,stop_loss,0,1,21,2024-01-01
2024-01-02,6239,124.07616424560547,0.4699698812694594,0,-0.010989059694111347,-4.92370659799235e-08,-0.021978070959448814,-0.007326056249439716,-0.02,-0.026000000000000002,stop_loss,0,1,21,2024-01-01
2024-01-02,2353,48.165287017822266,0.4676481044343524,0,-0.007648176979273558,0.005736085586249828,-0.036328863352537155,-0.036328863352537155,-0.02,-0.026000000000000002,stop_loss,0,1,21,2024-01-01
2024-01-02,6214,107.48652648925781,0.4671383217704612,0,4.918789997532258e-08,4.918789997532258e-08,-0.029787186533212662,-0.029787186533212662,-0.02,-0.026000000000000002,stop_loss,0,1,21,2024-01-01
2024-01-02,2362,41.06316375732422,0.4636690373157019,0,0.029050197452306747,0.03016749955713749,-0.039106205105781555,-0.020111827179789543,-0.02,-0.026000000000000002,ambiguous_stop_loss,1,1,21,2024-01-01
2024-01-02,3390,30.13554573059082,0.4585224472930306,0,0.009287933818995953,0.09907126426696777,-0.018575774505734444,-0.01083583477884531,0.03,0.024,take_profit,1,0,21,2024-01-01
2024-01-02,3530,100.5,0.45797855141396476,0,-0.004975124262273312,0.004975124262273312,-0.012935353443026543,-0.011940267868340015,-0.011940267868340015,-0.017940267868340014,close,0,0,21,2024-01-01
2024-01-02,6108,22.916873931884766,0.4551889122871306,0,-0.004255316220223904,0.02127661556005478,-0.03191487491130829,-0.025531912222504616,-0.02,-0.026000000000000002,stop_loss,0,1,21,2024-01-01
2024-01-03,6113,22.256946563720703,0.5557743038190974,1,0.0474226251244545,0.09896906465291977,0.014432978816330433,0.09896906465291977,0.03,0.024,gap_take_profit,1,0,21,2024-01-01
2024-01-03,5439,109.33187866210938,0.5291011351445197,0,0.008695612661540508,0.008695612661540508,-0.05217394977807999,-0.047826122492551804,-0.02,-0.026000000000000002,stop_loss,0,1,21,2024-01-01
2024-01-03,3711,118.13206481933594,0.5249550470290963,1,1.1950509026803502e-08,0.011857719160616398,-0.003952557221055031,0.0039525809697806835,0.0039525809697806835,-0.0020474190302193166,close,0,0,21,2024-01-01
2024-01-03,6431,16.700000762939453,0.5121626470895939,0,0.0,0.0,-0.0059880465269088745,0.0,0.0,-0.006,close,0,0,21,2024-01-01
2024-01-03,6284,73.87692260742188,0.5089893607020952,1,0.007653095759451389,0.012755155563354492,0.001275544287636876,0.0038265257608145475,0.0038265257608145475,-0.0021734742391854526,close,0,0,21,2024-01-01
2024-01-03,2353,46.415496826171875,0.5086179818626112,0,-0.0039682951755821705,0.003968167118728161,-0.03273814916610718,-0.027777832001447678,-0.02,-0.026000000000000002,stop_loss,0,1,21,2024-01-01
2024-01-03,5011,23.754024505615234,0.5075558128053224,0,-0.010100999847054482,-0.002020160434767604,-0.032323192805051804,-0.024242429062724113,-0.02,-0.026000000000000002,stop_loss,0,1,21,2024-01-01
2024-01-03,4966,1050.196533203125,0.5069100677692103,0,0.004587218631058931,0.009174374863505363,-0.027522874996066093,-0.009174250066280365,-0.02,-0.026000000000000002,stop_loss,0,1,21,2024-01-01
2024-01-03,6485,107.7623291015625,0.5036311639823327,0,0.004524883348494768,0.022624431177973747,-0.031674209982156754,-0.027149325236678123,-0.02,-0.026000000000000002,stop_loss,0,1,21,2024-01-01
2024-01-03,8096,17.09281349182129,0.5006945419127888,1,0.008670623414218426,0.09826596081256866,0.005780383478850126,0.09826596081256866,0.03,0.024,take_profit,1,0,21,2024-01-01
2024-01-03,2357,427.0652160644531,0.498124341104666,0,-3.022047323497645e-08,0.004301045089960098,-0.031182825565338135,-0.02365594357252121,-0.02,-0.026000000000000002,stop_loss,0,1,21,2024-01-01
2024-01-03,1325,42.209327697753906,0.49359707651406703,1,0.0851554274559021,0.09896436333656311,0.06329119205474854,0.09896436333656311,0.03,0.024,gap_take_profit,1,0,21,2024-01-01
2024-01-03,2038,21.100000381469727,0.4927036439516499,1,0.0047393543645739555,0.09715636074542999,0.0047393543645739555,0.06635069102048874,0.03,0.024,take_profit,1,0,21,2024-01-01
2024-01-03,6415,435.0362243652344,0.4913469176889195,0,-0.005681829527020454,0.027272716164588928,-0.00909092091023922,-0.005681829527020454,-0.005681829527020454,-0.011681829527020455,close,0,0,21,2024-01-01
2024-01-03,1732,33.650001525878906,0.49047987853315606,1,0.04606238380074501,0.09955418854951859,0.04160468652844429,0.09955418854951859,0.03,0.024,gap_take_profit,1,0,21,2024-01-01
2024-01-03,6285,143.06625366210938,0.48664730754409175,0,-0.003225844819098711,0.00645157415419817,-0.02258068323135376,-0.01612907089293003,-0.02,-0.026000000000000002,stop_loss,0,1,21,2024-01-01
2024-01-03,2379,438.2627258300781,0.4846462295021577,1,0.005531012546271086,0.015486765652894974,-0.0011061556870117784,0.008849596604704857,0.008849596604704857,0.0028495966047048567,close,0,0,21,2024-01-01
2024-01-03,6435,101.40723419189453,0.4810490111752992,0,0.0,0.013761468231678009,-0.013761468231678009,0.0,0.0,-0.006,close,0,0,21,2024-01-01
2024-01-03,2454,872.5177001953125,0.4802088163835526,0,0.01249462366104126,0.02003447711467743,-0.006893571466207504,-0.0004308400093577802,-0.0004308400093577802,-0.00643084000935778,close,0,0,21,2024-01-01
2024-01-03,3034,448.2330322265625,0.4781413218942229,0,-0.002002028049901128,0.005004978738725185,-0.015015040524303913,-0.009009034372866154,-0.009009034372866154,-0.015009034372866154,close,0,0,21,2024-01-01
2024-01-04,6113,24.45969581604004,0.6190591699326987,1,0.06941831111907959,0.09943702816963196,0.003752295393496752,0.09943702816963196,0.03,0.024,gap_take_profit,1,0,21,2024-01-01
2024-01-04,6683,278.90948486328125,0.5902002050418915,0,0.008561641909182072,0.008561641909182072,-0.006849316414445639,-0.006849316414445639,-0.006849316414445639,-0.012849316414445639,close,0,0,21,2024-01-01
2024-01-04,2611,15.806357383728027,0.5828257111848226,0,0.035135164856910706,0.06216219440102577,-0.027026979252696037,-0.008108039386570454,0.03,0.024,gap_take_profit,1,1,21,2024-01-01
2024-01-04,8039,41.332130432128906,0.5803527423003915,1,0.0021598434541374445,0.021598216146230698,0.0010799291776493192,0.0010799291776493192,0.0010799291776493192,-0.004920070822350681,close,0,0,21,2024-01-01
2024-01-04,1732,37.0,0.5801502549584281,0,0.027027027681469917,0.04729729890823364,-0.09054049849510193,-0.09054049849510193,-0.02,-0.026000000000000002,ambiguous_stop_loss,1,1,21,2024-01-01
2024-01-04,6271,146.4282989501953,0.5770323839382062,0,0.009803930297493935,0.013071903958916664,-0.006535939406603575,-0.006535939406603575,-0.006535939406603575,-0.012535939406603575,close,0,0,21,2024-01-01
2024-01-04,6741,96.85391998291016,0.5730978318046636,1,0.005000020377337933,0.020000020042061806,0.005000020377337933,0.020000020042061806,0.020000020042061806,0.014000020042061806,close,0,0,21,2024-01-01
2024-01-04,1325,46.38654708862305,0.567092146013855,0,0.02198951505124569,0.023036619648337364,-0.09947643429040909,-0.09947643429040909,-0.02,-0.026000000000000002,stop_loss,0,1,21,2024-01-01
2024-01-04,3019,63.45879364013672,0.5658713762434473,1,0.0014903605915606022,0.017883894965052605,0.0014903605915606022,0.008941926062107086,0.008941926062107086,0.002941926062107086,close,0,0,21,2024-01-01
2024-01-04,4162,93.40695190429688,0.5641310298550981,1,0.004854402970522642,0.05825246125459671,0.004854402970522642,0.05825246125459671,0.03,0.024,take_profit,1,0,21,2024-01-01
2024-01-04,2449,77.97282409667969,0.5594930734127349,0,0.006016909144818783,0.008423702791333199,-0.009626839309930801,-0.002406640909612179,-0.002406640909612179,-0.008406640909612179,close,0,0,21,2024-01-01
2024-01-04,5471,52.238712310791016,0.5551526004548084,0,-0.0018116553546860814,0.010869517922401428,-0.007246423978358507,-0.007246423978358507,-0.007246423978358507,-0.013246423978358507,close,0,0,21,2024-01-01
2024-01-04,3709,25.379268646240234,0.5544069446798384,1,0.0018621730851009488,0.027932964265346527,0.0018621730851009488,0.02048414759337902,0.02048414759337902,0.01448414759337902,close,0,0,21,2024-01-01
2024-01-04,4720,14.79473876953125,0.5528713020877809,1,0.006191942375153303,0.034055765718221664,0.003096014494076371,0.034055765718221664,0.03,0.024,take_profit,1,0,21,2024-01-01
2024-01-04,6414,241.725341796875,0.5502592330327185,1,0.01912044547498226,0.03632885962724686,0.011472262442111969,0.028680674731731415,0.03,0.024,take_profit,1,0,21,2024-01-01
2024-01-04,5388,121.4942626953125,0.5491070345848257,0,0.007662835065275431,0.019157087430357933,0.0,0.0,0.0,-0.006,close,0,0,21,2024-01-01
2024-01-04,5522,52.68532180786133,0.5469492703081321,1,-5.61417436983902e-08,0.007029780186712742,-5.61417436983902e-08,0.005272337701171637,0.005272337701171637,-0.0007276622988283635,close,0,0,21,2024-01-01
2024-01-04,1319,69.39144134521484,0.5454865958805405,0,0.005305000580847263,0.010609959252178669,-0.0053051188588142395,-0.003978879190981388,-0.003978879190981388,-0.009978879190981388,close,0,0,21,2024-01-01
2024-01-04,8096,18.7724552154541,0.5449148872316553,0,0.028947340324521065,0.06578948348760605,-0.05000003054738045,-0.005263166967779398,-0.02,-0.026000000000000002,ambiguous_stop_loss,1,1,21,2024-01-01
2024-01-04,2015,62.489784240722656,0.5424138038995422,0,0.007246391382068396,0.007246391382068396,-0.0072463625110685825,-0.0072463625110685825,-0.0072463625110685825,-0.013246362511068583,close,0,0,21,2024-01-01
2024-01-05,3025,49.51270294189453,0.6683092146143875,1,0.10000001639127731,0.10000001639127731,0.07500003278255463,0.10000001639127731,0.03,0.024,gap_take_profit,1,0,21,2024-01-01
2024-01-05,5225,61.688323974609375,0.6013847180418521,1,0.04255324974656105,0.05673764646053314,-0.02127654105424881,0.00851067341864109,0.03,0.024,gap_take_profit,1,1,21,2024-01-01
2024-01-05,2345,470.8070068359375,0.5630963567355425,1,0.011305173859000206,0.0267214123159647,0.006166428327560425,0.0205549169331789,0.0205549169331789,0.014554916933178902,close,0,0,21,2024-01-01
2024-01-05,6191,59.53190612792969,0.5607295971108013,0,0.0031006853096187115,0.006201531272381544,-0.009302344173192978,-0.006201616022735834,-0.006201616022735834,-0.012201616022735834,close,0,0,21,2024-01-01
2024-01-05,2520,33.719146728515625,0.5571322921490675,0,0.0073350584134459496,0.025672515854239464,-0.0048898449167609215,-0.002444884506985545,-0.002444884506985545,-0.008444884506985545,close,0,0,21,2024-01-01
2024-01-05,6239,120.89472198486328,0.5525113107318261,0,-3.167477302667976e-08,-3.167477302667976e-08,-0.022556422278285027,-0.018797023221850395,-0.02,-0.026000000000000002,stop_loss,0,1,21,2024-01-01
2024-01-05,9904,28.5212459564209,0.5519087499372318,1,0.0016181147657334805,0.009708729572594166,-0.0016181434039026499,0.009708729572594166,0.009708729572594166,0.0037087295725941657,close,0,0,21,2024-01-01
2024-01-05,6113,26.891895294189453,0.5513562185278712,0,0.044368624687194824,0.04607510566711426,-0.027303732931613922,-0.010238882154226303,0.03,0.024,gap_take_profit,1,1,21,2024-01-01
2024-01-05,3596,155.10731506347656,0.5503811092400053,1,-1.287349533640736e-07,0.005952251609414816,-0.005952509120106697,0.002976061310619116,0.002976061310619116,-0.0030239386893808843,close,0,0,21,2024-01-01
2024-01-05,4938,76.5759506225586,0.5491729025724685,0,0.0035756307188421488,0.01072707399725914,-0.0035757217556238174,0.0,0.0,-0.006,close,0,0,21,2024-01-01
2024-01-05,6285,140.75872802734375,0.5461394078646735,0,0.0032786070369184017,0.009835983626544476,-0.009836145676672459,-0.006557457614690065,-0.006557457614690065,-0.012557457614690066,close,0,0,21,2024-01-01
2024-01-05,6214,106.11436462402344,0.5450556364809193,0,0.004310269374400377,0.017241302877664566,-0.012931108474731445,-0.004310419782996178,-0.004310419782996178,-0.010310419782996178,close,0,0,21,2024-01-01
2024-01-05,4956,18.25,0.5428721112305028,1,0.052054837346076965,0.09863009303808212,0.052054837346076965,0.09863009303808212,0.03,0.024,gap_take_profit,1,0,21,2024-01-01
2024-01-05,3588,86.59407806396484,0.5390675779702052,0,0.01321585662662983,0.07709255069494247,-0.014317182824015617,-0.0022026316728442907,0.03,0.024,take_profit,1,0,21,2024-01-01
2024-01-05,2308,293.7127990722656,0.537483801811508,1,0.004926134832203388,0.014778352342545986,0.0032840988133102655,0.004926134832203388,0.004926134832203388,-0.001073865167796612,close,0,0,21,2024-01-01
2024-01-05,2303,45.20333480834961,0.5366507483290244,0,0.003937095869332552,0.003937095869332552,-0.013779470697045326,-0.00590542471036315,-0.00590542471036315,-0.01190542471036315,close,0,0,21,2024-01-01
2024-01-05,3413,190.2645263671875,0.5363837784530745,0,0.002415451919659972,0.00966182816773653,-0.014492760412395,-0.012077301740646362,-0.012077301740646362,-0.01807730174064636,close,0,0,21,2024-01-01
2024-01-05,6278,85.90498352050781,0.5319603839771659,1,0.0021321987733244896,0.006396607495844364,-0.004264373332262039,0.0021321987733244896,0.0021321987733244896,-0.0038678012266755105,close,0,0,21,2024-01-01
2024-01-05,3044,174.87672424316406,0.5316930474672487,0,1.8295308379379094e-08,0.01058202888816595,-0.015872998163104057,-0.015872998163104057,-0.015872998163104057,-0.021872998163104056,close,0,0,21,2024-01-01
2024-01-05,3376,115.26335144042969,0.5296489632759369,1,0.0041494513861835,0.053941987454891205,0.0041494513861835,0.012448207475244999,0.03,0.024,take_profit,1,0,21,2024-01-01
2024-01-08,1815,14.899999618530273,0.7423958645101955,0,0.010067152790725231,0.02013424225151539,-0.010067088529467583,0.0,0.0,-0.006,close,0,0,21,2024-01-01
2024-01-08,6239,118.62226104736328,0.7291180993813727,0,0.011494259350001812,0.015325676649808884,-0.0038314112462103367,-0.0038314112462103367,-0.0038314112462103367,-0.009831411246210337,close,0,0,21,2024-01-01
2024-01-08,8938,66.59508514404297,0.7249622007132314,0,0.008356427773833275,0.008356427773833275,-0.009749461896717548,-0.006963883060961962,-0.006963883060961962,-0.012963883060961962,close,0,0,21,2024-01-01
2024-01-08,3052,11.215068817138672,0.7204134507588482,0,0.004237321671098471,0.004237321671098471,-0.012711902149021626,-0.00847459677606821,-0.00847459677606821,-0.01447459677606821,close,0,0,21,2024-01-01
2024-01-08,2417,33.12339401245117,0.7178190710643069,1,0.017964093014597893,0.026946106925606728,-0.010479044169187546,0.017964093014597893,0.017964093014597893,0.011964093014597893,close,0,0,21,2024-01-01
2024-01-08,8155,138.50767517089844,0.7154173509951297,0,0.003412933088839054,0.003412933088839054,-0.006825974211096764,-0.006825974211096764,-0.006825974211096764,-0.012825974211096764,close,0,0,21,2024-01-01
2024-01-08,2233,124.95347595214844,0.7152041257306356,0,-0.011070214211940765,0.003689931705594063,-0.022140324115753174,-0.018450288102030754,-0.02,-0.026000000000000002,stop_loss,0,1,21,2024-01-01
2024-01-08,3219,45.72712326049805,0.71294695877343,0,-0.0064794160425662994,-0.0064794160425662994,-0.011878984048962593,-0.008639209903776646,-0.008639209903776646,-0.014639209903776646,close,0,0,21,2024-01-01
2024-01-08,3617,179.31822204589844,0.7106134081271278,0,0.005115090403705835,0.017902813851833344,-0.015345267951488495,-0.010230178013443947,-0.010230178013443947,-0.016230178013443945,close,0,0,21,2024-01-01
2024-01-08,1301,75.72698974609375,0.7042677424212016,0,0.0012804652797058225,0.0012804652797058225,-0.006401974242180586,-0.006401974242180586,-0.006401974242180586,-0.012401974242180586,close,0,0,21,2024-01-01
2024-01-08,1218,20.53441047668457,0.7017911681639745,0,0.004566281568259001,0.004566281568259001,-0.011415472254157066,-0.00913231447339058,-0.00913231447339058,-0.01513231447339058,close,0,0,21,2024-01-01
2024-01-08,1524,29.16431999206543,0.7017031188033098,0,0.00930230226367712,0.010852665640413761,-0.018604662269353867,0.0,0.0,-0.006,close,0,0,21,2024-01-01
2024-01-08,2355,42.55660629272461,0.7004322957537668,0,0.00969814695417881,0.00969814695417881,-0.014008714817464352,-0.011853575706481934,-0.011853575706481934,-0.017853575706481932,close,0,0,21,2024-01-01
2024-01-08,1713,32.90402603149414,0.6999006711993413,0,-0.0025642295368015766,0.005128057207912207,-0.0038463587407022715,-0.0025642295368015766,-0.0025642295368015766,-0.008564229536801577,close,0,0,21,2024-01-01
2024-01-08,4976,40.150001525878906,0.6995170711571779,0,0.002490621991455555,0.01618923246860504,-0.016189327463507652,-0.016189327463507652,-0.016189327463507652,-0.02218932746350765,close,0,0,21,2024-01-01
2024-01-08,3042,87.09141540527344,0.6989894112874753,0,0.005224744323641062,0.006269740406423807,-0.002089749090373516,-0.002089749090373516,-0.002089749090373516,-0.008089749090373516,close,0,0,21,2024-01-01
2024-01-08,1310,15.350000381469727,0.6987839572662418,0,0.006514620501548052,0.009771961718797684,-0.009772024117410183,-0.009772024117410183,-0.009772024117410183,-0.01577202411741018,close,0,0,21,2024-01-01
2024-01-08,3443,1624.8846435546875,0.6969340805372573,1,0.015015038661658764,0.030030053108930588,0.009009032510221004,0.015015038661658764,0.03,0.024,take_profit,1,0,21,2024-01-01
2024-01-08,1326,58.130287170410156,0.6964560472625634,0,0.004917987622320652,0.004917987622320652,-0.0032787334639579058,-0.0032787334639579058,-0.0032787334639579058,-0.009278733463957906,close,0,0,21,2024-01-01
2024-01-08,3693,392.7001953125,0.6956556612100399,1,0.042183659970760345,0.09925562143325806,0.042183659970760345,0.08808936923742294,0.03,0.024,gap_take_profit,1,0,21,2024-01-01
2024-01-09,3499,22.649999618530273,0.7484841633490542,1,0.07284766435623169,0.09933774918317795,0.024282611906528473,0.09933774918317795,0.03,0.024,gap_take_profit,1,0,21,2024-01-01
2024-01-09,6284,70.95577239990234,0.7091931788526148,1,0.00929616391658783,0.015936270356178284,-0.001328046782873571,0.003984058741480112,0.003984058741480112,-0.002015941258519888,close,0,0,21,2024-01-01
2024-01-09,5439,97.4479751586914,0.702781900007282,1,0.004878159146755934,0.01951230689883232,-0.0048779393546283245,0.01463425811380148,0.01463425811380148,0.00863425811380148,close,0,0,21,2024-01-01
2024-01-09,8210,258.0494384765625,0.6939079244402917,1,-0.0093808863312006,0.02063787542283535,-0.024390267208218575,0.02063787542283535,-0.02,-0.026000000000000002,stop_loss,0,1,21,2024-01-01
2024-01-09,6239,118.16777038574219,0.6872434276389277,1,0.015384654514491558,0.019230807200074196,3.8151508618966545e-08,0.015384654514491558,0.015384654514491558,0.009384654514491558,close,0,0,21,2024-01-01
2024-01-09,3624,49.41253662109375,0.6835517498226098,0,-0.005714255850762129,0.005714286584407091,-0.013333332724869251,-0.011428527534008026,-0.011428527534008026,-0.017428527534008025,close,0,0,21,2024-01-01
2024-01-09,5011,22.842252731323242,0.6815764471925354,1,-5.862733409855991e-09,0.02100839838385582,-0.012605016119778156,0.002100882586091757,0.002100882586091757,-0.0038991174139082433,close,0,0,21,2024-01-01
2024-01-09,2492,107.61434936523438,0.6752119694945408,0,0.004424745682626963,0.004424745682626963,-0.017699146643280983,-0.013274368830025196,-0.013274368830025196,-0.019274368830025194,close,0,0,21,2024-01-01
2024-01-09,6279,145.9778594970703,0.6703546080072408,0,-0.0032362660858780146,0.0064725386910140514,-0.012944969348609447,-0.012944969348609447,-0.012944969348609447,-0.018944969348609446,close,0,0,21,2024-01-01
2024-01-09,6125,54.79905319213867,0.6700314180292706,1,-0.0035398455802351236,0.03362833708524704,-0.00884956680238247,0.026548663154244423,0.03,0.024,take_profit,1,0,21,2024-01-01
2024-01-09,8155,137.56222534179688,0.6660049653217416,1,0.027491366490721703,0.0687284767627716,0.020618515089154243,0.05498277395963669,0.03,0.024,take_profit,1,0,21,2024-01-01
2024-01-09,3044,172.1009063720703,0.6628887585573218,1,0.002688089618459344,0.026881635189056396,-8.212889213154995e-08,0.021505292505025864,0.021505292505025864,0.015505292505025864,close,0,0,21,2024-01-01
2024-01-09,2367,19.049999237060547,0.6605613959960407,0,-0.0026246318593621254,0.00262473220936954,-0.01049862802028656,-0.007873996160924435,-0.007873996160924435,-0.013873996160924435,close,0,0,21,2024-01-01
2024-01-09,6127,25.836111068725586,0.6603791914012719,0,-0.007633596658706665,2.0347950879795462e-08,-0.02290075644850731,-0.015267212875187397,-0.02,-0.026000000000000002,stop_loss,0,1,21,2024-01-01
2024-01-09,1582,68.17703247070312,0.6571939672581919,0,1.208775870509271e-07,1.208775870509271e-07,-0.011826444417238235,-0.010512303560972214,-0.010512303560972214,-0.016512303560972212,close,0,0,21,2024-01-01
2024-01-09,2355,42.05215835571289,0.6571095296233734,0,-0.0021809565369039774,0.009814665652811527,-0.014176578260958195,-0.011995586566627026,-0.011995586566627026,-0.017995586566627024,close,0,0,21,2024-01-01
2024-01-09,2408,72.5999984741211,0.6552873296954368,0,-0.002754779066890478,0.004132273606956005,-0.022038547322154045,-0.015151494182646275,-0.02,-0.026000000000000002,stop_loss,0,1,21,2024-01-01
2024-01-09,3580,46.675140380859375,0.6551542250453715,0,0.0020000040531158447,0.004000050015747547,-0.003999981097877026,-0.0009999503381550312,-0.0009999503381550312,-0.006999950338155031,close,0,0,21,2024-01-01
2024-01-09,6274,110.2801742553711,0.6550340402243835,0,-0.004219452850520611,-0.004219452850520611,-0.02953590825200081,-0.02953590825200081,-0.02,-0.026000000000000002,stop_loss,0,1,21,2024-01-01
2024-01-09,4956,22.049999237060547,0.650511652947479,1,0.03628123179078102,0.09977328032255173,0.0,0.09977328032255173,0.03,0.024,gap_take_profit,1,0,21,2024-01-01
2024-01-10,3349,21.549999237060547,0.6117792904041812,1,0.02552209608256817,0.09976805746555328,0.02552209608256817,0.09976805746555328,0.03,0.024,take_profit,1,0,21,2024-01-01
2024-01-10,4956,24.25,0.6102356614107954,0,0.006185551173985004,0.0556701198220253,-0.07216494530439377,-0.07216494530439377,-0.02,-0.026000000000000002,ambiguous_stop_loss,1,1,21,2024-01-01
2024-01-10,3499,24.899999618530273,0.6064615008004666,0,0.0301204826682806,0.07228920608758926,-0.02811240404844284,0.0,0.03,0.024,gap_take_profit,1,1,21,2024-01-01
2024-01-10,6695,84.5,0.5979143536827354,1,0.02958579920232296,0.04615386575460434,-0.0023668278008699417,0.015384651720523834,0.03,0.024,take_profit,1,0,21,2024-01-01
2024-01-10,2303,44.5804557800293,0.5930377385230324,0,0.0019960536155849695,0.003992031328380108,-0.0019959774799644947,0.0,0.0,-0.006,close,0,0,21,2024-01-01
2024-01-10,6530,38.62200164794922,0.592147070641271,1,9.658464961148638e-08,0.09926479309797287,9.658464961148638e-08,0.09926479309797287,0.03,0.024,take_profit,1,0,21,2024-01-01
2024-01-10,6166,64.20465850830078,0.5914392128451744,0,0.006060576066374779,0.05606050416827202,-0.019697068259119987,-0.01515156775712967,0.03,0.024,take_profit,1,0,21,2024-01-01
2024-01-10,3066,21.25,0.5889507329031215,1,0.03764702379703522,0.09882354736328125,0.021176505833864212,0.09882354736328125,0.03,0.024,gap_take_profit,1,0,21,2024-01-01
2024-01-10,6120,15.765462875366211,0.5764130563977349,1,0.015384569764137268,0.09538451582193375,-0.00923079065978527,0.012307693250477314,0.03,0.024,take_profit,1,0,21,2024-01-01
2024-01-10,8044,41.20000076293945,0.5707022107966407,0,0.0,0.007281534839421511,-0.010922348126769066,-0.008495201356709003,-0.008495201356709003,-0.014495201356709004,close,0,0,21,2024-01-01
2024-01-10,2105,40.35407257080078,0.5692071800776765,0,-0.0022753591183573008,0.0022752839140594006,-0.028441404923796654,-0.007963641546666622,-0.02,-0.026000000000000002,stop_loss,0,1,21,2024-01-01
2024-01-10,1560,181.39447021484375,0.5685089489636848,1,0.005390885751694441,0.0242588110268116,0.0026954677887260914,0.0188679751008749,0.0188679751008749,0.0128679751008749,close,0,0,21,2024-01-01
2024-01-10,5426,28.666166305541992,0.5656142742414765,1,0.025641031563282013,0.09914536029100418,0.017094023525714874,0.09914536029100418,0.03,0.024,take_profit,1,0,21,2024-01-01
2024-01-10,6239,119.9857406616211,0.5637997434645603,0,0.018939368426799774,0.022727247327566147,-0.03787881135940552,-0.022727297618985176,-0.02,-0.026000000000000002,stop_loss,0,1,21,2024-01-01
2024-01-10,5515,19.103782653808594,0.5602790031787493,1,0.01734101213514805,0.01734101213514805,-0.005780374631285667,0.0057803187519311905,0.0057803187519311905,-0.00021968124806880963,close,0,0,21,2024-01-01
2024-01-10,2429,18.25,0.5595426348903755,1,0.0,0.01095894630998373,-0.013698630034923553,0.01095894630998373,0.01095894630998373,0.00495894630998373,close,0,0,21,2024-01-01
2024-01-10,8096,20.402694702148438,0.5593126760055601,1,0.03389832004904747,0.09927363693714142,0.029055684804916382,0.09927363693714142,0.03,0.024,gap_take_profit,1,0,21,2024-01-01
2024-01-10,4938,75.66324615478516,0.5586837761379865,0,-0.003618833376094699,0.006031384225934744,-0.012062705121934414,-0.004825087729841471,-0.004825087729841471,-0.01082508772984147,close,0,0,21,2024-01-01
2024-01-10,3484,44.15207290649414,0.5565589643714829,1,0.0022197857033461332,0.006659229751676321,0.001109840115532279,0.003329646773636341,0.003329646773636341,-0.002670353226363659,close,0,0,21,2024-01-01
2024-01-10,1432,18.799999237060547,0.5564029872195408,1,0.0026596353854984045,0.06382983177900314,0.0026596353854984045,0.06382983177900314,0.03,0.024,take_profit,1,0,21,2024-01-01
2024-01-11,6239,117.2587890625,0.687432285070539,0,-0.003875942435115576,2.6640616823669916e-08,-0.023255787789821625,-0.01550384983420372,-0.02,-0.026000000000000002,stop_loss,0,1,21,2024-01-01
2024-01-11,2520,32.317623138427734,0.6873445645528266,0,-0.003826472442597151,0.0025510594714432955,-0.0076530128717422485,-0.0025510303676128387,-0.0025510303676128387,-0.008551030367612839,close,0,0,21,2024-01-01
2024-01-11,1210,52.076934814453125,0.6864003533233178,1,0.008802788332104683,0.008802788332104683,-0.005281705409288406,0.0035211113281548023,0.0035211113281548023,-0.002478888671845198,close,0,0,21,2024-01-01
2024-01-11,2379,436.8083190917969,0.6853292802695674,0,-0.006659240927547216,0.004439538810402155,-0.0099888751283288,-0.007769118994474411,-0.007769118994474411,-0.013769118994474411,close,0,0,21,2024-01-01
2024-01-11,2441,56.9393310546875,0.6847719248653861,0,0.020236091688275337,0.020236091688275337,-0.003372703678905964,-0.003372703678905964,-0.003372703678905964,-0.009372703678905964,close,0,0,21,2024-01-01
2024-01-11,8227,326.4496154785156,0.6838432707910549,0,-0.007507495582103729,0.05405406653881073,-0.03153152018785477,-0.025525514036417007,-0.02,-0.026000000000000002,ambiguous_stop_loss,1,1,21,2024-01-01
2024-01-11,4938,75.29816436767578,0.6807699878354663,1,-3.662257164194216e-09,0.008484807796776295,-0.0024242091458290815,0.006060602143406868,0.006060602143406868,6.0602143406867856e-05,close,0,0,21,2024-01-01
2024-01-11,4533,22.42552375793457,0.679027463887485,0,0.002070385031402111,0.01242235116660595,-0.008281581103801727,-0.006211219821125269,-0.006211219821125269,-0.012211219821125269,close,0,0,21,2024-01-01
2024-01-11,4931,27.710538864135742,0.6786370931387756,1,0.003436415921896696,0.003436415921896696,-0.0017182755982503295,0.0017181634902954102,0.0017181634902954102,-0.00428183650970459,close,0,0,21,2024-01-01
2024-01-11,4714,12.850000381469727,0.6774305026230854,0,0.007782056462019682,0.015564187429845333,-0.007782130502164364,-0.007782130502164364,-0.007782130502164364,-0.013782130502164364,close,0,0,21,2024-01-01
2024-01-11,4915,59.305240631103516,0.6761074512886092,0,-0.004615473560988903,0.0046153892762959,-0.006153911352157593,-0.001538480049930513,-0.001538480049930513,-0.007538480049930513,close,0,0,21,2024-01-01
2024-01-11,5469,54.451656341552734,0.675556845998515,0,-0.0018553240224719048,-3.087119893052659e-08,-0.016697604209184647,-0.003710617311298847,-0.003710617311298847,-0.009710617311298847,close,0,0,21,2024-01-01
2024-01-11,3066,23.350000381469727,0.6740605109281448,1,0.036402586847543716,0.07494646310806274,-0.047109223902225494,0.012847932986915112,0.03,0.024,gap_take_profit,1,1,21,2024-01-01
2024-01-11,3596,155.10731506347656,0.6675259637095835,1,-0.0029762815684080124,0.011904668994247913,-0.011904852464795113,0.008928479626774788,0.008928479626774788,0.0029284796267747878,close,0,0,21,2024-01-01
2024-01-11,3349,23.700000762939453,0.6652737594568987,0,0.029535815119743347,0.03375524282455444,-0.08438818156719208,-0.029535897076129913,-0.02,-0.026000000000000002,ambiguous_stop_loss,1,1,21,2024-01-01
2024-01-11,6026,11.006430625915527,0.6600556598662376,0,0.0,0.007633544038981199,-0.0038168083410710096,0.0,0.0,-0.006,close,0,0,21,2024-01-01
2024-01-11,3228,386.0,0.6592277720827936,0,-0.010362694039940834,0.0077720205299556255,-0.041450776159763336,-0.02590673603117466,-0.02,-0.026000000000000002,stop_loss,0,1,21,2024-01-01
2024-01-11,8163,46.54254913330078,0.658533324230013,0,1.5595773561472015e-08,1.5595773561472015e-08,-0.015325640328228474,-0.011494280770421028,-0.011494280770421028,-0.017494280770421027,close,0,0,21,2024-01-01
2024-01-11,5488,10.850000381469727,0.6581113507552709,1,0.0046082246117293835,0.02304147370159626,0.0,0.0046082246117293835,0.0046082246117293835,-0.0013917753882706167,close,0,0,21,2024-01-01
2024-01-11,3711,117.19821166992188,0.6579407363933215,1,0.0039840759709477425,0.0039840759709477425,-0.0039840517565608025,0.0039840759709477425,0.0039840759709477425,-0.0020159240290522577,close,0,0,21,2024-01-01
2024-01-12,6284,70.29615020751953,0.6910982506197121,1,0.00670235138386488,0.02278820239007473,0.004021427594125271,0.017426252365112305,0.017426252365112305,0.011426252365112305,close,0,0,21,2024-01-01
2024-01-12,4128,46.19047546386719,0.6881276884616647,1,0.008247391320765018,0.012371169403195381,-0.0020618478301912546,0.01030923891812563,0.01030923891812563,0.004309238918125629,close,0,0,21,2024-01-01
2024-01-12,6163,19.846637725830078,0.6877690438032475,1,0.012437868863344193,0.034825872629880905,0.012437868863344193,0.014925393275916576,0.03,0.024,take_profit,1,0,21,2024-01-01
2024-01-12,3551,81.99088287353516,0.6869154866654882,1,0.044083572924137115,0.044083572924137115,-0.005800456274300814,0.004640397150069475,0.03,0.024,gap_take_profit,1,0,21,2024-01-01
2024-01-12,3188,15.222185134887695,0.6854900896466772,1,0.008797785267233849,0.011730292811989784,4.1391928107259446e-08,0.002932660048827529,0.002932660048827529,-0.003067339951172471,close,0,0,21,2024-01-01
2024-01-12,4958,94.73177337646484,0.6853558073743339,0,0.0,0.009803921915590763,0.0,0.0,0.0,-0.006,close,0,0,21,2024-01-01
2024-01-12,3044,177.1898956298828,0.6775775416798446,1,0.005221892613917589,0.010443824343383312,-0.0026110054459422827,0.010443824343383312,0.010443824343383312,0.004443824343383312,close,0,0,21,2024-01-01
2024-01-12,6113,25.56106948852539,0.6759800781348295,1,0.023339297622442245,0.0987432450056076,0.01256727334111929,0.0987432450056076,0.03,0.024,take_profit,1,0,21,2024-01-01
2024-01-12,3558,218.7223663330078,0.6749959726963443,1,0.004464291501790285,0.015625005587935448,5.891120480328027e-09,0.004464291501790285,0.004464291501790285,-0.001535708498209715,close,0,0,21,2024-01-01
2024-01-12,6841,91.03006744384766,0.6746051437051224,0,0.0,0.0,0.0,0.0,0.0,-0.006,close,0,0,21,2024-01-01
2024-01-12,4971,56.20000076293945,0.6707675966768529,1,-0.0017794001614674926,0.02491099014878273,-0.0017794001614674926,0.005338064860552549,0.005338064860552549,-0.0006619351394474508,close,0,0,21,2024-01-01
2024-01-12,6776,51.942134857177734,0.670286553744244,0,0.0,0.0,0.0,0.0,0.0,-0.006,close,0,0,21,2024-01-01
2024-01-12,2352,42.224029541015625,0.6684560315993642,1,0.010989075526595116,0.018681349232792854,0.006593453697860241,0.008791306056082249,0.008791306056082249,0.0027913060560822486,close,0,0,21,2024-01-01
2024-01-12,4536,164.35128784179688,0.6668151501983236,0,0.010958904400467873,0.010958904400467873,-0.002739726100116968,0.0,0.0,-0.006,close,0,0,21,2024-01-01
2024-01-12,1708,28.714548110961914,0.6645868941281956,1,0.0047243996523320675,0.015748033300042152,2.4015551769451804e-09,0.014173254370689392,0.014173254370689392,0.008173254370689392,close,0,0,21,2024-01-01
2024-01-12,3685,20.600000381469727,0.6642884783718159,1,0.0,0.00970868207514286,-0.002427239902317524,0.004854387138038874,0.004854387138038874,-0.0011456128619611265,close,0,0,21,2024-01-01
2024-01-12,2236,60.13338851928711,0.6636916471853046,1,0.001620714319869876,0.06645061075687408,-0.009724469855427742,0.05996755510568619,0.03,0.024,take_profit,1,0,21,2024-01-01
2024-01-12,4961,215.86143493652344,0.6633439967289488,1,0.006289234850555658,0.031446464359760284,-7.300552340439026e-08,0.023060722276568413,0.03,0.024,take_profit,1,0,21,2024-01-01
2024-01-12,1603,33.13125228881836,0.6624328431778302,1,0.010233826003968716,0.036549657583236694,0.010233826003968716,0.023391742259263992,0.03,0.024,take_profit,1,0,21,2024-01-01
2024-01-12,1903,54.0,0.6618563412315928,1,0.005555541254580021,0.009259259328246117,-0.003703717840835452,0.003703717840835452,0.003703717840835452,-0.002296282159164548,close,0,0,21,2024-01-01
2024-01-15,6425,29.24287223815918,0.7296215769525708,1,0.09966763854026794,0.09966763854026794,0.006644412875175476,0.09966763854026794,0.03,0.024,gap_take_profit,1,0,21,2024-01-01
2024-01-15,5314,5.539093494415283,0.6828460620664228,1,0.035714346915483475,0.07142859697341919,-0.031249940395355225,0.0624999962747097,0.03,0.024,gap_take_profit,1,1,21,2024-01-01
2024-01-15,2049,220.23838806152344,0.6535539948572953,0,-0.002217272063717246,-0.002217272063717246,-0.033259402960538864,-0.033259402960538864,-0.02,-0.026000000000000002,stop_loss,0,1,21,2024-01-01
2024-01-15,6698,38.099998474121094,0.6489201696092989,0,0.06561680138111115,0.06561680138111115,-0.09711278229951859,-0.07349079847335815,0.03,0.024,gap_take_profit,1,1,21,2024-01-01
2024-01-15,4938,75.20689392089844,0.6479121570932952,0,-0.004854300059378147,8.786449967601584e-08,-0.013349409215152264,-0.007281447295099497,-0.007281447295099497,-0.013281447295099497,close,0,0,21,2024-01-01
2024-01-15,2324,33.115318298339844,0.6465900220890156,0,-0.005625814199447632,0.0028130910359323025,-0.021096961572766304,-0.015471060760319233,-0.02,-0.026000000000000002,stop_loss,0,1,21,2024-01-01
2024-01-15,1528,13.747786521911621,0.636016765786007,1,0.02166059799492359,0.09747288376092911,0.02166059799492359,0.09747288376092911,0.03,0.024,take_profit,1,0,21,2024-01-01
2024-01-15,6113,28.085052490234375,0.6291713194588544,0,0.0032679648138582706,0.0032679648138582706,-0.09967321157455444,-0.08986926078796387,-0.02,-0.026000000000000002,stop_loss,0,1,21,2024-01-01
2024-01-15,2352,42.59523391723633,0.6283326070488474,0,-0.0054466454312205315,0.0021785933058708906,-0.014161274768412113,-0.014161274768412113,-0.014161274768412113,-0.02016127476841211,close,0,0,21,2024-01-01
2024-01-15,3711,117.19821166992188,0.6253416316341044,0,-0.007968127727508545,0.007968127727508545,-0.019920319318771362,0.0,0.0,-0.006,close,0,0,21,2024-01-01
2024-01-15,4958,94.73177337646484,0.6156260614208137,1,-0.004902055021375418,0.009803825989365578,-0.009804015047848225,0.009803825989365578,0.009803825989365578,0.0038038259893655776,close,0,0,21,2024-01-01
2024-01-15,2429,20.350000381469727,0.6123145252800786,1,0.03439797833561897,0.07125301659107208,-0.0024570587556809187,0.004914023447781801,0.03,0.024,gap_take_profit,1,0,21,2024-01-01
2024-01-15,2382,209.3475799560547,0.6122934671808771,1,-0.0044149840250611305,0.015452566556632519,-0.008829995058476925,0.006622544024139643,0.006622544024139643,0.0006225440241396426,close,0,0,21,2024-01-01
2024-01-15,3712,38.96644973754883,0.6116528051346797,0,-0.011709596961736679,0.007025747559964657,-0.05152226239442825,-0.043325576931238174,-0.02,-0.026000000000000002,stop_loss,0,1,21,2024-01-01
2024-01-15,8021,25.47966194152832,0.6115334328037987,1,0.0037244539707899094,0.09869649261236191,-0.007448773365467787,0.09869649261236191,0.03,0.024,take_profit,1,0,21,2024-01-01
2024-01-15,9941,171.74484252929688,0.6109880561996609,0,6.438816768650213e-08,6.438816768650213e-08,-0.011173120699822903,-0.005586528219282627,-0.005586528219282627,-0.011586528219282627,close,0,0,21,2024-01-01
2024-01-15,9904,28.475093841552734,0.6071545581613983,0,-0.003241451922804117,-0.001620731083676219,-0.014586683362722397,-0.00810367614030838,-0.00810367614030838,-0.01410367614030838,close,0,0,21,2024-01-01
2024-01-15,6206,62.04424285888672,0.6042891631463119,0,6.83150034319624e-08,6.83150034319624e-08,-0.007352873217314482,-0.007352873217314482,-0.007352873217314482,-0.013352873217314482,close,0,0,21,2024-01-01
2024-01-15,3594,45.2481689453125,0.5993856909888114,0,2.1979074560363188e-08,2.1979074560363188e-08,-0.026143785566091537,-0.021786469966173172,-0.02,-0.026000000000000002,stop_loss,0,1,21,2024-01-01
2024-01-15,3045,91.62629699707031,0.598882544007629,0,-0.0050454395823180676,-0.0040363734588027,-0.011099914088845253,-0.011099914088845253,-0.011099914088845253,-0.01709991408884525,close,0,0,21,2024-01-01
2024-01-16,6462,162.5,0.671405598851036,1,0.05846153944730759,0.0953846126794815,0.03999999910593033,0.08307692408561707,0.03,0.024,gap_take_profit,1,0,21,2024-01-01
2024-01-16,6425,32.157440185546875,0.6583706691039047,0,-0.0030210348777472973,0.042296189814805984,-0.06948632001876831,-0.04984880983829498,-0.02,-0.026000000000000002,ambiguous_stop_loss,1,1,21,2024-01-01
2024-01-16,1528,15.087822914123535,0.6452108925402573,0,0.03289475291967392,0.039473727345466614,-0.06249997392296791,-0.05592099949717522,0.03,0.024,gap_take_profit,1,1,21,2024-01-01
2024-01-16,6243,83.19241333007812,0.6411731475659388,0,0.014908242970705032,0.03669724985957146,-0.06995415687561035,-0.04587160795927048,-0.02,-0.026000000000000002,ambiguous_stop_loss,1,1,21,2024-01-01
2024-01-16,3354,18.117509841918945,0.6377012243412716,0,0.029729602858424187,0.08648641407489777,-0.07297307252883911,-0.05135147273540497,-0.02,-0.026000000000000002,ambiguous_stop_loss,1,1,21,2024-01-01
2024-01-16,5493,54.001922607421875,0.6307194350280434,0,-0.0102915670722723,0.01200687326490879,-0.0102915670722723,-0.01200682669878006,-0.01200682669878006,-0.018006826698780058,close,0,0,21,2024-01-01
2024-01-16,2605,21.875030517578125,0.6295442617690046,0,-0.004201613832265139,0.006302588153630495,-0.023109208792448044,-0.01680670492351055,-0.02,-0.026000000000000002,stop_loss,0,1,21,2024-01-01
2024-01-16,2023,15.288370132446289,0.6273114976919415,0,-0.012658290565013885,0.003164498833939433,-0.012658290565013885,-0.009493719786405563,-0.009493719786405563,-0.015493719786405563,close,0,0,21,2024-01-01
2024-01-16,1618,29.163766860961914,0.627031823367747,0,-0.0016313287196680903,0.008156574331223965,-0.022838493809103966,-0.01631324551999569,-0.02,-0.026000000000000002,stop_loss,0,1,21,2024-01-01
2024-01-16,4766,259.4474182128906,0.62643060049207,0,-0.01048962865024805,-0.0017483708215877414,-0.038461651653051376,-0.031468648463487625,-0.02,-0.026000000000000002,stop_loss,0,1,21,2024-01-01
2024-01-16,2352,41.99203109741211,0.6231329536963455,0,0.0011049663880839944,0.008839823305606842,-0.024309348315000534,-0.023204391822218895,-0.02,-0.026000000000000002,stop_loss,0,1,21,2024-01-01
2024-01-16,2353,42.08707046508789,0.6163241906146008,0,-0.006564558017998934,0.0054704356007277966,-0.024070095270872116,-0.020787784829735756,-0.02,-0.026000000000000002,stop_loss,0,1,21,2024-01-01
2024-01-16,1524,27.08438491821289,0.6138519027708959,0,-0.0016695006052032113,0.011686079204082489,-0.02003341354429722,-0.018363989889621735,-0.02,-0.026000000000000002,stop_loss,0,1,21,2024-01-01
2024-01-16,3349,25.700000762939453,0.6136430651526166,0,0.0661478117108345,0.0661478117108345,-0.06614788621664047,-0.025291888043284416,0.03,0.024,gap_take_profit,1,1,21,2024-01-01
2024-01-16,1504,41.28669357299805,0.6124884870870586,0,-0.0044643934816122055,-9.093481878608145e-08,-0.03236617520451546,-0.031250037252902985,-0.02,-0.026000000000000002,stop_loss,0,1,21,2024-01-01
2024-01-16,2603,126.62186431884766,0.6102247229847108,0,0.0032573319040238857,0.019543977454304695,-0.026058629155158997,-0.006514654960483313,-0.02,-0.026000000000000002,stop_loss,0,1,21,2024-01-01
2024-01-16,4167,20.374967575073242,0.6079706829187025,0,0.009569438174366951,0.02631586790084839,-0.016746407374739647,-0.016746407374739647,-0.016746407374739647,-0.022746407374739645,close,0,0,21,2024-01-01
2024-01-16,1722,61.550472259521484,0.60764685730687,0,-0.0015576137229800224,-0.0015576137229800224,-0.023364432156085968,-0.02180682308971882,-0.02,-0.026000000000000002,stop_loss,0,1,21,2024-01-01
2024-01-16,3051,29.32056999206543,0.6069908915001972,1,3.958410843551974e-08,0.05132189765572548,3.958410843551974e-08,0.02021769806742668,0.03,0.024,take_profit,1,0,21,2024-01-01
2024-01-16,6409,1442.9261474609375,0.6062114890268088,0,-0.01311478391289711,-0.009836096316576004,-0.04918035864830017,-0.04918035864830017,-0.02,-0.026000000000000002,stop_loss,0,1,21,2024-01-01
2024-01-17,2362,37.43859100341797,0.6277496722781579,1,0.02205893024802208,0.051470715552568436,0.006127518601715565,0.02205893024802208,0.03,0.024,take_profit,1,0,21,2024-01-01
2024-01-17,6120,15.425898551940918,0.6126597522791457,1,0.031446512788534164,0.09748432040214539,0.0283019058406353,0.09748432040214539,0.03,0.024,gap_take_profit,1,0,21,2024-01-01
2024-01-17,4721,76.7678451538086,0.6027162117184018,0,0.004968963097780943,0.008695614524185658,-0.002484434051439166,0.0,0.0,-0.006,close,0,0,21,2024-01-01
2024-01-17,2365,13.692689895629883,0.5937026061477306,0,0.021428585052490234,0.04642854258418083,0.0,0.0,0.03,0.024,take_profit,1,0,21,2024-01-01
2024-01-17,4532,18.483142852783203,0.5913015622600006,1,-1.8043818883484164e-08,0.019559863954782486,-1.8043818883484164e-08,0.017114819958806038,0.017114819958806038,0.011114819958806038,close,0,0,21,2024-01-01
2024-01-17,6024,43.39162826538086,0.5883160463840111,1,0.004106694366782904,0.021560460329055786,0.003079937770962715,0.01437363401055336,0.01437363401055336,0.00837363401055336,close,0,0,21,2024-01-01
2024-01-17,4128,44.71428680419922,0.5872338108296777,0,-0.007454795762896538,0.00638975203037262,-0.007454795762896538,-0.0021300024818629026,-0.0021300024818629026,-0.008130002481862903,close,0,0,21,2024-01-01
2024-01-17,4306,15.813912391662598,0.5857250056105276,0,0.003021217416971922,0.012084638699889183,-0.0030211021658033133,0.0,0.0,-0.006,close,0,0,21,2024-01-01
2024-01-17,1449,18.887258529663086,0.5852639821150205,0,0.002487576100975275,0.029850760474801064,-0.04975122958421707,-0.04726366698741913,-0.02,-0.026000000000000002,stop_loss,0,1,21,2024-01-01
2024-01-17,4743,164.29080200195312,0.5846823783538596,0,0.0,0.008695675060153008,-0.014492760412395,0.0,0.0,-0.006,close,0,0,21,2024-01-01
2024-01-17,6191,60.177982330322266,0.584591406210184,0,0.003067610552534461,0.007668768055737019,-0.015337369404733181,-0.001533663715235889,-0.001533663715235889,-0.007533663715235889,close,0,0,21,2024-01-01
2024-01-17,2353,41.21217346191406,0.5782273092588991,1,0.010055894032120705,0.03463686630129814,0.004469301551580429,0.005586603190749884,0.03,0.024,take_profit,1,0,21,2024-01-01
2024-01-17,3017,336.5525207519531,0.5771038385427955,0,0.0014555332018062472,0.030567612498998642,-0.027656545862555504,-0.02620094269514084,-0.02,-0.026000000000000002,ambiguous_stop_loss,1,1,21,2024-01-01
2024-01-17,2324,32.183807373046875,0.5747006057529586,1,0.010130229406058788,0.041968099772930145,0.0014470734167844057,0.007235807366669178,0.03,0.024,take_profit,1,0,21,2024-01-01
2024-01-17,5302,10.550000190734863,0.5745763694763099,1,-0.0047393543645739555,0.03317530080676079,-0.0047393543645739555,0.01895732805132866,0.03,0.024,take_profit,1,0,21,2024-01-01
2024-01-17,6625,78.9771957397461,0.5744790734115517,0,0.01271183043718338,0.022245753556489944,-0.004237305838614702,-0.00211868598125875,-0.00211868598125875,-0.00811868598125875,close,0,0,21,2024-01-01
2024-01-17,3511,27.0,0.5737842310276895,1,0.005555541254580021,0.012962977401912212,0.003703717840835452,0.009259259328246117,0.009259259328246117,0.0032592593282461165,close,0,0,21,2024-01-01
2024-01-17,1504,39.996482849121094,0.573446052160611,1,0.003456178354099393,0.01152074709534645,-0.004608302377164364,0.009216547012329102,0.009216547012329102,0.0032165470123291014,close,0,0,21,2024-01-01
2024-01-17,1603,32.06562423706055,0.5713547175835503,1,0.010574087500572205,0.01963750831782818,0.0030212171841412783,0.007552870083600283,0.007552870083600283,0.0015528700836002825,close,0,0,21,2024-01-01
2024-01-17,5904,478.5445556640625,0.5696026745558973,0,0.005628456827253103,0.005628456827253103,-0.031894948333501816,-0.031894948333501816,-0.02,-0.026000000000000002,stop_loss,0,1,21,2024-01-01
2024-01-18,2425,42.054325103759766,0.6311626147634624,1,0.026900576427578926,0.026900576427578926,0.005847910884767771,0.014035009779036045,0.014035009779036045,0.008035009779036045,close,0,0,21,2024-01-01
2024-01-18,3481,15.568410873413086,0.6285501135806018,1,0.02515728771686554,0.05031455308198929,-0.015723202377557755,0.03459122031927109,0.03,0.024,take_profit,1,0,21,2024-01-01
2024-01-18,3045,89.96205139160156,0.6003620249183536,0,-0.003083278890699148,0.0030832006596028805,-0.004111012443900108,0.0,0.0,-0.006,close,0,0,21,2024-01-01
2024-01-18,2455,117.2412338256836,0.598336862361375,1,0.02049179933965206,0.024590160697698593,-3.4249645342043777e-09,0.012295078486204147,0.012295078486204147,0.006295078486204147,close,0,0,21,2024-01-01
2024-01-18,2347,62.8007698059082,0.5941816750516618,1,-0.007246364373713732,0.01594202034175396,-0.008695617318153381,0.01594202034175396,0.01594202034175396,0.00994202034175396,close,0,0,21,2024-01-01
2024-01-18,3707,62.900001525878906,0.5911677305377041,1,0.011128727346658707,0.019077852368354797,0.00635926378890872,0.014308389276266098,0.014308389276266098,0.008308389276266098,close,0,0,21,2024-01-01
2024-01-18,2428,145.304443359375,0.5889486504778058,1,0.0032051762100309134,0.012820561416447163,4.7853816909082525e-08,0.012820561416447163,0.012820561416447163,0.0068205614164471625,close,0,0,21,2024-01-01
2024-01-18,3490,23.621042251586914,0.5864960544668525,1,0.06274506449699402,0.09999991953372955,0.021568549796938896,0.037254881113767624,0.03,0.024,gap_take_profit,1,0,21,2024-01-01
2024-01-18,6223,251.8125,0.5859008622877693,1,0.04117654263973236,0.08235301822423935,0.027451053261756897,0.03333340585231781,0.03,0.024,gap_take_profit,1,0,21,2024-01-01
2024-01-18,6517,74.54509735107422,0.585503934243737,1,0.020565537735819817,0.02442152053117752,-0.00385607429780066,0.01799478568136692,0.01799478568136692,0.01199478568136692,close,0,0,21,2024-01-01
2024-01-18,2377,167.23641967773438,0.5825006514917319,1,0.005586506798863411,0.03351946547627449,0.002793210791423917,0.030726170167326927,0.03,0.024,take_profit,1,0,21,2024-01-01
2024-01-18,6164,14.248048782348633,0.5795646452078445,0,0.011194029822945595,0.041044775396585464,-0.007462686393409967,0.0,0.03,0.024,take_profit,1,0,21,2024-01-01
2024-01-18,2412,109.76919555664062,0.5794249736847412,1,-3.183165020459455e-08,0.012658195570111275,-3.183165020459455e-08,0.004219377413392067,0.004219377413392067,-0.0017806225866079332,close,0,0,21,2024-01-01
2024-01-18,6415,401.9141540527344,0.5783109837380171,0,0.007380086462944746,0.027060283347964287,-0.038130369037389755,-0.0012299995869398117,-0.02,-0.026000000000000002,stop_loss,0,1,21,2024-01-01
2024-01-18,2382,204.72621154785156,0.577647228493126,1,0.020316028967499733,0.08803611993789673,0.018058693036437035,0.08352144807577133,0.03,0.024,take_profit,1,0,21,2024-01-01
2024-01-18,2324,32.416683197021484,0.5754395030075884,1,0.012931151315569878,0.04741393402218819,0.0028737226966768503,0.043103545904159546,0.03,0.024,take_profit,1,0,21,2024-01-01
2024-01-18,2356,46.10117721557617,0.5721052399781121,1,0.013198066502809525,0.06395949423313141,0.008121924474835396,0.05380720645189285,0.03,0.024,take_profit,1,0,21,2024-01-01
2024-01-18,4766,249.0150909423828,0.5683781759583285,1,-0.012750488705933094,0.009107433259487152,-0.018214968964457512,0.0036429530009627342,0.0036429530009627342,-0.002357046999037266,close,0,0,21,2024-01-01
2024-01-18,1590,930.4622192382812,0.5678346467047486,1,0.010526321828365326,0.029473690316081047,0.010526321828365326,0.021052638068795204,0.021052638068795204,0.015052638068795204,close,0,0,21,2024-01-01
2024-01-18,3308,37.222450256347656,0.5677202013570837,1,0.007849334739148617,0.054945141077041626,0.007849334739148617,0.01726851612329483,0.03,0.024,take_profit,1,0,21,2024-01-01
2024-01-19,3042,86.45439147949219,0.7517806163458498,1,0.006315722595900297,0.017894653603434563,0.005263106897473335,0.010526265017688274,0.010526265017688274,0.004526265017688274,close,0,0,21,2024-01-01
2024-01-19,4919,128.32305908203125,0.7321633768172378,1,0.0113208694383502,0.018868040293455124,0.003773698816075921,0.007547284010797739,0.007547284010797739,0.001547284010797739,close,0,0,21,2024-01-01
2024-01-19,3045,89.96205139160156,0.7273454910015451,1,0.005138781853020191,0.008221982978284359,3.5702434786344384e-08,0.0030832362826913595,0.0030832362826913595,-0.0029167637173086406,close,0,0,21,2024-01-01
2024-01-19,6269,80.44235229492188,0.726468435649341,1,0.0011791831348091364,0.004716864787042141,-0.0011793612502515316,0.0011791831348091364,0.0011791831348091364,-0.004820816865190864,close,0,0,21,2024-01-01
2024-01-19,1504,40.457275390625,0.7192619648215017,1,0.007972605526447296,0.023917952552437782,-0.001139046042226255,0.023917952552437782,0.023917952552437782,0.017917952552437784,close,0,0,21,2024-01-01
2024-01-19,4974,57.918128967285156,0.707902583224798,1,0.00765695795416832,0.010719697922468185,0.0015313607873395085,0.010719697922468185,0.010719697922468185,0.004719697922468185,close,0,0,21,2024-01-01
2024-01-19,2049,210.96005249023438,0.7078445219956305,1,0.00462967436760664,0.04398152977228165,0.00462967436760664,0.018518563359975815,0.03,0.024,take_profit,1,0,21,2024-01-01
2024-01-19,1514,77.41764831542969,0.7072583138434423,1,0.00750001659616828,0.058749981224536896,0.0012500423472374678,0.05750000476837158,0.03,0.024,take_profit,1,0,21,2024-01-01
2024-01-19,2408,69.30000305175781,0.7056101068417607,0,0.011543945409357548,0.018758952617645264,-0.011544055305421352,0.0,0.0,-0.006,close,0,0,21,2024-01-01
2024-01-19,6412,129.83416748046875,0.7052526143549561,1,-3.253293412441849e-09,0.035211265087127686,-3.253293412441849e-09,0.017605630680918694,0.03,0.024,take_profit,1,0,21,2024-01-01
2024-01-19,6191,59.347312927246094,0.7042017620844905,1,0.006220738869160414,0.0248833280056715,0.006220738869160414,0.009331230074167252,0.009331230074167252,0.0033312300741672515,close,0,0,21,2024-01-01
2024-01-19,2393,42.856441497802734,0.7038209559915478,1,0.0010415952419862151,0.012499911710619926,0.0010415952419862151,0.012499911710619926,0.012499911710619926,0.006499911710619926,close,0,0,21,2024-01-01
2024-01-19,4952,48.499027252197266,0.702469684730086,1,0.0038241983857005835,0.017208535224199295,0.0038241983857005835,0.013384428806602955,0.013384428806602955,0.007384428806602955,close,0,0,21,2024-01-01
2024-01-19,3707,63.79999923706055,0.7013140029093132,1,0.010971798561513424,0.028213154524564743,0.009404424577951431,0.026645779609680176,0.026645779609680176,0.020645779609680177,close,0,0,21,2024-01-01
2024-01-19,3016,55.48311996459961,0.6984344147672781,1,0.0017606345936655998,0.019366269931197166,0.0017606345936655998,0.019366269931197166,0.019366269931197166,0.013366269931197166,close,0,0,21,2024-01-01
2024-01-19,2317,94.55351257324219,0.6965622712011083,0,-1.866637866498877e-08,0.004975105635821819,-0.0059701525606215,-0.0059701525606215,-0.0059701525606215,-0.0119701525606215,close,0,0,21,2024-01-01
2024-01-19,3005,96.45069122314453,0.6963276868000491,1,0.014285680837929249,0.03809520602226257,0.004761871881783009,0.03809520602226257,0.03,0.024,take_profit,1,0,21,2024-01-01
2024-01-19,4915,59.48771286010742,0.6952453484310812,0,0.0046012988314032555,0.0046012988314032555,-0.0061348513700068,-0.0061348513700068,-0.0061348513700068,-0.0121348513700068,close,0,0,21,2024-01-01
2024-01-19,1907,28.148122787475586,0.6920339079733392,1,2.7172832872679464e-08,0.01333334855735302,2.7172832872679464e-08,0.0033333732280880213,0.0033333732280880213,-0.002666626771911979,close,0,0,21,2024-01-01
2024-01-19,2337,29.15901756286621,0.6911640070935958,1,-3.632015577181846e-08,0.025252487510442734,-3.632015577181846e-08,0.011784423142671585,0.011784423142671585,0.005784423142671585,close,0,0,21,2024-01-01
2024-01-22,8076,29.266407012939453,0.6878935524464169,1,0.0016693793004378676,0.005008290056139231,-0.005008441861718893,0.0016693793004378676,0.0016693793004378676,-0.0043306206995621325,close,0,0,21,2024-01-01
2024-01-22,2376,280.0184326171875,0.6828689723383679,0,-0.0016806438798084855,0.0016807008069008589,-0.026890728622674942,-0.021848712116479874,-0.02,-0.026000000000000002,stop_loss,0,1,21,2024-01-01
2024-01-22,3323,27.68061065673828,0.6785752715038942,1,0.008896829560399055,0.030249157920479774,0.007117429748177528,0.01067616231739521,0.03,0.024,take_profit,1,0,21,2024-01-01
2024-01-22,2383,425.8744201660156,0.6745661918547863,1,-0.013777276501059532,0.00803673081099987,-0.020665910094976425,0.00803673081099987,-0.02,-0.026000000000000002,stop_loss,0,1,21,2024-01-01
2024-01-22,6278,84.43964385986328,0.6716202401601872,0,0.002169319661334157,0.005423066671937704,-0.008676668629050255,-0.0010845097713172436,-0.0010845097713172436,-0.007084509771317244,close,0,0,21,2024-01-01
2024-01-22,6270,23.692636489868164,0.671344310523811,1,0.009765713475644588,0.023437604308128357,0.007812543772161007,0.01562507450580597,0.01562507450580597,0.009625074505805969,close,0,0,21,2024-01-01
2024-01-22,3017,372.80413818359375,0.6690116003230684,1,0.0183968897908926,0.02365313097834587,-0.011826502159237862,0.01576876826584339,0.01576876826584339,0.009768768265843391,close,0,0,21,2024-01-01
2024-01-22,3709,24.150476455688477,0.6641811841640137,1,0.001956914784386754,0.027397211641073227,0.001956914784386754,0.02348330244421959,0.02348330244421959,0.01748330244421959,close,0,0,21,2024-01-01
2024-01-22,6209,25.22242546081543,0.6626349502976139,1,0.007782037369906902,0.035019420087337494,0.007782037369906902,0.025291793048381805,0.03,0.024,take_profit,1,0,21,2024-01-01
2024-01-22,2365,14.328421592712402,0.6609265635369161,1,0.010238990187644958,0.04095570370554924,0.0034130255226045847,0.030716821551322937,0.03,0.024,take_profit,1,0,21,2024-01-01
2024-01-22,6234,24.645488739013672,0.6585133431916516,1,0.0019801361486315727,0.01782177947461605,-0.0019801994785666466,0.0019801361486315727,0.0019801361486315727,-0.004019863851368427,close,0,0,21,2024-01-01
2024-01-22,3265,106.84044647216797,0.6554830011412439,1,-0.01724139042198658,0.06465516239404678,-0.04310346022248268,0.030172402039170265,-0.02,-0.026000000000000002,ambiguous_stop_loss,1,1,21,2024-01-01
2024-01-22,3162,44.8488883972168,0.6521364092507296,1,0.015452496707439423,0.027593759819865227,0.008829997852444649,0.013245025649666786,0.013245025649666786,0.007245025649666786,close,0,0,21,2024-01-01
2024-01-22,8038,33.0,0.6509079084956054,1,0.012121258303523064,0.012121258303523064,-0.0030302568338811398,0.009090885519981384,0.009090885519981384,0.003090885519981384,close,0,0,21,2024-01-01
2024-01-22,1736,63.077178955078125,0.6480089443174446,1,-3.395744840872794e-08,0.01684527099132538,-0.0030628908425569534,0.015313900075852871,0.015313900075852871,0.00931390007585287,close,0,0,21,2024-01-01
2024-01-22,6118,26.350000381469727,0.647988514054216,1,0.013282747007906437,0.015180250629782677,0.001897504203952849,0.001897504203952849,0.001897504203952849,-0.004102495796047151,close,0,0,21,2024-01-01
2024-01-22,3665,229.9275665283203,0.647601096180363,1,0.014553001150488853,0.031185055151581764,0.00831598974764347,0.020790012553334236,0.03,0.024,take_profit,1,0,21,2024-01-01
2024-01-22,1304,17.242752075195312,0.6473754059557919,1,0.0055708615109324455,0.019498435780405998,0.002785388845950365,0.016712963581085205,0.016712963581085205,0.010712963581085205,close,0,0,21,2024-01-01
2024-01-22,3003,64.13160705566406,0.6471242828372603,1,-1.375862446195697e-08,0.014598526060581207,-1.375862446195697e-08,0.013138694688677788,0.013138694688677788,0.007138694688677788,close,0,0,21,2024-01-01
2024-01-22,8039,42.76045227050781,0.6455940403300278,1,0.010438385419547558,0.018789121881127357,0.004175333306193352,0.010438385419547558,0.010438385419547558,0.004438385419547558,close,0,0,21,2024-01-01
2024-01-23,3490,26.49262046813965,0.6731949757344902,1,0.020978976041078568,0.09790200740098953,0.008741200901567936,0.012237717397511005,0.03,0.024,take_profit,1,0,21,2024-01-01
2024-01-23,3055,49.4792366027832,0.6701487640573826,1,0.013779542408883572,0.08464565873146057,-0.013779543340206146,0.053149621933698654,0.03,0.024,take_profit,1,0,21,2024-01-01
2024-01-23,3481,16.204856872558594,0.6655932860422015,1,0.009063385426998138,0.021147940307855606,-0.006042409688234329,0.0060422467067837715,0.0060422467067837715,4.224670678377139e-05,close,0,0,21,2024-01-01
2024-01-23,3036,145.6146240234375,0.6603664938555167,0,3.779269874826241e-08,0.0032258443534374237,-0.03225802630186081,-0.016128994524478912,-0.02,-0.026000000000000002,stop_loss,0,1,21,2024-01-01
2024-01-23,1503,116.79375457763672,0.6556259243562598,1,0.016528896987438202,0.04132228344678879,-2.8529104412200468e-08,0.012396665289998055,0.03,0.024,take_profit,1,0,21,2024-01-01
2024-01-23,3149,29.299999237060547,0.6465689084263956,1,0.001706523704342544,0.09215019643306732,0.001706523704342544,0.08191131800413132,0.03,0.024,take_profit,1,0,21,2024-01-01
2024-01-23,8996,224.3363037109375,0.6435732188675619,0,0.015184357762336731,0.021691950038075447,-0.023861194029450417,-0.021691996604204178,-0.02,-0.026000000000000002,stop_loss,0,1,21,2024-01-01
2024-01-23,5234,102.4640121459961,0.6434658621147679,1,0.01388893648982048,0.09259264171123505,-0.009259212762117386,0.009259306825697422,0.03,0.024,take_profit,1,0,21,2024-01-01
2024-01-23,6425,34.051918029785156,0.6412926229999844,1,0.08131244778633118,0.0984308049082756,0.04422248899936676,0.07560628652572632,0.03,0.024,gap_take_profit,1,0,21,2024-01-01
2024-01-23,3045,89.96205139160156,0.6363102627281175,0,0.0010277335532009602,0.008221946656703949,-0.0010278119007125497,0.0,0.0,-0.006,close,0,0,21,2024-01-01
2024-01-23,3376,115.74163055419922,0.6341852500924882,1,-3.477535415186139e-08,0.049586739391088486,-3.477535415186139e-08,0.049586739391088486,0.03,0.024,take_profit,1,0,21,2024-01-01
2024-01-23,6412,132.11997985839844,0.6334586498435885,0,2.454706127252848e-08,0.020761270076036453,-0.006920390762388706,-0.006920390762388706,-0.006920390762388706,-0.012920390762388706,close,0,0,21,2024-01-01
2024-01-23,3406,396.5834045410156,0.632188070768934,0,-2.2432274704442534e-08,-2.2432274704442534e-08,-0.040189146995544434,-0.03900711238384247,-0.02,-0.026000000000000002,stop_loss,0,1,21,2024-01-01
2024-01-23,5289,298.52325439453125,0.6298768037089724,1,0.007949057035148144,0.007949057035148144,-0.004769547376781702,0.0015897550620138645,0.0015897550620138645,-0.004410244937986136,close,0,0,21,2024-01-01
2024-01-23,8213,38.46590042114258,0.6273975327186263,1,0.0036450386978685856,0.0060752276331186295,0.001214942429214716,0.001214942429214716,0.001214942429214716,-0.004785057570785284,close,0,0,21,2024-01-01
2024-01-23,6234,24.694290161132812,0.6271998072709671,1,0.009881471283733845,0.027668064460158348,4.742136994195789e-08,0.0019763773307204247,0.0019763773307204247,-0.0040236226692795755,close,0,0,21,2024-01-01
2024-01-23,4729,16.730958938598633,0.6263525603024735,1,0.07648724317550659,0.09915010631084442,0.053824376314878464,0.09915010631084442,0.03,0.024,gap_take_profit,1,0,21,2024-01-01
2024-01-23,2393,43.79392623901367,0.6221148825196827,0,0.0010193524649366736,0.011213032528758049,-0.0010193524649366736,0.0,0.0,-0.006,close,0,0,21,2024-01-01
2024-01-23,2369,23.555288314819336,0.6221051699816634,0,0.018828483298420906,0.05020923912525177,-0.006276134867221117,0.0,0.03,0.024,take_profit,1,0,21,2024-01-01
2024-01-23,3543,24.2397518157959,0.6219306206001961,1,0.0038535918574780226,0.06743746995925903,0.0038535918574780226,0.04046248644590378,0.03,0.024,take_profit,1,0,21,2024-01-01
2024-01-24,6781,627.263916015625,0.6332222589322956,1,0.010819186456501484,0.024729542434215546,-0.00618235906586051,0.012364781461656094,0.012364781461656094,0.0063647814616560935,close,0,0,21,2024-01-01
2024-01-24,5871,155.76454162597656,0.6144383889039005,1,0.0028089743573218584,0.016853947192430496,0.0028089743573218584,0.008426963351666927,0.008426963351666927,0.002426963351666927,close,0,0,21,2024-01-01
2024-01-24,2467,75.81222534179688,0.5926985350717953,0,0.007499929051846266,0.02374996617436409,-0.05750003084540367,-0.04500003159046173,-0.02,-0.026000000000000002,stop_loss,0,1,21,2024-01-01
2024-01-24,6278,84.34806823730469,0.5772967756697803,1,0.006514601409435272,0.0076004439033567905,-0.005428921431303024,0.0076004439033567905,0.0076004439033567905,0.0016004439033567904,close,0,0,21,2024-01-01
2024-01-24,3583,213.77297973632812,0.5718732453756976,0,0.01598176546394825,0.03196350112557411,-0.013698600232601166,-0.013698600232601166,0.03,0.024,take_profit,1,0,21,2024-01-01
2024-01-24,8016,250.476806640625,0.5713604806707175,1,0.009009004570543766,0.01441441010683775,-4.257777241889471e-09,0.005405401345342398,0.005405401345342398,-0.0005945986546576024,close,0,0,21,2024-01-01
2024-01-24,6176,122.04439544677734,0.5691784578478938,1,3.642859880415017e-08,0.007246413733810186,-0.0036231521517038345,0.007246413733810186,0.007246413733810186,0.0012464137338101863,close,0,0,21,2024-01-01
2024-01-24,2031,49.64507293701172,0.5680459900434632,1,-9.872388062603932e-08,0.016245344653725624,-9.872388062603932e-08,0.009025170467793941,0.009025170467793941,0.0030251704677939414,close,0,0,21,2024-01-01
2024-01-24,3073,26.100000381469727,0.5672228957530483,1,0.005747111514210701,0.005747111514210701,0.005747111514210701,0.005747111514210701,0.005747111514210701,-0.00025288848578929914,close,0,0,21,2024-01-01
2024-01-24,2006,64.91017150878906,0.5628107596695754,1,-2.1489885426717592e-08,0.0069060553796589375,-2.1489885426717592e-08,0.0055248611606657505,0.0055248611606657505,-0.0004751388393342496,close,0,0,21,2024-01-01
2024-01-24,8096,25.54041862487793,0.562693143175317,0,0.030947774648666382,0.09284333884716034,-0.013539638370275497,-0.013539638370275497,0.03,0.024,gap_take_profit,1,0,21,2024-01-01
2024-01-24,6805,484.6371765136719,0.5624617118396407,1,3.148497285110352e-08,0.07520328462123871,3.148497285110352e-08,0.02439027652144432,0.03,0.024,take_profit,1,0,21,2024-01-01
2024-01-24,6234,24.74309539794922,0.5620151994418855,1,0.007889454253017902,0.023668605834245682,0.007889454253017902,0.017751386389136314,0.017751386389136314,0.011751386389136314,close,0,0,21,2024-01-01
2024-01-24,4915,59.39647674560547,0.5617396271474216,1,-4.910759798804065e-09,0.010752753354609013,-0.0015360797988250852,0.010752753354609013,0.010752753354609013,0.0047527533546090125,close,0,0,21,2024-01-01
2024-01-24,5245,38.900001525878906,0.5605607981194223,1,0.0012853273656219244,0.01028271671384573,0.0012853273656219244,0.01028271671384573,0.01028271671384573,0.00428271671384573,close,0,0,21,2024-01-01
2024-01-24,1540,16.115596771240234,0.5597771748331039,1,-1.17876027161401e-07,0.002832807833328843,-0.002832935657352209,0.002832807833328843,0.002832807833328843,-0.003167192166671157,close,0,0,21,2024-01-01
2024-01-24,5263,112.02115631103516,0.553887694548046,0,0.004405238199979067,0.004405238199979067,-0.013215905986726284,-0.013215905986726284,-0.013215905986726284,-0.019215905986726282,close,0,0,21,2024-01-01
2024-01-24,5314,6.676586151123047,0.5508750652204666,1,0.007407435216009617,0.08888887614011765,0.007407435216009617,0.06666664034128189,0.03,0.024,take_profit,1,0,21,2024-01-01
2024-01-24,2404,246.31927490234375,0.5490659467932517,1,0.003683264134451747,0.007366505451500416,0.0018416434759274125,0.005524884909391403,0.005524884909391403,-0.0004751150906085969,close,0,0,21,2024-01-01
2024-01-24,6016,10.922077178955078,0.5485452490457241,0,0.0037879105657339096,0.0037879105657339096,-0.0037878642324358225,-0.0037878642324358225,-0.0037878642324358225,-0.009787864232435823,close,0,0,21,2024-01-01
2024-01-25,3360,16.0,0.7579217572988609,1,0.04999995231628418,0.10000002384185791,0.02499997615814209,0.09375,0.03,0.024,gap_take_profit,1,0,21,2024-01-01
2024-01-25,3031,17.66455078125,0.6931573362991932,1,0.02067171223461628,0.033591609448194504,-9.989005889110558e-08,0.007751817349344492,0.03,0.024,take_profit,1,0,21,2024-01-01
2024-01-25,2362,39.227935791015625,0.6927674862188221,0,0.010526376776397228,0.010526376776397228,-0.03508767858147621,-0.030409296974539757,-0.02,-0.026000000000000002,stop_loss,0,1,21,2024-01-01
2024-01-25,1785,39.082794189453125,0.6904654454973103,1,0.011320779100060463,0.011320779100060463,-0.001257837750017643,0.011320779100060463,0.011320779100060463,0.005320779100060463,close,0,0,21,2024-01-01
2024-01-25,6130,27.606740951538086,0.6892804764438133,1,0.0017857120838016272,0.0035714672412723303,-0.01607143133878708,0.0035714672412723303,0.0035714672412723303,-0.00242853275872767,close,0,0,21,2024-01-01
2024-01-25,6719,265.70269775390625,0.688110317343523,0,0.033644769340753555,0.050467200577259064,-0.02056083269417286,-0.016822515055537224,0.03,0.024,gap_take_profit,1,1,21,2024-01-01
2024-01-25,3591,23.9100399017334,0.6868561983510281,1,0.013806642964482307,0.015778999775648117,-0.0019725081510841846,0.00197227974422276,0.00197227974422276,-0.00402772025577724,close,0,0,21,2024-01-01
2024-01-25,6223,256.2562561035156,0.6845863753320421,1,-4.7544599368620766e-08,0.011560645885765553,-0.009633958339691162,0.003853516886010766,0.003853516886010766,-0.002146483113989234,close,0,0,21,2024-01-01
2024-01-25,3663,36.174686431884766,0.6811906938002575,1,0.008130194619297981,0.013550270348787308,1.3340857663024508e-07,0.002710119355469942,0.002710119355469942,-0.003289880644530058,close,0,0,21,2024-01-01
2024-01-25,3234,27.100000381469727,0.6801722931666375,0,0.007380031514912844,0.007380031514912844,-0.04059042036533356,-0.020295245572924614,-0.02,-0.026000000000000002,stop_loss,0,1,21,2024-01-01
2024-01-25,6147,66.08516693115234,0.6788272102316976,0,-0.001353107625618577,5.17716181036576e-08,-0.016238169744610786,-0.009472270496189594,-0.009472270496189594,-0.015472270496189594,close,0,0,21,2024-01-01
2024-01-25,6805,496.4576110839844,0.6782032196362849,0,-0.0019841387402266264,0.0019841152243316174,-0.031746044754981995,-0.016865091398358345,-0.02,-0.026000000000000002,stop_loss,0,1,21,2024-01-01
2024-01-25,2367,19.200000762939453,0.6748424530166959,0,0.007812479976564646,0.007812479976564646,-0.005208353046327829,0.0,0.0,-0.006,close,0,0,21,2024-01-01
2024-01-25,3306,48.1982307434082,0.6738324380775579,0,0.0019230637699365616,0.011538448743522167,-0.009615368209779263,-0.009615368209779263,-0.009615368209779263,-0.015615368209779263,close,0,0,21,2024-01-01
2024-01-25,3041,45.416664123535156,0.6737428526914927,0,0.003669752972200513,0.020183514803647995,-0.009174256585538387,-0.0055045876652002335,-0.0055045876652002335,-0.011504587665200234,close,0,0,21,2024-01-01
2024-01-25,3607,16.155149459838867,0.6730934717279736,0,0.0057142348960042,0.0285713542252779,-0.022857191041111946,-0.00857147853821516,-0.02,-0.026000000000000002,stop_loss,0,1,21,2024-01-01
2024-01-25,3653,710.4067993164062,0.6728027385675609,1,0.011065029539167881,0.034578170627355576,0.004149399697780609,0.008298777043819427,0.03,0.024,take_profit,1,0,21,2024-01-01
2024-01-25,8034,29.20294952392578,0.6716062192251183,0,-0.014851494692265987,-0.009900961071252823,-0.057755738496780396,-0.057755738496780396,-0.02,-0.026000000000000002,stop_loss,0,1,21,2024-01-01
2024-01-25,6118,26.25,0.670648209512735,0,0.0,0.013333347626030445,-0.01714288629591465,-0.013333347626030445,-0.013333347626030445,-0.019333347626030443,close,0,0,21,2024-01-01
2024-01-25,3444,88.3440170288086,0.6692044731000789,0,2.7220428577834355e-08,0.012552299536764622,-0.014644344337284565,-0.002092072507366538,-0.002092072507366538,-0.008092072507366538,close,0,0,21,2024-01-01
2024-01-26,3434,29.70310401916504,0.6286297699029014,1,0.06796108186244965,0.09870550781488419,0.05016179755330086,0.09870550781488419,0.03,0.024,gap_take_profit,1,0,21,2024-01-01
2024-01-26,6165,37.07966613769531,0.6261693952901987,1,0.09879846125841141,0.09879846125841141,0.09879846125841141,0.09879846125841141,0.03,0.024,gap_take_profit,1,0,21,2024-01-01
2024-01-26,2440,13.899999618530273,0.6242763197648075,0,-0.025179816409945488,-0.0035970674362033606,-0.05035969987511635,-0.0431654267013073,-0.025179816409945488,-0.031179816409945486,gap_stop,0,1,21,2024-01-01
2024-01-26,3294,21.47541618347168,0.6203935258879452,1,0.09885052591562271,0.09885052591562271,0.09885052591562271,0.09885052591562271,0.03,0.024,gap_take_profit,1,0,21,2024-01-01
2024-01-26,6763,46.54410171508789,0.6149873088087544,0,0.0983605831861496,0.0983605831861496,-0.016393480822443962,-0.004098430275917053,0.03,0.024,gap_take_profit,1,0,21,2024-01-01
2024-01-26,2606,43.672611236572266,0.6103983638166995,1,0.0031120069324970245,0.022821566089987755,0.0031120069324970245,0.022821566089987755,0.022821566089987755,0.016821566089987756,close,0,0,21,2024-01-01
2024-01-26,2362,38.03504180908203,0.6089549500522277,1,-0.0012062201276421547,0.008443905971944332,-0.006031328812241554,0.0060313972644507885,0.0060313972644507885,3.139726445078837e-05,close,0,0,21,2024-01-01
2024-01-26,3005,96.45069122314453,0.6076198836630959,1,-4.9668383184098275e-08,0.03333328291773796,-0.004761954303830862,0.02380947209894657,0.03,0.024,take_profit,1,0,21,2024-01-01
2024-01-26,3665,222.2792510986328,0.6069112731954084,1,0.010752771981060505,0.019354909658432007,0.0021505688782781363,0.012903289869427681,0.012903289869427681,0.006903289869427681,close,0,0,21,2024-01-01
2024-01-26,3230,9.931105613708496,0.6060059182619135,1,0.05000000819563866,0.10000000894069672,0.019999990239739418,0.10000000894069672,0.03,0.024,gap_take_profit,1,0,21,2024-01-01
2024-01-26,4123,44.88600158691406,0.6004753212555975,1,0.006493519525974989,0.01190477516502142,-0.002164522185921669,0.0032467334531247616,0.0032467334531247616,-0.0027532665468752385,close,0,0,21,2024-01-01
2024-01-26,8489,27.700000762939453,0.5998457824670888,1,0.001805026549845934,0.09386275708675385,-0.0036101220175623894,0.05234652757644653,0.03,0.024,take_profit,1,0,21,2024-01-01
2024-01-26,6233,39.187477111816406,0.5990861674254219,0,0.0037407453637570143,0.009975159540772438,-0.02743132784962654,-0.011221811175346375,-0.02,-0.026000000000000002,stop_loss,0,1,21,2024-01-01
2024-01-26,4919,125.41763305664062,0.5979429081982841,1,0.01158300694078207,0.01158300694078207,-0.003861008444800973,0.007722002919763327,0.007722002919763327,0.0017220029197633265,close,0,0,21,2024-01-01
2024-01-26,6109,14.774101257324219,0.5975786208540446,1,-2.1721339393820926e-08,0.013244997709989548,-2.1721339393820926e-08,0.00993372779339552,0.00993372779339552,0.003933727793395519,close,0,0,21,2024-01-01
2024-01-26,6465,22.350000381469727,0.5963023639913174,1,0.0984339490532875,0.0984339490532875,0.06711409240961075,0.0984339490532875,0.03,0.024,gap_take_profit,1,0,21,2024-01-01
2024-01-26,2324,33.06874465942383,0.5947795192205153,1,-0.0028168356511741877,0.025352178141474724,-0.011267625726759434,0.023943642154335976,0.023943642154335976,0.017943642154335977,close,0,0,21,2024-01-01
2024-01-26,3128,27.30470085144043,0.5947744754611639,1,0.03392573818564415,0.09693054854869843,0.00646204873919487,0.06623591482639313,0.03,0.024,gap_take_profit,1,0,21,2024-01-01
2024-01-26,5328,14.712339401245117,0.5886240135760795,1,9.698004177494113e-09,0.016611305996775627,-0.019933557137846947,0.013289033435285091,0.013289033435285091,0.007289033435285091,close,0,0,21,2024-01-01
2024-01-26,8034,27.516311645507812,0.585209531927884,1,0.007005326449871063,0.033275049179792404,-0.008756496012210846,0.014010493643581867,0.03,0.024,take_profit,1,0,21,2024-01-01
2024-01-29,6165,40.743080139160156,0.7425304524075139,0,0.02430131658911705,0.08748474717140198,-0.04738764092326164,-0.0182260200381279,-0.02,-0.026000000000000002,ambiguous_stop_loss,1,1,21,2024-01-01
2024-01-29,3294,23.5982723236084,0.7256904675038387,1,0.0983264148235321,0.0983264148235321,0.0983264148235321,0.0983264148235321,0.03,0.024,gap_take_profit,1,0,21,2024-01-01
2024-01-29,2545,37.58518600463867,0.6474864475793095,1,0.009302363730967045,0.009302363730967045,-0.00697672413662076,0.002325548091903329,0.002325548091903329,-0.0036744519080966712,close,0,0,21,2024-01-01
2024-01-29,6196,135.3578643798828,0.6403213975004693,1,0.006896547041833401,0.017241375520825386,-4.601193648312574e-09,0.013793098740279675,0.013793098740279675,0.007793098740279674,close,0,0,21,2024-01-01
2024-01-29,6442,80.04605102539062,0.6397494146219024,1,-0.008536586537957191,0.03536583110690117,-0.02439028210937977,0.013414576649665833,-0.02,-0.026000000000000002,ambiguous_stop_loss,1,1,21,2024-01-01
2024-01-29,6640,180.73304748535156,0.6382857537363047,0,0.024064170196652412,0.04278074949979782,-0.03208556026220322,0.0,-0.02,-0.026000000000000002,ambiguous_stop_loss,1,1,21,2024-01-01
2024-01-29,6227,40.19569778442383,0.6293654461916637,0,0.0,0.002406794112175703,0.0,0.0,0.0,-0.006,close,0,0,21,2024-01-01
2024-01-29,5263,110.54069519042969,0.6261598981896325,0,0.004464285913854837,0.004464285913854837,-0.004464285913854837,0.0,0.0,-0.006,close,0,0,21,2024-01-01
2024-01-29,4564,23.25,0.6253933985139243,0,0.0064515965059399605,0.0064515965059399605,-0.008602183312177658,-0.0064515965059399605,-0.0064515965059399605,-0.01245159650593996,close,0,0,21,2024-01-01
2024-01-29,1526,31.5,0.6251791747138001,0,-0.0031746153254061937,0.0,-0.004761892836540937,-0.0031746153254061937,-0.0031746153254061937,-0.009174615325406194,close,0,0,21,2024-01-01
2024-01-29,6869,111.74775695800781,0.624674985242069,0,-3.2340011557607795e-08,-3.2340011557607795e-08,-0.04661019891500473,-0.033898334950208664,-0.02,-0.026000000000000002,stop_loss,0,1,21,2024-01-01
2024-01-29,6118,25.950000762939453,0.6236034701554671,1,0.0038535057101398706,0.0211945753544569,0.0038535057101398706,0.005780331790447235,0.005780331790447235,-0.00021966820955276502,close,0,0,21,2024-01-01
2024-01-29,1560,191.17315673828125,0.6231584320533587,1,0.007672587409615517,0.09974419325590134,-0.007672680541872978,0.0716112032532692,0.03,0.024,take_profit,1,0,21,2024-01-01
2024-01-29,6462,226.0,0.6221632451858996,1,0.017699114978313446,0.09734513610601425,0.013274336233735085,0.09734513610601425,0.03,0.024,take_profit,1,0,21,2024-01-01
2024-01-29,3434,32.63496398925781,0.6214249975257192,0,0.0073637287132442,0.010309246368706226,-0.08541971445083618,-0.07511045783758163,-0.02,-0.026000000000000002,stop_loss,0,1,21,2024-01-01
2024-01-29,2385,151.15496826171875,0.6213355955958484,0,0.005934793036431074,0.005934793036431074,-0.017804080620408058,-0.01186936255544424,-0.01186936255544424,-0.01786936255544424,close,0,0,21,2024-01-01
2024-01-29,6776,51.76240539550781,0.6204168524040196,1,-3.471168241730993e-08,0.0034722008276730776,-0.0017361192731186748,0.0034722008276730776,0.0034722008276730776,-0.0025277991723269225,close,0,0,21,2024-01-01
2024-01-29,6170,47.7774772644043,0.6179563845475323,0,0.005628555081784725,0.007504770997911692,-0.007504596840590239,-0.0056284526363015175,-0.0056284526363015175,-0.011628452636301518,close,0,0,21,2024-01-01
2024-01-29,6568,139.98355102539062,0.6173216573508113,1,0.0034602482337504625,0.017301078885793686,0.0034602482337504625,0.006920455954968929,0.006920455954968929,0.0009204559549689292,close,0,0,21,2024-01-01
2024-01-29,6279,143.61575317382812,0.6167745875821159,0,-0.006578916683793068,0.0032894692849367857,-0.006578916683793068,-0.0032895233016461134,-0.0032895233016461134,-0.009289523301646114,close,0,0,21,2024-01-01
2024-01-30,3294,25.91860580444336,0.7177661292812761,1,0.09904764592647552,0.09904764592647552,0.09904764592647552,0.09904764592647552,0.03,0.024,gap_take_profit,1,0,21,2024-01-01
2024-01-30,3055,58.92704391479492,0.6812189381348087,1,0.021487554535269737,0.09917351603507996,0.011570224538445473,0.013223091140389442,0.03,0.024,take_profit,1,0,21,2024-01-01
2024-01-30,5871,152.26422119140625,0.6794917553387084,0,-0.0057471380569040775,0.0057471380569040775,-0.0057471380569040775,0.0,0.0,-0.006,close,0,0,21,2024-01-01
2024-01-30,6869,107.9596939086914,0.6675673980444622,0,-0.008771929889917374,0.021929824724793434,-0.008771929889917374,0.0,0.0,-0.006,close,0,0,21,2024-01-01
2024-01-30,2049,211.9367218017578,0.6634327432635903,1,0.004608328454196453,0.018433213233947754,0.0023041809909045696,0.013824918307363987,0.013824918307363987,0.007824918307363987,close,0,0,21,2024-01-01
2024-01-30,3025,56.27309036254883,0.6630647040976881,1,0.015228495933115482,0.025380754843354225,-0.0033840006217360497,0.006768258288502693,0.006768258288502693,0.000768258288502693,close,0,0,21,2024-01-01
2024-01-30,1325,35.16634750366211,0.6628785422975232,1,0.03729276359081268,0.09944745898246765,0.022099414840340614,0.09944745898246765,0.03,0.024,gap_take_profit,1,0,21,2024-01-01
2024-01-30,3290,30.938997268676758,0.6613385294249493,0,-0.00199588923715055,0.0059881131164729595,-0.015967946499586105,-0.009979997761547565,-0.009979997761547565,-0.015979997761547564,close,0,0,21,2024-01-01
2024-01-30,1732,30.299999237060547,0.658255775478177,1,0.019801992923021317,0.09900990128517151,0.01815185323357582,0.09900990128517151,0.03,0.024,take_profit,1,0,21,2024-01-01
2024-01-30,6547,60.0,0.6580133187041955,1,-0.0016666412120684981,0.011666679754853249,-0.0016666412120684981,0.0033333459869027138,0.0033333459869027138,-0.0026666540130972863,close,0,0,21,2024-01-01
2024-01-30,3360,20.350000381469727,0.6548683476751107,1,0.014741976745426655,0.09828009456396103,0.014741976745426655,0.09828009456396103,0.03,0.024,take_profit,1,0,21,2024-01-01
2024-01-30,6265,13.550000190734863,0.6537540564612209,1,0.0959409698843956,0.09963095188140869,0.07011068612337112,0.09963095188140869,0.03,0.024,gap_take_profit,1,0,21,2024-01-01
2024-01-30,3017,420.8131103515625,0.6507027852459475,0,-0.01280558854341507,-0.003492433577775955,-0.036088474094867706,-0.009313154965639114,-0.02,-0.026000000000000002,stop_loss,0,1,21,2024-01-01
2024-01-30,2465,72.9000015258789,0.6503640180035005,1,-0.009602257050573826,0.08367624878883362,-0.024691399186849594,0.06995882838964462,-0.02,-0.026000000000000002,ambiguous_stop_loss,1,1,21,2024-01-01
2024-01-30,8454,366.68853759765625,0.6492336699931162,0,0.0011401352239772677,0.018243853002786636,-0.0057013975456357,-0.0057013975456357,-0.0057013975456357,-0.0117013975456357,close,0,0,21,2024-01-01
2024-01-30,3219,43.603729248046875,0.6462793764235347,1,0.004529957193881273,0.004529957193881273,0.0011325007071718574,0.0011325007071718574,0.0011325007071718574,-0.004867499292828143,close,0,0,21,2024-01-01
2024-01-30,8034,26.69708824157715,0.645761946140658,0,0.0018050569342449307,0.0180505458265543,-0.014440431259572506,-0.012635383754968643,-0.012635383754968643,-0.01863538375496864,close,0,0,21,2024-01-01
2024-01-30,8112,53.39280319213867,0.6434358500163642,1,-2.7855854511926736e-08,0.008319439366459846,-0.004991695750504732,0.0016639037057757378,0.0016639037057757378,-0.004336096294224262,close,0,0,21,2024-01-01
2024-01-30,9919,24.475383758544922,0.6412398806895131,1,0.009960190393030643,0.06972114741802216,0.009960190393030643,0.05378490686416626,0.03,0.024,take_profit,1,0,21,2024-01-01
2024-01-30,4303,23.8123722076416,0.6390015124973198,1,0.05737705156207085,0.08606560528278351,-0.01639341190457344,0.03278694674372673,0.03,0.024,gap_take_profit,1,0,21,2024-01-01
2024-01-31,3294,28.485782623291016,0.6257786984077868,1,0.09878683090209961,0.09878683090209961,0.09878683090209961,0.09878683090209961,0.03,0.024,gap_take_profit,1,0,21,2024-01-01
2024-01-31,6265,14.899999618530273,0.5871508218878542,1,0.04697991907596588,0.09731549024581909,0.026845676824450493,0.060402724891901016,0.03,0.024,gap_take_profit,1,0,21,2024-01-01
2024-01-31,6584,114.87893676757812,0.5806855631448805,1,-0.004329030867666006,0.09956707060337067,-0.03030305542051792,0.060606032609939575,-0.02,-0.026000000000000002,ambiguous_stop_loss,1,1,21,2024-01-01
2024-01-31,6442,89.22206115722656,0.5699298171291728,1,0.012035013176500797,0.04485777020454407,-0.01094090100377798,0.020787781104445457,0.03,0.024,take_profit,1,0,21,2024-01-01
2024-01-31,3434,33.163658142089844,0.5451842424472739,0,0.02898550033569336,0.06376821547746658,-0.024637626484036446,-0.024637626484036446,-0.02,-0.026000000000000002,ambiguous_stop_loss,1,1,21,2024-01-01
2024-01-31,8936,55.139644622802734,0.5428700941804235,0,0.015929289162158966,0.05309740826487541,-0.05309728905558586,-0.012389336712658405,-0.02,-0.026000000000000002,ambiguous_stop_loss,1,1,21,2024-01-01
2024-01-31,3360,22.350000381469727,0.5412961549242196,0,0.020134177058935165,0.020134177058935165,-0.053691308945417404,-0.053691308945417404,-0.02,-0.026000000000000002,stop_loss,0,1,21,2024-01-01
2024-01-31,6465,29.700000762939453,0.5407410067011915,0,0.010100984014570713,0.033670034259557724,-0.053872063755989075,-0.03535357117652893,-0.02,-0.026000000000000002,ambiguous_stop_loss,1,1,21,2024-01-01
2024-01-31,3313,12.800000190734863,0.5389994688431491,1,0.078125,0.09765625,0.042968764901161194,0.09765625,0.03,0.024,gap_take_profit,1,0,21,2024-01-01
2024-01-31,4908,107.54326629638672,0.5305052642601967,0,-0.008849546313285828,0.0398230217397213,-0.01769910380244255,-0.01769910380244255,0.03,0.024,take_profit,1,0,21,2024-01-01
2024-01-31,6425,43.71857833862305,0.5184226499673398,0,0.029999982565641403,0.10000001639127731,-0.05444444715976715,-0.022222205996513367,-0.02,-0.026000000000000002,ambiguous_stop_loss,1,1,21,2024-01-01
2024-01-31,6667,124.68256378173828,0.5177264175183219,0,3.738099607630829e-08,0.0271318219602108,-0.019379807636141777,-0.0038759317249059677,-0.0038759317249059677,-0.009875931724905968,close,0,0,21,2024-01-01
2024-01-31,2383,450.8108215332031,0.5104266865331666,0,-0.015184364281594753,-0.010845969431102276,-0.03362254425883293,-0.023861154913902283,-0.02,-0.026000000000000002,stop_loss,0,1,21,2024-01-01
2024-01-31,6530,48.656150817871094,0.5061343272314507,1,0.04474710673093796,0.054474733769893646,0.0019455351866781712,0.00778209650889039,0.03,0.024,gap_take_profit,1,0,21,2024-01-01
2024-01-31,6742,62.23740005493164,0.49987851188969606,1,2.8474142155232585e-08,0.1000000536441803,-0.014062495902180672,0.1000000536441803,0.03,0.024,take_profit,1,0,21,2024-01-01
2024-01-31,8054,168.4621124267578,0.4928867804664653,1,0.0828402042388916,0.09763310849666595,0.07100588828325272,0.09763310849666595,0.03,0.024,gap_take_profit,1,0,21,2024-01-01
2024-01-31,2211,101.20075988769531,0.48927311552790936,0,0.0,0.008849557489156723,-0.008849557489156723,0.0,0.0,-0.006,close,0,0,21,2024-01-01
2024-01-31,1325,38.663551330566406,0.48190937274538526,0,1.1749548889383732e-08,0.060301560908555984,-0.03140702471137047,-0.013819064944982529,-0.02,-0.026000000000000002,ambiguous_stop_loss,1,1,21,2024-01-01
2024-01-31,3055,59.706241607666016,0.48088410628323947,0,-0.01468182634562254,0.057096339762210846,-0.03752035275101662,-0.0016312674852088094,-0.02,-0.026000000000000002,ambiguous_stop_loss,1,1,21,2024-01-01
2024-01-31,6873,125.33521270751953,0.47502467375705754,1,4.907271389242851e-08,0.026578091084957123,4.907271389242851e-08,0.013289069756865501,0.013289069756865501,0.007289069756865501,close,0,0,21,2024-01-01
2024-02-01,3294,31.299802780151367,0.7384389853341701,1,0.061514247208833694,0.09936904162168503,0.061514247208833694,0.09936904162168503,0.03,0.024,gap_take_profit,1,0,22,2024-02-01
2024-02-01,1519,394.45782470703125,0.6650074956245167,1,0.06557387858629227,0.06557387858629227,-0.008196643553674221,0.0010246337624266744,0.03,0.024,gap_take_profit,1,0,22,2024-02-01
2024-02-01,4303,27.032899856567383,0.6558558226856633,1,0.061371803283691406,0.08303246647119522,0.014440424740314484,0.045126356184482574,0.03,0.024,gap_take_profit,1,0,22,2024-02-01
2024-02-01,3376,156.39468383789062,0.6530235979074883,1,0.03669719025492668,0.094801165163517,0.02140667289495468,0.06727822870016098,0.03,0.024,gap_take_profit,1,0,22,2024-02-01
2024-02-01,3622,61.016632080078125,0.6359256757523526,1,0.07067660242319107,0.07669166475534439,-4.116060026149171e-08,0.039097677916288376,0.03,0.024,gap_take_profit,1,0,22,2024-02-01
2024-02-01,5314,9.075211524963379,0.6319483087521656,1,0.019073590636253357,0.09809260070323944,0.019073590636253357,0.09809260070323944,0.03,0.024,take_profit,1,0,22,2024-02-01
2024-02-01,3313,14.050000190734863,0.6236339775460461,1,0.08896797150373459,0.08896797150373459,0.0,0.035587187856435776,0.03,0.024,gap_take_profit,1,0,22,2024-02-01
2024-02-01,3036,162.52471923828125,0.6116480851898851,0,0.005780334584414959,0.08092484623193741,-0.014450878836214542,-0.0028901854529976845,0.03,0.024,take_profit,1,0,22,2024-02-01
2024-02-01,3530,124.5,0.6094388375361812,1,0.03212851285934448,0.09638553857803345,0.03212851285934448,0.09638553857803345,0.03,0.024,gap_take_profit,1,0,22,2024-02-01
2024-02-01,3081,117.4309310913086,0.5974969127501879,1,0.05084738880395889,0.09745755791664124,-6.445561950840784e-08,0.0720338299870491,0.03,0.024,gap_take_profit,1,0,22,2024-02-01
2024-02-01,3230,11.371115684509277,0.5936657005006043,0,0.08733624964952469,0.08733624964952469,-0.03930129483342171,0.0,0.03,0.024,gap_take_profit,1,1,22,2024-02-01
2024-02-01,6672,83.83592224121094,0.5906727084927044,1,0.0120350057259202,0.03282276913523674,0.006564546376466751,0.027352308854460716,0.03,0.024,take_profit,1,0,22,2024-02-01
2024-02-01,8054,184.9095916748047,0.5896223452693752,1,0.09973044693470001,0.09973044693470001,0.09973044693470001,0.09973044693470001,0.03,0.024,gap_take_profit,1,0,22,2024-02-01
2024-02-01,6805,571.3202514648438,0.5877592284193303,1,0.07068974524736404,0.10000009834766388,0.04827595502138138,0.10000009834766388,0.03,0.024,gap_take_profit,1,0,22,2024-02-01
2024-02-01,1590,984.3310546875,0.5749774666633847,0,0.004975124262273312,0.019900497049093246,0.0,0.0,0.0,-0.006,close,0,0,22,2024-02-01
2024-02-01,1304,17.771080017089844,0.5727247443262158,0,2.5981828244425742e-08,0.0027026874013245106,-0.008108061738312244,-0.005405400414019823,-0.005405400414019823,-0.011405400414019823,close,0,0,22,2024-02-01
2024-02-01,3044,179.50308227539062,0.5719852941293971,1,0.020618615671992302,0.02577325515449047,-0.005154580809175968,0.023195935413241386,0.023195935413241386,0.017195935413241388,close,0,0,22,2024-02-01
2024-02-01,2404,248.58743286132812,0.5704254853561824,1,0.0018246941035613418,0.014598415233194828,-0.003649757709354162,0.014598415233194828,0.014598415233194828,0.008598415233194828,close,0,0,22,2024-02-01
2024-02-01,6176,121.1600112915039,0.5697535171191803,1,0.007299263030290604,0.010948898270726204,-0.0036496419925242662,0.010948898270726204,0.010948898270726204,0.004948898270726204,close,0,0,22,2024-02-01
2024-02-01,4722,35.77079391479492,0.5695795985136791,0,-7.20930426467703e-10,0.0013368772342801094,-0.002673858543857932,-0.0013369806110858917,-0.0013369806110858917,-0.007336980611085892,close,0,0,22,2024-02-01
2024-02-02,3234,31.399999618530273,0.6948932980417297,1,0.09872613102197647,0.09872613102197647,0.09872613102197647,0.09872613102197647,0.03,0.024,gap_take_profit,1,0,22,2024-02-01
2024-02-02,6805,628.4523315429688,0.63547413410107,1,-2.2028595836331988e-08,0.09874605387449265,-0.0031348182819783688,0.09874605387449265,0.03,0.024,take_profit,1,0,22,2024-02-01
2024-02-02,8054,203.3507080078125,0.6254999084697288,0,0.09803923964500427,0.09803923964500427,-0.09803919494152069,-0.09803919494152069,0.03,0.024,gap_take_profit,1,1,22,2024-02-01
2024-02-02,8996,254.50733947753906,0.6240777059524679,1,0.01338434498757124,0.0822179988026619,0.0057361614890396595,0.04397708177566528,0.03,0.024,take_profit,1,0,22,2024-02-01
2024-02-02,1528,15.931549072265625,0.6210505417866796,0,0.04361376166343689,0.04984431713819504,-0.09657315909862518,-0.09034260362386703,0.03,0.024,gap_take_profit,1,1,22,2024-02-01
2024-02-02,3709,27.742328643798828,0.6173799358161886,0,0.047700174152851105,0.09199316799640656,-0.05451447516679764,-0.045996587723493576,0.03,0.024,gap_take_profit,1,1,22,2024-02-01
2024-02-02,6414,251.43133544921875,0.605500903635172,1,-3.86994010170838e-08,0.016544077545404434,-0.0055147442035377026,0.014705843292176723,0.014705843292176723,0.008705843292176723,close,0,0,22,2024-02-01
2024-02-02,2465,85.9000015258789,0.6042902217917405,1,0.07101278752088547,0.0989522710442543,0.033760204911231995,0.0989522710442543,0.03,0.024,gap_take_profit,1,0,22,2024-02-01
2024-02-02,1712,33.95680236816406,0.5986062995369924,1,0.007792231626808643,0.007792231626808643,-0.0038961004465818405,0.002597406506538391,0.002597406506538391,-0.003402593493461609,close,0,0,22,2024-02-01
2024-02-02,2421,125.62776184082031,0.5973362673660527,0,0.02602229081094265,0.04832712188363075,-0.018587373197078705,-0.014869902282953262,0.03,0.024,take_profit,1,0,22,2024-02-01
2024-02-02,6425,47.02176284790039,0.5964595289116346,1,0.06611562520265579,0.07644620537757874,-0.029958704486489296,0.016528896987438202,0.03,0.024,gap_take_profit,1,1,22,2024-02-01
2024-02-02,2303,43.20121765136719,0.5957594285405865,0,-0.011328447610139847,-0.006179116666316986,-0.014418077655136585,-0.009268746711313725,-0.009268746711313725,-0.015268746711313725,close,0,0,22,2024-02-01
2024-02-02,3530,136.5,0.5940623695512582,0,0.06227106228470802,0.08058608323335648,-0.09890110045671463,-0.095238097012043,0.03,0.024,gap_take_profit,1,1,22,2024-02-01
2024-02-02,6584,133.77676391601562,0.5916747765412658,1,0.09665430337190628,0.09665430337190628,-0.0037174494937062263,0.07806693762540817,0.03,0.024,gap_take_profit,1,0,22,2024-02-01
2024-02-02,4534,10.850000381469727,0.591078838284016,0,0.013824849389493465,0.018433161079883575,-0.08755767345428467,-0.059907883405685425,-0.02,-0.026000000000000002,stop_loss,0,1,22,2024-02-01
2024-02-02,5871,152.70176696777344,0.5899104282960083,0,-0.002865361515432596,-0.002865361515432596,-0.020057372748851776,-0.002865361515432596,-0.02,-0.026000000000000002,stop_loss,0,1,22,2024-02-01
2024-02-02,2365,17.653789520263672,0.5898410488392996,1,0.03878123685717583,0.09972308576107025,0.03047100640833378,0.09972308576107025,0.03,0.024,gap_take_profit,1,0,22,2024-02-01
2024-02-02,2376,313.4324035644531,0.5869665591249111,1,0.006005908828228712,0.031531430780887604,-0.0030030994676053524,0.012011914514005184,0.03,0.024,take_profit,1,0,22,2024-02-01
2024-02-02,5314,9.965422630310059,0.5860456486638084,0,-0.0992555320262909,-0.0992555320262909,-0.0992555320262909,-0.0992555320262909,-0.0992555320262909,-0.1052555320262909,gap_stop,0,1,22,2024-02-01
2024-02-02,1722,64.04317474365234,0.5844560956935734,0,-0.007484985515475273,-0.0014970527263358235,-0.010479065589606762,-0.008982082828879356,-0.008982082828879356,-0.014982082828879357,close,0,0,22,2024-02-01
2024-02-05,3234,34.5,0.6649522610446283,0,0.0,0.03478262946009636,-0.10000002384185791,-0.02753625437617302,-0.02,-0.026000000000000002,ambiguous_stop_loss,1,1,22,2024-02-01
2024-02-05,2365,19.41427993774414,0.5983877623934788,1,0.06045329198241234,0.09823666512966156,0.010075462982058525,0.09823666512966156,0.03,0.024,gap_take_profit,1,0,22,2024-02-01
2024-02-05,2465,94.4000015258789,0.5635990979355512,1,0.09639828652143478,0.09639828652143478,0.09639828652143478,0.09639828652143478,0.03,0.024,gap_take_profit,1,0,22,2024-02-01
2024-02-05,6805,690.509521484375,0.5584640206205195,1,0.021397951990365982,0.06847355514764786,-0.02710418403148651,0.064193956553936,-0.02,-0.026000000000000002,ambiguous_stop_loss,1,1,22,2024-02-01
2024-02-05,3294,37.81647872924805,0.5519640972393055,1,0.03655358776450157,0.09921671450138092,0.031331636011600494,0.08355095982551575,0.03,0.024,gap_take_profit,1,0,22,2024-02-01
2024-02-05,3548,259.31884765625,0.5410994836610846,0,0.07129456102848053,0.0731707364320755,-0.033771105110645294,-0.0037523419596254826,0.03,0.024,gap_take_profit,1,1,22,2024-02-01
2024-02-05,8996,265.6998291015625,0.5119456183675236,1,0.0329669825732708,0.03662998601794243,-0.014652061276137829,0.009157462045550346,0.03,0.024,gap_take_profit,1,0,22,2024-02-01
2024-02-05,4772,136.95370483398438,0.5113540862369238,1,0.03237408399581909,0.19064746797084808,0.03237408399581909,0.14388486742973328,0.03,0.024,gap_take_profit,1,0,22,2024-02-01
2024-02-05,2385,143.97848510742188,0.5048562877215795,1,-4.928536867510047e-08,0.024922067299485207,-0.012461108155548573,0.024922067299485207,0.024922067299485207,0.018922067299485208,close,0,0,22,2024-02-01
2024-02-05,1713,39.56919860839844,0.4949557603834126,0,-0.08102358132600784,-0.0788913369178772,-0.09914721548557281,-0.09914721548557281,-0.08102358132600784,-0.08702358132600785,gap_stop,0,1,22,2024-02-01
2024-02-05,6412,134.40579223632812,0.4903867852560606,1,-0.0034014307893812656,0.020408092066645622,-0.013605511747300625,0.020408092066645622,0.020408092066645622,0.014408092066645622,close,0,0,22,2024-02-01
2024-02-05,3290,29.950927734375,0.4902989632549033,1,0.0020619009155780077,0.03298967331647873,0.0020619009155780077,0.022680379450321198,0.03,0.024,take_profit,1,0,22,2024-02-01
2024-02-05,3044,187.83055114746094,0.48911330586228297,1,0.03694583848118782,0.09852219372987747,0.027093620970845222,0.09852219372987747,0.03,0.024,gap_take_profit,1,0,22,2024-02-01
2024-02-05,3702,80.57032775878906,0.4832207334200627,0,0.027397358790040016,0.027397358790040016,-0.015981676056981087,-0.011415448039770126,-0.011415448039770126,-0.017415448039770125,close,0,0,22,2024-02-01
2024-02-05,4919,122.9964370727539,0.48216990575266333,1,0.007874070666730404,0.01968509517610073,-0.011810969561338425,0.01181107945740223,0.01181107945740223,0.005811079457402229,close,0,0,22,2024-02-01
2024-02-05,2383,486.50408935546875,0.48175608500004263,1,0.07537687569856644,0.0994974747300148,0.06532662361860275,0.0954773798584938,0.03,0.024,gap_take_profit,1,0,22,2024-02-01
2024-02-05,1723,104.2853775024414,0.48025341626221624,0,4.208250459214469e-08,4.208250459214469e-08,-0.026315748691558838,-0.008771887980401516,-0.02,-0.026000000000000002,stop_loss,0,1,22,2024-02-01
2024-02-05,5284,137.10232543945312,0.47977819435435554,1,0.06620211154222488,0.09756099432706833,0.03484322503209114,0.09756099432706833,0.03,0.024,gap_take_profit,1,0,22,2024-02-01
2024-02-05,5490,25.759777069091797,0.47975414514507225,0,0.02490421012043953,0.04214561730623245,-0.028735622763633728,-0.00766285415738821,-0.02,-0.026000000000000002,ambiguous_stop_loss,1,1,22,2024-02-01
2024-02-05,3003,63.38262176513672,0.47703386536974285,1,0.00147709297016263,0.008862616494297981,-0.004431348759680986,0.004431257490068674,0.004431257490068674,-0.001568742509931326,close,0,0,22,2024-02-01
2024-02-15,6189,53.53757095336914,0.7528710327303856,1,0.09356728196144104,0.09941527992486954,-0.0073098656721413136,0.09941527992486954,0.03,0.024,gap_take_profit,1,0,22,2024-02-01
2024-02-15,8147,87.41658020019531,0.6821850796486221,1,0.08930540829896927,0.09922816604375839,0.054024212062358856,0.09922816604375839,0.03,0.024,gap_take_profit,1,0,22,2024-02-01
2024-02-15,6640,191.84765625,0.6627290667451594,1,0.027707740664482117,0.09823670238256454,0.012594391591846943,0.09823670238256454,0.03,0.024,take_profit,1,0,22,2024-02-01
2024-02-15,4968,198.5,0.6580012908459485,1,0.020151132717728615,0.09823677688837051,0.017632242292165756,0.09823677688837051,0.03,0.024,take_profit,1,0,22,2024-02-01
2024-02-15,3231,123.20709228515625,0.6527592969398358,0,-0.003831413108855486,0.007662839721888304,-0.03448275476694107,-0.03448275476694107,-0.02,-0.026000000000000002,stop_loss,0,1,22,2024-02-01
2024-02-15,3209,31.829483032226562,0.650729519778563,1,0.0137741444632411,0.046832017600536346,0.012396755628287792,0.03443530201911926,0.03,0.024,take_profit,1,0,22,2024-02-01
2024-02-15,6515,817.5603637695312,0.6490111067360882,0,0.0047449590638279915,0.010676157660782337,-0.03321470692753792,-0.03321470692753792,-0.02,-0.026000000000000002,stop_loss,0,1,22,2024-02-01
2024-02-15,6197,81.77906799316406,0.644794957520658,1,0.010285709984600544,0.07771429419517517,0.006857103668153286,0.06057143956422806,0.03,0.024,take_profit,1,0,22,2024-02-01
2024-02-15,6492,46.0,0.6410608885633561,1,0.004347842652350664,0.021739130839705467,-0.008695685304701328,0.016304347664117813,0.016304347664117813,0.010304347664117813,close,0,0,22,2024-02-01
2024-02-15,6435,104.6634292602539,0.6402043451654238,1,0.004444401245564222,0.022222178056836128,-4.316125057357567e-08,0.013333289884030819,0.013333289884030819,0.007333289884030819,close,0,0,22,2024-02-01
2024-02-15,2465,103.5,0.638954362869369,1,0.09661835432052612,0.09661835432052612,0.09661835432052612,0.09661835432052612,0.03,0.024,gap_take_profit,1,0,22,2024-02-01
2024-02-15,6533,556.0,0.6387272765752635,0,0.008992806077003479,0.03057553991675377,-0.02158273383975029,-0.007194244768470526,-0.02,-0.026000000000000002,ambiguous_stop_loss,1,1,22,2024-02-01
2024-02-15,5443,36.656898498535156,0.6356004036834318,1,0.0457516573369503,0.09934640675783157,0.0457516573369503,0.09934640675783157,0.03,0.024,gap_take_profit,1,0,22,2024-02-01
2024-02-15,6274,151.22808837890625,0.6340245519086016,0,0.00923080462962389,0.018461573868989944,-0.04923073574900627,-0.03692304342985153,-0.02,-0.026000000000000002,stop_loss,0,1,22,2024-02-01
2024-02-15,3484,41.50588607788086,0.6338726264937019,0,6.935079710501668e-08,0.005903257522732019,-0.0035417897161096334,-0.001180550316348672,-0.001180550316348672,-0.007180550316348672,close,0,0,22,2024-02-01
2024-02-15,2376,348.72882080078125,0.6338557648285437,1,0.008097231388092041,0.06477739661931992,6.442732569666987e-08,0.02834014780819416,0.03,0.024,take_profit,1,0,22,2024-02-01
2024-02-15,3592,376.3817138671875,0.6334328299183554,1,0.007211463525891304,0.0817306861281395,0.007211463525891304,0.048076845705509186,0.03,0.024,take_profit,1,0,22,2024-02-01
2024-02-15,3041,43.166664123535156,0.6315368128809605,1,0.027027057483792305,0.09845560789108276,0.01930508017539978,0.09845560789108276,0.03,0.024,take_profit,1,0,22,2024-02-01
2024-02-15,2467,94.1019287109375,0.6315144453401134,1,0.03222555294632912,0.09768375754356384,0.027190307155251503,0.09768375754356384,0.03,0.024,gap_take_profit,1,0,22,2024-02-01
2024-02-15,2329,67.38416290283203,0.6308365037360294,1,0.01704547367990017,0.09943188726902008,0.015625040978193283,0.09943188726902008,0.03,0.024,take_profit,1,0,22,2024-02-01
2024-02-16,8147,96.09076690673828,0.6617974123170496,1,0.0581744946539402,0.08826476335525513,0.0030090012587606907,0.03309927135705948,0.03,0.024,gap_take_profit,1,0,22,2024-02-01
2024-02-16,2465,113.5,0.6499590671279674,1,-0.0969163030385971,0.09251101315021515,-0.0969163030385971,0.08810572326183319,-0.0969163030385971,-0.10291630303859711,gap_stop,1,1,22,2024-02-01
2024-02-16,5284,165.28712463378906,0.6442399002172959,1,0.04913300648331642,0.04913300648331642,-0.01445081364363432,0.01156074833124876,0.03,0.024,gap_take_profit,1,0,22,2024-02-01
2024-02-16,2329,74.08429718017578,0.6385605497847455,0,-0.056847598403692245,-0.001292005879804492,-0.09043930470943451,-0.03229977563023567,-0.056847598403692245,-0.06284759840369225,gap_stop,0,1,22,2024-02-01
2024-02-16,1503,132.72018432617188,0.6371119477776016,1,0.010908983647823334,0.0909089744091034,-1.0645334924674899e-07,0.0799998864531517,0.03,0.024,take_profit,1,0,22,2024-02-01
2024-02-16,6189,58.860023498535156,0.6365155300745835,1,0.05053190141916275,0.07712767273187637,-0.005319206975400448,0.03989364206790924,0.03,0.024,gap_take_profit,1,0,22,2024-02-01
2024-02-16,9914,186.99940490722656,0.6349698861581481,0,-0.01511330995708704,0.010075608268380165,-0.03274555131793022,-0.0025188506115227938,-0.02,-0.026000000000000002,stop_loss,0,1,22,2024-02-01
2024-02-16,3450,70.53519439697266,0.6265771361509865,0,0.007072103209793568,0.033946242183446884,-0.021216440945863724,-0.021216440945863724,-0.02,-0.026000000000000002,ambiguous_stop_loss,1,1,22,2024-02-01
2024-02-16,6275,45.96685028076172,0.6250332908189542,1,0.03634481132030487,0.07372797280550003,0.017653189599514008,0.038421619683504105,0.03,0.024,gap_take_profit,1,0,22,2024-02-01
2024-02-16,6532,62.336238861083984,0.6239677418426431,1,0.038575656712055206,0.04896136745810509,0.0044509838335216045,0.03115726076066494,0.03,0.024,gap_take_profit,1,0,22,2024-02-01
2024-02-16,3363,85.84232330322266,0.6213909850175073,1,0.01972156949341297,0.08584682643413544,0.015081181190907955,0.042923424392938614,0.03,0.024,take_profit,1,0,22,2024-02-01
2024-02-16,2369,27.694711685180664,0.6204225027926796,1,0.03202849254012108,0.09430607408285141,0.00355877005495131,0.010676166974008083,0.03,0.024,gap_take_profit,1,0,22,2024-02-01
2024-02-16,6425,52.94805908203125,0.6154481282801982,1,0.055045876652002335,0.09908260405063629,0.042201824486255646,0.042201824486255646,0.03,0.024,gap_take_profit,1,0,22,2024-02-01
2024-02-16,5381,32.54999923706055,0.614534323113063,1,0.09984639286994934,0.09984639286994934,0.09984639286994934,0.09984639286994934,0.03,0.024,gap_take_profit,1,0,22,2024-02-01
2024-02-16,4714,18.950000762939453,0.6133425085512636,1,0.063324473798275,0.0976252481341362,0.023746641352772713,0.0976252481341362,0.03,0.024,gap_take_profit,1,0,22,2024-02-01
2024-02-16,4909,47.4935417175293,0.6121557409791406,1,0.019230777397751808,0.05769231542944908,-0.005769208539277315,0.019230777397751808,0.03,0.024,take_profit,1,0,22,2024-02-01
2024-02-16,6462,304.0,0.6110962854906994,0,0.009868420660495758,0.009868420660495758,-0.05263157933950424,-0.05263157933950424,-0.02,-0.026000000000000002,stop_loss,0,1,22,2024-02-01
2024-02-16,4968,218.0,0.6058792726171046,1,0.01834862306714058,0.0458715595304966,-0.0068807341158390045,0.01834862306714058,0.03,0.024,take_profit,1,0,22,2024-02-01
2024-02-16,6126,33.86810302734375,0.6024370046969564,1,0.05128218233585358,0.09971515089273453,0.04273508861660957,0.09971515089273453,0.03,0.024,gap_take_profit,1,0,22,2024-02-01
2024-02-16,6640,210.6941375732422,0.5998822169119012,1,0.06422024220228195,0.09862390905618668,-0.013761415146291256,0.09862390905618668,0.03,0.024,gap_take_profit,1,0,22,2024-02-01
2024-02-19,5381,35.79999923706055,0.670309740322836,1,0.09916198998689651,0.09916198998689651,0.07262576371431351,0.09916198998689651,0.03,0.024,gap_take_profit,1,0,22,2024-02-01
2024-02-19,3663,43.184146881103516,0.6382690278875829,0,0.03291717544198036,0.0590239055454731,-0.04426788166165352,-0.006810409482568502,0.03,0.024,gap_take_profit,1,1,22,2024-02-01
2024-02-19,3313,16.049999237060547,0.6235687681629115,1,0.09968850016593933,0.09968850016593933,0.09968850016593933,0.09968850016593933,0.03,0.024,gap_take_profit,1,0,22,2024-02-01
2024-02-19,2489,15.759774208068848,0.621116140603019,0,0.012903235852718353,0.03225810453295708,-0.016129067167639732,-0.016129067167639732,0.03,0.024,take_profit,1,0,22,2024-02-01
2024-02-19,3055,73.34225463867188,0.6177191978235953,1,0.038512568920850754,0.0996016263961792,0.035856567323207855,0.0996016263961792,0.03,0.024,gap_take_profit,1,0,22,2024-02-01
2024-02-19,2460,36.0,0.6143288211089366,1,0.08055559545755386,0.09999995678663254,0.0555555559694767,0.09999995678663254,0.03,0.024,gap_take_profit,1,0,22,2024-02-01
2024-02-19,3321,17.75,0.6138603559801961,1,0.0845070406794548,0.09859155118465424,0.05070420354604721,0.09859155118465424,0.03,0.024,gap_take_profit,1,0,22,2024-02-01
2024-02-19,6164,17.75689697265625,0.6055294006728391,1,0.03293418884277344,0.09880245476961136,0.023952152580022812,0.09880245476961136,0.03,0.024,gap_take_profit,1,0,22,2024-02-01
2024-02-19,3312,30.901784896850586,0.6032121498799288,1,0.029366295784711838,0.07418857514858246,-0.0030911769717931747,0.03245755657553673,0.03,0.024,take_profit,1,0,22,2024-02-01
2024-02-19,2431,14.149999618530273,0.596154206692036,0,0.028268592432141304,0.06713786721229553,-0.04593636840581894,-0.017667844891548157,-0.02,-0.026000000000000002,ambiguous_stop_loss,1,1,22,2024-02-01
2024-02-19,4303,31.229341506958008,0.5942864079426876,0,0.01562502421438694,0.05468752607703209,-0.06875000149011612,-0.0562499538064003,-0.02,-0.026000000000000002,ambiguous_stop_loss,1,1,22,2024-02-01
2024-02-19,8086,144.58937072753906,0.5919581300270073,0,0.006849315483123064,0.013698630966246128,-0.02054794505238533,-0.017123287543654442,-0.02,-0.026000000000000002,stop_loss,0,1,22,2024-02-01
2024-02-19,2539,49.29252243041992,0.5808419253745188,1,4.724456381666187e-09,0.015652133151888847,-0.036521732807159424,0.0034782469738274813,-0.02,-0.026000000000000002,stop_loss,0,1,22,2024-02-01
2024-02-19,5314,9.841782569885254,0.5789241213404047,0,-0.0025125565007328987,0.00502511253580451,-0.030150804668664932,-0.007537701167166233,-0.02,-0.026000000000000002,stop_loss,0,1,22,2024-02-01
2024-02-19,1414,19.032861709594727,0.5779644419842248,1,0.04615388065576553,0.10000009834766388,0.023077016696333885,0.08717958629131317,0.03,0.024,gap_take_profit,1,0,22,2024-02-01
2024-02-19,2025,16.040130615234375,0.5775082272605674,1,0.005076074507087469,0.09644660353660583,0.004060931038111448,0.020304536446928978,0.03,0.024,take_profit,1,0,22,2024-02-01
2024-02-19,3230,12.115948677062988,0.5717131898206265,1,0.07377061247825623,0.09836071729660034,0.036885298788547516,0.09836071729660034,0.03,0.024,gap_take_profit,1,0,22,2024-02-01
2024-02-19,4912,92.5031509399414,0.5714758130409713,0,0.009155585430562496,0.01627669669687748,-0.020345909520983696,-0.01322487834841013,-0.02,-0.026000000000000002,stop_loss,0,1,22,2024-02-01
2024-02-19,3712,40.335296630859375,0.5645794826493418,1,0.022624421864748,0.03846154361963272,-0.015837132930755615,0.020361926406621933,0.03,0.024,take_profit,1,0,22,2024-02-01
2024-02-19,6442,120.06907653808594,0.5633480258037262,1,0.024390215054154396,0.040650375187397,-0.04065043479204178,0.016260134056210518,-0.02,-0.026000000000000002,ambiguous_stop_loss,1,1,22,2024-02-01
2024-02-20,3313,17.649999618530273,0.6596174161543927,1,0.0991501435637474,0.0991501435637474,0.0,0.031161539256572723,0.03,0.024,gap_take_profit,1,0,22,2024-02-01
2024-02-20,2460,39.599998474121094,0.5978336569677999,0,0.010101049207150936,0.03535357490181923,-0.06565652787685394,-0.06565652787685394,-0.02,-0.026000000000000002,ambiguous_stop_loss,1,1,22,2024-02-01
2024-02-20,5381,39.349998474121094,0.5700089147258879,0,0.0,0.0012707256246358156,-0.07115627080202103,-0.03303683176636696,-0.02,-0.026000000000000002,stop_loss,0,1,22,2024-02-01
2024-02-20,3055,80.64726257324219,0.5664122189523824,1,0.03381635621190071,0.07125595211982727,-0.006038659252226353,0.016908125951886177,0.03,0.024,gap_take_profit,1,0,22,2024-02-01
2024-02-20,4961,237.5833282470703,0.5565741728709875,0,0.0019047778332605958,0.0019047778332605958,-0.038095224648714066,-0.030476175248622894,-0.02,-0.026000000000000002,stop_loss,0,1,22,2024-02-01
2024-02-20,3321,19.5,0.5459198683536165,1,-0.07692307978868484,0.023076962679624557,-0.1000000387430191,0.0051282248459756374,-0.07692307978868484,-0.08292307978868485,gap_stop,0,1,22,2024-02-01
2024-02-20,2543,22.049222946166992,0.5445166473873748,1,0.032951273024082184,0.09885379672050476,0.0028652565088123083,0.09885379672050476,0.03,0.024,gap_take_profit,1,0,22,2024-02-01
2024-02-20,8047,13.300000190734863,0.540968255149094,1,0.09398496150970459,0.09774437546730042,0.05639097839593887,0.09774437546730042,0.03,0.024,gap_take_profit,1,0,22,2024-02-01
2024-02-20,4534,12.199999809265137,0.539546927681863,1,0.0655737891793251,0.09836064279079437,0.024590179324150085,0.09836064279079437,0.03,0.024,gap_take_profit,1,0,22,2024-02-01
2024-02-20,3073,31.899999618530273,0.527824051196591,1,0.04858937859535217,0.09874606877565384,0.04858937859535217,0.09874606877565384,0.03,0.024,gap_take_profit,1,0,22,2024-02-01
2024-02-20,3230,13.307682037353516,0.5220653000259116,0,-0.07462690025568008,-0.02611939236521721,-0.0970149040222168,-0.06343282759189606,-0.07462690025568008,-0.08062690025568009,gap_stop,0,1,22,2024-02-01
2024-02-20,6425,60.62309646606445,0.5169459184909629,1,0.03846161440014839,0.09935897588729858,0.0304487943649292,0.09935897588729858,0.03,0.024,gap_take_profit,1,0,22,2024-02-01
2024-02-20,3229,17.350000381469727,0.5160681973948149,0,0.01152731105685234,0.03458215296268463,-0.03170035406947136,-0.023054732009768486,-0.02,-0.026000000000000002,ambiguous_stop_loss,1,1,22,2024-02-01
2024-02-20,3147,96.02954864501953,0.5160242778024553,0,0.008733656257390976,0.034934550523757935,-0.02620082162320614,0.0,-0.02,-0.026000000000000002,ambiguous_stop_loss,1,1,22,2024-02-01
2024-02-20,3034,526.7523193359375,0.513666393577921,0,-0.020442960783839226,-0.013628651387989521,-0.03918231278657913,-0.03066442534327507,-0.020442960783839226,-0.026442960783839224,gap_stop,0,1,22,2024-02-01
2024-02-20,4729,21.660192489624023,0.510385088485143,0,0.04157545417547226,0.07221005856990814,-0.07002188265323639,-0.04814004898071289,0.03,0.024,gap_take_profit,1,1,22,2024-02-01
2024-02-20,2379,472.6838073730469,0.5072191359608181,1,-0.012307659722864628,0.04000003635883331,-0.017435865476727486,0.027692342177033424,0.03,0.024,take_profit,1,0,22,2024-02-01
2024-02-20,1506,17.649999618530273,0.5060116323777284,0,-0.01699712499976158,-0.011331380344927311,-0.07082153111696243,-0.028328612446784973,-0.02,-0.026000000000000002,stop_loss,0,1,22,2024-02-01
2024-02-20,5284,163.85401916503906,0.5002372208220707,1,0.005830780602991581,0.07288616895675659,-0.0029155740048736334,0.03790074586868286,0.03,0.024,take_profit,1,0,22,2024-02-01
2024-02-20,6164,19.511322021484375,0.4993009897207303,0,-3.626889011343337e-08,-3.626889011343337e-08,-0.06267033517360687,-0.05994553864002228,-0.02,-0.026000000000000002,stop_loss,0,1,22,2024-02-01
2024-02-21,3221,29.31886100769043,0.6877775433463601,1,0.10000009089708328,0.10000009089708328,0.05873015150427818,0.08095239847898483,0.03,0.024,gap_take_profit,1,0,22,2024-02-01
2024-02-21,1503,155.40325927734375,0.6395793669567761,1,0.012422272004187107,0.0993787869811058,-8.73419594427105e-08,0.06832288950681686,0.03,0.024,take_profit,1,0,22,2024-02-01
2024-02-21,6442,134.2235565185547,0.6394930899062943,1,0.04363637417554855,0.0981818288564682,0.040000010281801224,0.0981818288564682,0.03,0.024,gap_take_profit,1,0,22,2024-02-01
2024-02-21,2543,24.228872299194336,0.6356101254336758,0,0.016949189826846123,0.041721079498529434,-0.09908726811408997,-0.09778352081775665,-0.02,-0.026000000000000002,ambiguous_stop_loss,1,1,22,2024-02-01
2024-02-21,2062,27.68132781982422,0.6297054217271492,1,0.04035084694623947,0.08596491813659668,0.026315772905945778,0.0736842080950737,0.03,0.024,gap_take_profit,1,0,22,2024-02-01
2024-02-21,8289,34.39247131347656,0.6296161373430763,1,0.06500682979822159,0.09958497434854507,0.017980530858039856,0.02074684575200081,0.03,0.024,gap_take_profit,1,0,22,2024-02-01
2024-02-21,3551,110.81135559082031,0.6283980537987387,1,0.06866949051618576,0.09871241450309753,0.025751041248440742,0.06866949051618576,0.03,0.024,gap_take_profit,1,0,22,2024-02-01
2024-02-21,3663,47.154537200927734,0.6248126504363153,0,0.02910603955388069,0.03222457319498062,-0.04677756875753403,-0.0020789920818060637,-0.02,-0.026000000000000002,ambiguous_stop_loss,1,1,22,2024-02-01
2024-02-21,8047,14.600000381469727,0.623360996301188,0,-0.023972628638148308,0.006849275901913643,-0.06849315017461777,-0.05479453131556511,-0.023972628638148308,-0.029972628638148306,gap_stop,0,1,22,2024-02-01
2024-02-21,2605,25.275772094726562,0.6215515126054222,0,0.003636380424723029,0.018181821331381798,-0.019999969750642776,-0.014545437879860401,-0.014545437879860401,-0.0205454378798604,close,0,0,22,2024-02-01
2024-02-21,3294,49.171295166015625,0.6213066101603513,1,0.042168714106082916,0.06425703316926956,-0.04417673125863075,0.004016071557998657,0.03,0.024,gap_take_profit,1,1,22,2024-02-01
2024-02-21,6451,213.65261840820312,0.6200911644987788,1,0.034642063081264496,0.0877598449587822,0.0023094972129911184,0.034642063081264496,0.03,0.024,gap_take_profit,1,0,22,2024-02-01
2024-02-21,2606,48.29357147216797,0.6196484002684917,0,0.011257017962634563,0.018761664628982544,-0.013133281841874123,-0.011257066391408443,-0.011257066391408443,-0.017257066391408442,close,0,0,22,2024-02-01
2024-02-21,3025,69.50821685791016,0.6175949625193282,1,0.01780831441283226,0.10000009834766388,0.00136989401653409,0.10000009834766388,0.03,0.024,take_profit,1,0,22,2024-02-01
2024-02-21,2603,127.85921478271484,0.6161075993466275,1,0.006451676599681377,0.0516129694879055,-0.00645154993981123,0.04838716238737106,0.03,0.024,take_profit,1,0,22,2024-02-01
2024-02-21,2329,78.1043701171875,0.6142317099832886,1,0.026960836723446846,0.07230393588542938,0.0024510319344699383,0.014705933630466461,0.03,0.024,take_profit,1,0,22,2024-02-01
2024-02-21,3234,39.599998474121094,0.61379600262819,0,-0.0037878211587667465,0.02272731252014637,-0.03282826393842697,-0.018939394503831863,-0.02,-0.026000000000000002,stop_loss,0,1,22,2024-02-01
2024-02-21,2607,30.886075973510742,0.6089681869513937,1,0.0045045106671750546,0.012012017890810966,-0.007507546804845333,0.012012017890810966,0.012012017890810966,0.006012017890810966,close,0,0,22,2024-02-01
2024-02-21,6126,39.3680534362793,0.6078463890748721,1,0.036764711141586304,0.05024508759379387,-0.002450937172397971,0.0024510424118489027,0.03,0.024,gap_take_profit,1,0,22,2024-02-01
2024-02-21,6285,134.75917053222656,0.6074576506192214,1,0.013698773458600044,0.07534261792898178,0.010274115949869156,0.07191795855760574,0.03,0.024,take_profit,1,0,22,2024-02-01
2024-02-22,9904,27.828981399536133,0.6981733324017896,0,6.131777041673558e-08,0.006633586250245571,-0.0033167011570185423,-0.0033167011570185423,-0.0033167011570185423,-0.009316701157018542,close,0,0,22,2024-02-01
2024-02-22,8210,266.2799377441406,0.6940314716262518,0,0.023636214435100555,0.03999984636902809,-0.01818196289241314,-0.01818196289241314,0.03,0.024,take_profit,1,0,22,2024-02-01
2024-02-22,8050,73.32100677490234,0.6917901854121237,1,0.006090084090828896,0.018270350992679596,0.002436059294268489,0.009744200855493546,0.009744200855493546,0.0037442008554935454,close,0,0,22,2024-02-01
2024-02-22,2731,107.82080078125,0.6803434415586113,0,0.004201680887490511,0.012605042196810246,-0.008403361774981022,0.0,0.0,-0.006,close,0,0,22,2024-02-01
2024-02-22,6118,25.850000381469727,0.6741794309027759,1,0.00580269331112504,0.027079258114099503,0.00580269331112504,0.007736899424344301,0.007736899424344301,0.001736899424344301,close,0,0,22,2024-02-01
2024-02-22,3703,24.80570411682129,0.6738583985052022,0,0.001848481479100883,0.001848481479100883,-0.0036967911291867495,-0.0036967911291867495,-0.0036967911291867495,-0.00969679112918675,close,0,0,22,2024-02-01
2024-02-22,6245,101.39836883544922,0.6729718535549832,0,0.004716979339718819,0.014150941744446754,-0.009433964267373085,-0.004716983065009117,-0.004716983065009117,-0.010716983065009117,close,0,0,22,2024-02-01
2024-02-22,4956,21.0,0.6722498078098356,0,0.0,0.0071428390219807625,-0.019047601148486137,-0.019047601148486137,-0.019047601148486137,-0.025047601148486136,close,0,0,22,2024-02-01
2024-02-22,2301,100.2791519165039,0.6706149638982777,0,0.0138248847797513,0.018433179706335068,0.0,0.0,0.0,-0.006,close,0,0,22,2024-02-01
2024-02-22,3092,33.900001525878906,0.6688891576891757,0,-0.0014750162372365594,0.004424711223691702,-0.0058997273445129395,-0.0058997273445129395,-0.0058997273445129395,-0.01189972734451294,close,0,0,22,2024-02-01
2024-02-22,8147,114.69209289550781,0.6674365450105102,1,0.09663864225149155,0.09663864225149155,0.01680670864880085,0.07983192056417465,0.03,0.024,gap_take_profit,1,0,22,2024-02-01
2024-02-22,6869,105.11865234375,0.6674010575760951,1,0.004504453856498003,0.06756751239299774,0.004504453856498003,0.013513462617993355,0.03,0.024,take_profit,1,0,22,2024-02-01
2024-02-22,6129,28.778505325317383,0.6666630118449073,0,0.003442357061430812,0.012048209086060524,-0.010326993651688099,-0.010326993651688099,-0.010326993651688099,-0.016326993651688097,close,0,0,22,2024-02-01
2024-02-22,2723,83.60603332519531,0.6659357190361551,0,-6.286663278842752e-08,0.006659187376499176,-0.005549452267587185,-0.0011099238181486726,-0.0011099238181486726,-0.007109923818148673,close,0,0,22,2024-02-01
2024-02-22,8034,25.92605209350586,0.6654013951884521,0,0.007434995844960213,0.01115245372056961,-0.029739713296294212,-0.02416352555155754,-0.02,-0.026000000000000002,stop_loss,0,1,22,2024-02-01
2024-02-22,8033,52.400001525878906,0.6643026444708774,0,0.0,0.005725176073610783,-0.015267233364284039,-0.015267233364284039,-0.015267233364284039,-0.021267233364284037,close,0,0,22,2024-02-01
2024-02-22,3035,370.4804992675781,0.661385851496994,1,0.014397870749235153,0.027486875653266907,0.005235567223280668,0.010471168905496597,0.010471168905496597,0.004471168905496597,close,0,0,22,2024-02-01
2024-02-22,8183,44.72874450683594,0.6598435316752228,1,0.031600385904312134,0.039755359292030334,0.017329294234514236,0.019368000328540802,0.03,0.024,gap_take_profit,1,0,22,2024-02-01
2024-02-22,6182,40.49815368652344,0.6598430867795206,0,0.004854374565184116,0.0169902965426445,-0.004854400176554918,-0.004854400176554918,-0.004854400176554918,-0.010854400176554918,close,0,0,22,2024-02-01
2024-02-22,2383,479.6587829589844,0.6596743671091068,1,0.03363913670182228,0.06014270335435867,0.019367985427379608,0.03975534439086914,0.03,0.024,gap_take_profit,1,0,22,2024-02-01
2024-02-23,6640,257.08551025390625,0.6974475519740216,1,0.09962408244609833,0.09962408244609833,0.09962408244609833,0.09962408244609833,0.03,0.024,gap_take_profit,1,0,22,2024-02-01
2024-02-23,4526,22.657943725585938,0.6537959428235712,0,0.021929772570729256,0.021929772570729256,-0.03947371989488602,-0.030701756477355957,-0.02,-0.026000000000000002,stop_loss,0,1,22,2024-02-01
2024-02-23,1809,27.5797176361084,0.6386877446188809,1,-5.6725120600731316e-08,0.09911495447158813,-0.02477884292602539,0.09911495447158813,-0.02,-0.026000000000000002,ambiguous_stop_loss,1,1,22,2024-02-01
2024-02-23,2467,128.8807830810547,0.630006210652269,0,0.029411833733320236,0.029411833733320236,-0.051470525562763214,-0.011029344983398914,-0.02,-0.026000000000000002,stop_loss,0,1,22,2024-02-01
2024-02-23,3312,36.91975402832031,0.6281405543180281,1,0.03492891415953636,0.04010357707738876,-0.04269075766205788,0.016817636787891388,0.03,0.024,gap_take_profit,1,1,22,2024-02-01
2024-02-23,3390,30.462095260620117,0.6280822047672447,1,0.05666147172451019,0.09954053163528442,0.05053587257862091,0.09954053163528442,0.03,0.024,gap_take_profit,1,0,22,2024-02-01
2024-02-23,3689,70.7165298461914,0.614447234108545,0,0.007957561872899532,0.015915101394057274,-0.02652517706155777,-0.023872695863246918,-0.02,-0.026000000000000002,stop_loss,0,1,22,2024-02-01
2024-02-23,6532,69.64271545410156,0.6013632974861319,1,0.04780871793627739,0.09960156679153442,0.026560401543974876,0.09960156679153442,0.03,0.024,gap_take_profit,1,0,22,2024-02-01
2024-02-23,6719,295.0044860839844,0.6006964578460908,1,0.02020198479294777,0.04882151260972023,0.011784476228058338,0.03366999700665474,0.03,0.024,take_profit,1,0,22,2024-02-01
2024-02-23,3131,826.5185546875,0.5996270205088017,0,0.00235854834318161,0.030660437420010567,-0.02830183133482933,-0.007075414527207613,-0.02,-0.026000000000000002,ambiguous_stop_loss,1,1,22,2024-02-01
2024-02-23,3583,271.8528747558594,0.5927826149929584,1,0.008976596407592297,0.0574505589902401,-0.007181392051279545,0.0538598969578743,0.03,0.024,take_profit,1,0,22,2024-02-01
2024-02-23,6830,149.37013244628906,0.5907088081414542,1,0.009646274149417877,0.01607714220881462,-0.009646330028772354,0.0032154060900211334,0.0032154060900211334,-0.0027845939099788667,close,0,0,22,2024-02-01
2024-02-23,3354,28.10662269592285,0.5884453564277086,1,0.09233450144529343,0.09930309653282166,0.07665503025054932,0.09930309653282166,0.03,0.024,gap_take_profit,1,0,22,2024-02-01
2024-02-23,1785,41.93411636352539,0.5861234216534966,1,0.02227427251636982,0.04806565120816231,0.019929641857743263,0.04337630048394203,0.03,0.024,take_profit,1,0,22,2024-02-01
2024-02-23,3357,107.20056915283203,0.5852352658132055,0,0.004310317803174257,0.008620662614703178,-0.004310371354222298,-0.004310371354222298,-0.004310371354222298,-0.010310371354222298,close,0,0,22,2024-02-01
2024-02-23,2360,227.85260009765625,0.5830376305892823,0,0.0146443210542202,0.029288671910762787,-0.010460280813276768,-0.008368230424821377,-0.008368230424821377,-0.014368230424821377,close,0,0,22,2024-02-01
2024-02-23,3363,100.0829849243164,0.5824621905528752,1,0.04477617144584656,0.09950254112482071,0.04477617144584656,0.09950254112482071,0.03,0.024,gap_take_profit,1,0,22,2024-02-01
2024-02-23,6937,213.4469757080078,0.5817512816082469,1,0.0483870729804039,0.0483870729804039,-0.02073734998703003,0.016129007562994957,0.03,0.024,gap_take_profit,1,1,22,2024-02-01
2024-02-23,8047,15.149999618530273,0.576124637586379,1,0.09900990128517151,0.09900990128517151,0.03630364313721657,0.09900990128517151,0.03,0.024,gap_take_profit,1,0,22,2024-02-01
2024-02-23,2379,530.37548828125,0.5757893950464084,1,-0.010968945920467377,0.01645335741341114,-0.021937867626547813,0.007312588859349489,-0.02,-0.026000000000000002,stop_loss,0,1,22,2024-02-01
2024-02-26,4542,70.20519256591797,0.6867503498227825,1,0.0991620346903801,0.0991620346903801,-0.022346312180161476,0.005586651153862476,0.03,0.024,gap_take_profit,1,1,22,2024-02-01
2024-02-26,6640,282.6974182128906,0.6854875867237614,1,0.01196582056581974,0.05811966583132744,-0.006837598513811827,0.001709410222247243,0.03,0.024,take_profit,1,0,22,2024-02-01
2024-02-26,3354,30.89769744873047,0.6174876461423643,0,-2.4587622604599346e-08,-2.4587622604599346e-08,-0.09984153509140015,-0.07923932373523712,-0.02,-0.026000000000000002,stop_loss,0,1,22,2024-02-01
2024-02-26,6532,76.57923889160156,0.6010943855632572,0,0.038647305220365524,0.06763283163309097,-0.03743968531489372,-0.009661870077252388,0.03,0.024,gap_take_profit,1,1,22,2024-02-01
2024-02-26,8047,16.649999618530273,0.5968869546790466,1,0.060060061514377594,0.09909907728433609,-0.06306301802396774,0.09909907728433609,0.03,0.024,gap_take_profit,1,1,22,2024-02-01
2024-02-26,3390,33.49430847167969,0.5901681437909881,1,0.019498484209179878,0.09192194044589996,-0.044568341225385666,0.05849573761224747,-0.02,-0.026000000000000002,ambiguous_stop_loss,1,1,22,2024-02-01
2024-02-26,6248,27.98189926147461,0.588855778363239,0,0.004694844130426645,0.009389728307723999,-0.02347409911453724,-0.0015649013221263885,-0.02,-0.026000000000000002,stop_loss,0,1,22,2024-02-01
2024-02-26,8271,63.67340850830078,0.5877010026398438,1,0.020957963541150093,0.09880233556032181,0.019460981711745262,0.08233529329299927,0.03,0.024,take_profit,1,0,22,2024-02-01
2024-02-26,6462,316.0,0.5805998770548951,0,0.03164556995034218,0.0569620244204998,-0.050632912665605545,-0.0015822785208001733,0.03,0.024,gap_take_profit,1,1,22,2024-02-01
2024-02-26,4303,38.255943298339844,0.5797086531474127,1,0.02551017701625824,0.09311215579509735,0.01147958543151617,0.072704017162323,0.03,0.024,take_profit,1,0,22,2024-02-01
2024-02-26,3163,103.84769439697266,0.5775530312403712,0,0.013824889436364174,0.04608295485377312,-0.06912442296743393,-0.055299535393714905,-0.02,-0.026000000000000002,ambiguous_stop_loss,1,1,22,2024-02-01
2024-02-26,1809,30.31328010559082,0.5772105574306082,1,0.0016103878151625395,0.05314019322395325,-0.05475032329559326,0.03059588558971882,-0.02,-0.026000000000000002,ambiguous_stop_loss,1,1,22,2024-02-01
2024-02-26,5452,26.756940841674805,0.5767936346047033,1,0.09944752603769302,0.09944752603769302,0.09944752603769302,0.09944752603769302,0.03,0.024,gap_take_profit,1,0,22,2024-02-01
2024-02-26,3363,110.04149627685547,0.5757424944294764,1,0.049773722887039185,0.09954747557640076,0.027149289846420288,0.09954747557640076,0.03,0.024,gap_take_profit,1,0,22,2024-02-01
2024-02-26,3294,55.88544845581055,0.5751199240233107,1,0.0600706972181797,0.06713785976171494,-0.030035285279154778,0.03356892988085747,0.03,0.024,gap_take_profit,1,1,22,2024-02-01
2024-02-26,3450,77.2195816040039,0.5748195551710203,0,0.002583876019343734,0.0038758458103984594,-0.09948331862688065,-0.09948331862688065,-0.02,-0.026000000000000002,stop_loss,0,1,22,2024-02-01
2024-02-26,6113,41.94401550292969,0.5735981285783571,0,0.02407001331448555,0.039387330412864685,-0.09956233948469162,-0.09956233948469162,-0.02,-0.026000000000000002,ambiguous_stop_loss,1,1,22,2024-02-01
2024-02-26,3701,65.36808013916016,0.5710997725825956,0,-1.0103128289529195e-07,0.027149146422743797,-0.03167439624667168,-0.018099714070558548,-0.02,-0.026000000000000002,stop_loss,0,1,22,2024-02-01
2024-02-26,1316,19.600000381469727,0.5610807105092087,0,0.028061185032129288,0.07653061300516129,-0.04081638529896736,-0.02551020309329033,-0.02,-0.026000000000000002,ambiguous_stop_loss,1,1,22,2024-02-01
2024-02-26,4770,385.56048583984375,0.5507509417634362,0,-0.008515859954059124,0.008515769615769386,-0.027980579063296318,-0.00608277041465044,-0.02,-0.026000000000000002,stop_loss,0,1,22,2024-02-01
2024-02-27,5452,29.4178524017334,0.7507083340109764,0,0.08710220456123352,0.08710220456123352,-0.09882748126983643,-0.09380237013101578,0.03,0.024,gap_take_profit,1,1,22,2024-02-01
2024-02-27,4931,29.61504364013672,0.7480158127413272,1,0.0032154317013919353,0.016077155247330666,0.0016076777828857303,0.011254016309976578,0.011254016309976578,0.005254016309976578,close,0,0,22,2024-02-01
2024-02-27,4720,15.802430152893066,0.7454747609278887,1,0.005797083955258131,0.03768109530210495,-0.008695668540894985,0.03188397362828255,0.03,0.024,take_profit,1,0,22,2024-02-01
2024-02-27,3014,148.97703552246094,0.7433006606102627,0,0.011975990608334541,0.011975990608334541,-0.014970115385949612,-0.01197610329836607,-0.01197610329836607,-0.017976103298366068,close,0,0,22,2024-02-01
2024-02-27,3607,18.278396606445312,0.741858902091793,1,0.01010108832269907,0.053030405193567276,0.01010108832269907,0.053030405193567276,0.03,0.024,take_profit,1,0,22,2024-02-01
2024-02-27,4953,133.2592010498047,0.7409352973129602,1,-8.449648447594882e-08,0.017361024394631386,-8.449648447594882e-08,0.00694435928016901,0.00694435928016901,0.00094435928016901,close,0,0,22,2024-02-01
2024-02-27,6291,179.12234497070312,0.7378459287403176,1,0.004999998025596142,0.02499999850988388,0.004999998025596142,0.012499998323619366,0.012499998323619366,0.006499998323619366,close,0,0,22,2024-02-01
2024-02-27,2850,60.40365219116211,0.7356055395067855,1,4.444266110681383e-08,0.013138753361999989,-0.004379562567919493,0.013138753361999989,0.013138753361999989,0.007138753361999988,close,0,0,22,2024-02-01
2024-02-27,3416,127.70311737060547,0.7355727716742043,0,-5.339686381944375e-08,0.0036363101098686457,-0.014545506797730923,-0.007272780407220125,-0.007272780407220125,-0.013272780407220125,close,0,0,22,2024-02-01
2024-02-27,5475,12.449999809265137,0.7346021401602857,0,0.0040160794742405415,0.02008032239973545,-0.0040160794742405415,0.0,0.0,-0.006,close,0,0,22,2024-02-01
2024-02-27,1325,32.93202209472656,0.7327587046463544,1,0.016224175691604614,0.0516224279999733,0.007374640554189682,0.011799351312220097,0.03,0.024,take_profit,1,0,22,2024-02-01
2024-02-27,5244,46.5821647644043,0.7320021478645666,0,-0.0010460140183568,-0.0010460140183568,-0.028242651373147964,-0.016736390069127083,-0.02,-0.026000000000000002,stop_loss,0,1,22,2024-02-01
2024-02-27,3630,33.20000076293945,0.7299886935134418,1,0.00903612095862627,0.030120480805635452,0.006024119444191456,0.022590361535549164,0.03,0.024,take_profit,1,0,22,2024-02-01
2024-02-27,3622,51.474178314208984,0.7289048967630081,0,0.008912691846489906,0.010695264674723148,-0.014260200783610344,-0.0017824684036895633,-0.0017824684036895633,-0.007782468403689563,close,0,0,22,2024-02-01
2024-02-27,2892,23.888914108276367,0.7282196650820182,1,-5.721485152321293e-08,0.013011107221245766,-5.721485152321293e-08,0.0074349259957671165,0.0074349259957671165,0.0014349259957671164,close,0,0,22,2024-02-01
2024-02-27,8039,40.97504806518555,0.724870723944851,0,3.3503122498501625e-09,3.3503122498501625e-09,-0.011982575990259647,-0.006535948719829321,-0.006535948719829321,-0.012535948719829321,close,0,0,22,2024-02-01
2024-02-27,3623,38.0,0.7236119298351612,0,-0.009210485965013504,0.007894717156887054,-0.02631578966975212,-0.017105303704738617,-0.02,-0.026000000000000002,stop_loss,0,1,22,2024-02-01
2024-02-27,6173,42.62910079956055,0.7232656393204872,1,0.008820224553346634,0.04410133510828018,0.008820224553346634,0.02976842038333416,0.03,0.024,take_profit,1,0,22,2024-02-01
2024-02-27,1307,23.321420669555664,0.7226779031269428,1,5.530198166070477e-08,0.011363735422492027,-0.0018938552821055055,0.011363735422492027,0.011363735422492027,0.005363735422492027,close,0,0,22,2024-02-01
2024-02-27,3706,40.64620590209961,0.7220270073883726,1,0.0024039249401539564,0.016826966777443886,-0.012019207701086998,0.016826966777443886,0.016826966777443886,0.010826966777443886,close,0,0,22,2024-02-01
2024-02-29,3071,37.20917510986328,0.6978504068171524,0,0.0625000074505806,0.0625000074505806,-0.062499988824129105,-0.05500001087784767,0.03,0.024,gap_take_profit,1,1,22,2024-02-01
2024-02-29,1513,167.72552490234375,0.6318411230718851,0,0.04385964944958687,0.049707602709531784,-0.017543859779834747,0.0,0.03,0.024,gap_take_profit,1,0,22,2024-02-01
2024-02-29,3372,19.399999618530273,0.6313009227270426,1,0.05670105293393135,0.09793812781572342,0.03350513428449631,0.09793812781572342,0.03,0.024,gap_take_profit,1,0,22,2024-02-01
2024-02-29,3515,240.8480682373047,0.6305227978344816,1,0.049309778958559036,0.09861945360898972,0.04536500573158264,0.09861945360898972,0.03,0.024,gap_take_profit,1,0,22,2024-02-01
2024-02-29,6141,22.0,0.6277041765134124,0,0.0,0.0045454720966517925,-0.043181851506233215,-0.034090910106897354,-0.02,-0.026000000000000002,stop_loss,0,1,22,2024-02-01
2024-02-29,4303,45.13615798950195,0.6240329393876874,0,0.06486483663320541,0.06486483663320541,-0.045405399054288864,-0.005405431613326073,0.03,0.024,gap_take_profit,1,1,22,2024-02-01
2024-02-29,2025,17.34288215637207,0.6204123020941401,0,-0.009389656595885754,0.023474086076021194,-0.07042258977890015,-0.03286396339535713,-0.02,-0.026000000000000002,stop_loss,0,1,22,2024-02-01
2024-02-29,8085,76.4000015258789,0.6181702269658853,0,0.014397885650396347,0.0994764193892479,-0.04450263828039169,-0.03403139114379883,-0.02,-0.026000000000000002,ambiguous_stop_loss,1,1,22,2024-02-01
2024-02-29,6290,96.01469421386719,0.6145355344337796,1,0.031187135726213455,0.04627767950296402,0.006036229431629181,0.01609659194946289,0.03,0.024,gap_take_profit,1,0,22,2024-02-01
2024-02-29,8938,68.82109069824219,0.6143426840169167,0,0.002695462666451931,0.004043151158839464,-0.0053907702676951885,-0.0013477052561938763,-0.0013477052561938763,-0.007347705256193876,close,0,0,22,2024-02-01
2024-02-29,3147,106.93247985839844,0.6140976666301429,1,0.04313723370432854,0.09803919494152069,0.039215683937072754,0.09803919494152069,0.03,0.024,gap_take_profit,1,0,22,2024-02-01
2024-02-29,3029,71.68609619140625,0.613921004997608,0,-1.9172977872017327e-08,-1.9172977872017327e-08,-0.040920697152614594,-0.017902754247188568,-0.02,-0.026000000000000002,stop_loss,0,1,22,2024-02-01
2024-02-29,5386,45.64240264892578,0.6137575859085886,1,0.04529618099331856,0.0627177506685257,0.0017421316588297486,0.008710825815796852,0.03,0.024,gap_take_profit,1,0,22,2024-02-01
2024-02-29,4563,49.02604675292969,0.613401805042285,0,-3.249142821459827e-08,0.0019193972693756223,-0.02111324667930603,-0.02111324667930603,-0.02,-0.026000000000000002,stop_loss,0,1,22,2024-02-01
2024-02-29,3060,19.657773971557617,0.6132417836079942,1,3.696457184787505e-08,0.007444187067449093,-0.0049627614207565784,0.0024814833886921406,0.0024814833886921406,-0.0035185166113078595,close,0,0,22,2024-02-01
2024-02-29,8038,32.900001525878906,0.6129255114204637,0,0.0015197335742413998,0.0015197335742413998,-0.009118633344769478,-0.009118633344769478,-0.009118633344769478,-0.015118633344769478,close,0,0,22,2024-02-01
2024-02-29,5314,9.668685913085938,0.6128712384907679,1,0.053708434104919434,0.09974421560764313,0.053708434104919434,0.09974421560764313,0.03,0.024,gap_take_profit,1,0,22,2024-02-01
2024-02-29,4909,60.00625991821289,0.6119027265244289,1,0.022831052541732788,0.08523602038621902,0.01217660866677761,0.04870631545782089,0.03,0.024,take_profit,1,0,22,2024-02-01
2024-02-29,2015,61.765262603759766,0.6106383253324912,1,0.0029326125513762236,0.014662750996649265,0.0029326125513762236,0.011730244383215904,0.011730244383215904,0.005730244383215904,close,0,0,22,2024-02-01
2024-02-29,1590,1185.114990234375,0.6099385973366684,0,0.04958680272102356,0.06611572951078415,-0.041322290897369385,-0.00826444011181593,0.03,0.024,gap_take_profit,1,1,22,2024-02-01
2024-03-01,1101,29.923080444335938,0.46292354639475763,0,0.0,0.0078003122471272945,-0.0015600386541336775,0.0,0.0,-0.006,close,0,0,23,2024-03-01
2024-03-01,1102,36.13908767700195,0.46292354639475763,0,-0.0037360102869570255,1.7783609251864618e-08,-0.0062266322784125805,-0.002490699291229248,-0.002490699291229248,-0.008490699291229248,close,0,0,23,2024-03-01
2024-03-01,1103,16.669910430908203,0.46292354639475763,0,-0.005617841146886349,-0.002808895194903016,-0.008426894433796406,-0.005617841146886349,-0.005617841146886349,-0.011617841146886349,close,0,0,23,2024-03-01
2024-03-01,1104,26.08235740661621,0.46292354639475763,1,0.013445415534079075,0.048739586025476456,0.013445415534079075,0.03025214374065399,0.03,0.024,take_profit,1,0,23,2024-03-01
2024-03-01,1110,17.407167434692383,0.46292354639475763,1,2.195647441638471e-09,0.008403342217206955,2.195647441638471e-09,0.008403342217206955,0.008403342217206955,0.002403342217206955,close,0,0,23,2024-03-01
2024-03-01,1201,18.18933868408203,0.46292354639475763,1,-6.606065738878897e-08,0.028871383517980576,-6.606065738878897e-08,0.002624665852636099,0.002624665852636099,-0.0033753341473639013,close,0,0,23,2024-03-01
2024-03-01,1210,54.002315521240234,0.46292354639475763,0,0.001697723870165646,0.006791089195758104,-0.003395641455426812,-0.003395641455426812,-0.003395641455426812,-0.009395641455426812,close,0,0,23,2024-03-01
2024-03-01,1215,89.1920166015625,0.46292354639475763,0,5.1463715067257e-08,0.0030738534405827522,-0.006147474516183138,-0.0030736722983419895,-0.0030736722983419895,-0.00907367229834199,close,0,0,23,2024-03-01
2024-03-01,1216,70.43826293945312,0.46292354639475763,1,-0.006596358027309179,0.006596252787858248,-0.006596358027309179,0.005276911426335573,0.005276911426335573,-0.0007230885736644269,close,0,0,23,2024-03-01
2024-03-01,1217,11.210527420043945,0.46292354639475763,0,0.008474518544971943,0.012711822986602783,-0.004237313289195299,-0.004237313289195299,-0.004237313289195299,-0.0102373132891953,close,0,0,23,2024-03-01
2024-03-01,1218,19.69053077697754,0.46292354639475763,1,0.007142927031964064,0.023809613659977913,0.007142927031964064,0.0190476905554533,0.0190476905554533,0.0130476905554533,close,0,0,23,2024-03-01
2024-03-01,1219,17.28257179260254,0.46292354639475763,0,-0.0026455007027834654,0.002645531203597784,-0.0026455007027834654,-0.0026455007027834654,-0.0026455007027834654,-0.008645500702783466,close,0,0,23,2024-03-01
2024-03-01,1225,54.5217399597168,0.46292354639475763,0,-0.007272751536220312,0.007272758521139622,-0.007272751536220312,-0.0018181503983214498,-0.0018181503983214498,-0.00781815039832145,close,0,0,23,2024-03-01
2024-03-01,1227,34.93260955810547,0.46292354639475763,0,-0.001328109996393323,0.0013279931154102087,-0.003984111826866865,-0.001328109996393323,-0.001328109996393323,-0.007328109996393323,close,0,0,23,2024-03-01
2024-03-01,1229,55.02146911621094,0.46292354639475763,1,-0.001526708947494626,0.012213763780891895,-0.0030533766839653254,0.007633627858012915,0.007633627858012915,0.0016336278580129145,close,0,0,23,2024-03-01
2024-03-01,1231,69.80331420898438,0.46292354639475763,0,-0.0023015178740024567,0.0011507058516144753,-0.003452329896390438,0.0,0.0,-0.006,close,0,0,23,2024-03-01
2024-03-01,1301,69.42448425292969,0.46292354639475763,0,-0.006983241066336632,-0.005586613900959492,-0.011173120699822903,-0.011173120699822903,-0.011173120699822903,-0.0171731206998229,close,0,0,23,2024-03-01
2024-03-01,1303,56.30808639526367,0.46292354639475763,0,-0.006837706547230482,-0.006837706547230482,-0.015384714119136333,-0.008547082543373108,-0.008547082543373108,-0.014547082543373108,close,0,0,23,2024-03-01
2024-03-01,1304,17.3868408203125,0.46292354639475763,0,-0.0027624520007520914,0.0027624310459941626,-0.01104972418397665,-0.00828722957521677,-0.00828722957521677,-0.01428722957521677,close,0,0,23,2024-03-01
2024-03-01,1305,19.4616641998291,0.46292354639475763,0,-8.146093577465763e-09,0.0024875160306692123,-0.00995029415935278,-0.00995029415935278,-0.00995029415935278,-0.015950294159352778,close,0,0,23,2024-03-01
2024-03-04,1101,29.923080444335938,0.4689149272125941,0,0.001560062519274652,0.006240297574549913,-0.0015600149054080248,-0.0015600149054080248,-0.0015600149054080248,-0.007560014905408025,close,0,0,23,2024-03-01
2024-03-04,1102,36.049076080322266,0.4689149272125941,0,-0.001248420448973775,0.00499377679079771,-0.001248420448973775,0.0,0.0,-0.006,close,0,0,23,2024-03-01
2024-03-04,1103,16.576261520385742,0.4689149272125941,0,-0.0028249183669686317,-0.0028249183669686317,-0.00847465731203556,-0.00847465731203556,-0.00847465731203556,-0.01447465731203556,close,0,0,23,2024-03-01
2024-03-04,1104,26.87140464782715,0.4689149272125941,1,0.0048939380794763565,0.014681907370686531,-1.4845118911921418e-08,0.008156594820320606,0.008156594820320606,0.002156594820320606,close,0,0,23,2024-03-01
2024-03-04,1110,17.55344581604004,0.4689149272125941,0,-0.005555504467338324,7.281470715270189e-08,-0.011111081577837467,-0.0027776628267019987,-0.0027776628267019987,-0.008777662826701999,close,0,0,23,2024-03-01
2024-03-04,1201,18.237079620361328,0.4689149272125941,0,-2.0755024365826102e-09,0.002617758931592107,-0.00785338506102562,-0.00785338506102562,-0.00785338506102562,-0.01385338506102562,close,0,0,23,2024-03-01
2024-03-04,1210,53.81894302368164,0.4689149272125941,1,0.0017035995842888951,0.030664430931210518,0.0017035995842888951,0.027257263660430908,0.03,0.024,take_profit,1,0,23,2024-03-01
2024-03-04,1215,88.9178695678711,0.4689149272125941,1,-2.96035018720886e-08,0.022610420361161232,-0.0010278414702042937,0.018499407917261124,0.018499407917261124,0.012499407917261124,close,0,0,23,2024-03-01
2024-03-04,1216,70.8099594116211,0.4689149272125941,0,-0.003936989698559046,-4.184078861158014e-08,-0.007874037139117718,-0.003936989698559046,-0.003936989698559046,-0.009936989698559046,close,0,0,23,2024-03-01
2024-03-04,1217,11.16302490234375,0.4689149272125941,1,0.008510689251124859,0.008510689251124859,1.827434559231733e-08,0.008510689251124859,0.008510689251124859,0.0025106892511248587,close,0,0,23,2024-03-01
2024-03-04,1218,20.065589904785156,0.4689149272125941,0,0.00467290822416544,0.00467290822416544,-0.011682250536978245,-0.011682250536978245,-0.011682250536978245,-0.017682250536978243,close,0,0,23,2024-03-01
2024-03-04,1219,17.23685073852539,0.4689149272125941,0,0.0,0.005305066239088774,-0.002652533119544387,0.0,0.0,-0.006,close,0,0,23,2024-03-01
2024-03-04,1225,54.422611236572266,0.4689149272125941,0,-0.003643000964075327,0.005464466754347086,-0.003643000964075327,0.0,0.0,-0.006,close,0,0,23,2024-03-01
2024-03-04,1227,34.88621520996094,0.4689149272125941,0,1.2030532126061644e-10,0.003989402670413256,-0.0013297668192535639,-0.0013297668192535639,-0.0013297668192535639,-0.007329766819253564,close,0,0,23,2024-03-01
2024-03-04,1229,55.44148254394531,0.4689149272125941,1,0.01060597412288189,0.03636356070637703,0.01060597412288189,0.021212080493569374,0.03,0.024,take_profit,1,0,23,2024-03-01
2024-03-04,1231,69.80331420898438,0.4689149272125941,1,-0.0023014526814222336,0.008055219426751137,-0.0023014526814222336,0.0046029952354729176,0.0046029952354729176,-0.0013970047645270826,close,0,0,23,2024-03-01
2024-03-04,1301,68.64879608154297,0.4689149272125941,0,1.0983362841443522e-07,0.005649741739034653,-0.0056496295146644115,-0.0056496295146644115,-0.0056496295146644115,-0.011649629514664412,close,0,0,23,2024-03-01
2024-03-04,1303,55.82681655883789,0.4689149272125941,0,-0.006896535865962505,0.0017241538735106587,-0.018965449184179306,-0.018965449184179306,-0.018965449184179306,-0.024965449184179304,close,0,0,23,2024-03-01
2024-03-04,1304,17.242752075195312,0.4689149272125941,0,-0.008356713689863682,0.002785388147458434,-0.008356713689863682,-0.0055711353197693825,-0.0055711353197693825,-0.011571135319769383,close,0,0,23,2024-03-01
2024-03-04,1305,19.268014907836914,0.4689149272125941,0,-4.134760089868905e-09,0.005025140941143036,-0.00502514885738492,-0.00502514885738492,-0.00502514885738492,-0.01102514885738492,close,0,0,23,2024-03-01
2024-03-05,1101,29.876399993896484,0.45749137252533717,0,0.0,0.0031249523162841797,-0.003125011920928955,0.0,0.0,-0.006,close,0,0,23,2024-03-01
2024-03-05,1102,36.049076080322266,0.45749137252533717,0,0.004993738140910864,0.013732776045799255,-0.0012484590988606215,-0.0012484590988606215,-0.0012484590988606215,-0.007248459098860622,close,0,0,23,2024-03-01
2024-03-05,1103,16.43578338623047,0.45749137252533717,1,3.9362866743886116e-08,0.008547135628759861,-0.002848920179530978,0.0028491076081991196,0.0028491076081991196,-0.0031508923918008806,close,0,0,23,2024-03-01
2024-03-05,1104,27.09058380126953,0.45749137252533717,1,0.0032362325582653284,0.012944947928190231,-0.0016181252431124449,0.009708751924335957,0.009708751924335957,0.0037087519243359564,close,0,0,23,2024-03-01
2024-03-05,1110,17.504688262939453,0.45749137252533717,0,0.0,0.0027854726649820805,-0.005571051500737667,0.0,0.0,-0.006,close,0,0,23,2024-03-01
2024-03-05,1201,18.093856811523438,0.45749137252533717,0,0.0026384820230305195,0.005276964046061039,-0.002638582605868578,0.0,0.0,-0.006,close,0,0,23,2024-03-01
2024-03-05,1210,55.2859001159668,0.45749137252533717,1,-1.0726762589285954e-08,0.004975100979208946,-0.004975122399628162,0.0016584020340815187,0.0016584020340815187,-0.0043415979659184815,close,0,0,23,2024-03-01
2024-03-05,1215,90.56279754638672,0.45749137252533717,1,-0.0010090367868542671,0.003027305705472827,-0.0050453790463507175,0.002018239349126816,0.002018239349126816,-0.003981760650873184,close,0,0,23,2024-03-01
2024-03-05,1216,70.53118133544922,0.45749137252533717,1,-0.0013175192289054394,0.007905101403594017,-0.003952625673264265,0.007905101403594017,0.007905101403594017,0.001905101403594017,close,0,0,23,2024-03-01
2024-03-05,1217,11.25802993774414,0.45749137252533717,0,-0.00421942537650466,0.004219344817101955,-0.00421942537650466,0.0,0.0,-0.006,close,0,0,23,2024-03-01
2024-03-05,1218,19.831178665161133,0.45749137252533717,1,-7.242277177965661e-08,0.05673754960298538,-7.242277177965661e-08,0.03546091914176941,0.03,0.024,take_profit,1,0,23,2024-03-01
2024-03-05,1219,17.23685073852539,0.45749137252533717,1,-1.528360726865685e-08,0.005305050872266293,-0.002652548486366868,0.0026525177527219057,0.0026525177527219057,-0.0033474822472780944,close,0,0,23,2024-03-01
2024-03-05,1225,54.422611236572266,0.45749137252533717,1,-3.684781813007021e-09,0.0018214620649814606,-0.005464539863169193,0.0018214620649814606,0.0018214620649814606,-0.0041785379350185396,close,0,0,23,2024-03-01
2024-03-05,1227,34.83982467651367,0.45749137252533717,0,-0.0013315376127138734,0.003994714468717575,-0.0013315376127138734,0.0,0.0,-0.006,close,0,0,23,2024-03-01
2024-03-05,1229,56.61751174926758,0.45749137252533717,0,-0.0014837008202448487,0.002967320615425706,-0.008902112953364849,-0.0014837008202448487,-0.0014837008202448487,-0.007483700820244849,close,0,0,23,2024-03-01
2024-03-05,1231,70.12461853027344,0.45749137252533717,1,-9.194699401859907e-08,0.010309231467545033,-9.194699401859907e-08,0.010309231467545033,0.010309231467545033,0.004309231467545032,close,0,0,23,2024-03-01
2024-03-05,1301,68.26095581054688,0.45749137252533717,1,-8.422780695127585e-08,0.008522620424628258,-8.422780695127585e-08,0.0014203485334292054,0.0014203485334292054,-0.004579651466570795,close,0,0,23,2024-03-01
2024-03-05,1303,54.768035888671875,0.45749137252533717,0,-0.0017574622761458158,0.005272441543638706,-0.014059760607779026,-0.010544808581471443,-0.010544808581471443,-0.01654480858147144,close,0,0,23,2024-03-01
2024-03-05,1304,17.146690368652344,0.45749137252533717,1,-1.5422301657963544e-08,0.014005586504936218,-1.5422301657963544e-08,0.002801062073558569,0.002801062073558569,-0.003198937926441431,close,0,0,23,2024-03-01
2024-03-05,1305,19.17119026184082,0.45749137252533717,0,4.065856629154041e-08,4.065856629154041e-08,-0.02020196244120598,-0.01767665147781372,-0.02,-0.026000000000000002,stop_loss,0,1,23,2024-03-01
2024-03-06,1101,29.876399993896484,0.4628492283029551,0,0.0,0.0031249523162841797,-0.004687488079071045,0.0,0.0,-0.006,close,0,0,23,2024-03-01
2024-03-06,1102,36.00407028198242,0.4628492283029551,1,6.971979615855162e-08,0.008750032633543015,-0.0037499687168747187,0.008750032633543015,0.008750032633543015,0.0027500326335430144,close,0,0,23,2024-03-01
2024-03-06,1103,16.48261070251465,0.4628492283029551,0,-0.002841077744960785,-0.002841077744960785,-0.011363781988620758,-0.00852280855178833,-0.00852280855178833,-0.01452280855178833,close,0,0,23,2024-03-01
2024-03-06,1104,27.353599548339844,0.4628492283029551,1,-1.973710794800354e-08,0.003205059329047799,-0.008012842386960983,0.001602519885636866,0.001602519885636866,-0.004397480114363134,close,0,0,23,2024-03-01
2024-03-06,1110,17.504688262939453,0.4628492283029551,0,-0.0083566689863801,-3.8755779030452686e-08,-0.0083566689863801,-0.002785617718473077,-0.002785617718473077,-0.008785617718473077,close,0,0,23,2024-03-01
2024-03-06,1201,18.093856811523438,0.4628492283029551,0,0.0,0.005276964046061039,-0.002638582605868578,0.0,0.0,-0.006,close,0,0,23,2024-03-01
2024-03-06,1210,55.377586364746094,0.4628492283029551,0,1.0726762589285954e-08,0.0016556145856156945,-0.013245073147118092,-0.0016556562623009086,-0.0016556562623009086,-0.007655656262300909,close,0,0,23,2024-03-01
2024-03-06,1215,90.74557495117188,0.4628492283029551,1,-9.788973187596639e-09,0.007049304433166981,-0.0070494008250534534,0.006042270455509424,0.006042270455509424,4.2270455509424085e-05,close,0,0,23,2024-03-01
2024-03-06,1216,71.08873748779297,0.4628492283029551,1,0.0026143884751945734,0.006535997148603201,-0.0039215595461428165,0.0039216578006744385,0.0039216578006744385,-0.0020783421993255616,close,0,0,23,2024-03-01
2024-03-06,1217,11.25802993774414,0.4628492283029551,0,-0.004219443537294865,0.00843875203281641,-0.008438868448138237,-0.008438868448138237,-0.008438868448138237,-0.014438868448138237,close,0,0,23,2024-03-01
2024-03-06,1218,20.53441047668457,0.4628492283029551,0,-0.0022830069065093994,-0.0022830069065093994,-0.018264761194586754,-0.01598169095814228,-0.01598169095814228,-0.02198169095814228,close,0,0,23,2024-03-01
2024-03-06,1219,17.28257179260254,0.4628492283029551,0,-0.0026455807965248823,-6.515008976748504e-08,-0.007936611771583557,-0.007936611771583557,-0.007936611771583557,-0.013936611771583557,close,0,0,23,2024-03-01
2024-03-06,1225,54.5217399597168,0.4628492283029551,0,-0.023636342957615852,-0.0018181473715230823,-0.023636342957615852,-0.0036363706458359957,-0.023636342957615852,-0.02963634295761585,gap_stop,0,1,23,2024-03-01
2024-03-06,1227,34.83982467651367,0.4628492283029551,0,-0.0013314277166500688,1.1002637734236487e-07,-0.002662965562194586,-0.002662965562194586,-0.002662965562194586,-0.008662965562194586,close,0,0,23,2024-03-01
2024-03-06,1229,56.53350830078125,0.4628492283029551,0,-0.004457581322640181,5.41264029152444e-08,-0.007429381366819143,-0.004457581322640181,-0.004457581322640181,-0.01045758132264018,close,0,0,23,2024-03-01
2024-03-06,1231,70.84754943847656,0.4628492283029551,0,-0.0022675753571093082,1.993368314856525e-08,-0.0056689162738621235,-0.0022675753571093082,-0.0022675753571093082,-0.008267575357109308,close,0,0,23,2024-03-01
2024-03-06,1301,68.35791015625,0.4628492283029551,0,-0.0028368085622787476,-0.0014183905441313982,-0.011347534134984016,-0.009929007850587368,-0.009929007850587368,-0.015929007850587366,close,0,0,23,2024-03-01
2024-03-06,1303,54.19051742553711,0.4628492283029551,1,-0.0017762109637260437,0.007104783318936825,-0.007104794029146433,0.0035523721016943455,0.0035523721016943455,-0.0024476278983056547,close,0,0,23,2024-03-01
2024-03-06,1304,17.194719314575195,0.4628492283029551,0,-0.00279315747320652,-0.00279315747320652,-0.02234625443816185,-0.01955300010740757,-0.02,-0.026000000000000002,stop_loss,0,1,23,2024-03-01
2024-03-06,1305,18.832307815551758,0.4628492283029551,0,-8.126321837664818e-09,0.002570646582171321,-0.012853478081524372,-0.010282822884619236,-0.010282822884619236,-0.016282822884619234,close,0,0,23,2024-03-01
2024-03-07,1101,29.876399993896484,0.45749137252533717,0,-6.06848828965667e-08,0.004687486682087183,-0.004687548615038395,-0.004687548615038395,-0.004687548615038395,-0.010687548615038395,close,0,0,23,2024-03-01
2024-03-07,1102,36.31910705566406,0.45749137252533717,1,-0.0012391945347189903,0.003717453684657812,-0.008674119599163532,0.0012391768395900726,0.0012391768395900726,-0.0047608231604099275,close,0,0,23,2024-03-01
2024-03-07,1103,16.342132568359375,0.45749137252533717,0,-0.0028653903864324093,-0.0028653903864324093,-0.011461356654763222,-0.008596071042120457,-0.008596071042120457,-0.014596071042120457,close,0,0,23,2024-03-01
2024-03-07,1104,27.39743423461914,0.45749137252533717,0,-0.004799994640052319,0.0032000078354030848,-0.017599986866116524,-0.006400032434612513,-0.006400032434612513,-0.012400032434612513,close,0,0,23,2024-03-01
2024-03-07,1110,17.4559268951416,0.45749137252533717,1,-0.008379900828003883,0.005586579442024231,-0.008379900828003883,0.005586579442024231,0.005586579442024231,-0.00041342055797576917,close,0,0,23,2024-03-01
2024-03-07,1201,18.093856811523438,0.45749137252533717,0,-0.0026385162491351366,6.65794601673042e-08,-0.0052769985049963,-0.0026385162491351366,-0.0026385162491351366,-0.008638516249135137,close,0,0,23,2024-03-01
2024-03-07,1210,55.2859001159668,0.45749137252533717,0,-0.0033167691435664892,-0.0016583565156906843,-0.016583755612373352,-0.014925342053174973,-0.014925342053174973,-0.02092534205317497,close,0,0,23,2024-03-01
2024-03-07,1215,91.29388427734375,0.45749137252533717,0,-0.0020019947551190853,-0.001000932534225285,-0.011010942980647087,-0.00900897104293108,-0.00900897104293108,-0.01500897104293108,close,0,0,23,2024-03-01
2024-03-07,1216,71.36752319335938,0.45749137252533717,0,-0.013020900078117847,-0.0065104844979941845,-0.019531317055225372,-0.01432306319475174,-0.01432306319475174,-0.020323063194751738,close,0,0,23,2024-03-01
2024-03-07,1217,11.16302490234375,0.45749137252533717,0,-9.254316424289755e-09,-9.254316424289755e-09,-0.008510679937899113,-0.004255344625562429,-0.004255344625562429,-0.01025534462556243,close,0,0,23,2024-03-01
2024-03-07,1218,20.206235885620117,0.45749137252533717,0,-0.004640307743102312,-0.002320157364010811,-0.02088162489235401,-0.011600935831665993,-0.02,-0.026000000000000002,stop_loss,0,1,23,2024-03-01
2024-03-07,1219,17.14540672302246,0.45749137252533717,0,5.246228695909849e-08,0.0026667327620089054,-0.010666563175618649,-0.007999883033335209,-0.007999883033335209,-0.013999883033335209,close,0,0,23,2024-03-01
2024-03-07,1225,54.32347869873047,0.45749137252533717,1,-0.007299235090613365,0.00364964222535491,-0.007299235090613365,0.00364964222535491,0.00364964222535491,-0.0023503577746450902,close,0,0,23,2024-03-01
2024-03-07,1227,34.747047424316406,0.45749137252533717,0,-0.0013352101668715477,-0.0013352101668715477,-0.009345971047878265,-0.0053405906073749065,-0.0053405906073749065,-0.011340590607374907,close,0,0,23,2024-03-01
2024-03-07,1229,56.2815055847168,0.45749137252533717,0,-0.0029851007275283337,-0.0014925476862117648,-0.019402991980314255,-0.019402991980314255,-0.019402991980314255,-0.025402991980314253,close,0,0,23,2024-03-01
2024-03-07,1231,70.68689727783203,0.45749137252533717,0,-0.0011363986413925886,-0.0011363986413925886,-0.005681896116584539,-0.003409147495403886,-0.003409147495403886,-0.009409147495403886,close,0,0,23,2024-03-01
2024-03-07,1301,67.67918395996094,0.45749137252533717,0,-0.004298042971640825,-0.002865399932488799,-0.017192047089338303,-0.017192047089338303,-0.017192047089338303,-0.0231920470893383,close,0,0,23,2024-03-01
2024-03-07,1303,54.38302230834961,0.45749137252533717,0,-0.008849569596350193,-0.005309733562171459,-0.019469011574983597,-0.01769912801682949,-0.01769912801682949,-0.02369912801682949,close,0,0,23,2024-03-01
2024-03-07,1304,16.858510971069336,0.45749137252533717,0,-0.002849030075594783,-0.002849030075594783,-0.03133905678987503,-0.03133905678987503,-0.02,-0.026000000000000002,stop_loss,0,1,23,2024-03-01
2024-03-07,1305,18.63865852355957,0.45749137252533717,0,-4.126813557547848e-09,0.002597358776256442,-0.007792192045599222,-0.005194829311221838,-0.005194829311221838,-0.011194829311221838,close,0,0,23,2024-03-01
2024-03-08,1101,29.736352920532227,0.45749137252533717,0,1.9630826741945384e-08,1.9630826741945384e-08,-0.007849274203181267,-0.0015698750503361225,-0.0015698750503361225,-0.007569875050336123,close,0,0,23,2024-03-01
2024-03-08,1102,36.364112854003906,0.45749137252533717,0,-0.006188118364661932,0.0012376048834994435,-0.006188118364661932,0.0,0.0,-0.006,close,0,0,23,2024-03-01
2024-03-08,1103,16.2016544342041,0.45749137252533717,1,4.010319898384296e-08,0.0057804095558822155,-0.005780219100415707,0.002890279982239008,0.002890279982239008,-0.003109720017760992,close,0,0,23,2024-03-01
2024-03-08,1104,27.222089767456055,0.45749137252533717,1,-0.0016102232038974762,0.02254437655210495,-0.0016102232038974762,0.020934032276272774,0.020934032276272774,0.014934032276272774,close,0,0,23,2024-03-01
2024-03-08,1110,17.55344581604004,0.45749137252533717,0,3.405892101682184e-08,0.005555611103773117,-0.005555542651563883,-0.005555542651563883,-0.005555542651563883,-0.011555542651563883,close,0,0,23,2024-03-01
2024-03-08,1201,18.04611587524414,0.45749137252533717,0,0.0,0.005291025619953871,-0.005291025619953871,0.0,0.0,-0.006,close,0,0,23,2024-03-01
2024-03-08,1210,54.46073913574219,0.45749137252533717,1,3.6482042276020366e-08,0.01178449671715498,3.6482042276020366e-08,0.003366988617926836,0.003366988617926836,-0.002633011382073164,close,0,0,23,2024-03-01
2024-03-08,1215,90.47142028808594,0.45749137252533717,1,-0.002020233077928424,0.005050442647188902,-0.0030303956009447575,0.002020109212026,0.002020109212026,-0.003979890787974,close,0,0,23,2024-03-01
2024-03-08,1216,70.34532165527344,0.45749137252533717,1,0.01056810561567545,0.014531158842146397,-0.002641934435814619,0.011889089830219746,0.011889089830219746,0.0058890898302197455,close,0,0,23,2024-03-01
2024-03-08,1217,11.115522384643555,0.45749137252533717,0,-0.004273520782589912,0.008547041565179825,-0.004273520782589912,0.0,0.0,-0.006,close,0,0,23,2024-03-01
2024-03-08,1218,19.971824645996094,0.45749137252533717,0,-0.002347382018342614,0.021126797422766685,-0.002347382018342614,0.0,0.0,-0.006,close,0,0,23,2024-03-01
2024-03-08,1219,17.00824546813965,0.45749137252533717,1,-1.541349092804012e-08,0.0026881699450314045,-0.0053763859905302525,0.0026881699450314045,0.0026881699450314045,-0.0033118300549685956,close,0,0,23,2024-03-01
2024-03-08,1225,54.5217399597168,0.45749137252533717,1,-2.062666837332472e-08,0.010909042321145535,-2.062666837332472e-08,0.010909042321145535,0.010909042321145535,0.004909042321145534,close,0,0,23,2024-03-01
2024-03-08,1227,34.56147766113281,0.45749137252533717,1,1.1726403670309082e-07,0.005369266029447317,-0.0013421443291008472,0.005369266029447317,0.005369266029447317,-0.000630733970552683,close,0,0,23,2024-03-01
2024-03-08,1229,55.189476013183594,0.45749137252533717,1,0.025875143706798553,0.060882728546857834,0.02283097244799137,0.04718408361077309,0.03,0.024,take_profit,1,0,23,2024-03-01
2024-03-08,1231,70.44591522216797,0.45749137252533717,1,0.06043337285518646,0.06613463163375854,0.041049081832170486,0.05131138488650322,0.03,0.024,gap_take_profit,1,0,23,2024-03-01
2024-03-08,1301,66.51564025878906,0.45749137252533717,1,-0.008746359497308731,0.010204121470451355,-0.011661767028272152,0.004373196046799421,0.004373196046799421,-0.0016268039532005788,close,0,0,23,2024-03-01
2024-03-08,1303,53.42049026489258,0.45749137252533717,1,-0.0036036670207977295,0.0180179663002491,-0.0036036670207977295,0.0108107328414917,0.0108107328414917,0.004810732841491699,close,0,0,23,2024-03-01
2024-03-08,1304,16.330181121826172,0.45749137252533717,1,2.789722053364585e-08,0.03235292434692383,2.789722053364585e-08,0.017647042870521545,0.03,0.024,take_profit,1,0,23,2024-03-01
2024-03-08,1305,18.541833877563477,0.45749137252533717,1,0.00261108111590147,0.018276838585734367,-0.002610871335491538,0.00261108111590147,0.00261108111590147,-0.00338891888409853,close,0,0,23,2024-03-01
2024-03-11,1101,29.68967056274414,0.45749137252533717,1,4.105406148369184e-08,0.006289373617619276,-0.0015722621465101838,0.006289373617619276,0.006289373617619276,0.0002893736176192759,close,0,0,23,2024-03-01
2024-03-11,1102,36.364112854003906,0.45749137252533717,1,-0.002475359942764044,0.006188062485307455,-0.0037129647098481655,0.00495036318898201,0.00495036318898201,-0.0010496368110179902,close,0,0,23,2024-03-01
2024-03-11,1103,16.24848175048828,0.45749137252533717,0,-4.010319898384296e-08,0.002881760010495782,-0.008645550347864628,-0.002881950233131647,-0.002881950233131647,-0.008881950233131647,close,0,0,23,2024-03-01
2024-03-11,1104,27.79195785522461,0.45749137252533717,0,-0.017350193113088608,-0.0015773175982758403,-0.017350193113088608,-0.007886492647230625,-0.007886492647230625,-0.013886492647230625,close,0,0,23,2024-03-01
2024-03-11,1110,17.4559268951416,0.45749137252533717,1,0.005586579442024231,0.005586579442024231,-3.405892101682184e-08,0.005586579442024231,0.005586579442024231,-0.00041342055797576917,close,0,0,23,2024-03-01
2024-03-11,1201,18.04611587524414,0.45749137252533717,1,0.0052909585647284985,0.015873009338974953,-0.0052910917438566685,0.0026454965118318796,0.0026454965118318796,-0.0033545034881681205,close,0,0,23,2024-03-01
2024-03-11,1210,54.644107818603516,0.45749137252533717,1,-0.0016778981080278754,0.013422798365354538,-0.0016778981080278754,0.008389189839363098,0.008389189839363098,0.002389189839363098,close,0,0,23,2024-03-01
2024-03-11,1215,90.65418243408203,0.45749137252533717,1,0.004032313823699951,0.02822588011622429,0.004032313823699951,0.02318555675446987,0.02318555675446987,0.017185556754469873,close,0,0,23,2024-03-01
2024-03-11,1216,71.1816635131836,0.45749137252533717,0,-0.0013054631417617202,0.0026110259350389242,-0.007832878269255161,0.0,0.0,-0.006,close,0,0,23,2024-03-01
2024-03-11,1217,11.115522384643555,0.45749137252533717,1,0.004273530095815659,0.008547050878405571,9.254316424289755e-09,0.004273530095815659,0.004273530095815659,-0.0017264699041843416,close,0,0,23,2024-03-01
2024-03-11,1218,19.971824645996094,0.45749137252533717,1,0.0023474227637052536,0.011737040244042873,-4.870041436788597e-08,0.009389658458530903,0.009389658458530903,0.0033896584585309027,close,0,0,23,2024-03-01
2024-03-11,1219,17.053966522216797,0.45749137252533717,0,0.0026808730326592922,0.0026808730326592922,-0.0026809785049408674,0.0,0.0,-0.006,close,0,0,23,2024-03-01
2024-03-11,1225,55.116519927978516,0.45749137252533717,1,0.0035971193574368954,0.008992789313197136,0.0035971193574368954,0.008992789313197136,0.008992789313197136,0.002992789313197136,close,0,0,23,2024-03-01
2024-03-11,1227,34.747047424316406,0.45749137252533717,1,0.002670192625373602,0.006675573997199535,0.002670192625373602,0.006675573997199535,0.006675573997199535,0.0006755739971995352,close,0,0,23,2024-03-01
2024-03-11,1229,57.793540954589844,0.45749137252533717,0,0.008721019141376019,0.008721019141376019,-0.007267398294061422,-0.00290688662789762,-0.00290688662789762,-0.00890688662789762,close,0,0,23,2024-03-01
2024-03-11,1231,74.06059265136719,0.45749137252533717,1,0.0010845389915630221,0.030368732288479805,0.0010845389915630221,0.024945735931396484,0.03,0.024,take_profit,1,0,23,2024-03-01
2024-03-11,1301,66.80652618408203,0.45749137252533717,1,0.0014513584319502115,0.010159608907997608,0.0014513584319502115,0.005805538967251778,0.005805538967251778,-0.00019446103274822248,close,0,0,23,2024-03-01
2024-03-11,1303,53.99800491333008,0.45749137252533717,1,0.003565169870853424,0.01247782725840807,0.003565169870853424,0.010695322416722775,0.010695322416722775,0.004695322416722774,close,0,0,23,2024-03-01
2024-03-11,1304,16.61836051940918,0.45749137252533717,1,0.0028902122285217047,0.01734107919037342,0.0028902122285217047,0.005780341569334269,0.005780341569334269,-0.00021965843066573155,close,0,0,23,2024-03-01
2024-03-11,1305,18.590248107910156,0.45749137252533717,1,0.0026040798984467983,0.01041655894368887,-4.67866918540949e-08,0.00781243247911334,0.00781243247911334,0.0018124324791133403,close,0,0,23,2024-03-01
2024-03-12,1101,29.876399993896484,0.4650744916501311,0,-0.004687481094151735,-0.0015624691732227802,-0.009374969638884068,-0.009374969638884068,-0.009374969638884068,-0.015374969638884068,close,0,0,23,2024-03-01
2024-03-12,1102,36.54412841796875,0.4650744916501311,0,-0.0061575244180858135,-0.001231396454386413,-0.009852049872279167,-0.0061575244180858135,-0.0061575244180858135,-0.012157524418085814,close,0,0,23,2024-03-01
2024-03-12,1103,16.2016544342041,0.4650744916501311,0,-0.0028900443576276302,0.002890325151383877,-0.005780173931270838,-0.0028900443576276302,-0.0028900443576276302,-0.00889004435762763,close,0,0,23,2024-03-01
2024-03-12,1104,27.572776794433594,0.4650744916501311,0,-0.0031795823015272617,0.00476954597979784,-0.006359246093779802,-0.0015897813718765974,-0.0015897813718765974,-0.0075897813718765975,close,0,0,23,2024-03-01
2024-03-12,1110,17.55344581604004,0.4650744916501311,0,-0.008333314210176468,-0.0027777375653386116,-0.011111156083643436,-0.008333314210176468,-0.008333314210176468,-0.014333314210176468,close,0,0,23,2024-03-01
2024-03-12,1201,18.093856811523438,0.4650744916501311,0,9.934609579431708e-08,0.0026385816745460033,-0.007915548980236053,-0.007915548980236053,-0.007915548980236053,-0.013915548980236054,close,0,0,23,2024-03-01
2024-03-12,1210,55.1025276184082,0.4650744916501311,0,0.0,0.01331119891256094,-0.0016638681991025805,0.0,0.0,-0.006,close,0,0,23,2024-03-01
2024-03-12,1215,92.75605010986328,0.4650744916501311,1,-0.004926128778606653,0.009852196089923382,-0.004926128778606653,0.00492608780041337,0.00492608780041337,-0.00107391219958663,close,0,0,23,2024-03-01
2024-03-12,1216,71.1816635131836,0.4650744916501311,1,-0.007832875475287437,0.026109663769602776,-0.007832875475287437,0.01827678456902504,0.01827678456902504,0.01227678456902504,close,0,0,23,2024-03-01
2024-03-12,1217,11.16302490234375,0.4650744916501311,0,0.00425540329888463,0.00425540329888463,-0.021276529878377914,-0.008510603569447994,-0.02,-0.026000000000000002,stop_loss,0,1,23,2024-03-01
2024-03-12,1218,20.159353256225586,0.4650744916501311,1,1.5052160406980875e-08,0.03953491896390915,1.5052160406980875e-08,0.023255828768014908,0.03,0.024,take_profit,1,0,23,2024-03-01
2024-03-12,1219,17.053966522216797,0.4650744916501311,0,-0.002680976176634431,2.3096899948171767e-09,-0.02412869781255722,-0.018766742199659348,-0.02,-0.026000000000000002,stop_loss,0,1,23,2024-03-01
2024-03-12,1225,55.6121711730957,0.4650744916501311,1,-0.014260242693126202,0.0035650695208460093,-0.014260242693126202,0.0035650695208460093,0.0035650695208460093,-0.002434930479153991,close,0,0,23,2024-03-01
2024-03-12,1227,34.97900390625,0.4650744916501311,0,-0.003978936467319727,-0.0013263560831546783,-0.005305175669491291,-0.003978936467319727,-0.003978936467319727,-0.009978936467319727,close,0,0,23,2024-03-01
2024-03-12,1229,57.62554168701172,0.4650744916501311,1,-3.9724451283973394e-08,0.01020402368158102,-0.004373263567686081,0.008746282197535038,0.008746282197535038,0.002746282197535038,close,0,0,23,2024-03-01
2024-03-12,1231,75.90808868408203,0.4650744916501311,1,-0.007407395634800196,0.010582047514617443,-0.007407395634800196,0.007407463155686855,0.007407463155686855,0.0014074631556868552,close,0,0,23,2024-03-01
2024-03-12,1301,67.19437408447266,0.4650744916501311,0,-3.205439469411431e-08,-3.205439469411431e-08,-0.017316114157438278,-0.012987066060304642,-0.012987066060304642,-0.01898706606030464,close,0,0,23,2024-03-01
2024-03-12,1303,54.575531005859375,0.4650744916501311,0,-0.0017637378768995404,0.0017636122647672892,-0.02469141222536564,-0.019400421530008316,-0.02,-0.026000000000000002,stop_loss,0,1,23,2024-03-01
2024-03-12,1304,16.714420318603516,0.4650744916501311,0,-0.0057470775209367275,-0.0028734481893479824,-0.01724126562476158,-0.014367746189236641,-0.014367746189236641,-0.02036774618923664,close,0,0,23,2024-03-01
2024-03-12,1305,18.735483169555664,0.4650744916501311,0,-1.2381113023707258e-08,0.005167965777218342,-0.01808788627386093,-0.01550394669175148,-0.01550394669175148,-0.02150394669175148,close,0,0,23,2024-03-01
2024-03-13,1101,29.596309661865234,0.4666264124039824,1,-6.946901276450035e-09,0.009463691152632236,-6.946901276450035e-09,0.009463691152632236,0.009463691152632236,0.0034636911526322364,close,0,0,23,2024-03-01
2024-03-13,1102,36.31910705566406,0.4666264124039824,1,-7.757703457400567e-08,0.019826514646410942,-7.757703457400567e-08,0.019826514646410942,0.019826514646410942,0.013826514646410942,close,0,0,23,2024-03-01
2024-03-13,1103,16.154830932617188,0.4666264124039824,1,-4.51237305298946e-08,0.005797078367322683,-4.51237305298946e-08,0.005797078367322683,0.005797078367322683,-0.0002029216326773168,close,0,0,23,2024-03-01
2024-03-13,1104,27.528942108154297,0.4666264124039824,1,0.003184718079864979,0.014331230893731117,-0.001592341111972928,0.014331230893731117,0.014331230893731117,0.008331230893731117,close,0,0,23,2024-03-01
2024-03-13,1110,17.407167434692383,0.4666264124039824,0,0.005602261982858181,0.008403339423239231,-0.002801184542477131,0.0,0.0,-0.006,close,0,0,23,2024-03-01
2024-03-13,1201,17.950634002685547,0.4666264124039824,1,0.005319138057529926,0.023936180397868156,0.005319138057529926,0.01329784095287323,0.01329784095287323,0.00729784095287323,close,0,0,23,2024-03-01
2024-03-13,1210,55.1025276184082,0.4666264124039824,1,0.004991746507585049,0.028286218643188477,0.003327814629301429,0.006655614357441664,0.006655614357441664,0.0006556143574416636,close,0,0,23,2024-03-01
2024-03-13,1215,93.21297454833984,0.4666264124039824,0,0.004901919048279524,0.019607800990343094,-0.01470592338591814,-0.009803962893784046,-0.009803962893784046,-0.015803962893784045,close,0,0,23,2024-03-01
2024-03-13,1216,72.48263549804688,0.4666264124039824,0,0.0012820044066756964,0.00641022901982069,-0.0089743472635746,-0.002564090769737959,-0.002564090769737959,-0.008564090769737959,close,0,0,23,2024-03-01
2024-03-13,1217,11.068020820617676,0.4666264124039824,1,-6.757677795121708e-08,0.012875517830252647,-0.004291847348213196,0.008583655580878258,0.008583655580878258,0.0025836555808782576,close,0,0,23,2024-03-01
2024-03-13,1218,20.628175735473633,0.4666264124039824,0,0.0045455098152160645,0.01818183995783329,-0.002272654790431261,-0.002272654790431261,-0.002272654790431261,-0.008272654790431261,close,0,0,23,2024-03-01
2024-03-13,1219,16.733919143676758,0.4666264124039824,1,-2.3096902168617817e-09,0.021857814863324165,-2.3096902168617817e-09,0.019125668331980705,0.019125668331980705,0.013125668331980705,close,0,0,23,2024-03-01
2024-03-13,1225,55.81043243408203,0.4666264124039824,1,0.0017762366915121675,0.003552408656105399,-2.9159274994583484e-09,0.0017762366915121675,0.0017762366915121675,-0.004223763308487833,close,0,0,23,2024-03-01
2024-03-13,1227,34.83982467651367,0.4666264124039824,1,-1.2030521023831398e-10,0.003994714468717575,-1.2030521023831398e-10,0.0013315374962985516,0.0013315374962985516,-0.0046684625037014486,close,0,0,23,2024-03-01
2024-03-13,1229,58.12955093383789,0.4666264124039824,0,4.198301795099724e-08,0.004335285630077124,-0.01011554803699255,-0.007225405890494585,-0.007225405890494585,-0.013225405890494585,close,0,0,23,2024-03-01
2024-03-13,1231,76.47037506103516,0.4666264124039824,1,-0.0021008893381804228,0.009453696198761463,-0.007352991495281458,0.0031512128189206123,0.0031512128189206123,-0.002848787181079388,close,0,0,23,2024-03-01
2024-03-13,1301,66.32171630859375,0.4666264124039824,1,0.0014619980938732624,0.013157948851585388,3.205439469411431e-08,0.013157948851585388,0.013157948851585388,0.007157948851585388,close,0,0,23,2024-03-01
2024-03-13,1303,53.51674270629883,0.4666264124039824,1,0.0035971200559288263,0.016187062487006187,-0.0035970835015177727,0.01438852772116661,0.01438852772116661,0.00838852772116661,close,0,0,23,2024-03-01
2024-03-13,1304,16.474271774291992,0.4666264124039824,0,0.0029154187068343163,0.008746232837438583,-0.002915506949648261,-0.002915506949648261,-0.002915506949648261,-0.008915506949648261,close,0,0,23,2024-03-01
2024-03-13,1305,18.445009231567383,0.4666264124039824,0,0.00262473220936954,0.015748092904686928,0.0,0.0,0.0,-0.006,close,0,0,23,2024-03-01
2024-03-14,1101,29.876399993896484,0.46807736544680484,0,-0.0031250519677996635,0.004687507636845112,-0.004687528125941753,-0.0015625162050127983,-0.0015625162050127983,-0.0075625162050127984,close,0,0,23,2024-03-01
2024-03-14,1102,37.039188385009766,0.46807736544680484,0,-4.8079066061745834e-08,0.0012150000547990203,-0.009720618836581707,-0.0012151889968663454,-0.0012151889968663454,-0.0072151889968663455,close,0,0,23,2024-03-01
2024-03-14,1103,16.24848175048828,0.46807736544680484,0,0.0028818128630518913,0.008645523339509964,-0.011527408845722675,-0.00864549819380045,-0.00864549819380045,-0.01464549819380045,close,0,0,23,2024-03-01
2024-03-14,1104,27.923465728759766,0.46807736544680484,0,-0.0015699067153036594,-0.0015699067153036594,-0.012558933347463608,-0.012558933347463608,-0.012558933347463608,-0.018558933347463606,close,0,0,23,2024-03-01
2024-03-14,1110,17.407167434692383,0.46807736544680484,0,0.0028010776732116938,0.005602261982858181,0.0,0.0,0.0,-0.006,close,0,0,23,2024-03-01
2024-03-14,1201,18.18933868408203,0.46807736544680484,0,-6.813615982537158e-08,0.002624663757160306,-0.010498695075511932,-0.005249331705272198,-0.005249331705272198,-0.011249331705272198,close,0,0,23,2024-03-01
2024-03-14,1210,55.469268798828125,0.46807736544680484,0,-0.018181752413511276,-0.018181752413511276,-0.06776852905750275,-0.061156999319791794,-0.02,-0.026000000000000002,stop_loss,0,1,23,2024-03-01
2024-03-14,1215,92.29911804199219,0.46807736544680484,0,0.0,0.009900989942252636,-0.009900989942252636,0.0,0.0,-0.006,close,0,0,23,2024-03-01
2024-03-14,1216,72.29678344726562,0.46807736544680484,0,5.719962103967191e-08,5.719962103967191e-08,-0.010282758623361588,-0.0038560233078897,-0.0038560233078897,-0.0098560233078897,close,0,0,23,2024-03-01
2024-03-14,1217,11.16302490234375,0.46807736544680484,0,6.757678505664444e-08,6.757678505664444e-08,-0.012765858322381973,-0.008510603569447994,-0.008510603569447994,-0.014510603569447994,close,0,0,23,2024-03-01
2024-03-14,1218,20.581295013427734,0.46807736544680484,0,0.0045557161793112755,0.0045557161793112755,-0.015945369377732277,-0.004555848427116871,-0.004555848427116871,-0.010555848427116871,close,0,0,23,2024-03-01
2024-03-14,1219,17.053966522216797,0.46807736544680484,1,-0.005361978430300951,0.0026808511465787888,-0.005361978430300951,0.0026808511465787888,0.0026808511465787888,-0.0033191488534212114,close,0,0,23,2024-03-01
2024-03-14,1225,55.90956497192383,0.46807736544680484,0,-0.005319173447787762,-0.001773060648702085,-0.01595744490623474,-0.01595744490623474,-0.01595744490623474,-0.02195744490623474,close,0,0,23,2024-03-01
2024-03-14,1227,34.88621520996094,0.46807736544680484,0,1.1041472447459455e-07,1.1041472447459455e-07,-0.0053189583122730255,-0.0053189583122730255,-0.0053189583122730255,-0.011318958312273026,close,0,0,23,2024-03-01
2024-03-14,1229,57.70954132080078,0.46807736544680484,0,-4.5149221250539995e-08,0.004366813227534294,-0.01455605123192072,-0.01455605123192072,-0.01455605123192072,-0.020556051231920718,close,0,0,23,2024-03-01
2024-03-14,1231,76.71134948730469,0.46807736544680484,1,-0.001047189231030643,0.011518278159201145,-0.001047189231030643,0.0010470714187249541,0.0010470714187249541,-0.004952928581275046,close,0,0,23,2024-03-01
2024-03-14,1301,67.19437408447266,0.46807736544680484,0,0.0014430040027946234,0.0014430040027946234,-0.010101051069796085,-0.010101051069796085,-0.010101051069796085,-0.016101051069796084,close,0,0,23,2024-03-01
2024-03-14,1303,54.28676986694336,0.46807736544680484,0,-0.00709216482937336,-0.00177302910014987,-0.03368791192770004,-0.03368791192770004,-0.02,-0.026000000000000002,stop_loss,0,1,23,2024-03-01
2024-03-14,1304,16.426240921020508,0.46807736544680484,0,1.009897303561047e-07,1.009897303561047e-07,-0.020467760041356087,-0.020467760041356087,-0.02,-0.026000000000000002,stop_loss,0,1,23,2024-03-01
2024-03-14,1305,18.445009231567383,0.46807736544680484,0,4.274285814176437e-08,4.274285814176437e-08,-0.026246678084135056,-0.018372582271695137,-0.02,-0.026000000000000002,stop_loss,0,1,23,2024-03-01
2024-03-15,1101,29.8297176361084,0.4561787801979388,0,4.701119493688566e-08,4.701119493688566e-08,-0.010954582132399082,-0.007824678905308247,-0.007824678905308247,-0.013824678905308247,close,0,0,23,2024-03-01
2024-03-15,1102,36.994178771972656,0.4561787801979388,0,0.0012166192755103111,0.010948924347758293,0.0,0.0,0.0,-0.006,close,0,0,23,2024-03-01
2024-03-15,1103,16.10800552368164,0.4561787801979388,0,-4.0417695856831415e-08,0.0029068917501717806,-0.00581401539966464,-0.0029070833697915077,-0.0029070833697915077,-0.008907083369791508,close,0,0,23,2024-03-01
2024-03-15,1104,27.572776794433594,0.4561787801979388,1,0.014308524318039417,0.03815590962767601,0.014308524318039417,0.03338644653558731,0.03,0.024,take_profit,1,0,23,2024-03-01
2024-03-15,1110,17.407167434692383,0.4561787801979388,0,-0.002801184542477131,0.0,-0.002801184542477131,0.0,0.0,-0.006,close,0,0,23,2024-03-01
2024-03-15,1201,18.093856811523438,0.4561787801979388,0,0.007915547117590904,0.007915547117590904,-0.002638582605868578,0.0,0.0,-0.006,close,0,0,23,2024-03-01
2024-03-15,1210,52.076934814453125,0.4561787801979388,1,-4.623371552270328e-08,0.008802770636975765,-0.014084539376199245,0.00528163043782115,0.00528163043782115,-0.0007183695621788503,close,0,0,23,2024-03-01
2024-03-15,1215,92.29911804199219,0.4561787801979388,1,0.019802022725343704,0.019802022725343704,0.004950536414980888,0.009901031851768494,0.009901031851768494,0.0039010318517684935,close,0,0,23,2024-03-01
2024-03-15,1216,72.01800537109375,0.4561787801979388,0,-0.006451686844229698,0.002580531407147646,-0.015483904629945755,-0.015483904629945755,-0.015483904629945755,-0.021483904629945753,close,0,0,23,2024-03-01
2024-03-15,1217,11.068020820617676,0.4561787801979388,1,-7.683109259915e-08,0.008583646267652512,-0.004291856661438942,0.0042917849496006966,0.0042917849496006966,-0.0017082150503993036,close,0,0,23,2024-03-01
2024-03-15,1218,20.487529754638672,0.4561787801979388,0,1.83109261087111e-08,1.83109261087111e-08,-0.036613307893276215,-0.025171658024191856,-0.02,-0.026000000000000002,stop_loss,0,1,23,2024-03-01
2024-03-15,1219,17.099685668945312,0.4561787801979388,0,2.18167919285861e-08,2.18167919285861e-08,-0.00802130438387394,-0.0026736834552139044,-0.0026736834552139044,-0.008673683455213905,close,0,0,23,2024-03-01
2024-03-15,1225,55.017391204833984,0.4561787801979388,0,3.620806321436021e-09,3.620806321436021e-09,-0.0018017706461250782,-0.0018017706461250782,-0.0018017706461250782,-0.007801770646125078,close,0,0,23,2024-03-01
2024-03-15,1227,34.70065689086914,0.4561787801979388,0,0.0013368779327720404,0.0053475117310881615,-0.0013369799125939608,0.0,0.0,-0.006,close,0,0,23,2024-03-01
2024-03-15,1229,56.8695182800293,0.4561787801979388,0,0.0044312975369393826,0.0044312975369393826,-0.007385538890957832,0.0,0.0,-0.006,close,0,0,23,2024-03-01
2024-03-15,1231,76.79167175292969,0.4561787801979388,1,0.006276233587414026,0.009414291009306908,-0.0020920471288263798,0.008368207141757011,0.008368207141757011,0.0023682071417570113,close,0,0,23,2024-03-01
2024-03-15,1301,66.51564025878906,0.4561787801979388,0,0.002915462013334036,0.004373165778815746,-0.005830982234328985,-0.002915463875979185,-0.002915463875979185,-0.008915463875979185,close,0,0,23,2024-03-01
2024-03-15,1303,52.45796203613281,0.4561787801979388,1,0.012843984179198742,0.022018294781446457,0.005504506640136242,0.009174245409667492,0.009174245409667492,0.003174245409667492,close,0,0,23,2024-03-01
2024-03-15,1304,16.09003257751465,0.4561787801979388,0,-1.7117856021542366e-09,0.0029850273858755827,-0.02985074743628502,-0.011940346099436283,-0.02,-0.026000000000000002,stop_loss,0,1,23,2024-03-01
2024-03-15,1305,18.10612678527832,0.4561787801979388,0,-0.008021537214517593,-0.0053476798348128796,-0.02406427636742592,-0.018716663122177124,-0.02,-0.026000000000000002,stop_loss,0,1,23,2024-03-01
2024-03-18,1101,29.596309661865234,0.4561787801979388,0,-0.0015773203922435641,2.762020612223637e-09,-0.009463755413889885,-0.009463755413889885,-0.009463755413889885,-0.015463755413889885,close,0,0,23,2024-03-01
2024-03-18,1102,36.994178771972656,0.4561787801979388,0,7.984619543321969e-08,0.0012166992528364062,-0.013381898403167725,-0.013381898403167725,-0.013381898403167725,-0.019381898403167723,close,0,0,23,2024-03-01
2024-03-18,1103,16.06117820739746,0.4561787801979388,0,0.0,0.0,-0.002915407530963421,0.0,0.0,-0.006,close,0,0,23,2024-03-01
2024-03-18,1104,28.49333381652832,0.4561787801979388,0,-0.0015385820297524333,0.009230603463947773,-0.006153955589979887,-0.004615457728505135,-0.004615457728505135,-0.010615457728505135,close,0,0,23,2024-03-01
2024-03-18,1110,17.407167434692383,0.4561787801979388,0,-0.005602154415100813,1.0826831697841044e-07,-0.00840323232114315,-0.00840323232114315,-0.00840323232114315,-0.01440323232114315,close,0,0,23,2024-03-01
2024-03-18,1201,18.093856811523438,0.4561787801979388,0,-0.002638483652845025,9.934609579431708e-08,-0.007915548980236053,-0.007915548980236053,-0.007915548980236053,-0.013915548980236054,close,0,0,23,2024-03-01
2024-03-18,1210,52.351985931396484,0.4561787801979388,1,-1.1271180433425343e-08,0.010507909581065178,-1.1271180433425343e-08,0.0017513423226773739,0.0017513423226773739,-0.004248657677322626,close,0,0,23,2024-03-01
2024-03-18,1215,93.21297454833984,0.4561787801979388,1,0.004901899956166744,0.024509742856025696,0.004901899956166744,0.014705820940434933,0.014705820940434933,0.008705820940434933,close,0,0,23,2024-03-01
2024-03-18,1216,70.90288543701172,0.4561787801979388,0,-0.007863732054829597,0.0013106402475386858,-0.009174327366054058,-0.005242439918220043,-0.005242439918220043,-0.011242439918220043,close,0,0,23,2024-03-01
2024-03-18,1217,11.115522384643555,0.4561787801979388,0,0.0,0.004273520782589912,-0.004273520782589912,0.0,0.0,-0.006,close,0,0,23,2024-03-01
2024-03-18,1218,19.971824645996094,0.4561787801979388,1,-0.00469474121928215,0.014084585011005402,-0.00469474121928215,0.004694876726716757,0.004694876726716757,-0.0013051232732832433,close,0,0,23,2024-03-01
2024-03-18,1219,17.053966522216797,0.4561787801979388,0,1.541349092804012e-08,0.002680888632312417,-0.008042920380830765,-0.0026809631381183863,-0.0026809631381183863,-0.008680963138118386,close,0,0,23,2024-03-01
2024-03-18,1225,54.91826248168945,0.4561787801979388,1,-0.007220247760415077,0.0018050229409709573,-0.007220247760415077,0.0018050229409709573,0.0018050229409709573,-0.004194977059029043,close,0,0,23,2024-03-01
2024-03-18,1227,34.70065689086914,0.4561787801979388,1,-2.680403676791343e-10,0.002673755632713437,-0.0013369802618399262,0.0013368776999413967,0.0013368776999413967,-0.004663122300058603,close,0,0,23,2024-03-01
2024-03-18,1229,56.8695182800293,0.4561787801979388,0,4.289658050993239e-08,0.004431340843439102,-0.008862616494297981,-0.0073854960501194,-0.0073854960501194,-0.0133854960501194,close,0,0,23,2024-03-01
2024-03-18,1231,77.43428039550781,0.4561787801979388,1,0.0020746667869389057,0.020746853202581406,0.0020746667869389057,0.015560128726065159,0.015560128726065159,0.009560128726065159,close,0,0,23,2024-03-01
2024-03-18,1301,66.32171630859375,0.4561787801979388,0,-0.005847918801009655,-0.005847918801009655,-0.008771850727498531,-0.008771850727498531,-0.008771850727498531,-0.014771850727498531,close,0,0,23,2024-03-01
2024-03-18,1303,52.93922424316406,0.4561787801979388,0,-0.005454531405121088,0.007272754795849323,-0.005454531405121088,0.0,0.0,-0.006,close,0,0,23,2024-03-01
2024-03-18,1304,15.89791202545166,0.4561787801979388,0,-0.006042306777089834,0.012084534391760826,-0.009063524194061756,-0.0030212050769478083,-0.0030212050769478083,-0.009021205076947808,close,0,0,23,2024-03-01
2024-03-18,1305,17.767240524291992,0.4561787801979388,1,-0.005449607502669096,0.02452310174703598,-0.005449607502669096,0.005449616350233555,0.005449616350233555,-0.0005503836497664453,close,0,0,23,2024-03-01
2024-03-19,1101,29.31621742248535,0.46292354639475763,0,-3.496595013530168e-08,0.0015923581086099148,-0.019108327105641365,-0.015923600643873215,-0.015923600643873215,-0.021923600643873213,close,0,0,23,2024-03-01
2024-03-19,1102,36.49912643432617,0.46292354639475763,1,2.0603390993301218e-08,0.013563504442572594,-0.001233006245456636,0.0036991953384131193,0.0036991953384131193,-0.002300804661586881,close,0,0,23,2024-03-01
2024-03-19,1103,16.06117820739746,0.46292354639475763,0,-0.0029153216164559126,-0.0029153216164559126,-0.008746248669922352,-0.0029153216164559126,-0.0029153216164559126,-0.008915321616455913,close,0,0,23,2024-03-01
2024-03-19,1104,28.36182403564453,0.46292354639475763,0,-1.1029066548928768e-08,-1.1029066548928768e-08,-0.018547168001532555,-0.012364823371171951,-0.012364823371171951,-0.01836482337117195,close,0,0,23,2024-03-01
2024-03-19,1110,17.26089096069336,0.46292354639475763,0,-7.588686656845312e-08,0.005649554543197155,-0.014124368317425251,-0.005649814382195473,-0.005649814382195473,-0.011649814382195473,close,0,0,23,2024-03-01
2024-03-19,1201,17.950634002685547,0.46292354639475763,1,-6.701957744326137e-08,0.005319102201610804,-0.005319134797900915,0.002659568330273032,0.002659568330273032,-0.003340431669726968,close,0,0,23,2024-03-01
2024-03-19,1210,52.44367218017578,0.46292354639475763,1,0.005244738422334194,0.026223773136734962,0.005244738422334194,0.017482513561844826,0.017482513561844826,0.011482513561844826,close,0,0,23,2024-03-01
2024-03-19,1215,94.58374786376953,0.46292354639475763,1,-0.00483081815764308,0.024154692888259888,-0.00483081815764308,0.014492855407297611,0.014492855407297611,0.008492855407297611,close,0,0,23,2024-03-01
2024-03-19,1216,70.53118133544922,0.46292354639475763,1,-1.6377232014974652e-08,0.010540107265114784,-1.6377232014974652e-08,0.007905101403594017,0.007905101403594017,0.001905101403594017,close,0,0,23,2024-03-01
2024-03-19,1217,11.115522384643555,0.46292354639475763,0,-1.4425020289365875e-08,-1.4425020289365875e-08,-0.01282049436122179,-0.008546974509954453,-0.008546974509954453,-0.014546974509954453,close,0,0,23,2024-03-01
2024-03-19,1218,20.065589904785156,0.46292354639475763,1,0.018691536039114,0.06542050838470459,0.018691536039114,0.06308409571647644,0.03,0.024,take_profit,1,0,23,2024-03-01
2024-03-19,1219,17.00824546813965,0.46292354639475763,0,-8.167183551677226e-08,0.002688103588297963,-0.00537645211443305,-0.00537645211443305,-0.00537645211443305,-0.01137645211443305,close,0,0,23,2024-03-01
2024-03-19,1225,55.017391204833984,0.46292354639475763,0,-0.02342340536415577,3.620806321436021e-09,-0.02342340536415577,-0.0018017706461250782,-0.02342340536415577,-0.029423405364155768,gap_stop,0,1,23,2024-03-01
2024-03-19,1227,34.747047424316406,0.46292354639475763,0,-0.0013352102832868695,-1.1737559191260516e-07,-0.005340591073036194,-0.004005498252809048,-0.004005498252809048,-0.010005498252809048,close,0,0,23,2024-03-01
2024-03-19,1229,56.44950866699219,0.46292354639475763,1,-0.0014881729148328304,0.005952317267656326,-0.008928598836064339,0.0014880489325150847,0.0014880489325150847,-0.004511951067484915,close,0,0,23,2024-03-01
2024-03-19,1231,78.63916778564453,0.46292354639475763,0,0.0010215927613899112,0.0010215927613899112,-0.02962193451821804,-0.009192916564643383,-0.02,-0.026000000000000002,stop_loss,0,1,23,2024-03-01
2024-03-19,1301,65.73995208740234,0.46292354639475763,0,-6.148063391719916e-08,-6.148063391719916e-08,-0.01917414553463459,-0.014749322086572647,-0.014749322086572647,-0.020749322086572645,close,0,0,23,2024-03-01
2024-03-19,1303,52.93922424316406,0.46292354639475763,0,6.879889014044238e-08,0.003636446548625827,-0.025454506278038025,-0.025454506278038025,-0.02,-0.026000000000000002,stop_loss,0,1,23,2024-03-01
2024-03-19,1304,15.849881172180176,0.46292354639475763,0,-0.0030301965307444334,-0.0030301965307444334,-0.0242423415184021,-0.0242423415184021,-0.02,-0.026000000000000002,stop_loss,0,1,23,2024-03-01
2024-03-19,1305,17.864065170288086,0.46292354639475763,0,-0.002710102591663599,-1.3516866737006694e-08,-0.021680312231183052,-0.016260236501693726,-0.02,-0.026000000000000002,stop_loss,0,1,23,2024-03-01
2024-03-20,1101,28.849397659301758,0.46292354639475763,1,0.0161812212318182,0.02912619151175022,0.011326864361763,0.019417479634284973,0.019417479634284973,0.013417479634284973,close,0,0,23,2024-03-01
2024-03-20,1102,36.6341438293457,0.46292354639475763,1,0.007370983716100454,0.020884478464722633,0.003685442730784416,0.01597045548260212,0.01597045548260212,0.00997045548260212,close,0,0,23,2024-03-01
2024-03-20,1103,16.014354705810547,0.46292354639475763,1,0.005847929511219263,0.008771860972046852,-4.5592276620709526e-08,0.005847929511219263,0.005847929511219263,-0.00015207048878073705,close,0,0,23,2024-03-01
2024-03-20,1104,28.01113510131836,0.46292354639475763,1,0.0015650243731215596,0.009389753453433514,4.202699699362711e-08,0.009389753453433514,0.009389753453433514,0.0033897534534335135,close,0,0,23,2024-03-01
2024-03-20,1110,17.16337013244629,0.46292354639475763,1,0.005681878421455622,0.014204584062099457,3.8314727390798e-08,0.011363609693944454,0.011363609693944454,0.005363609693944454,close,0,0,23,2024-03-01
2024-03-20,1201,17.998374938964844,0.46292354639475763,0,0.007957606576383114,0.007957606576383114,-0.005304993130266666,-0.0026525137946009636,-0.0026525137946009636,-0.008652513794600964,close,0,0,23,2024-03-01
2024-03-20,1210,53.36051940917969,0.46292354639475763,0,0.0068728127516806126,0.010309251956641674,-0.0034364392049610615,0.0,0.0,-0.006,close,0,0,23,2024-03-01
2024-03-20,1215,95.95453643798828,0.46292354639475763,0,0.004761864896863699,0.009523769840598106,-0.019047658890485764,-0.009523849003016949,-0.009523849003016949,-0.015523849003016949,close,0,0,23,2024-03-01
2024-03-20,1216,71.08873748779297,0.46292354639475763,1,1.3895480321934883e-08,0.010457570664584637,-0.002614325378090143,0.0013071835273876786,0.0013071835273876786,-0.0046928164726123215,close,0,0,23,2024-03-01
2024-03-20,1217,11.02051830291748,0.46292354639475763,1,9.125611910576481e-08,0.008620732463896275,-0.004310270305722952,0.004310370422899723,0.004310370422899723,-0.001689629577100277,close,0,0,23,2024-03-01
2024-03-20,1218,21.331409454345703,0.46292354639475763,0,0.004395606927573681,0.004395606927573681,-0.02637365646660328,-0.02197803556919098,-0.02,-0.026000000000000002,stop_loss,0,1,23,2024-03-01
2024-03-20,1219,16.91680145263672,0.46292354639475763,0,0.0027027162723243237,0.005405432544648647,-0.0027027162723243237,0.0,0.0,-0.006,close,0,0,23,2024-03-01
2024-03-20,1225,54.91826248168945,0.46292354639475763,1,0.0018050126964226365,0.007220161147415638,0.0018050126964226365,0.007220161147415638,0.007220161147415638,0.0012201611474156378,close,0,0,23,2024-03-01
2024-03-20,1227,34.60786819458008,0.46292354639475763,1,0.0013405722565948963,0.004021598957479,0.0013405722565948963,0.0013405722565948963,0.0013405722565948963,-0.004659427743405104,close,0,0,23,2024-03-01
2024-03-20,1229,56.53350830078125,0.46292354639475763,1,0.0029718163423240185,0.008915351703763008,0.0014859806979075074,0.0044577163644135,0.0044577163644135,-0.0015422836355865003,close,0,0,23,2024-03-01
2024-03-20,1231,77.91624450683594,0.46292354639475763,0,-6.17533544300386e-08,0.006185468751937151,-0.004123812075704336,-0.004123812075704336,-0.004123812075704336,-0.010123812075704336,close,0,0,23,2024-03-01
2024-03-20,1301,64.77033233642578,0.46292354639475763,1,-0.002994020702317357,0.016467103734612465,-0.005987986922264099,0.008982072584331036,0.008982072584331036,0.0029820725843310355,close,0,0,23,2024-03-01
2024-03-20,1303,51.59168243408203,0.46292354639475763,1,-0.009328426793217659,0.03358207643032074,-0.009328426793217659,0.026119360700249672,0.03,0.024,take_profit,1,0,23,2024-03-01
2024-03-20,1304,15.465642929077148,0.46292354639475763,1,0.0031055109575390816,0.02173912152647972,0.0031055109575390816,0.018633460626006126,0.018633460626006126,0.012633460626006126,close,0,0,23,2024-03-01
2024-03-20,1305,17.573591232299805,0.46292354639475763,1,0.0027548931539058685,0.02203855663537979,0.0027548931539058685,0.011019335128366947,0.011019335128366947,0.005019335128366947,close,0,0,23,2024-03-01
2024-03-21,1101,29.40958023071289,0.46443593344236855,0,-0.007936481386423111,-0.0015872506191954017,-0.014285712502896786,-0.011111096478998661,-0.011111096478998661,-0.01711109647899866,close,0,0,23,2024-03-01
2024-03-21,1102,37.219207763671875,0.46443593344236855,0,2.757568040578917e-08,0.00846441276371479,-0.007255093660205603,-0.0024183152709156275,-0.0024183152709156275,-0.008418315270915628,close,0,0,23,2024-03-01
2024-03-21,1103,16.10800552368164,0.46443593344236855,0,-0.002906997688114643,4.5592280173423205e-08,-0.008720973506569862,-0.005813930183649063,-0.005813930183649063,-0.011813930183649063,close,0,0,23,2024-03-01
2024-03-21,1104,28.274152755737305,0.46443593344236855,0,8.693147535154822e-09,8.693147535154822e-09,-0.017054297029972076,-0.013953507877886295,-0.013953507877886295,-0.019953507877886294,close,0,0,23,2024-03-01
2024-03-21,1110,17.358407974243164,0.46443593344236855,1,-0.002808941761031747,0.011236002668738365,-0.002808941761031747,0.008427056483924389,0.008427056483924389,0.0024270564839243888,close,0,0,23,2024-03-01
2024-03-21,1201,17.950634002685547,0.46443593344236855,0,-6.888016912398598e-08,-6.888016912398598e-08,-0.007978771813213825,-0.005319136660546064,-0.005319136660546064,-0.011319136660546065,close,0,0,23,2024-03-01
2024-03-21,1210,53.36051940917969,0.46443593344236855,0,1.2791453229965555e-08,0.0034364520106464624,-0.010309305042028427,-0.010309305042028427,-0.010309305042028427,-0.016309305042028426,close,0,0,23,2024-03-01
2024-03-21,1215,95.04067993164062,0.46443593344236855,1,-0.009615344926714897,0.009615425020456314,-0.009615344926714897,0.009615425020456314,0.009615425020456314,0.003615425020456314,close,0,0,23,2024-03-01
2024-03-21,1216,71.1816635131836,0.46443593344236855,0,-0.00391635624691844,3.3192815607208104e-08,-0.022193139418959618,-0.015665724873542786,-0.02,-0.026000000000000002,stop_loss,0,1,23,2024-03-01
2024-03-21,1217,11.068020820617676,0.46443593344236855,1,0.008583655580878258,0.02145915850996971,-0.004291847348213196,0.008583655580878258,0.008583655580878258,0.0025836555808782576,close,0,0,23,2024-03-01
2024-03-21,1218,20.862586975097656,0.46443593344236855,0,0.002247156808152795,0.01123595517128706,-0.0157303549349308,0.0,0.0,-0.006,close,0,0,23,2024-03-01
2024-03-21,1219,16.91680145263672,0.46443593344236855,0,0.0054054479114711285,0.0054054479114711285,-0.0027027009055018425,-0.0027027009055018425,-0.0027027009055018425,-0.008702700905501843,close,0,0,23,2024-03-01
2024-03-21,1225,55.314781188964844,0.46443593344236855,0,-0.005376320332288742,-0.005376320332288742,-0.005376320332288742,-0.005376320332288742,-0.005376320332288742,-0.011376320332288742,close,0,0,23,2024-03-01
2024-03-21,1227,34.65426254272461,0.46443593344236855,1,-1.0273853945363953e-07,0.006693337112665176,-1.0273853945363953e-07,0.006693337112665176,0.006693337112665176,0.0006933371126651763,close,0,0,23,2024-03-01
2024-03-21,1229,56.785518646240234,0.46443593344236855,1,-5.610575470882395e-08,0.008875713683664799,-5.610575470882395e-08,0.002958555007353425,0.002958555007353425,-0.003041444992646575,close,0,0,23,2024-03-01
2024-03-21,1231,77.59493255615234,0.46443593344236855,0,6.122760254356763e-08,0.002070474438369274,-0.018633468076586723,-0.017598308622837067,-0.017598308622837067,-0.023598308622837065,close,0,0,23,2024-03-01
2024-03-21,1301,65.35210418701172,0.46443593344236855,0,-1.7548876796169566e-09,-1.7548876796169566e-09,-0.010385826230049133,-0.005934742279350758,-0.005934742279350758,-0.011934742279350758,close,0,0,23,2024-03-01
2024-03-21,1303,52.93922424316406,0.46443593344236855,0,-3.2100224700570834e-08,0.005454499274492264,-0.009090940468013287,-0.003636409528553486,-0.003636409528553486,-0.009636409528553486,close,0,0,23,2024-03-01
2024-03-21,1304,15.75382137298584,0.46443593344236855,0,0.009146320633590221,0.012195170857012272,-0.024390218779444695,-0.012195050716400146,-0.02,-0.026000000000000002,stop_loss,0,1,23,2024-03-01
2024-03-21,1305,17.767240524291992,0.46443593344236855,0,-4.505353423667202e-09,0.005449607502669096,-0.008174370042979717,-0.005449616350233555,-0.005449616350233555,-0.011449616350233555,close,0,0,23,2024-03-01
2024-03-22,1101,29.082807540893555,0.4593302322378194,0,-0.0016051530838012695,0.00321024376899004,-0.00481543829664588,-0.0016051530838012695,-0.0016051530838012695,-0.00760515308380127,close,0,0,23,2024-03-01
2024-03-22,1102,37.12919998168945,0.4593302322378194,1,-0.003636465407907963,0.0012120375176891685,-0.007272773422300816,0.0012120375176891685,0.0012120375176891685,-0.004787962482310832,close,0,0,23,2024-03-01
2024-03-22,1103,16.014354705810547,0.4593302322378194,0,-0.0029240434523671865,0.0058479756116867065,-0.0029240434523671865,0.0,0.0,-0.006,close,0,0,23,2024-03-01
2024-03-22,1104,27.879629135131836,0.4593302322378194,0,-0.0015723065007477999,-0.0015723065007477999,-0.01415091473609209,-0.012578611262142658,-0.012578611262142658,-0.018578611262142657,close,0,0,23,2024-03-01
2024-03-22,1110,17.504688262939453,0.4593302322378194,0,-0.00835670530796051,0.0027853974606841803,-0.00835670530796051,-0.005571126472204924,-0.005571126472204924,-0.011571126472204924,close,0,0,23,2024-03-01
2024-03-22,1201,17.855152130126953,0.4593302322378194,1,0.00267375772818923,0.01069512777030468,0.00267375772818923,0.008021371439099312,0.008021371439099312,0.0020213714390993117,close,0,0,23,2024-03-01
2024-03-22,1210,52.81040954589844,0.4593302322378194,1,0.0034722243435680866,0.006944459863007069,0.0017361396457999945,0.0017361396457999945,0.0017361396457999945,-0.004263860354200006,close,0,0,23,2024-03-01
2024-03-22,1215,95.95453643798828,0.4593302322378194,0,-0.004761904943734407,0.009523809887468815,-0.004761904943734407,0.0,0.0,-0.006,close,0,0,23,2024-03-01
2024-03-22,1216,70.0665512084961,0.4593302322378194,1,-0.0053050322458148,0.00795756746083498,-0.0053050322458148,0.002652507508173585,0.002652507508173585,-0.003347492491826415,close,0,0,23,2024-03-01
2024-03-22,1217,11.16302490234375,0.4593302322378194,1,9.175889381651814e-09,0.012765934690833092,9.175889381651814e-09,0.004255344625562429,0.004255344625562429,-0.0017446553744375707,close,0,0,23,2024-03-01
2024-03-22,1218,20.862586975097656,0.4593302322378194,0,0.008988798595964909,0.013483111746609211,-0.002247156808152795,0.0,0.0,-0.006,close,0,0,23,2024-03-01
2024-03-22,1219,16.87108039855957,0.4593302322378194,1,0.0027100546285510063,0.021680232137441635,0.0027100546285510063,0.01626015082001686,0.01626015082001686,0.01026015082001686,close,0,0,23,2024-03-01
2024-03-22,1225,55.017391204833984,0.4593302322378194,1,-0.0054053980857133865,0.009009002707898617,-0.0054053980857133865,0.0036036106757819653,0.0036036106757819653,-0.002396389324218035,close,0,0,23,2024-03-01
2024-03-22,1227,34.88621520996094,0.4593302322378194,1,7.761650877569082e-09,0.0026596433017402887,-0.0013297592522576451,0.0013298762496560812,0.0013298762496560812,-0.004670123750343919,close,0,0,23,2024-03-01
2024-03-22,1229,56.953521728515625,0.4593302322378194,0,-0.0014749100664630532,0.0029498517978936434,-0.01032449770718813,-0.01032449770718813,-0.01032449770718813,-0.016324497707188128,close,0,0,23,2024-03-01
2024-03-22,1231,76.2293930053711,0.4593302322378194,1,-4.768132910726308e-08,0.0052686575800180435,-0.005268753040581942,0.0052686575800180435,0.0052686575800180435,-0.0007313424199819566,close,0,0,23,2024-03-01
2024-03-22,1301,64.9642562866211,0.4593302322378194,1,-0.0014925110153853893,0.014925376512110233,-0.0029850255232304335,0.011940347962081432,0.011940347962081432,0.005940347962081432,close,0,0,23,2024-03-01
2024-03-22,1303,52.7467155456543,0.4593302322378194,1,-0.0018247829284518957,0.009124094620347023,-0.00364964222535491,0.009124094620347023,0.009124094620347023,0.003124094620347023,close,0,0,23,2024-03-01
2024-03-22,1304,15.561702728271484,0.4593302322378194,0,-0.0030864484142512083,-0.0030864484142512083,-0.02160491980612278,-0.009259311482310295,-0.02,-0.026000000000000002,stop_loss,0,1,23,2024-03-01
2024-03-22,1305,17.6704158782959,0.4593302322378194,0,5.3565830882007504e-08,0.0027397379744797945,-0.010958893224596977,-0.0027396308723837137,-0.0027396308723837137,-0.008739630872383714,close,0,0,23,2024-03-01
2024-03-25,1101,29.03612518310547,0.4593302322378194,1,-9.773783560262927e-09,0.016077160835266113,-0.0016077635809779167,0.014469406567513943,0.014469406567513943,0.008469406567513943,close,0,0,23,2024-03-01
2024-03-25,1102,37.17420196533203,0.4593302322378194,1,-0.002421342069283128,0.00726383225992322,-0.004842704627662897,0.00726383225992322,0.00726383225992322,0.0012638322599232196,close,0,0,23,2024-03-01
2024-03-25,1103,16.014354705810547,0.4593302322378194,1,-9.813165036121063e-08,0.011695739813148975,-9.813165036121063e-08,0.011695739813148975,0.011695739813148975,0.005695739813148975,close,0,0,23,2024-03-01
2024-03-25,1104,27.528942108154297,0.4593302322378194,0,0.0031847611535340548,0.006369487848132849,-0.012738811783492565,-0.00955408439040184,-0.00955408439040184,-0.01555408439040184,close,0,0,23,2024-03-01
2024-03-25,1110,17.407167434692383,0.4593302322378194,0,0.005602333229035139,0.008403411135077477,-0.008403269574046135,-0.0028011139947921038,-0.0028011139947921038,-0.008801113994792104,close,0,0,23,2024-03-01
2024-03-25,1201,17.998374938964844,0.4593302322378194,0,6.701957744326137e-08,0.002652546623721719,-0.0026525137946009636,-0.0026525137946009636,-0.0026525137946009636,-0.008652513794600964,close,0,0,23,2024-03-01
2024-03-25,1210,52.902095794677734,0.4593302322378194,0,0.0017331215785816312,0.0051993392407894135,-0.008665465749800205,-0.005199247971177101,-0.005199247971177101,-0.011199247971177101,close,0,0,23,2024-03-01
2024-03-25,1215,95.95453643798828,0.4593302322378194,1,-3.9755256864282273e-08,0.014285674318671227,-3.9755256864282273e-08,0.009523769840598106,0.009523769840598106,0.0035237698405981063,close,0,0,23,2024-03-01
2024-03-25,1216,70.25240325927734,0.4593302322378194,0,-1.3998431747097584e-08,0.001322717173025012,-0.01587298884987831,-0.0013227451127022505,-0.0013227451127022505,-0.007322745112702251,close,0,0,23,2024-03-01
2024-03-25,1217,11.210527420043945,0.4593302322378194,1,9.098455322487098e-09,0.004237313289195299,-0.004237295128405094,0.004237313289195299,0.004237313289195299,-0.001762686710804701,close,0,0,23,2024-03-01
2024-03-25,1218,20.862586975097656,0.4593302322378194,0,0.00674156378954649,0.00674156378954649,-0.02022474631667137,-0.017977502197027206,-0.02,-0.026000000000000002,stop_loss,0,1,23,2024-03-01
2024-03-25,1219,17.14540672302246,0.4593302322378194,0,-0.005333240143954754,0.002666695276275277,-0.005333240143954754,-0.0026666647754609585,-0.0026666647754609585,-0.008666664775460959,close,0,0,23,2024-03-01
2024-03-25,1225,55.21565246582031,0.4593302322378194,1,0.003590657841414213,0.010771945118904114,0.003590657841414213,0.010771945118904114,0.010771945118904114,0.004771945118904114,close,0,0,23,2024-03-01
2024-03-25,1227,34.93260955810547,0.4593302322378194,1,1.0865244348678971e-07,0.007968216203153133,-0.0013279936974868178,0.0026561107952147722,0.0026561107952147722,-0.003343889204785228,close,0,0,23,2024-03-01
2024-03-25,1229,56.36550521850586,0.4593302322378194,0,-1.3439835910844522e-08,0.008941895328462124,-0.008941857144236565,-0.004470935557037592,-0.004470935557037592,-0.010470935557037592,close,0,0,23,2024-03-01
2024-03-25,1231,76.63101959228516,0.4593302322378194,0,-0.0020962904673069715,6.914589789630554e-08,-0.010482115671038628,-0.0073373825289309025,-0.0073373825289309025,-0.013337382528930903,close,0,0,23,2024-03-01
2024-03-25,1301,65.73995208740234,0.4593302322378194,1,0.0014748789835721254,0.023598771542310715,-2.4648077356914655e-08,0.02212386764585972,0.02212386764585972,0.01612386764585972,close,0,0,23,2024-03-01
2024-03-25,1303,53.22798156738281,0.4593302322378194,1,0.0036166806239634752,0.0253165140748024,3.018082850303472e-08,0.01989157311618328,0.01989157311618328,0.01389157311618328,close,0,0,23,2024-03-01
2024-03-25,1304,15.417612075805664,0.4593302322378194,0,0.0,0.015576324425637722,-0.0031152174342423677,0.0,0.0,-0.006,close,0,0,23,2024-03-01
2024-03-25,1305,17.622005462646484,0.4593302322378194,0,-5.8120825485730165e-08,0.01648341491818428,-0.005494583863765001,-0.0027473734226077795,-0.0027473734226077795,-0.00874737342260778,close,0,0,23,2024-03-01
2024-03-26,1101,29.456260681152344,0.46532949538440643,1,-0.006339042913168669,0.011093581095337868,-0.006339042913168669,0.004754472523927689,0.004754472523927689,-0.0012455274760723115,close,0,0,23,2024-03-01
2024-03-26,1102,37.44422912597656,0.46532949538440643,0,9.910106513189021e-08,9.910106513189021e-08,-0.012019133195281029,-0.009615232236683369,-0.009615232236683369,-0.015615232236683369,close,0,0,23,2024-03-01
2024-03-26,1103,16.2016544342041,0.46532949538440643,0,-0.005780258681625128,0.002890239702537656,-0.008670498616993427,0.0,0.0,-0.006,close,0,0,23,2024-03-01
2024-03-26,1104,27.265928268432617,0.46532949538440643,1,-2.171765656200364e-09,0.011253970675170422,-0.0016077571781352162,0.006430830340832472,0.006430830340832472,0.0004308303408324717,close,0,0,23,2024-03-01
2024-03-26,1110,17.358407974243164,0.46532949538440643,1,4.314176571540429e-09,0.008427056483924389,-0.0056178877130150795,0.008427056483924389,0.008427056483924389,0.0024270564839243888,close,0,0,23,2024-03-01
2024-03-26,1201,17.950634002685547,0.46532949538440643,0,-0.002659602789208293,-6.888016912398598e-08,-0.005319136660546064,-0.005319136660546064,-0.005319136660546064,-0.011319136660546065,close,0,0,23,2024-03-01
2024-03-26,1210,52.627044677734375,0.46532949538440643,1,9.183487748032348e-09,0.010452943854033947,9.183487748032348e-09,0.00696861045435071,0.00696861045435071,0.0009686104543507098,close,0,0,23,2024-03-01
2024-03-26,1215,96.8683853149414,0.46532949538440643,1,-0.004717019386589527,0.03773580864071846,-0.004717019386589527,0.028301848098635674,0.03,0.024,take_profit,1,0,23,2024-03-01
2024-03-26,1216,70.15947723388672,0.46532949538440643,1,-0.007947046309709549,0.01456946786493063,-0.007947046309709549,0.01456946786493063,0.01456946786493063,0.00856946786493063,close,0,0,23,2024-03-01
2024-03-26,1217,11.25802993774414,0.46532949538440643,1,-7.954663061582323e-08,0.0042192647233605385,-0.004219504538923502,0.0042192647233605385,0.0042192647233605385,-0.0017807352766394616,close,0,0,23,2024-03-01
2024-03-26,1218,20.487529754638672,0.46532949538440643,1,0.00686497800052166,0.013729949481785297,-0.0022883748169988394,0.011441654525697231,0.011441654525697231,0.005441654525697231,close,0,0,23,2024-03-01
2024-03-26,1219,17.099685668945312,0.46532949538440643,0,2.18167919285861e-08,0.002673832233995199,-0.0026736834552139044,-0.0026736834552139044,-0.0026736834552139044,-0.008673683455213905,close,0,0,23,2024-03-01
2024-03-26,1225,55.81043243408203,0.46532949538440643,1,-0.00710475817322731,0.007104820106178522,-0.00710475817322731,0.0017762366915121675,0.0017762366915121675,-0.004223763308487833,close,0,0,23,2024-03-01
2024-03-26,1227,35.025394439697266,0.46532949538440643,0,-0.002648965921252966,0.0013244834262877703,-0.003973550163209438,-0.0013244828442111611,-0.0013244828442111611,-0.007324482844211161,close,0,0,23,2024-03-01
2024-03-26,1229,56.11349868774414,0.46532949538440643,1,1.8961161529773563e-08,0.00898208562284708,1.8961161529773563e-08,0.0059880418702960014,0.0059880418702960014,-1.195812970399869e-05,close,0,0,23,2024-03-01
2024-03-26,1231,76.0687484741211,0.46532949538440643,1,0.00105590233579278,0.013727519661188126,0.00105590233579278,0.013727519661188126,0.013727519661188126,0.0077275196611881255,close,0,0,23,2024-03-01
2024-03-26,1301,67.19437408447266,0.46532949538440643,0,-0.0014430931769311428,-0.0014430931769311428,-0.01154405903071165,-0.01154405903071165,-0.01154405903071165,-0.01754405903071165,close,0,0,23,2024-03-01
2024-03-26,1303,54.28676986694336,0.46532949538440643,0,-0.0070922174490988255,0.0017730304971337318,-0.0070922174490988255,-0.0070922174490988255,-0.0070922174490988255,-0.013092217449098826,close,0,0,23,2024-03-01
2024-03-26,1304,15.417612075805664,0.46532949538440643,0,3.248429791824492e-08,3.248429791824492e-08,-0.01246095634996891,-0.006230461876839399,-0.006230461876839399,-0.0122304618768394,close,0,0,23,2024-03-01
2024-03-26,1305,17.573591232299805,0.46532949538440643,0,-0.002754779066890478,0.002754884073510766,-0.002754779066890478,0.0,0.0,-0.006,close,0,0,23,2024-03-01
2024-03-27,1101,29.596309661865234,0.46292354639475763,0,0.0,0.0063091120682656765,-0.006309172138571739,0.0,0.0,-0.006,close,0,0,23,2024-03-01
2024-03-27,1102,37.08419418334961,0.46292354639475763,0,-0.0036408063024282455,0.0024271546863019466,-0.007281527388840914,-0.006067954003810883,-0.006067954003810883,-0.012067954003810883,close,0,0,23,2024-03-01
2024-03-27,1103,16.2016544342041,0.46292354639475763,1,0.005780442152172327,0.01734118163585663,0.002890312345698476,0.005780442152172327,0.005780442152172327,-0.00021955784782767308,close,0,0,23,2024-03-01
2024-03-27,1104,27.44127082824707,0.46292354639475763,1,0.004792257212102413,0.014376961626112461,0.004792257212102413,0.006389738991856575,0.006389738991856575,0.0003897389918565749,close,0,0,23,2024-03-01
2024-03-27,1110,17.504688262939453,0.46292354639475763,0,0.0027854337822645903,0.0027854337822645903,-0.011142141185700893,-0.002785617718473077,-0.002785617718473077,-0.008785617718473077,close,0,0,23,2024-03-01
2024-03-27,1201,17.855152130126953,0.46292354639475763,1,0.002673825016245246,0.008021439425647259,0.002673825016245246,0.00534758111461997,0.00534758111461997,-0.0006524188853800298,close,0,0,23,2024-03-01
2024-03-27,1210,52.99378204345703,0.46292354639475763,0,-5.4866394094688076e-08,0.0069203865714371204,-0.00346027547493577,-0.0017301321495324373,-0.0017301321495324373,-0.0077301321495324374,close,0,0,23,2024-03-01
2024-03-27,1215,99.60993957519531,0.46292354639475763,1,3.829635275565124e-08,0.013761506415903568,-0.004587118048220873,0.009174350649118423,0.009174350649118423,0.0031743506491184233,close,0,0,23,2024-03-01
2024-03-27,1216,71.1816635131836,0.46292354639475763,0,-0.007832799106836319,0.0013055428862571716,-0.0143602155148983,-0.0026108468882739544,-0.0026108468882739544,-0.008610846888273955,close,0,0,23,2024-03-01
2024-03-27,1217,11.305530548095703,0.46292354639475763,1,1.85565216526129e-08,0.012605109252035618,1.85565216526129e-08,0.008403412066400051,0.008403412066400051,0.002403412066400051,close,0,0,23,2024-03-01
2024-03-27,1218,20.721940994262695,0.46292354639475763,0,-0.002262463327497244,0.004524936433881521,-0.004524872172623873,-0.002262463327497244,-0.002262463327497244,-0.008262463327497244,close,0,0,23,2024-03-01
2024-03-27,1219,17.053966522216797,0.46292354639475763,0,0.0026808730326592922,0.0026808730326592922,0.0,0.0,0.0,-0.006,close,0,0,23,2024-03-01
2024-03-27,1225,55.90956497192383,0.46292354639475763,0,-0.007092212792485952,-0.007092212792485952,-0.007092212792485952,-0.007092212792485952,-0.007092212792485952,-0.013092212792485953,close,0,0,23,2024-03-01
2024-03-27,1227,34.97900390625,0.46292354639475763,1,0.00397860910743475,0.00397860910743475,-1.0931598382057928e-07,0.002652369672432542,0.002652369672432542,-0.0033476303275674583,close,0,0,23,2024-03-01
2024-03-27,1229,56.44950866699219,0.46292354639475763,1,0.002976192394271493,0.011904729530215263,0.002976192394271493,0.011904729530215263,0.011904729530215263,0.005904729530215263,close,0,0,23,2024-03-01
2024-03-27,1231,77.11298370361328,0.46292354639475763,1,0.001041604089550674,0.015624979510903358,0.001041604089550674,0.013541626743972301,0.013541626743972301,0.007541626743972301,close,0,0,23,2024-03-01
2024-03-27,1301,66.4186782836914,0.46292354639475763,0,1.1366004315505052e-07,0.0014599455753341317,-0.007299157325178385,-0.005839325487613678,-0.005839325487613678,-0.011839325487613678,close,0,0,23,2024-03-01
2024-03-27,1303,53.901756286621094,0.46292354639475763,0,-0.001785685308277607,0.0053571308963000774,-0.0178571417927742,-0.01607145369052887,-0.01607145369052887,-0.022071453690528868,close,0,0,23,2024-03-01
2024-03-27,1304,15.321553230285645,0.46292354639475763,0,0.0,0.012539173476397991,0.0,0.0,0.0,-0.006,close,0,0,23,2024-03-01
2024-03-27,1305,17.573591232299805,0.46292354639475763,0,0.0027549380902200937,0.0027549380902200937,-0.00550960935652256,-0.002754725283011794,-0.002754725283011794,-0.008754725283011794,close,0,0,23,2024-03-01
2024-03-28,1101,29.596309661865234,0.4593302322378194,1,-2.740958393587789e-08,0.006309084594249725,-2.740958393587789e-08,0.006309084594249725,0.006309084594249725,0.0003090845942497252,close,0,0,23,2024-03-01
2024-03-28,1102,36.859169006347656,0.4593302322378194,1,0.0012209548149257898,0.006104978267103434,-2.770340223889889e-08,0.0024419373366981745,0.0024419373366981745,-0.0035580626633018256,close,0,0,23,2024-03-01
2024-03-28,1103,16.295307159423828,0.4593302322378194,0,-7.254470091311305e-08,-7.254470091311305e-08,-0.005747220478951931,-0.005747220478951931,-0.005747220478951931,-0.011747220478951931,close,0,0,23,2024-03-01
2024-03-28,1104,27.616613388061523,0.4593302322378194,1,0.006349220871925354,0.006349220871925354,-0.0015872897347435355,0.0015873268712311983,0.0015873268712311983,-0.004412673128768802,close,0,0,23,2024-03-01
2024-03-28,1110,17.4559268951416,0.4593302322378194,0,7.201374785381631e-08,0.0027934322133660316,-0.011173048987984657,-0.011173048987984657,-0.011173048987984657,-0.017173048987984656,close,0,0,23,2024-03-01
2024-03-28,1201,17.950634002685547,0.4593302322378194,0,0.0,0.005319169256836176,-0.002659534104168415,0.0,0.0,-0.006,close,0,0,23,2024-03-01
2024-03-28,1210,52.902095794677734,0.4593302322378194,0,0.0017330758273601532,0.005199293605983257,-0.003466217778623104,0.0,0.0,-0.006,close,0,0,23,2024-03-01
2024-03-28,1215,100.52379608154297,0.4593302322378194,1,0.0,0.022727273404598236,-0.013636363670229912,0.0181818176060915,0.0181818176060915,0.0121818176060915,close,0,0,23,2024-03-01
2024-03-28,1216,70.99581909179688,0.4593302322378194,1,0.001308786915615201,0.007853289134800434,-0.007853475399315357,0.001308786915615201,0.001308786915615201,-0.004691213084384799,close,0,0,23,2024-03-01
2024-03-28,1217,11.400535583496094,0.4593302322378194,0,-1.85565216526129e-08,-1.85565216526129e-08,-0.012499986216425896,-0.00833338312804699,-0.00833338312804699,-0.01433338312804699,close,0,0,23,2024-03-01
2024-03-28,1218,20.675058364868164,0.4593302322378194,1,0.0045351325534284115,0.0045351325534284115,-0.0022675711661577225,0.0022675935178995132,0.0022675935178995132,-0.003732406482100487,close,0,0,23,2024-03-01
2024-03-28,1219,17.053966522216797,0.4593302322378194,1,0.008042807690799236,0.008042807690799236,-2.181679015222926e-08,0.0026808511465787888,0.0026808511465787888,-0.0033191488534212114,close,0,0,23,2024-03-01
2024-03-28,1225,55.51304244995117,0.4593302322378194,0,0.0017856870545074344,0.0017856870545074344,0.0,0.0,0.0,-0.006,close,0,0,23,2024-03-01
2024-03-28,1227,35.071781158447266,0.4593302322378194,1,1.466014687423467e-08,0.01322752796113491,1.466014687423467e-08,0.00925933476537466,0.00925933476537466,0.0032593347653746604,close,0,0,23,2024-03-01
2024-03-28,1229,57.121524810791016,0.4593302322378194,0,-1.3367552398335647e-08,0.0014705904759466648,-0.007352969143539667,-0.004411761183291674,-0.004411761183291674,-0.010411761183291674,close,0,0,23,2024-03-01
2024-03-28,1231,78.15721893310547,0.4593302322378194,0,0.0051387581042945385,0.0051387581042945385,-0.0010277011897414923,-0.0010277011897414923,-0.0010277011897414923,-0.007027701189741492,close,0,0,23,2024-03-01
2024-03-28,1301,66.03083801269531,0.4593302322378194,1,0.005873566959053278,0.01762104034423828,0.0029367548413574696,0.014684116467833519,0.014684116467833519,0.008684116467833519,close,0,0,23,2024-03-01
2024-03-28,1303,53.03547668457031,0.4593302322378194,1,0.012704129330813885,0.030852949246764183,0.009074351750314236,0.018148761242628098,0.03,0.024,take_profit,1,0,23,2024-03-01
2024-03-28,1304,15.321553230285645,0.4593302322378194,1,0.003134763101115823,0.012539127841591835,-4.49306725158749e-08,0.009404378943145275,0.009404378943145275,0.003404378943145275,close,0,0,23,2024-03-01
2024-03-28,1305,17.52518081665039,0.4593302322378194,1,4.271636377950472e-09,0.027624312788248062,4.271636377950472e-09,0.00552488723769784,0.00552488723769784,-0.0004751127623021604,close,0,0,23,2024-03-01
2024-03-29,1101,29.783035278320312,0.4593302322378194,1,0.01097181998193264,0.01097181998193264,0.004702203907072544,0.007837072014808655,0.007837072014808655,0.0018370720148086547,close,0,0,23,2024-03-01
2024-03-29,1102,36.94917678833008,0.4593302322378194,1,0.0060901646502316,0.010962290689349174,0.0036541481968015432,0.00730817299336195,0.00730817299336195,0.0013081729933619498,close,0,0,23,2024-03-01
2024-03-29,1103,16.2016544342041,0.4593302322378194,1,0.005780396983027458,0.011560766026377678,0.0028902676422148943,0.011560766026377678,0.011560766026377678,0.005560766026377678,close,0,0,23,2024-03-01
2024-03-29,1104,27.660449981689453,0.4593302322378194,1,0.0031695764046162367,0.0174326803535223,0.0031695764046162367,0.014263094402849674,0.014263094402849674,0.008263094402849674,close,0,0,23,2024-03-01
2024-03-29,1110,17.26089096069336,0.4593302322378194,1,0.0028247821610420942,0.014124259352684021,0.0028247821610420942,0.014124259352684021,0.014124259352684021,0.008124259352684021,close,0,0,23,2024-03-01
2024-03-29,1201,17.950634002685547,0.4593302322378194,1,0.007978773675858974,0.01329784095287323,0.005319138057529926,0.01329784095287323,0.01329784095287323,0.00729784095287323,close,0,0,23,2024-03-01
2024-03-29,1210,52.902095794677734,0.4593302322378194,1,0.0017330741975456476,0.012131727300584316,0.0017330741975456476,0.008665509521961212,0.008665509521961212,0.002665509521961212,close,0,0,23,2024-03-01
2024-03-29,1215,102.35150146484375,0.4593302322378194,0,-0.004464285913854837,0.008928571827709675,-0.008928571827709675,0.0,0.0,-0.006,close,0,0,23,2024-03-01
2024-03-29,1216,71.08873748779297,0.4593302322378194,0,0.007843117229640484,0.009150287136435509,-0.0013071695575490594,0.0,0.0,-0.006,close,0,0,23,2024-03-01
2024-03-29,1217,11.305530548095703,0.4593302322378194,1,0.008403412066400051,0.01680680550634861,1.85565216526129e-08,0.008403412066400051,0.008403412066400051,0.002403412066400051,close,0,0,23,2024-03-01
2024-03-29,1218,20.721940994262695,0.4593302322378194,0,0.0,0.00452490383759141,-0.00452490383759141,0.0,0.0,-0.006,close,0,0,23,2024-03-01
2024-03-29,1219,17.099685668945312,0.4593302322378194,1,-1.5232005878829113e-08,0.00534760532900691,-1.5232005878829113e-08,0.0026737949810922146,0.0026737949810922146,-0.0033262050189077855,close,0,0,23,2024-03-01
2024-03-29,1225,55.51304244995117,0.4593302322378194,1,0.008928561583161354,0.008928561583161354,0.005357119254767895,0.005357119254767895,0.005357119254767895,-0.0006428807452321054,close,0,0,23,2024-03-01
2024-03-29,1227,35.396522521972656,0.4593302322378194,1,0.0013106025289744139,0.010484874248504639,0.0013106025289744139,0.010484874248504639,0.010484874248504639,0.0044848742485046385,close,0,0,23,2024-03-01
2024-03-29,1229,56.8695182800293,0.4593302322378194,1,5.527590829501605e-09,0.005908424034714699,5.527590829501605e-09,0.001477126032114029,0.001477126032114029,-0.004522873967885971,close,0,0,23,2024-03-01
2024-03-29,1231,78.07689666748047,0.4593302322378194,1,-0.004115317016839981,0.01851845160126686,-0.007201718632131815,0.01646081916987896,0.01646081916987896,0.01046081916987896,close,0,0,23,2024-03-01
2024-03-29,1301,67.00044250488281,0.4593302322378194,1,0.004341641906648874,0.03183804824948311,0.004341641906648874,0.026049314066767693,0.03,0.024,take_profit,1,0,23,2024-03-01
2024-03-29,1303,53.99800491333008,0.4593302322378194,1,0.007130158133804798,0.028520546853542328,0.003565081860870123,0.024955470114946365,0.024955470114946365,0.018955470114946367,close,0,0,23,2024-03-01
2024-03-29,1304,15.465642929077148,0.4593302322378194,1,-0.003105663461610675,0.018633490428328514,-0.003105663461610675,0.012422285974025726,0.012422285974025726,0.006422285974025726,close,0,0,23,2024-03-01
2024-03-29,1305,17.622005462646484,0.4593302322378194,1,0.0027471757493913174,0.03296691179275513,0.0027471757493913174,0.030219702050089836,0.03,0.024,take_profit,1,0,23,2024-03-01
2024-04-01,1101,30.016447067260742,0.4634189678132913,0,-4.085636007289395e-08,0.001555145252496004,-0.007776149082928896,-0.006220903713256121,-0.006220903713256121,-0.01222090371325612,close,0,0,24,2024-04-01
2024-04-01,1102,37.219207763671875,0.4634189678132913,0,-0.004836780950427055,-0.0024184384383261204,-0.007255216129124165,-0.0060460446402430534,-0.0060460446402430534,-0.012046044640243054,close,0,0,24,2024-04-01
2024-04-01,1103,16.388957977294922,0.4634189678132913,0,-0.008571394719183445,-0.002857087180018425,-0.01142860297113657,-0.008571394719183445,-0.008571394719183445,-0.014571394719183445,close,0,0,24,2024-04-01
2024-04-01,1104,28.054973602294922,0.4634189678132913,0,0.0015624709194526076,0.004687483888119459,-0.006250031292438507,-0.006250031292438507,-0.006250031292438507,-0.012250031292438507,close,0,0,24,2024-04-01
2024-04-01,1110,17.504688262939453,0.4634189678132913,0,0.0027854726649820805,0.0027854726649820805,-0.005571051500737667,0.0,0.0,-0.006,close,0,0,24,2024-04-01
2024-04-01,1201,18.18933868408203,0.4634189678132913,0,-3.397842718300126e-08,-3.397842718300126e-08,-0.00787402968853712,-0.002624665852636099,-0.002624665852636099,-0.008624665852636099,close,0,0,24,2024-04-01
2024-04-01,1210,53.36051940917969,0.4634189678132913,0,-0.0017181959701701999,5.6487373001345986e-08,-0.01030926126986742,-0.006872822064906359,-0.006872822064906359,-0.012872822064906359,close,0,0,24,2024-04-01
2024-04-01,1215,102.35150146484375,0.4634189678132913,1,0.0,0.01785714365541935,-0.004464285913854837,0.01785714365541935,0.01785714365541935,0.01185714365541935,close,0,0,24,2024-04-01
2024-04-01,1216,71.08873748779297,0.4634189678132913,0,-0.006535886786878109,-0.001307108555920422,-0.015686174854636192,-0.013071835041046143,-0.013071835041046143,-0.01907183504104614,close,0,0,24,2024-04-01
2024-04-01,1217,11.400535583496094,0.4634189678132913,0,7.476228347513825e-08,7.476228347513825e-08,-0.008333290927112103,-0.004166608210653067,-0.004166608210653067,-0.010166608210653067,close,0,0,24,2024-04-01
2024-04-01,1218,20.721940994262695,0.4634189678132913,0,0.0022623788099735975,0.0022623788099735975,-0.01583714969456196,-0.01583714969456196,-0.01583714969456196,-0.021837149694561957,close,0,0,24,2024-04-01
2024-04-01,1219,17.14540672302246,0.4634189678132913,0,-0.0026666801422834396,0.0026666801422834396,-0.0026666801422834396,0.0,0.0,-0.006,close,0,0,24,2024-04-01
2024-04-01,1225,55.81043243408203,0.4634189678132913,0,3.52172047080046e-09,3.52172047080046e-09,-0.001776168355718255,-0.001776168355718255,-0.001776168355718255,-0.007776168355718255,close,0,0,24,2024-04-01
2024-04-01,1227,35.76765060424805,0.4634189678132913,0,-6.971678345735199e-09,-6.971678345735199e-09,-0.007782088592648506,-0.006485091522336006,-0.006485091522336006,-0.012485091522336006,close,0,0,24,2024-04-01
2024-04-01,1229,56.953521728515625,0.4634189678132913,0,-0.001474891323596239,-0.001474891323596239,-0.004424775019288063,-0.004424775019288063,-0.004424775019288063,-0.010424775019288063,close,0,0,24,2024-04-01
2024-04-01,1231,79.36210632324219,0.4634189678132913,0,0.002024346496909857,0.0060728746466338634,-0.006072896998375654,-0.004048585891723633,-0.004048585891723633,-0.010048585891723633,close,0,0,24,2024-04-01
2024-04-01,1301,68.74575805664062,0.4634189678132913,0,-2.7382153433563872e-08,0.0014103882713243365,-0.014104398898780346,-0.0014104429865255952,-0.0014104429865255952,-0.007410442986525595,close,0,0,24,2024-04-01
2024-04-01,1303,55.345550537109375,0.4634189678132913,0,-0.0017390490975230932,-0.0017390490975230932,-0.015652146190404892,-0.0017390490975230932,-0.0017390490975230932,-0.007739049097523093,close,0,0,24,2024-04-01
2024-04-01,1304,15.657761573791504,0.4634189678132913,0,0.0030675402376800776,0.006134978029876947,-0.012269883416593075,-0.009202445857226849,-0.009202445857226849,-0.015202445857226849,close,0,0,24,2024-04-01
2024-04-01,1305,18.154537200927734,0.4634189678132913,1,0.013333337381482124,0.021333318203687668,-0.0026666217017918825,0.005333357956260443,0.005333357956260443,-0.0006666420437395574,close,0,0,24,2024-04-01
2024-04-02,1101,29.8297176361084,0.45905442454672485,1,0.02660406194627285,0.051643162965774536,0.0015649613924324512,0.0015649613924324512,0.03,0.024,take_profit,1,0,24,2024-04-01
2024-04-02,1102,36.994178771972656,0.45905442454672485,1,0.012165498919785023,0.031630296260118484,4.807906961445951e-08,0.0012166674714535475,0.03,0.024,take_profit,1,0,24,2024-04-01
2024-04-02,1103,16.24848175048828,0.45905442454672485,1,0.017290975898504257,0.048991329967975616,0.0028817555867135525,0.005763665772974491,0.03,0.024,take_profit,1,0,24,2024-04-01
2024-04-02,1104,27.879629135131836,0.45905442454672485,1,0.02515733242034912,0.03773587942123413,0.0047170245088636875,0.00786169245839119,0.03,0.024,take_profit,1,0,24,2024-04-01
2024-04-02,1110,17.504688262939453,0.45905442454672485,1,0.002785399788990617,0.011141923256218433,-0.008356702513992786,0.002785399788990617,0.002785399788990617,-0.0032146002110093833,close,0,0,24,2024-04-01
2024-04-02,1201,18.141597747802734,0.45905442454672485,0,-1.8312175109613804e-09,-1.8312175109613804e-09,-0.010526358149945736,-0.007894719019532204,-0.007894719019532204,-0.013894719019532204,close,0,0,24,2024-04-01
2024-04-02,1210,52.99378204345703,0.45905442454672485,0,-0.0034602642990648746,-4.369591977138043e-08,-0.008650562725961208,-0.0034602642990648746,-0.0034602642990648746,-0.009460264299064875,close,0,0,24,2024-04-01
2024-04-02,1215,104.17920684814453,0.45905442454672485,0,0.0,0.0,-0.017543859779834747,-0.017543859779834747,-0.017543859779834747,-0.023543859779834746,close,0,0,24,2024-04-01
2024-04-02,1216,70.15947723388672,0.45905442454672485,0,-0.0026489943265914917,0.0026489379815757275,-0.003973578568547964,-0.0026489943265914917,-0.0026489943265914917,-0.008648994326591492,close,0,0,24,2024-04-01
2024-04-02,1217,11.353034019470215,0.45905442454672485,0,-9.331879624596695e-08,0.004184022545814514,-0.0041842092759907246,-0.0041842092759907246,-0.0041842092759907246,-0.010184209275990725,close,0,0,24,2024-04-01
2024-04-02,1218,20.39376449584961,0.45905442454672485,0,-0.006896486505866051,-0.0022987674456089735,-0.01839073933660984,-0.009195389226078987,-0.009195389226078987,-0.015195389226078987,close,0,0,24,2024-04-01
2024-04-02,1219,17.14540672302246,0.45905442454672485,0,3.704879603105837e-08,3.704879603105837e-08,-0.005333218723535538,-0.005333218723535538,-0.005333218723535538,-0.011333218723535538,close,0,0,24,2024-04-01
2024-04-02,1225,55.7113037109375,0.45905442454672485,0,0.001779338694177568,0.001779338694177568,-0.003558725817129016,-0.003558725817129016,-0.003558725817129016,-0.009558725817129016,close,0,0,24,2024-04-01
2024-04-02,1227,35.53569412231445,0.45905442454672485,0,1.4632850486862026e-10,1.4632850486862026e-10,-0.006527415011078119,-0.0013054630253463984,-0.0013054630253463984,-0.0073054630253463985,close,0,0,24,2024-04-01
2024-04-02,1229,56.701515197753906,0.45905442454672485,0,-0.0014815082540735602,0.0014814218739047647,-0.005925999488681555,-0.002963005332276225,-0.002963005332276225,-0.008963005332276225,close,0,0,24,2024-04-01
2024-04-02,1231,79.04080200195312,0.45905442454672485,0,-1.2112146841047888e-08,-1.2112146841047888e-08,-0.014227602630853653,-0.00914630014449358,-0.00914630014449358,-0.01514630014449358,close,0,0,24,2024-04-01
2024-04-02,1301,68.64879608154297,0.45905442454672485,0,-0.0070620388723909855,-0.0014124071458354592,-0.014124185778200626,-0.011299370788037777,-0.011299370788037777,-0.017299370788037775,close,0,0,24,2024-04-01
2024-04-02,1303,55.24930191040039,0.45905442454672485,0,-0.0069686900824308395,-2.2951960332306953e-08,-0.010453023947775364,-0.010453023947775364,-0.010453023947775364,-0.016453023947775362,close,0,0,24,2024-04-01
2024-04-02,1304,15.513671875,0.45905442454672485,0,-0.0030958661809563637,6.214420267269816e-08,-0.012383827939629555,-0.012383827939629555,-0.012383827939629555,-0.018383827939629553,close,0,0,24,2024-04-01
2024-04-02,1305,18.251361846923828,0.45905442454672485,0,0.002652466297149658,0.002652466297149658,-0.021220151335000992,-0.015915192663669586,-0.02,-0.026000000000000002,stop_loss,0,1,24,2024-04-01
2024-04-03,1101,29.876399993896484,0.4658944219638157,1,0.006249953527003527,0.02187495306134224,0.004687477368861437,0.009374905377626419,0.009374905377626419,0.003374905377626419,close,0,0,24,2024-04-01
2024-04-03,1102,37.039188385009766,0.4658944219638157,1,0.00850549153983593,0.019441111013293266,0.0036452054046094418,0.014580825343728065,0.014580825343728065,0.008580825343728065,close,0,0,24,2024-04-01
2024-04-03,1103,16.342132568359375,0.4658944219638157,1,0.014326712116599083,0.014326712116599083,6.458261481157024e-08,0.005730636417865753,0.005730636417865753,-0.00026936358213424695,close,0,0,24,2024-04-01
2024-04-03,1104,28.09881019592285,0.4658944219638157,1,0.006240178365260363,0.0265209823846817,0.006240178365260363,0.021840745583176613,0.021840745583176613,0.015840745583176614,close,0,0,24,2024-04-01
2024-04-03,1110,17.55344581604004,0.4658944219638157,0,3.405892101682184e-08,0.00833334680646658,-0.008333278819918633,-0.005555542651563883,-0.005555542651563883,-0.011555542651563883,close,0,0,24,2024-04-01
2024-04-03,1201,17.998374938964844,0.4658944219638157,1,-0.002652546390891075,0.0026525137946009636,-0.002652546390891075,0.0026525137946009636,0.0026525137946009636,-0.0033474862053990365,close,0,0,24,2024-04-01
2024-04-03,1210,52.81040954589844,0.4658944219638157,1,-0.003472154028713703,0.008680570870637894,-0.003472154028713703,0.006944486405700445,0.006944486405700445,0.000944486405700445,close,0,0,24,2024-04-01
2024-04-03,1215,102.35150146484375,0.4658944219638157,0,-3.829634920293756e-08,-3.829634920293756e-08,-0.035714320838451385,-0.026785751804709435,-0.02,-0.026000000000000002,stop_loss,0,1,24,2024-04-01
2024-04-03,1216,69.97362518310547,0.4658944219638157,1,-0.010624196380376816,0.007968121208250523,-0.010624196380376816,0.0013280150014907122,0.0013280150014907122,-0.004671984998509288,close,0,0,24,2024-04-01
2024-04-03,1217,11.305530548095703,0.4658944219638157,1,0.004201790317893028,0.004201790317893028,9.331880335139431e-08,0.004201790317893028,0.004201790317893028,-0.0017982096821069719,close,0,0,24,2024-04-01
2024-04-03,1218,20.206235885620117,0.4658944219638157,1,-4.8206093339331346e-08,0.016241269186139107,-0.002320198342204094,0.009280729107558727,0.009280729107558727,0.003280729107558727,close,0,0,24,2024-04-01
2024-04-03,1219,17.053966522216797,0.4658944219638157,1,-2.181679015222926e-08,0.0026808511465787888,-2.181679015222926e-08,0.0026808511465787888,0.0026808511465787888,-0.0033191488534212114,close,0,0,24,2024-04-01
2024-04-03,1225,55.51304244995117,0.4658944219638157,1,-1.0005351214203984e-08,0.005357119254767895,-1.0005351214203984e-08,0.005357119254767895,0.005357119254767895,-0.0006428807452321054,close,0,0,24,2024-04-01
2024-04-03,1227,35.48930358886719,0.4658944219638157,1,-0.0013071559369564056,0.014379078522324562,-0.0013071559369564056,0.014379078522324562,0.014379078522324562,0.008379078522324562,close,0,0,24,2024-04-01
2024-04-03,1229,56.53350830078125,0.4658944219638157,1,-0.0029717942234128714,0.008915276266634464,-0.0029717942234128714,0.0014859054936096072,0.0014859054936096072,-0.004514094506390393,close,0,0,24,2024-04-01
2024-04-03,1231,78.31787109375,0.4658944219638157,1,4.53370496700245e-09,0.014358926564455032,-0.0030769004952162504,0.010256418026983738,0.010256418026983738,0.004256418026983738,close,0,0,24,2024-04-01
2024-04-03,1301,67.87310791015625,0.4658944219638157,1,-0.0014285483630374074,0.00857140775769949,-0.00857140589505434,0.005714308936148882,0.005714308936148882,-0.0002856910638511182,close,0,0,24,2024-04-01
2024-04-03,1303,54.67177963256836,0.4658944219638157,1,-0.014084495604038239,0.015845095738768578,-0.015845032408833504,0.015845095738768578,0.015845095738768578,0.009845095738768577,close,0,0,24,2024-04-01
2024-04-03,1304,15.321553230285645,0.4658944219638157,1,0.0062694791704416275,0.009404347278177738,-0.006269633304327726,0.0031347309704869986,0.0031347309704869986,-0.0028652690295130016,close,0,0,24,2024-04-01
2024-04-03,1305,17.960887908935547,0.4658944219638157,0,0.0,0.0026954796630889177,-0.016172466799616814,0.0,0.0,-0.006,close,0,0,24,2024-04-01
2024-04-08,1101,30.1564884185791,0.46148105691789776,1,-0.00773987453430891,0.006192038767039776,-0.00773987453430891,0.004644074477255344,0.004644074477255344,-0.0013559255227446557,close,0,0,24,2024-04-01
2024-04-08,1102,37.57925033569336,0.46148105691789776,1,0.0011975792003795505,0.007185603026300669,-0.0011975937522947788,0.005988016724586487,0.005988016724586487,-1.1983275413513308e-05,close,0,0,24,2024-04-01
2024-04-08,1103,16.43578338623047,0.46148105691789776,1,-4.421427846068582e-08,0.008547050878405571,-0.005697962827980518,0.00569798331707716,0.00569798331707716,-0.00030201668292284024,close,0,0,24,2024-04-01
2024-04-08,1104,28.712509155273438,0.46148105691789776,1,4.4145988198351915e-08,0.02595432475209236,-0.01374038401991129,0.02137412317097187,0.02137412317097187,0.01537412317097187,close,0,0,24,2024-04-01
2024-04-08,1110,17.4559268951416,0.46148105691789776,1,0.005586657207459211,0.02793300524353981,0.0027934035751968622,0.02793300524353981,0.02793300524353981,0.021933005243539812,close,0,0,24,2024-04-01
2024-04-08,1201,18.04611587524414,0.46148105691789776,0,0.0,0.0026455633342266083,-0.0026454622857272625,0.0,0.0,-0.006,close,0,0,24,2024-04-01
2024-04-08,1210,53.17715072631836,0.46148105691789776,0,0.0,0.003448289120569825,-0.005172400735318661,0.0,0.0,-0.006,close,0,0,24,2024-04-01
2024-04-08,1215,99.60993957519531,0.46148105691789776,1,0.004587175324559212,0.01834864355623722,1.940810534506454e-08,0.013761487789452076,0.013761487789452076,0.007761487789452076,close,0,0,24,2024-04-01
2024-04-08,1216,70.0665512084961,0.46148105691789776,1,-0.003978867083787918,0.014588790945708752,-0.003978867083787918,0.014588790945708752,0.014588790945708752,0.008588790945708752,close,0,0,24,2024-04-01
2024-04-08,1217,11.353034019470215,0.46148105691789776,0,0.0,0.0083682332187891,-0.00418411660939455,0.0,0.0,-0.006,close,0,0,24,2024-04-01
2024-04-08,1218,20.39376449584961,0.46148105691789776,1,0.0045977262780070305,0.018390795215964317,7.439573845857694e-09,0.011494260281324387,0.011494260281324387,0.0054942602813243865,close,0,0,24,2024-04-01
2024-04-08,1219,17.099685668945312,0.46148105691789776,1,6.52016964863833e-08,0.00802149623632431,6.52016964863833e-08,0.00802149623632431,0.00802149623632431,0.00202149623632431,close,0,0,24,2024-04-01
2024-04-08,1225,55.81043243408203,0.46148105691789776,1,-0.005328596103936434,0.007104809861630201,-0.005328596103936434,0.007104809861630201,0.007104809861630201,0.0011048098616302012,close,0,0,24,2024-04-01
2024-04-08,1227,35.99960708618164,0.46148105691789776,0,3.250506530605435e-10,0.0012886404292657971,-0.0051546585746109486,-0.0025772799272090197,-0.0025772799272090197,-0.00857727992720902,close,0,0,24,2024-04-01
2024-04-08,1229,56.61751174926758,0.46148105691789776,1,-0.0014836762566119432,0.00890206266194582,-0.0014836762566119432,0.005934735760092735,0.005934735760092735,-6.526423990726483e-05,close,0,0,24,2024-04-01
2024-04-08,1231,79.12113189697266,0.46148105691789776,0,-7.122618939092717e-08,0.00406078714877367,-0.005076214205473661,-0.0030458320397883654,-0.0030458320397883654,-0.009045832039788365,close,0,0,24,2024-04-01
2024-04-08,1301,68.26095581054688,0.46148105691789776,1,0.005681813228875399,0.018465816974639893,0.00426127202808857,0.015624950639903545,0.015624950639903545,0.009624950639903545,close,0,0,24,2024-04-01
2024-04-08,1303,55.53805923461914,0.46148105691789776,1,0.001733071869239211,0.015597876161336899,-0.0034662215039134026,0.015597876161336899,0.015597876161336899,0.009597876161336899,close,0,0,24,2024-04-01
2024-04-08,1304,15.369582176208496,0.46148105691789776,1,0.003124955575913191,0.03750002756714821,0.003124955575913191,0.03750002756714821,0.03,0.024,take_profit,1,0,24,2024-04-01
2024-04-08,1305,17.960887908935547,0.46148105691789776,1,0.0026955492794513702,0.029649730771780014,0.0026955492794513702,0.024258874356746674,0.024258874356746674,0.018258874356746675,close,0,0,24,2024-04-01
2024-04-09,1101,30.296537399291992,0.46148105691789776,1,0.0015408251201733947,0.015408337116241455,1.664072080131973e-08,0.007704176940023899,0.007704176940023899,0.001704176940023899,close,0,0,24,2024-04-01
2024-04-09,1102,37.80427551269531,0.46148105691789776,1,0.002380901714786887,0.015476211905479431,0.002380901714786887,0.011904747225344181,0.011904747225344181,0.005904747225344181,close,0,0,24,2024-04-01
2024-04-09,1103,16.529434204101562,0.46148105691789776,1,1.412539205603025e-07,0.019830195233225822,1.412539205603025e-07,0.011331630870699883,0.011331630870699883,0.005331630870699882,close,0,0,24,2024-04-01
2024-04-09,1104,29.326213836669922,0.46148105691789776,0,-0.007473817095160484,-0.007473817095160484,-0.02242150530219078,-0.014947661198675632,-0.02,-0.026000000000000002,stop_loss,0,1,24,2024-04-01
2024-04-09,1110,17.943523406982422,0.46148105691789776,0,0.00543476827442646,0.010869571007788181,-0.005434838589280844,-0.002717384835705161,-0.002717384835705161,-0.008717384835705161,close,0,0,24,2024-04-01
2024-04-09,1201,18.04611587524414,0.46148105691789776,1,-3.2421723972220207e-08,0.005290993023663759,-3.2421723972220207e-08,0.005290993023663759,0.005290993023663759,-0.0007090069763362409,close,0,0,24,2024-04-01
2024-04-09,1210,53.17715072631836,0.46148105691789776,0,0.0017241116147488356,0.005172400735318661,-0.003448289120569825,0.0,0.0,-0.006,close,0,0,24,2024-04-01
2024-04-09,1215,100.98072052001953,0.46148105691789776,0,3.794898617570652e-08,0.0045249247923493385,-0.009049735963344574,-0.009049735963344574,-0.009049735963344574,-0.015049735963344574,close,0,0,24,2024-04-01
2024-04-09,1216,71.08873748779297,0.46148105691789776,0,-0.005228685215115547,0.0026144329458475113,-0.005228685215115547,-0.0013070761924609542,-0.0013070761924609542,-0.007307076192460954,close,0,0,24,2024-04-01
2024-04-09,1217,11.353034019470215,0.46148105691789776,1,-7.476227636971089e-08,0.008368157781660557,-7.476227636971089e-08,0.0041840411722660065,0.0041840411722660065,-0.0018159588277339937,close,0,0,24,2024-04-01
2024-04-09,1218,20.628175735473633,0.46148105691789776,0,0.004545519594103098,0.00909099169075489,-0.011363589204847813,-0.00909089669585228,-0.00909089669585228,-0.01509089669585228,close,0,0,24,2024-04-01
2024-04-09,1219,17.23685073852539,0.46148105691789776,1,0.0026525177527219057,0.0026525177527219057,-0.002652548486366868,0.0026525177527219057,0.0026525177527219057,-0.0033474822472780944,close,0,0,24,2024-04-01
2024-04-09,1225,56.20695495605469,0.46148105691789776,0,-0.0035273474641144276,-0.001763705862686038,-0.0035273474641144276,-0.001763705862686038,-0.001763705862686038,-0.007763705862686038,close,0,0,24,2024-04-01
2024-04-09,1227,35.90682601928711,0.46148105691789776,1,-1.6273504765962343e-10,0.0012919697910547256,-0.005167978350073099,0.0012919697910547256,0.0012919697910547256,-0.0047080302089452745,close,0,0,24,2024-04-01
2024-04-09,1229,56.953521728515625,0.46148105691789776,1,0.002949827816337347,0.011799415573477745,0.001474885968491435,0.002949827816337347,0.002949827816337347,-0.003050172183662653,close,0,0,24,2024-04-01
2024-04-09,1231,78.88014221191406,0.46148105691789776,0,3.8382324873964535e-08,0.0030551045201718807,-0.004073226358741522,-0.004073226358741522,-0.004073226358741522,-0.010073226358741522,close,0,0,24,2024-04-01
2024-04-09,1301,69.32752990722656,0.46148105691789776,1,0.004195765592157841,0.012587351724505424,-8.100796122789689e-08,0.006992925424128771,0.006992925424128771,0.0009929254241287707,close,0,0,24,2024-04-01
2024-04-09,1303,56.404335021972656,0.46148105691789776,0,0.003413006430491805,0.005119530018419027,-0.006825875956565142,-0.005119417328387499,-0.005119417328387499,-0.011119417328387499,close,0,0,24,2024-04-01
2024-04-09,1304,15.945941925048828,0.46148105691789776,0,-3.138963222681923e-08,0.006024087779223919,-0.009036152623593807,-0.0060241506434977055,-0.0060241506434977055,-0.012024150643497706,close,0,0,24,2024-04-01
2024-04-09,1305,18.39659881591797,0.46148105691789776,1,3.912026258490187e-09,0.013157898560166359,-0.005263173952698708,0.005263181868940592,0.005263181868940592,-0.0007368181310594083,close,0,0,24,2024-04-01
2024-04-10,1101,30.52994728088379,0.4518439170512825,0,-0.006116286851465702,-0.0045872582122683525,-0.013761546462774277,-0.009174344129860401,-0.009174344129860401,-0.015174344129860401,close,0,0,24,2024-04-01
2024-04-10,1102,38.25432586669922,0.4518439170512825,0,-0.0047059496864676476,-0.0047059496864676476,-0.01882356032729149,-0.01058830227702856,-0.01058830227702856,-0.01658830227702856,close,0,0,24,2024-04-01
2024-04-10,1103,16.716739654541016,0.4518439170512825,0,0.0028010071255266666,0.0028010071255266666,-0.008403409272432327,-0.005602331832051277,-0.005602331832051277,-0.011602331832051277,close,0,0,24,2024-04-01
2024-04-10,1104,28.887855529785156,0.4518439170512825,0,-0.00606984319165349,-0.004552415572106838,-0.01365703996270895,-0.010622126050293446,-0.010622126050293446,-0.016622126050293444,close,0,0,24,2024-04-01
2024-04-10,1110,17.894763946533203,0.4518439170512825,0,0.005449571646749973,0.005449571646749973,-0.013624017126858234,-0.010899263434112072,-0.010899263434112072,-0.01689926343411207,close,0,0,24,2024-04-01
2024-04-10,1201,18.141597747802734,0.4518439170512825,0,-3.415772908965664e-08,0.005263143684715033,-0.005263212136924267,-0.002631572773680091,-0.002631572773680091,-0.008631572773680091,close,0,0,24,2024-04-01
2024-04-10,1210,53.17715072631836,0.4518439170512825,0,-0.0034482700284570456,-0.0034482700284570456,-0.015517248772084713,-0.010344781912863255,-0.010344781912863255,-0.016344781912863253,close,0,0,24,2024-04-01
2024-04-10,1215,100.0668716430664,0.4518439170512825,0,-0.009132477454841137,-0.004566268064081669,-0.027397315949201584,-0.022831106558442116,-0.02,-0.026000000000000002,stop_loss,0,1,24,2024-04-01
2024-04-10,1216,70.99581909179688,0.4518439170512825,0,0.0026177610270678997,0.005235622171312571,-0.006544502452015877,0.0,0.0,-0.006,close,0,0,24,2024-04-01
2024-04-10,1217,11.400535583496094,0.4518439170512825,0,-1.85565216526129e-08,-1.85565216526129e-08,-0.00833338312804699,-0.00833338312804699,-0.00833338312804699,-0.01433338312804699,close,0,0,24,2024-04-01
2024-04-10,1218,20.44064712524414,0.4518439170512825,0,0.004587110597640276,0.006880741100758314,-0.013761495240032673,-0.013761495240032673,-0.013761495240032673,-0.01976149524003267,close,0,0,24,2024-04-01
2024-04-10,1219,17.28257179260254,0.4518439170512825,0,0.0,0.0,-0.010582063347101212,0.0,0.0,-0.006,close,0,0,24,2024-04-01
2024-04-10,1225,56.10782241821289,0.4518439170512825,1,0.0017668220680207014,0.012367501854896545,0.0017668220680207014,0.0017668220680207014,0.0017668220680207014,-0.004233177931979299,close,0,0,24,2024-04-01
2024-04-10,1227,35.953216552734375,0.4518439170512825,0,-6.57964971395586e-09,-6.57964971395586e-09,-0.009032225236296654,-0.009032225236296654,-0.009032225236296654,-0.015032225236296654,close,0,0,24,2024-04-01
2024-04-10,1229,57.121524810791016,0.4518439170512825,0,-1.3367552398335647e-08,-1.3367552398335647e-08,-0.008823509328067303,-0.004411761183291674,-0.004411761183291674,-0.010411761183291674,close,0,0,24,2024-04-01
2024-04-10,1231,78.55884552001953,0.4518439170512825,0,-0.0020449345465749502,-0.0020449345465749502,-0.008179868571460247,-0.008179868571460247,-0.008179868571460247,-0.014179868571460247,close,0,0,24,2024-04-01
2024-04-10,1301,69.81233215332031,0.4518439170512825,0,-0.005555551964789629,-0.002777710324153304,-0.018055573105812073,-0.015277732163667679,-0.015277732163667679,-0.021277732163667677,close,0,0,24,2024-04-01
2024-04-10,1303,56.115577697753906,0.4518439170512825,0,-0.006860981695353985,-0.00514574209228158,-0.022298401221632957,-0.01886785589158535,-0.02,-0.026000000000000002,stop_loss,0,1,24,2024-04-01
2024-04-10,1304,15.849881172180176,0.4518439170512825,0,3.090205424882697e-08,3.090205424882697e-08,-0.02121211402118206,-0.01818174123764038,-0.02,-0.026000000000000002,stop_loss,0,1,24,2024-04-01
2024-04-10,1305,18.493423461914062,0.4518439170512825,0,-0.0026178727857768536,-0.0026178727857768536,-0.02094239927828312,-0.015706878155469894,-0.02,-0.026000000000000002,stop_loss,0,1,24,2024-04-01
2024-04-11,1101,30.249855041503906,0.46148105691789776,0,-0.010802516713738441,-0.006172840483486652,-0.018518565222620964,-0.006172840483486652,-0.006172840483486652,-0.012172840483486652,close,0,0,24,2024-04-01
2024-04-11,1102,37.84927749633789,0.46148105691789776,0,-0.007134338840842247,6.8597652003177245e-09,-0.013079642318189144,-0.0059452964924275875,-0.0059452964924275875,-0.011945296492427588,close,0,0,24,2024-04-01
2024-04-11,1103,16.62308692932129,0.46148105691789776,0,-0.008450709283351898,-0.002816885244101286,-0.014084533788263798,-0.011267675086855888,-0.011267675086855888,-0.017267675086855887,close,0,0,24,2024-04-01
2024-04-11,1104,28.581005096435547,0.46148105691789776,1,-1.8913798527364634e-08,0.012269851751625538,-0.003067516256123781,0.0015336999204009771,0.0015336999204009771,-0.004466300079599023,close,0,0,24,2024-04-01
2024-04-11,1110,17.699724197387695,0.46148105691789776,1,0.008264480158686638,0.013774143531918526,-0.005509624723345041,0.002754922490566969,0.002754922490566969,-0.003245077509433031,close,0,0,24,2024-04-01
2024-04-11,1201,18.093856811523438,0.46148105691789776,0,-0.002638483652845025,-0.002638483652845025,-0.007915548980236053,-0.007915548980236053,-0.007915548980236053,-0.013915548980236054,close,0,0,24,2024-04-01
2024-04-11,1210,52.627044677734375,0.46148105691789776,0,-0.0017422441160306334,0.0017420895164832473,-0.005226577632129192,-0.0034843776375055313,-0.0034843776375055313,-0.009484377637505531,close,0,0,24,2024-04-01
2024-04-11,1215,97.78223419189453,0.46148105691789776,0,-0.004672858398407698,3.901217127122436e-08,-0.00934575591236353,-0.00934575591236353,-0.00934575591236353,-0.01534575591236353,close,0,0,24,2024-04-01
2024-04-11,1216,70.99581909179688,0.46148105691789776,1,-0.006544546689838171,0.005235577467828989,-0.010471288114786148,0.005235577467828989,0.005235577467828989,-0.0007644225321710111,close,0,0,24,2024-04-01
2024-04-11,1217,11.305530548095703,0.46148105691789776,0,0.0,0.004201696719974279,-0.008403313346207142,0.0,0.0,-0.006,close,0,0,24,2024-04-01
2024-04-11,1218,20.159353256225586,0.46148105691789776,0,1.5590764235184906e-08,0.004651196300983429,-0.013953437097370625,-0.006976711098104715,-0.006976711098104715,-0.012976711098104715,close,0,0,24,2024-04-01
2024-04-11,1219,17.28257179260254,0.46148105691789776,0,-2.8101297289140348e-08,-2.8101297289140348e-08,-0.013227502815425396,-0.013227502815425396,-0.013227502815425396,-0.019227502815425394,close,0,0,24,2024-04-01
2024-04-11,1225,56.20695495605469,0.46148105691789776,1,0.0035274047404527664,0.008818396367132664,0.0035274047404527664,0.0070546879433095455,0.0070546879433095455,0.0010546879433095454,close,0,0,24,2024-04-01
2024-04-11,1227,35.62847900390625,0.46148105691789776,0,-0.005208360031247139,-7.289853165559634e-09,-0.005208360031247139,-0.003906297031790018,-0.003906297031790018,-0.009906297031790018,close,0,0,24,2024-04-01
2024-04-11,1229,56.8695182800293,0.46148105691789776,0,-0.0029541850090026855,5.6172503093421255e-08,-0.005908362567424774,-0.0029541850090026855,-0.0029541850090026855,-0.008954185009002686,close,0,0,24,2024-04-01
2024-04-11,1231,77.91624450683594,0.46148105691789776,0,-6.944472374925681e-08,-6.944472374925681e-08,-0.010309349745512009,-0.0030928344931453466,-0.0030928344931453466,-0.009092834493145347,close,0,0,24,2024-04-01
2024-04-11,1301,68.74575805664062,0.46148105691789776,0,-0.01128354575484991,-0.009873130358755589,-0.018335731700062752,-0.01692531630396843,-0.01692531630396843,-0.022925316303968428,close,0,0,24,2024-04-01
2024-04-11,1303,55.05679702758789,0.46148105691789776,1,-0.005244780331850052,0.005244703032076359,-0.01223781332373619,0.0034964780788868666,0.0034964780788868666,-0.0025035219211131336,close,0,0,24,2024-04-01
2024-04-11,1304,15.561702728271484,0.46148105691789776,0,2.9491532771430684e-08,2.9491532771430684e-08,-0.006172833498567343,-0.006172833498567343,-0.006172833498567343,-0.012172833498567343,close,0,0,24,2024-04-01
2024-04-11,1305,18.20294952392578,0.46148105691789776,0,0.0026596307288855314,0.0026596307288855314,-0.01329787727445364,-0.010638242587447166,-0.010638242587447166,-0.016638242587447165,close,0,0,24,2024-04-01
2024-04-12,1101,30.063127517700195,0.45403688058066133,1,0.004658306483179331,0.031055891886353493,0.0031055351719260216,0.004658306483179331,0.03,0.024,take_profit,1,0,24,2024-04-01
2024-04-12,1102,37.62425231933594,0.45403688058066133,1,-6.8597652003177245e-09,0.0107655618339777,-0.002392314840108156,0.0059808543883264065,0.0059808543883264065,-1.9145611673593646e-05,close,0,0,24,2024-04-01
2024-04-12,1103,16.43578338623047,0.45403688058066133,1,0.008547135628759861,0.014245054684579372,3.9362866743886116e-08,0.0028491076081991196,0.0028491076081991196,-0.0031508923918008806,close,0,0,24,2024-04-01
2024-04-12,1104,28.624839782714844,0.45403688058066133,1,-0.0015314078191295266,0.01071967277675867,-0.0030628375243395567,0.003062702715396881,0.003062702715396881,-0.002937297284603119,close,0,0,24,2024-04-01
2024-04-12,1110,17.748485565185547,0.45403688058066133,1,-2.9433236292675247e-08,0.027472496032714844,-2.9433236292675247e-08,0.021977970376610756,0.021977970376610756,0.015977970376610758,close,0,0,24,2024-04-01
2024-04-12,1201,17.950634002685547,0.45403688058066133,0,-6.888016912398598e-08,-6.888016912398598e-08,-0.005319136660546064,-0.005319136660546064,-0.005319136660546064,-0.011319136660546065,close,0,0,24,2024-04-01
2024-04-12,1210,52.44367218017578,0.45403688058066133,0,-0.005244682542979717,-0.005244682542979717,-0.01748245768249035,-0.0157342329621315,-0.0157342329621315,-0.0217342329621315,close,0,0,24,2024-04-01
2024-04-12,1215,96.8683853149414,0.45403688058066133,0,3.9755256864282273e-08,0.004717021249234676,-0.009433923289179802,-0.009433923289179802,-0.009433923289179802,-0.015433923289179802,close,0,0,24,2024-04-01
2024-04-12,1216,71.36752319335938,0.45403688058066133,0,-0.007812493946403265,0.002604212611913681,-0.007812493946403265,-0.0013020772021263838,-0.0013020772021263838,-0.007302077202126384,close,0,0,24,2024-04-01
2024-04-12,1217,11.305530548095703,0.45403688058066133,0,0.0,0.004201696719974279,-0.0042016166262328625,0.0,0.0,-0.006,close,0,0,24,2024-04-01
2024-04-12,1218,20.018707275390625,0.45403688058066133,0,-0.002341940999031067,0.00702577643096447,-0.0046838256530463696,-0.002341940999031067,-0.002341940999031067,-0.008341940999031067,close,0,0,24,2024-04-01
2024-04-12,1219,17.053966522216797,0.45403688058066133,0,0.0,0.008042830042541027,0.0,0.0,0.0,-0.006,close,0,0,24,2024-04-01
2024-04-12,1225,56.603477478027344,0.45403688058066133,1,0.0035026338882744312,0.008756561204791069,-0.007005220279097557,0.0035026338882744312,0.0035026338882744312,-0.002497366111725569,close,0,0,24,2024-04-01
2024-04-12,1227,35.48930358886719,0.45403688058066133,0,2.9380764487996203e-10,2.9380764487996203e-10,-0.005228777881711721,-0.002614338882267475,-0.002614338882267475,-0.008614338882267475,close,0,0,24,2024-04-01
2024-04-12,1229,56.701515197753906,0.45403688058066133,1,-5.6172499540707577e-08,0.010370359756052494,-0.002962986472994089,0.002962938044220209,0.002962938044220209,-0.003037061955779791,close,0,0,24,2024-04-01
2024-04-12,1231,77.67526245117188,0.45403688058066133,1,8.769195147806386e-08,0.013443713076412678,8.769195147806386e-08,0.0010341760935261846,0.0010341760935261846,-0.0049658239064738156,close,0,0,24,2024-04-01
2024-04-12,1301,67.58221435546875,0.45403688058066133,0,8.519075578306001e-08,0.010043193586170673,-0.0028693119529634714,-0.001434613368473947,-0.001434613368473947,-0.007434613368473947,close,0,0,24,2024-04-01
2024-04-12,1303,55.24930191040039,0.45403688058066133,0,-0.005226495675742626,-0.0017421615775674582,-0.012195096351206303,-0.003484295215457678,-0.003484295215457678,-0.009484295215457678,close,0,0,24,2024-04-01
2024-04-12,1304,15.465642929077148,0.45403688058066133,1,-0.003105718409642577,0.062111739069223404,-0.003105718409642577,0.0372670441865921,0.03,0.024,take_profit,1,0,24,2024-04-01
2024-04-12,1305,18.009302139282227,0.45403688058066133,1,0.0026880826335400343,0.032258033752441406,0.0026880826335400343,0.008064446970820427,0.03,0.024,take_profit,1,0,24,2024-04-01
2024-04-15,1101,30.203170776367188,0.46063658532865437,1,0.007728000171482563,0.029366355389356613,0.001545713865198195,0.0030912854708731174,0.0030912854708731174,-0.0029087145291268827,close,0,0,24,2024-04-01
2024-04-15,1102,37.84927749633789,0.46063658532865437,0,-0.005945299752056599,-0.003567124018445611,-0.021403033286333084,-0.015457730740308762,-0.02,-0.026000000000000002,stop_loss,0,1,24,2024-04-01
2024-04-15,1103,16.48261070251465,0.46063658532865437,0,-9.94421185396277e-08,-9.94421185396277e-08,-0.01704561710357666,-0.01704561710357666,-0.01704561710357666,-0.02304561710357666,close,0,0,24,2024-04-01
2024-04-15,1104,28.712509155273438,0.46063658532865437,0,-0.0015266481786966324,0.0015267407288774848,-0.021373972296714783,-0.016793830320239067,-0.02,-0.026000000000000002,stop_loss,0,1,24,2024-04-01
2024-04-15,1110,18.138561248779297,0.46063658532865437,0,6.487562131951563e-08,0.0026881960220634937,-0.024193525314331055,-0.01881716027855873,-0.02,-0.026000000000000002,stop_loss,0,1,24,2024-04-01
2024-04-15,1201,17.855152130126953,0.46063658532865437,0,-0.0026738266460597515,3.1291552460288585e-08,-0.016042809933423996,-0.013368952088057995,-0.013368952088057995,-0.019368952088057993,close,0,0,24,2024-04-01
2024-04-15,1210,51.61851119995117,0.46063658532865437,0,-0.003552389098331332,-0.0017761493800207973,-0.021314378827810287,-0.019538139924407005,-0.02,-0.026000000000000002,stop_loss,0,1,24,2024-04-01
2024-04-15,1215,95.95453643798828,0.46063658532865437,0,0.009523708373308182,0.009523708373308182,-0.01904771663248539,-0.014285813085734844,-0.014285813085734844,-0.020285813085734843,close,0,0,24,2024-04-01
2024-04-15,1216,71.27459716796875,0.46063658532865437,0,-0.01173406932502985,-0.006519025191664696,-0.028683260083198547,-0.028683260083198547,-0.02,-0.026000000000000002,stop_loss,0,1,24,2024-04-01
2024-04-15,1217,11.305530548095703,0.46063658532865437,0,5.2017973928286665e-08,0.004201748874038458,-0.01680665649473667,-0.01680665649473667,-0.01680665649473667,-0.02280665649473667,close,0,0,24,2024-04-01
2024-04-15,1218,19.971824645996094,0.46063658532865437,0,-0.004694738890975714,-0.0023473568726330996,-0.028168918564915657,-0.025821536779403687,-0.02,-0.026000000000000002,stop_loss,0,1,24,2024-04-01
2024-04-15,1219,17.053966522216797,0.46063658532865437,0,-0.002681029262021184,-5.089910715128099e-08,-0.010723964311182499,-0.010723964311182499,-0.010723964311182499,-0.016723964311182497,close,0,0,24,2024-04-01
2024-04-15,1225,56.80173873901367,0.46063658532865437,0,0.0034904181957244873,0.0034904181957244873,-0.005235585384070873,-0.001745170564390719,-0.001745170564390719,-0.007745170564390719,close,0,0,24,2024-04-01
2024-04-15,1227,35.396522521972656,0.46063658532865437,0,-0.0013107102131471038,-1.4270818304851218e-08,-0.015727465972304344,-0.01310617383569479,-0.01310617383569479,-0.01910617383569479,close,0,0,24,2024-04-01
2024-04-15,1229,56.8695182800293,0.46063658532865437,0,-0.0029542420525103807,-0.0029542420525103807,-0.025110794231295586,-0.020679496228694916,-0.02,-0.026000000000000002,stop_loss,0,1,24,2024-04-01
2024-04-15,1231,77.7555923461914,0.46063658532865437,0,0.0020660609006881714,0.0020660609006881714,-0.018595101311802864,-0.013429810293018818,-0.013429810293018818,-0.019429810293018816,close,0,0,24,2024-04-01
2024-04-15,1301,67.48526000976562,0.46063658532865437,0,-0.0014368771808221936,-0.0014368771808221936,-0.02298859879374504,-0.02298859879374504,-0.02,-0.026000000000000002,stop_loss,0,1,24,2024-04-01
2024-04-15,1303,55.05679702758789,0.46063658532865437,0,-0.012237824499607086,-0.006993082817643881,-0.03496508300304413,-0.02972033992409706,-0.02,-0.026000000000000002,stop_loss,0,1,24,2024-04-01
2024-04-15,1304,16.042001724243164,0.46063658532865437,0,0.008982040919363499,0.014970087446272373,-0.032934170216321945,-0.02994009107351303,-0.02,-0.026000000000000002,stop_loss,0,1,24,2024-04-01
2024-04-15,1305,18.154537200927734,0.46063658532865437,0,3.485618904619514e-08,3.485618904619514e-08,-0.03733333945274353,-0.02933325804769993,-0.02,-0.026000000000000002,stop_loss,0,1,24,2024-04-01
2024-04-16,1101,30.296537399291992,0.4658944219638157,1,0.010785753838717937,0.012326562777161598,-0.007704182527959347,0.0061633288860321045,0.0061633288860321045,0.00016332888603210437,close,0,0,24,2024-04-01
2024-04-16,1102,37.26421356201172,0.4658944219638157,1,-0.002415476832538843,0.007246396038681269,-0.006038609892129898,0.0012077485444024205,0.0012077485444024205,-0.00479225145559758,close,0,0,24,2024-04-01
2024-04-16,1103,16.2016544342041,0.4658944219638157,1,-0.002890133997425437,0.01734110340476036,-0.005780263338238001,0.008670603856444359,0.008670603856444359,0.0026706038564443587,close,0,0,24,2024-04-01
2024-04-16,1104,28.230316162109375,0.4658944219638157,1,0.0015527961077168584,0.032608646899461746,0.0015527961077168584,0.029503103345632553,0.03,0.024,take_profit,1,0,24,2024-04-01
2024-04-16,1110,17.797245025634766,0.4658944219638157,1,-0.0027396827936172485,0.010958947241306305,-0.0027396827936172485,0.00821915827691555,0.00821915827691555,0.00221915827691555,close,0,0,24,2024-04-01
2024-04-16,1201,17.61644744873047,0.4658944219638157,1,-7.306427818321026e-08,0.005419897846877575,-7.306427818321026e-08,0.002709912369027734,0.002709912369027734,-0.0032900876309722663,close,0,0,24,2024-04-01
2024-04-16,1210,50.609981536865234,0.4658944219638157,1,0.00543470261618495,0.018115874379873276,0.003623136319220066,0.007246269378811121,0.007246269378811121,0.0012462693788111209,close,0,0,24,2024-04-01
2024-04-16,1215,94.58374786376953,0.4658944219638157,1,4.052439805946051e-08,0.024154631420969963,4.052439805946051e-08,0.00966187659651041,0.00966187659651041,0.00366187659651041,close,0,0,24,2024-04-01
2024-04-16,1216,69.23020935058594,0.4658944219638157,1,0.0013422948541119695,0.022818785160779953,0.0013422948541119695,0.012080591171979904,0.012080591171979904,0.006080591171979904,close,0,0,24,2024-04-01
2024-04-16,1217,11.115522384643555,0.4658944219638157,1,0.004273548256605864,0.017094029113650322,0.004273548256605864,0.012820589356124401,0.012820589356124401,0.006820589356124401,close,0,0,24,2024-04-01
2024-04-16,1218,19.45612144470215,0.4658944219638157,1,-4.014442822608544e-08,0.009638550691306591,-0.00722893700003624,0.002409561537206173,0.002409561537206173,-0.003590438462793827,close,0,0,24,2024-04-01
2024-04-16,1219,16.87108039855957,0.4658944219638157,1,0.005420132540166378,0.013550148345530033,0.0027100916486233473,0.010840213857591152,0.010840213857591152,0.004840213857591152,close,0,0,24,2024-04-01
2024-04-16,1225,56.70261001586914,0.4658944219638157,1,-9.945075873929454e-09,0.005244731903076172,-0.0034965267404913902,0.005244731903076172,0.005244731903076172,-0.0007552680969238282,close,0,0,24,2024-04-01
2024-04-16,1227,34.93260955810547,0.4658944219638157,0,-0.002656111028045416,0.0026559941470623016,-0.003984111826866865,-0.001328109996393323,-0.001328109996393323,-0.007328109996393323,close,0,0,24,2024-04-01
2024-04-16,1229,55.693485260009766,0.4658944219638157,0,0.0,0.009049804881215096,-0.0060331812128424644,0.0,0.0,-0.006,close,0,0,24,2024-04-01
2024-04-16,1231,76.71134948730469,0.4658944219638157,0,0.0,0.006282685790210962,-0.003141342895105481,0.0,0.0,-0.006,close,0,0,24,2024-04-01
2024-04-16,1301,65.93386840820312,0.4658944219638157,0,5.8754899612267764e-08,0.0029411904979497194,-0.005882317200303078,-0.0029410729184746742,-0.0029410729184746742,-0.008941072918474674,close,0,0,24,2024-04-01
2024-04-16,1303,53.42049026489258,0.4658944219638157,0,-0.00360362371429801,0.0018017678521573544,-0.012612632475793362,-0.009009015746414661,-0.009009015746414661,-0.015009015746414662,close,0,0,24,2024-04-01
2024-04-16,1304,15.561702728271484,0.4658944219638157,0,0.003086372511461377,0.009259235113859177,0.0,0.0,0.0,-0.006,close,0,0,24,2024-04-01
2024-04-16,1305,17.622005462646484,0.4658944219638157,0,-5.8120825485730165e-08,0.005494363140314817,-0.0027473734226077795,-0.0027473734226077795,-0.0027473734226077795,-0.00874737342260778,close,0,0,24,2024-04-01
2024-04-17,1101,30.483264923095703,0.4680069467545182,1,-0.004594188183546066,0.007657006848603487,-0.0107197854667902,0.0015314093325287104,0.0015314093325287104,-0.00446859066747129,close,0,0,24,2024-04-01
2024-04-17,1102,37.30921936035156,0.4680069467545182,1,0.0012062968453392386,0.016887878999114037,0.0012062968453392386,0.016887878999114037,0.016887878999114037,0.010887878999114036,close,0,0,24,2024-04-01
2024-04-17,1103,16.342132568359375,0.4680069467545182,1,-0.002865386428311467,0.020057227462530136,-0.002865386428311467,0.020057227462530136,0.020057227462530136,0.014057227462530136,close,0,0,24,2024-04-01
2024-04-17,1104,29.06319808959961,0.4680069467545182,1,0.004524893593043089,0.01960785500705242,-0.0030165875796228647,0.004524893593043089,0.004524893593043089,-0.0014751064069569112,close,0,0,24,2024-04-01
2024-04-17,1110,17.943523406982422,0.4680069467545182,1,-0.008152185007929802,0.027173880487680435,-0.013586987741291523,0.013586924411356449,0.013586924411356449,0.007586924411356449,close,0,0,24,2024-04-01
2024-04-17,1201,17.664186477661133,0.4680069467545182,1,7.469753882105579e-08,0.0054055009968578815,-0.005405351519584656,0.0054055009968578815,0.0054055009968578815,-0.0005944990031421186,close,0,0,24,2024-04-01
2024-04-17,1210,50.976715087890625,0.4680069467545182,1,6.311331901542871e-08,0.010791472159326077,-0.005395607091486454,0.0017986656166613102,0.0017986656166613102,-0.00420133438333869,close,0,0,24,2024-04-01
2024-04-17,1215,95.49760437011719,0.4680069467545182,0,0.0,0.009569377638399601,-0.019138755276799202,0.0,0.0,-0.006,close,0,0,24,2024-04-01
2024-04-17,1216,70.0665512084961,0.4680069467545182,1,-0.003978818189352751,0.0238726194947958,-0.003978818189352751,0.018567660823464394,0.018567660823464394,0.012567660823464393,close,0,0,24,2024-04-01
2024-04-17,1217,11.25802993774414,0.4680069467545182,1,-3.7855322432278626e-08,0.025316352024674416,-3.7855322432278626e-08,0.025316352024674416,0.025316352024674416,0.019316352024674417,close,0,0,24,2024-04-01
2024-04-17,1218,19.503002166748047,0.4680069467545182,1,-1.007694727661601e-08,0.014423122629523277,-0.007211530581116676,0.007211601827293634,0.007211601827293634,0.0012116018272936343,close,0,0,24,2024-04-01
2024-04-17,1219,17.053966522216797,0.4680069467545182,1,5.874980857356604e-08,0.010723867453634739,-0.005361898336559534,0.008042888715863228,0.008042888715863228,0.0020428887158632277,close,0,0,24,2024-04-01
2024-04-17,1225,57.0,0.4680069467545182,0,-0.006956541910767555,6.423818810219473e-09,-0.008695646189153194,-0.0034782676957547665,-0.0034782676957547665,-0.009478267695754767,close,0,0,24,2024-04-01
2024-04-17,1227,34.88621520996094,0.4680069467545182,0,1.2030532126061644e-10,0.0013298685662448406,-0.007978702895343304,-0.0013297668192535639,-0.0013297668192535639,-0.007329766819253564,close,0,0,24,2024-04-01
2024-04-17,1229,55.693485260009766,0.4680069467545182,0,6.061697632731011e-08,6.061697632731011e-08,-0.010557991452515125,-0.0030164977069944143,-0.0030164977069944143,-0.009016497706994414,close,0,0,24,2024-04-01
2024-04-17,1231,76.71134948730469,0.4680069467545182,1,-1.0138790917935125e-09,0.021989494562149048,-0.0020942618139088154,0.021989494562149048,0.021989494562149048,0.01598949456214905,close,0,0,24,2024-04-01
2024-04-17,1301,65.73995208740234,0.4680069467545182,1,-0.0029498348012566566,0.0073747169226408005,-0.008849562145769596,0.0044247969053685665,0.0044247969053685665,-0.0015752030946314336,close,0,0,24,2024-04-01
2024-04-17,1303,52.93922424316406,0.4680069467545182,1,-0.001818101736716926,0.0163637176156044,-0.0054544792510569096,0.014545493759214878,0.014545493759214878,0.008545493759214878,close,0,0,24,2024-04-01
2024-04-17,1304,15.561702728271484,0.4680069467545182,1,7.548899816356425e-08,0.012345683760941029,-0.009259277954697609,0.009259311482310295,0.009259311482310295,0.003259311482310295,close,0,0,24,2024-04-01
2024-04-17,1305,17.573591232299805,0.4680069467545182,0,0.0,0.002754884073510766,-0.01101922057569027,0.0,0.0,-0.006,close,0,0,24,2024-04-01
2024-04-18,1101,30.52994728088379,0.4547178022022988,0,-0.007645270321518183,-1.0639125136435723e-08,-0.02599390596151352,-0.021406760439276695,-0.02,-0.026000000000000002,stop_loss,0,1,24,2024-04-01
2024-04-18,1102,37.939292907714844,0.4547178022022988,0,-0.0035587747115641832,0.0023724231868982315,-0.015421169809997082,-0.0035587747115641832,-0.0035587747115641832,-0.009558774711564183,close,0,0,24,2024-04-01
2024-04-18,1103,16.669910430908203,0.4547178022022988,0,0.0028091093990951777,0.00561805535107851,-0.02808983437716961,-0.014044889248907566,-0.02,-0.026000000000000002,stop_loss,0,1,24,2024-04-01
2024-04-18,1104,29.194705963134766,0.4547178022022988,0,-0.0075075663626194,0.0060059744864702225,-0.02252252772450447,-0.006005971226841211,-0.02,-0.026000000000000002,stop_loss,0,1,24,2024-04-01
2024-04-18,1110,18.187320709228516,0.4547178022022988,0,-0.0026809589471668005,0.005361916031688452,-0.024128658697009087,-0.0026809589471668005,-0.02,-0.026000000000000002,stop_loss,0,1,24,2024-04-01
2024-04-18,1201,17.75967025756836,0.4547178022022988,0,-4.16418721727041e-08,-4.16418721727041e-08,-0.018817264586687088,-0.010752770118415356,-0.010752770118415356,-0.016752770118415354,close,0,0,24,2024-04-01
2024-04-18,1210,51.06840515136719,0.4547178022022988,0,-4.525339747374346e-08,0.0107719199731946,-0.01795336604118347,-0.0035907230339944363,-0.0035907230339944363,-0.009590723033994436,close,0,0,24,2024-04-01
2024-04-18,1215,95.49760437011719,0.4547178022022988,0,-0.004784729331731796,0.004784648306667805,-0.023923484608530998,-0.00956941768527031,-0.02,-0.026000000000000002,stop_loss,0,1,24,2024-04-01
2024-04-18,1216,71.36752319335938,0.4547178022022988,0,-1.87788398164912e-08,-1.87788398164912e-08,-0.02083343081176281,-0.010416724719107151,-0.02,-0.026000000000000002,stop_loss,0,1,24,2024-04-01
2024-04-18,1217,11.543042182922363,0.4547178022022988,0,-0.0016778261633589864,0.002516821026802063,-0.026845548301935196,-0.01426168717443943,-0.02,-0.026000000000000002,stop_loss,0,1,24,2024-04-01
2024-04-18,1218,19.64365005493164,0.4547178022022988,0,2.432853474232388e-09,2.432853474232388e-09,-0.03102632239460945,-0.019093148410320282,-0.02,-0.026000000000000002,stop_loss,0,1,24,2024-04-01
2024-04-18,1219,17.191129684448242,0.4547178022022988,0,0.007978682406246662,0.007978682406246662,-0.01329791359603405,-0.005319255869835615,-0.005319255869835615,-0.011319255869835615,close,0,0,24,2024-04-01
2024-04-18,1225,56.80173873901367,0.4547178022022988,1,-0.006980769336223602,0.003490408416837454,-0.026178017258644104,0.003490408416837454,-0.02,-0.026000000000000002,stop_loss,0,1,24,2024-04-01
2024-04-18,1227,34.83982467651367,0.4547178022022988,0,-0.0013315449468791485,-7.3492283370057976e-09,-0.011984049342572689,-0.006657796911895275,-0.006657796911895275,-0.012657796911895275,close,0,0,24,2024-04-01
2024-04-18,1229,55.52548599243164,0.4547178022022988,0,-0.001512913848273456,0.0015128366649150848,-0.027231531217694283,-0.012102910317480564,-0.02,-0.026000000000000002,stop_loss,0,1,24,2024-04-01
2024-04-18,1231,78.398193359375,0.4547178022022988,0,-2.7858021667270805e-08,-2.7858021667270805e-08,-0.029713094234466553,-0.018442638218402863,-0.02,-0.026000000000000002,stop_loss,0,1,24,2024-04-01
2024-04-18,1301,66.03083801269531,0.4547178022022988,0,-0.0073422035202383995,0.002936864737421274,-0.01908956654369831,-0.014684347435832024,-0.014684347435832024,-0.020684347435832022,close,0,0,24,2024-04-01
2024-04-18,1303,53.709251403808594,0.4547178022022988,0,-0.01075271237641573,0.008960520848631859,-0.02329752966761589,-0.014336955733597279,-0.02,-0.026000000000000002,stop_loss,0,1,24,2024-04-01
2024-04-18,1304,15.705793380737305,0.4547178022022988,0,-0.0061163087375462055,0.01834849640727043,-0.024464942514896393,-0.021406827494502068,-0.02,-0.026000000000000002,stop_loss,0,1,24,2024-04-01
2024-04-18,1305,17.573591232299805,0.4547178022022988,0,-5.77699266202103e-09,0.022038541734218597,-0.016528889536857605,-0.011019227094948292,-0.011019227094948292,-0.01701922709494829,close,0,0,24,2024-04-01
2024-04-19,1101,29.876399993896484,0.4680069467545182,1,-7.617655484182251e-08,0.020312469452619553,-0.0031250878237187862,0.018749874085187912,0.018749874085187912,0.012749874085187912,close,0,0,24,2024-04-01
2024-04-19,1102,37.80427551269531,0.4680069467545182,1,0.00476196501404047,0.016666727140545845,0.0023809578269720078,0.016666727140545845,0.016666727140545845,0.010666727140545845,close,0,0,24,2024-04-01
2024-04-19,1103,16.43578338623047,0.4680069467545182,1,0.011395998299121857,0.02564101293683052,0.008547039702534676,0.014244957827031612,0.014244957827031612,0.008244957827031612,close,0,0,24,2024-04-01
2024-04-19,1104,29.019363403320312,0.4680069467545182,1,0.006042237393558025,0.01963743194937706,-0.0015106351347640157,0.009063457138836384,0.009063457138836384,0.0030634571388363837,close,0,0,24,2024-04-01
2024-04-19,1110,18.138561248779297,0.4680069467545182,1,0.0026882386300712824,0.03225819393992424,-0.0053762574680149555,0.01612910069525242,0.03,0.024,take_profit,1,0,24,2024-04-01
2024-04-19,1201,17.56870460510254,0.4680069467545182,1,-0.002717341296374798,0.021739119663834572,-0.002717341296374798,0.016304418444633484,0.016304418444633484,0.010304418444633484,close,0,0,24,2024-04-01
2024-04-19,1210,50.885032653808594,0.4680069467545182,1,0.01261256542056799,0.025225190445780754,0.007207174319773912,0.016216183081269264,0.016216183081269264,0.010216183081269264,close,0,0,24,2024-04-01
2024-04-19,1215,94.58374786376953,0.4680069467545182,0,0.0,0.014492753893136978,-0.009661835618317127,0.0,0.0,-0.006,close,0,0,24,2024-04-01
2024-04-19,1216,70.62410736083984,0.4680069467545182,1,0.006578965578228235,0.038157932460308075,0.006578965578228235,0.038157932460308075,0.03,0.024,take_profit,1,0,24,2024-04-01
2024-04-19,1217,11.378418922424316,0.4680069467545182,1,8.815144170171152e-10,0.017021261155605316,-0.004255334381014109,0.017021261155605316,0.017021261155605316,0.011021261155605316,close,0,0,24,2024-04-01
2024-04-19,1218,19.268590927124023,0.4680069467545182,1,0.009732378646731377,0.03406327962875366,0.0024331274908035994,0.026764027774333954,0.03,0.024,take_profit,1,0,24,2024-04-01
2024-04-19,1219,17.099685668945312,0.4680069467545182,1,0.0053476858884096146,0.00802149623632431,6.52016964863833e-08,0.00802149623632431,0.00802149623632431,0.00202149623632431,close,0,0,24,2024-04-01
2024-04-19,1225,57.0,0.4680069467545182,1,0.013913020491600037,0.013913020491600037,-0.005217387806624174,0.005217368248850107,0.005217368248850107,-0.0007826317511498929,close,0,0,24,2024-04-01
2024-04-19,1227,34.60786819458008,0.4680069467545182,1,0.002681033918634057,0.009383446536958218,-0.004021379165351391,0.008042882196605206,0.008042882196605206,0.0020428821966052054,close,0,0,24,2024-04-01
2024-04-19,1229,54.85346603393555,0.4680069467545182,1,-0.004594221245497465,0.0076569910161197186,-0.004594221245497465,0.003062761388719082,0.003062761388719082,-0.0029372386112809182,close,0,0,24,2024-04-01
2024-04-19,1231,76.95232391357422,0.4680069467545182,1,-5.164003269442219e-08,0.020876780152320862,-0.001043854746967554,0.01670137606561184,0.01670137606561184,0.01070137606561184,close,0,0,24,2024-04-01
2024-04-19,1301,65.06121826171875,0.4680069467545182,1,0.011922497302293777,0.041728757321834564,0.007451512850821018,0.038748063147068024,0.03,0.024,take_profit,1,0,24,2024-04-01
2024-04-19,1303,52.93922424316406,0.4680069467545182,1,0.019999973475933075,0.0472727008163929,0.019999973475933075,0.04181816801428795,0.03,0.024,take_profit,1,0,24,2024-04-01
2024-04-19,1304,15.369582176208496,0.4680069467545182,1,-1.4319106789173475e-08,0.034374937415122986,-1.4319106789173475e-08,0.015624985098838806,0.03,0.024,take_profit,1,0,24,2024-04-01
2024-04-19,1305,17.37994384765625,0.4680069467545182,1,0.0027855366934090853,0.022284165024757385,-0.002785515272989869,0.01392764039337635,0.01392764039337635,0.00792764039337635,close,0,0,24,2024-04-01
2024-04-22,1101,30.43657875061035,0.4519920593350871,0,0.006135039031505585,0.01687130704522133,-0.009202385321259499,-0.0076686665415763855,-0.0076686665415763855,-0.013668666541576386,close,0,0,24,2024-04-01
2024-04-22,1102,38.434349060058594,0.4519920593350871,1,-4.338150105809291e-08,0.007025699596852064,-0.003512959461659193,0.0046838149428367615,0.0046838149428367615,-0.0013161850571632387,close,0,0,24,2024-04-01
2024-04-22,1103,16.669910430908203,0.4519920593350871,1,7.049567329886486e-08,0.011236069723963737,-0.002808875637128949,0.005618070252239704,0.005618070252239704,-0.000381929747760296,close,0,0,24,2024-04-01
2024-04-22,1104,29.282379150390625,0.4519920593350871,1,0.010478980839252472,0.02095809578895569,0.0029939489904791117,0.019460996612906456,0.019460996612906456,0.013460996612906456,close,0,0,24,2024-04-01
2024-04-22,1110,18.431119918823242,0.4519920593350871,1,-0.0052911266684532166,0.013227410614490509,-0.0052911266684532166,0.007936385460197926,0.007936385460197926,0.0019363854601979254,close,0,0,24,2024-04-01
2024-04-22,1201,17.855152130126953,0.4519920593350871,0,-0.005347613710910082,0.008021369576454163,-0.005347613710910082,0.0,0.0,-0.006,close,0,0,24,2024-04-01
2024-04-22,1210,51.7101936340332,0.4519920593350871,1,0.0035461150109767914,0.01773056760430336,6.961530374383074e-08,0.01773056760430336,0.01773056760430336,0.01173056760430336,close,0,0,24,2024-04-01
2024-04-22,1215,94.58374786376953,0.4519920593350871,1,0.004830939695239067,0.033816445618867874,0.004830939695239067,0.033816445618867874,0.03,0.024,take_profit,1,0,24,2024-04-01
2024-04-22,1216,73.31897735595703,0.4519920593350871,0,-0.013941649347543716,2.9740121476606873e-08,-0.015209154225885868,-0.0063371057622134686,-0.0063371057622134686,-0.012337105762213469,close,0,0,24,2024-04-01
2024-04-22,1217,11.572093963623047,0.4519920593350871,0,-0.01255226880311966,8.770468795660236e-10,-0.01255226880311966,-0.008368152193725109,-0.008368152193725109,-0.01436815219372511,close,0,0,24,2024-04-01
2024-04-22,1218,19.7842960357666,0.4519920593350871,1,0.007108970545232296,0.011848324909806252,-0.004739370197057724,0.007108970545232296,0.007108970545232296,0.0011089705452322959,close,0,0,24,2024-04-01
2024-04-22,1219,17.23685073852539,0.4519920593350871,1,-0.0026525636203587055,0.005305035505443811,-0.0026525636203587055,0.005305035505443811,0.005305035505443811,-0.0006949644945561887,close,0,0,24,2024-04-01
2024-04-22,1225,57.29738998413086,0.4519920593350871,1,-1.8807352120120413e-08,0.010380643419921398,-1.8807352120120413e-08,0.010380643419921398,0.010380643419921398,0.004380643419921398,close,0,0,24,2024-04-01
2024-04-22,1227,34.88621520996094,0.4519920593350871,1,0.0013299911515787244,0.01196822989732027,0.0013299911515787244,0.01196822989732027,0.01196822989732027,0.00596822989732027,close,0,0,24,2024-04-01
2024-04-22,1229,55.02146911621094,0.4519920593350871,1,0.0015267012640833855,0.010687037371098995,-3.253117597523669e-08,0.010687037371098995,0.010687037371098995,0.004687037371098995,close,0,0,24,2024-04-01
2024-04-22,1231,78.23753356933594,0.4519920593350871,1,7.949805791440667e-08,0.009240367449820042,-0.0010265770833939314,0.0020534873474389315,0.0020534873474389315,-0.003946512652561069,close,0,0,24,2024-04-01
2024-04-22,1301,67.58221435546875,0.4519920593350871,0,-5.7970751754510275e-08,0.0014347498072311282,-0.011477753520011902,-0.008608357049524784,-0.008608357049524784,-0.014608357049524784,close,0,0,24,2024-04-01
2024-04-22,1303,55.153045654296875,0.4519920593350871,0,0.005235638469457626,0.010471293702721596,-0.01221636962145567,-0.010471128858625889,-0.010471128858625889,-0.016471128858625887,close,0,0,24,2024-04-01
2024-04-22,1304,15.609731674194336,0.4519920593350871,1,0.006153962574899197,0.02769245021045208,9.250585719655646e-08,0.006153962574899197,0.006153962574899197,0.0001539625748991965,close,0,0,24,2024-04-01
2024-04-22,1305,17.622005462646484,0.4519920593350871,0,0.005494358483701944,0.008241673931479454,-0.01098911464214325,-0.008241903968155384,-0.008241903968155384,-0.014241903968155384,close,0,0,24,2024-04-01
2024-04-23,1313,13.28880786895752,0.467541078113642,0,0.003690031822770834,0.003690031822770834,-0.011070171371102333,-0.0073801204562187195,-0.0073801204562187195,-0.01338012045621872,close,0,0,24,2024-04-01
2024-04-23,1308,18.28893280029297,0.467541078113642,0,0.005235622171312571,0.005235622171312571,-0.005235622171312571,0.0,0.0,-0.006,close,0,0,24,2024-04-01
2024-04-23,1307,26.059921264648438,0.467541078113642,0,-0.006779687013477087,0.0016948893899098039,-0.006779687013477087,0.0,0.0,-0.006,close,0,0,24,2024-04-01
2024-04-23,1102,38.6143684387207,0.467541078113642,0,-4.907862916070371e-08,0.00699293939396739,-0.011655059643089771,-0.010489576496183872,-0.010489576496183872,-0.01648957649618387,close,0,0,24,2024-04-01
2024-04-23,1103,16.76356315612793,0.467541078113642,0,-0.008379937149584293,0.002793289488181472,-0.008379937149584293,-0.005586683750152588,-0.005586683750152588,-0.011586683750152588,close,0,0,24,2024-04-01
2024-04-23,1104,29.852243423461914,0.467541078113642,0,0.007342131808400154,0.008810652419924736,-0.011747380718588829,-0.01027897372841835,-0.01027897372841835,-0.01627897372841835,close,0,0,24,2024-04-01
2024-04-23,1110,18.577396392822266,0.467541078113642,1,-0.007873957976698875,0.015748130157589912,-0.007873957976698875,0.010498766787350178,0.010498766787350178,0.004498766787350178,close,0,0,24,2024-04-01
2024-04-23,1432,17.5,0.467541078113642,1,0.002857099287211895,0.01142861507833004,0.0,0.008571406826376915,0.008571406826376915,0.002571406826376915,close,0,0,24,2024-04-01
2024-04-23,1210,52.627044677734375,0.467541078113642,0,0.0017421182710677385,0.0017421182710677385,-0.008710816502571106,-0.006968682631850243,-0.006968682631850243,-0.012968682631850243,close,0,0,24,2024-04-01
2024-04-23,1215,97.78223419189453,0.467541078113642,0,1.9039433141188056e-08,1.9039433141188056e-08,-0.028037365525960922,-0.023364467546343803,-0.02,-0.026000000000000002,stop_loss,0,1,24,2024-04-01
2024-04-23,1216,72.8543472290039,0.467541078113642,0,-0.0076530431397259235,-0.0038265709299594164,-0.0204081442207098,-0.01785716414451599,-0.02,-0.026000000000000002,stop_loss,0,1,24,2024-04-01
2024-04-23,9935,22.90643310546875,0.467541078113642,0,-0.0019801631569862366,-0.0019801631569862366,-0.039603956043720245,-0.023762386292219162,-0.02,-0.026000000000000002,stop_loss,0,1,24,2024-04-01
2024-04-23,9802,115.33763122558594,0.467541078113642,0,-0.008333387784659863,-5.526318247461859e-08,-0.025000054389238358,-0.012500054202973843,-0.02,-0.026000000000000002,stop_loss,0,1,24,2024-04-01
2024-04-23,9904,33.228633880615234,0.467541078113642,1,0.006944561842828989,0.006944561842828989,-0.00972206424921751,0.0027778521180152893,0.0027778521180152893,-0.003222147881984711,close,0,0,24,2024-04-01
2024-04-23,9906,79.3448715209961,0.467541078113642,1,-7.21059549846359e-08,0.031249847263097763,-0.014423190616071224,0.028846072033047676,0.03,0.024,take_profit,1,0,24,2024-04-01
2024-04-23,9908,30.19776725769043,0.467541078113642,1,-0.007668724283576012,0.001533823786303401,-0.007668724283576012,0.001533823786303401,0.001533823786303401,-0.004466176213696599,close,0,0,24,2024-04-01
2024-04-23,9914,222.32675170898438,0.467541078113642,1,0.0190677959471941,0.04661016911268234,-5.791753743267236e-10,0.004237287677824497,0.03,0.024,take_profit,1,0,24,2024-04-01
2024-04-23,9917,117.6865005493164,0.467541078113642,0,0.00390625,0.01171875,0.0,0.0,0.0,-0.006,close,0,0,24,2024-04-01
2024-04-23,9921,212.34378051757812,0.467541078113642,1,0.006772000342607498,0.024830691516399384,0.0045146639458835125,0.020316017791628838,0.020316017791628838,0.014316017791628837,close,0,0,24,2024-04-01
2024-04-23,9931,34.108848571777344,0.467541078113642,1,0.0027098574209958315,0.0027098574209958315,0.001354864682070911,0.0027098574209958315,0.0027098574209958315,-0.0032901425790041686,close,0,0,24,2024-04-01
2024-04-24,1101,30.016447067260742,0.45884933574349385,0,-0.0015553055563941598,0.0015551852993667126,-0.010886541567742825,-0.004665677901357412,-0.004665677901357412,-0.010665677901357412,close,0,0,24,2024-04-01
2024-04-24,1102,38.209320068359375,0.45884933574349385,1,-0.0011778018670156598,0.00942283309996128,-0.008245011791586876,0.0011778748594224453,0.0011778748594224453,-0.004822125140577555,close,0,0,24,2024-04-01
2024-04-24,1103,16.669910430908203,0.45884933574349385,1,1.5306665090975002e-07,0.008427206426858902,-0.0028087934479117393,0.002809206722304225,0.002809206722304225,-0.003190793277695775,close,0,0,24,2024-04-01
2024-04-24,1104,29.545392990112305,0.45884933574349385,1,2.3247579861163103e-08,0.01186950970441103,2.3247579861163103e-08,0.004451109562069178,0.004451109562069178,-0.0015488904379308225,close,0,0,24,2024-04-01
2024-04-24,1110,18.772436141967773,0.45884933574349385,1,-0.007792244665324688,0.041558343917131424,-0.007792244665324688,0.03376615419983864,0.03,0.024,take_profit,1,0,24,2024-04-01
2024-04-24,1201,17.855152130126953,0.45884933574349385,1,3.453192576330366e-08,0.0053475466556847095,-0.005347579251974821,0.002673790557309985,0.002673790557309985,-0.003326209442690015,close,0,0,24,2024-04-01
2024-04-24,1210,52.26030349731445,0.45884933574349385,1,1.53820298720575e-08,0.007017585914582014,-0.007017555180937052,0.007017585914582014,0.007017585914582014,0.001017585914582014,close,0,0,24,2024-04-01
2024-04-24,1215,95.49760437011719,0.45884933574349385,0,0.004784708842635155,0.004784708842635155,-0.009569358080625534,-0.0047846692614257336,-0.0047846692614257336,-0.010784669261425734,close,0,0,24,2024-04-01
2024-04-24,1216,71.55337524414062,0.45884933574349385,0,-0.0064935386180877686,-0.0038961756508797407,-0.012987044639885426,-0.01168836373835802,-0.01168836373835802,-0.01768836373835802,close,0,0,24,2024-04-01
2024-04-24,1217,11.47525691986084,0.45884933574349385,0,0.004219344817101955,0.004219344817101955,-0.00421942537650466,0.0,0.0,-0.006,close,0,0,24,2024-04-01
2024-04-24,1218,19.924942016601562,0.45884933574349385,1,4.654692276062633e-08,0.0164706539362669,-0.002352858893573284,0.009411847218871117,0.009411847218871117,0.0034118472188711165,close,0,0,24,2024-04-01
2024-04-24,1219,17.28257179260254,0.45884933574349385,0,0.0,0.002645515836775303,-0.002645515836775303,0.0,0.0,-0.006,close,0,0,24,2024-04-01
2024-04-24,1225,58.288692474365234,0.45884933574349385,0,-0.006802669260650873,-0.006802669260650873,-0.013605416752398014,-0.006802669260650873,-0.006802669260650873,-0.012802669260650873,close,0,0,24,2024-04-01
2024-04-24,1227,35.21095657348633,0.45884933574349385,1,6.93326063228028e-09,0.007905124686658382,-0.001317495945841074,0.007905124686658382,0.007905124686658382,0.0019051246866583823,close,0,0,24,2024-04-01
2024-04-24,1229,55.6094856262207,0.45884933574349385,0,3.253117952795037e-08,3.253117952795037e-08,-0.01359514705836773,-0.010574032552540302,-0.010574032552540302,-0.0165740325525403,close,0,0,24,2024-04-01
2024-04-24,1231,78.31787109375,0.45884933574349385,0,-4.362268413160564e-08,-4.362268413160564e-08,-0.00923085305839777,-0.00615394813939929,-0.00615394813939929,-0.01215394813939929,close,0,0,24,2024-04-01
2024-04-24,1301,66.7095718383789,0.45884933574349385,0,-0.004360540304332972,-0.004360540304332972,-0.018895423039793968,-0.013081448152661324,-0.013081448152661324,-0.019081448152661322,close,0,0,24,2024-04-01
2024-04-24,1303,54.28676986694336,0.45884933574349385,0,-0.003546065418049693,4.7527603186381384e-08,-0.01773044839501381,-0.010638291016221046,-0.010638291016221046,-0.016638291016221045,close,0,0,24,2024-04-01
2024-04-24,1304,15.561702728271484,0.45884933574349385,0,4.1937912698131186e-08,4.1937912698131186e-08,-0.012345683760941029,-0.009259311482310295,-0.009259311482310295,-0.015259311482310295,close,0,0,24,2024-04-01
2024-04-24,1305,17.47676658630371,0.45884933574349385,0,4.976820378033153e-08,4.976820378033153e-08,-0.008310179226100445,-0.008310179226100445,-0.008310179226100445,-0.014310179226100445,close,0,0,24,2024-04-01
2024-04-25,1605,34.9908561706543,0.469856866065611,0,0.0013531689764931798,0.009472227655351162,-0.00405957130715251,-0.00405957130715251,-0.00405957130715251,-0.01005957130715251,close,0,0,24,2024-04-01
2024-04-25,1608,33.85038375854492,0.469856866065611,1,0.023578384891152382,0.05963939055800438,0.0013869007816538215,0.029126150533556938,0.03,0.024,take_profit,1,0,24,2024-04-01
2024-04-25,1611,15.851277351379395,0.469856866065611,1,0.0029155551455914974,0.026239149272441864,3.6351252674649004e-08,0.005830962676554918,0.005830962676554918,-0.00016903732344508184,close,0,0,24,2024-04-01
2024-04-25,1612,33.29478073120117,0.469856866065611,1,0.008053752593696117,0.028187982738018036,-0.0013421806506812572,0.0013423423515632749,0.0013423423515632749,-0.004657657648436725,close,0,0,24,2024-04-01
2024-04-25,1616,24.388216018676758,0.469856866065611,0,-3.120890212926497e-08,0.02862592041492462,-0.01908399909734726,-0.005725279916077852,-0.005725279916077852,-0.011725279916077852,close,0,0,24,2024-04-01
2024-04-25,1617,22.567888259887695,0.469856866065611,1,0.023305071517825127,0.0762711688876152,0.021186459809541702,0.05296612158417702,0.03,0.024,take_profit,1,0,24,2024-04-01
2024-04-25,2061,19.450000762939453,0.469856866065611,1,0.028277594596147537,0.09768635034561157,0.028277594596147537,0.09768635034561157,0.03,0.024,take_profit,1,0,24,2024-04-01
2024-04-25,1618,52.9039306640625,0.469856866065611,1,0.007194238249212503,0.06834534555673599,0.005395704414695501,0.030575519427657127,0.03,0.024,take_profit,1,0,24,2024-04-01
2024-04-25,1604,27.57715606689453,0.469856866065611,1,0.0034306009765714407,0.0068611460737884045,-0.003430489217862487,0.0068611460737884045,0.0068611460737884045,0.0008611460737884043,close,0,0,24,2024-04-01
2024-04-25,1603,44.90156173706055,0.469856866065611,0,0.010787454433739185,0.038834985345602036,-0.005393775179982185,-0.004314960911870003,0.03,0.024,take_profit,1,0,24,2024-04-01
2024-04-25,1101,29.876399993896484,0.4642140817008622,0,-0.003125052899122238,0.001562435063533485,-0.007812540978193283,-0.006250064820051193,-0.006250064820051193,-0.012250064820051193,close,0,0,24,2024-04-01
2024-04-25,1102,38.25432586669922,0.4642140817008622,1,-0.002352912211790681,0.011764698661863804,-0.0047059073112905025,0.005882346071302891,0.005882346071302891,-0.00011765392869710935,close,0,0,24,2024-04-01
2024-04-25,1103,16.716739654541016,0.4642140817008622,1,-8.257096340003045e-08,0.00560217909514904,-8.257096340003045e-08,0.002800994785502553,0.002800994785502553,-0.003199005214497447,close,0,0,24,2024-04-01
2024-04-25,1104,29.676902770996094,0.4642140817008622,0,0.004431242123246193,0.008862603455781937,-0.005908449180424213,-0.005908449180424213,-0.005908449180424213,-0.011908449180424214,close,0,0,24,2024-04-01
2024-04-25,9940,28.960426330566406,0.4642140817008622,1,0.0015385017031803727,0.010769248008728027,-0.012307676486670971,0.0015385017031803727,0.0015385017031803727,-0.004461498296819627,close,0,0,24,2024-04-01
2024-04-25,9933,44.906578063964844,0.4642140817008622,0,0.0077821193262934685,0.009727628901600838,-0.011673138476908207,0.0,0.0,-0.006,close,0,0,24,2024-04-01
2024-04-25,9931,34.20127868652344,0.4642140817008622,1,0.002702757017686963,0.002702757017686963,0.002702757017686963,0.002702757017686963,0.002702757017686963,-0.003297242982313037,close,0,0,24,2024-04-01
2024-04-25,1215,95.04067993164062,0.4642140817008622,1,-1.9972738130036305e-08,0.01442305650562048,-1.9972738130036305e-08,0.004807672463357449,0.004807672463357449,-0.0011923275366425515,close,0,0,24,2024-04-01
2024-04-25,1216,70.71703338623047,0.4642140817008622,1,-0.003942165523767471,0.014454600401222706,-0.005256305914372206,0.005256217438727617,0.005256217438727617,-0.0007437825612723829,close,0,0,24,2024-04-01
2024-04-25,8358,60.068206787109375,0.4642140817008622,1,0.016000019386410713,0.052800070494413376,0.012800007127225399,0.03359999507665634,0.03,0.024,take_profit,1,0,24,2024-04-01
2024-04-26,1612,33.339473724365234,0.469856866065611,0,0.0053618717938661575,0.009383359923958778,-0.02144777774810791,-0.016085827723145485,-0.02,-0.026000000000000002,stop_loss,0,1,24,2024-04-01
2024-04-26,1616,24.248586654663086,0.469856866065611,0,-3.17247694781031e-09,-3.17247694781031e-09,-0.059500936418771744,-0.051823362708091736,-0.02,-0.026000000000000002,stop_loss,0,1,24,2024-04-01
2024-04-26,1618,54.5214958190918,0.469856866065611,0,-0.0034903837367892265,0.003490445902571082,-0.05933675542473793,-0.054101165384054184,-0.02,-0.026000000000000002,stop_loss,0,1,24,2024-04-01
2024-04-26,1608,34.8363151550293,0.469856866065611,0,0.008086315356194973,0.029649637639522552,-0.024258719757199287,-0.014824798330664635,-0.02,-0.026000000000000002,stop_loss,0,1,24,2024-04-01
2024-04-26,1609,53.94670867919922,0.469856866065611,0,-0.010000016540288925,-0.0033333194442093372,-0.04833333566784859,-0.039999984204769135,-0.02,-0.026000000000000002,stop_loss,0,1,24,2024-04-01
2024-04-26,1611,15.943705558776855,0.469856866065611,0,0.00289850658737123,0.008695630356669426,-0.00289850658737123,0.0,0.0,-0.006,close,0,0,24,2024-04-01
2024-04-26,1603,44.70781326293945,0.469856866065611,0,0.01625138707458973,0.020585015416145325,-0.026002151891589165,-0.022751929238438606,-0.02,-0.026000000000000002,stop_loss,0,1,24,2024-04-01
2024-04-26,1605,34.84880828857422,0.469856866065611,1,0.005434758495539427,0.019021714106202126,0.0027174088172614574,0.01494558621197939,0.01494558621197939,0.008945586211979389,close,0,0,24,2024-04-01
2024-04-26,1216,71.08873748779297,0.4689707341971369,1,0.001307294936850667,0.01307202223688364,0.001307294936850667,0.01045768242329359,0.01045768242329359,0.00445768242329359,close,0,0,24,2024-04-01
2024-04-26,1217,11.47525691986084,0.4689707341971369,1,-8.770471016106285e-10,0.0126581946387887,-8.770471016106285e-10,0.008438768796622753,0.008438768796622753,0.002438768796622753,close,0,0,24,2024-04-01
2024-04-26,9938,63.2446403503418,0.4689707341971369,1,0.003115299390628934,0.021806839853525162,-0.0015576455043628812,0.006230516824871302,0.006230516824871302,0.00023051682487130153,close,0,0,24,2024-04-01
2024-04-26,8374,30.66767120361328,0.4689707341971369,0,-0.001618172973394394,0.009708699770271778,-0.006472529377788305,-0.0032363329082727432,-0.0032363329082727432,-0.009236332908272743,close,0,0,24,2024-04-01
2024-04-26,8383,36.9705924987793,0.4689707341971369,1,0.006157588213682175,0.017241351306438446,0.0012315551284700632,0.006157588213682175,0.006157588213682175,0.00015758821368217456,close,0,0,24,2024-04-01
2024-04-26,8390,51.88530731201172,0.4689707341971369,1,0.014362617395818233,0.01974860019981861,0.003590652486309409,0.008976634591817856,0.008976634591817856,0.0029766345918178557,close,0,0,24,2024-04-01
2024-04-26,8404,19.048574447631836,0.4689707341971369,1,0.012406965717673302,0.02977662719786167,-3.444743157388075e-08,0.014888345263898373,0.014888345263898373,0.008888345263898373,close,0,0,24,2024-04-01
2024-04-26,8415,31.53511619567871,0.4689707341971369,1,7.723397033032597e-08,0.011611041612923145,7.723397033032597e-08,0.008708328008651733,0.008708328008651733,0.0027083280086517333,close,0,0,24,2024-04-01
2024-04-26,8422,172.9241180419922,0.4689707341971369,1,-1.59195501225895e-08,0.007792191579937935,-0.007792223710566759,0.007792191579937935,0.007792191579937935,0.0017921915799379348,close,0,0,24,2024-04-01
2024-04-26,8431,53.62846755981445,0.4689707341971369,1,-0.0037037120200693607,0.014814806170761585,-0.0037037120200693607,0.005555547308176756,0.005555547308176756,-0.0004444526918232442,close,0,0,24,2024-04-01
2024-04-26,8249,29.627031326293945,0.4689707341971369,1,0.003478203434497118,0.01739131286740303,0.001739139319397509,0.013913066126406193,0.013913066126406193,0.007913066126406193,close,0,0,24,2024-04-01
2024-04-26,5871,147.01373291015625,0.4689707341971369,1,-0.0029761879704892635,0.035714272409677505,-0.005952384322881699,0.035714272409677505,0.03,0.024,take_profit,1,0,24,2024-04-01
2024-04-29,1101,30.203170776367188,0.45955948045222783,0,6.586587275592137e-09,0.003091267542913556,-0.010819111950695515,-0.00927354022860527,-0.00927354022860527,-0.01527354022860527,close,0,0,24,2024-04-01
2024-04-29,1102,39.24443817138672,0.45955948045222783,1,-1.6421537907262973e-08,0.004587157163769007,-0.008027504198253155,0.0022936142049729824,0.0022936142049729824,-0.0037063857950270177,close,0,0,24,2024-04-01
2024-04-29,1103,17.55959701538086,0.45955948045222783,0,-0.007999884895980358,-0.007999884895980358,-0.029333200305700302,-0.018666593357920647,-0.02,-0.026000000000000002,stop_loss,0,1,24,2024-04-01
2024-04-29,1104,30.816635131835938,0.45955948045222783,0,0.01564720831811428,0.03129441663622856,0.0,0.0,0.03,0.024,take_profit,1,0,24,2024-04-01
2024-04-29,1110,19.698867797851562,0.45955948045222783,0,0.0,0.0,-0.00990102719515562,0.0,0.0,-0.006,close,0,0,24,2024-04-01
2024-04-29,1201,17.998374938964844,0.45955948045222783,1,-3.232651479834203e-08,0.005305027589201927,-3.232651479834203e-08,0.005305027589201927,0.005305027589201927,-0.0006949724107980729,close,0,0,24,2024-04-01
2024-04-29,1210,52.718727111816406,0.45955948045222783,0,-0.0034783007577061653,0.006956521421670914,-0.005217404570430517,-0.005217404570430517,-0.005217404570430517,-0.011217404570430517,close,0,0,24,2024-04-01
2024-04-29,1215,98.2391586303711,0.45955948045222783,0,-0.004651105031371117,-0.004651105031371117,-0.013953430578112602,-0.013953430578112602,-0.013953430578112602,-0.0199534305781126,close,0,0,24,2024-04-01
2024-04-29,1216,71.83216094970703,0.45955948045222783,0,-0.0051747881807386875,0.006468179170042276,-0.010349451564252377,-0.010349451564252377,-0.010349451564252377,-0.016349451564252375,close,0,0,24,2024-04-01
2024-04-29,1217,11.572093963623047,0.45955948045222783,1,-7.881751429295036e-08,0.03765680640935898,-0.004184194840490818,0.012552269734442234,0.03,0.024,take_profit,1,0,24,2024-04-01
2024-04-29,1218,20.53441047668457,0.45955948045222783,1,0.004566257819533348,0.018264854326844215,0.002283187350258231,0.015981784090399742,0.015981784090399742,0.009981784090399742,close,0,0,24,2024-04-01
2024-04-29,1219,17.419734954833984,0.45955948045222783,1,0.002624727785587311,0.010498679243028164,4.266280839715364e-08,0.010498679243028164,0.010498679243028164,0.004498679243028164,close,0,0,24,2024-04-01
2024-04-29,1225,59.4782600402832,0.45955948045222783,1,-9.364438113834694e-09,0.004999978002160788,-0.0016666506417095661,0.004999978002160788,0.004999978002160788,-0.0010000219978392125,close,0,0,24,2024-04-01
2024-04-29,1227,35.953216552734375,0.45955948045222783,0,-0.0012902099406346679,-0.0012902099406346679,-0.010322527959942818,-0.010322527959942818,-0.010322527959942818,-0.016322527959942816,close,0,0,24,2024-04-01
2024-04-29,1229,55.86149215698242,0.45955948045222783,0,-0.0030075563117861748,-5.628511878796871e-09,-0.006015041843056679,-0.0015037809498608112,-0.0015037809498608112,-0.007503780949860811,close,0,0,24,2024-04-01
2024-04-29,1231,78.478515625,0.45955948045222783,1,-0.00204703351482749,0.00614128215238452,-0.006141238380223513,0.0030706755351275206,0.0030706755351275206,-0.0029293244648724796,close,0,0,24,2024-04-01
2024-04-29,1301,67.19437408447266,0.45955948045222783,0,-0.004329051822423935,-0.002886072499677539,-0.01154405903071165,-0.01154405903071165,-0.01154405903071165,-0.01754405903071165,close,0,0,24,2024-04-01
2024-04-29,1303,55.44180679321289,0.45955948045222783,0,-0.013888871297240257,-0.006944400258362293,-0.015624956227838993,-0.015624956227838993,-0.015624956227838993,-0.02162495622783899,close,0,0,24,2024-04-01
2024-04-29,1304,15.75382137298584,0.45955948045222783,0,4.6818147581007e-08,0.006097631528973579,-0.03353649377822876,-0.03353649377822876,-0.02,-0.026000000000000002,stop_loss,0,1,24,2024-04-01
2024-04-29,1305,17.912477493286133,0.45955948045222783,0,-0.002702669706195593,-0.002702669706195593,-0.010810860432684422,-0.010810860432684422,-0.010810860432684422,-0.01681086043268442,close,0,0,24,2024-04-01
2024-04-30,1101,29.923080444335938,0.45403688058066133,1,0.0015599923208355904,0.010920461267232895,0.0015599923208355904,0.007800265680998564,0.007800265680998564,0.0018002656809985636,close,0,0,24,2024-04-01
2024-04-30,1102,39.334449768066406,0.45403688058066133,1,-2.601266935187141e-08,0.006864944938570261,-0.0034325551241636276,0.0022882684133946896,0.0022882684133946896,-0.0037117315866053106,close,0,0,24,2024-04-01
2024-04-30,1103,17.23181915283203,0.45403688058066133,1,-2.8050724409922623e-08,0.02989133819937706,-2.8050724409922623e-08,0.024456534534692764,0.024456534534692764,0.018456534534692766,close,0,0,24,2024-04-01
2024-04-30,1104,30.816635131835938,0.45403688058066133,1,0.0042673517018556595,0.02844950184226036,0.0042673517018556595,0.005689805373549461,0.005689805373549461,-0.00031019462645053876,close,0,0,24,2024-04-01
2024-04-30,1110,19.698867797851562,0.45403688058066133,1,1.0144842832460199e-07,0.04950505495071411,-0.0024752027820795774,0.02970299869775772,0.03,0.024,take_profit,1,0,24,2024-04-01
2024-04-30,1201,18.093856811523438,0.45403688058066133,0,0.0,0.0026384820230305195,-0.0052770646288990974,0.0,0.0,-0.006,close,0,0,24,2024-04-01
2024-04-30,1210,52.44367218017578,0.45403688058066133,1,4.403359454840938e-08,0.0052447859197855,-0.003496472956612706,0.0034965609665960073,0.0034965609665960073,-0.0025034390334039928,close,0,0,24,2024-04-01
2024-04-30,1215,96.8683853149414,0.45403688058066133,0,1.9783422899877223e-08,1.9783422899877223e-08,-0.009433942846953869,-0.004716961644589901,-0.004716961644589901,-0.010716961644589901,close,0,0,24,2024-04-01
2024-04-30,1216,71.08873748779297,0.45403688058066133,0,-0.003921578172594309,0.005228808615356684,-0.009150256402790546,-0.006535917520523071,-0.006535917520523071,-0.012535917520523071,close,0,0,24,2024-04-01
2024-04-30,1217,11.717350006103516,0.45403688058066133,1,2.1236816749592435e-09,0.020661158487200737,-0.004132244735956192,0.016528911888599396,0.016528911888599396,0.010528911888599396,close,0,0,24,2024-04-01
2024-04-30,1218,20.862586975097656,0.45403688058066133,1,0.004494406282901764,0.013483119197189808,-0.0022471495904028416,0.011235962621867657,0.011235962621867657,0.005235962621867657,close,0,0,24,2024-04-01
2024-04-30,1219,17.602619171142578,0.45403688058066133,1,-0.0025974304880946875,0.007792231626808643,-0.005194744095206261,0.0025974006857722998,0.0025974006857722998,-0.0034025993142277004,close,0,0,24,2024-04-01
2024-04-30,1225,59.77565002441406,0.45403688058066133,1,0.04477616026997566,0.04477616026997566,0.001658439403399825,0.01990053802728653,0.03,0.024,gap_take_profit,1,0,24,2024-04-01
2024-04-30,1227,35.582088470458984,0.45403688058066133,1,-9.993630101234885e-08,0.007822665385901928,-0.001303860917687416,0.003911282401531935,0.003911282401531935,-0.0020887175984680654,close,0,0,24,2024-04-01
2024-04-30,1229,55.777488708496094,0.45403688058066133,0,0.0,0.0015060401055961847,-0.006024095229804516,0.0,0.0,-0.006,close,0,0,24,2024-04-01
2024-04-30,1231,78.71949768066406,0.45403688058066133,0,1.7870789292828704e-08,0.008163266815245152,-0.00306128291413188,-0.002040817867964506,-0.002040817867964506,-0.008040817867964506,close,0,0,24,2024-04-01
2024-04-30,1301,66.4186782836914,0.45403688058066133,1,8.804201456769079e-08,0.005839527118951082,-0.007299182470887899,0.004379694815725088,0.004379694815725088,-0.001620305184274912,close,0,0,24,2024-04-01
2024-04-30,1303,54.575531005859375,0.45403688058066133,1,-3.273295234862417e-08,0.014109300449490547,-0.005291024222970009,0.012345659546554089,0.012345659546554089,0.0063456595465540885,close,0,0,24,2024-04-01
2024-04-30,1304,15.225493431091309,0.45403688058066133,1,0.006309079471975565,0.02523653581738472,0.006309079471975565,0.01892736367881298,0.01892736367881298,0.01292736367881298,close,0,0,24,2024-04-01
2024-04-30,1305,17.718828201293945,0.45403688058066133,0,-5.437217964754382e-08,-5.437217964754382e-08,-0.010928953066468239,-0.0027322531677782536,-0.0027322531677782536,-0.008732253167778254,close,0,0,24,2024-04-01
2024-05-02,2801,15.850752830505371,0.6805926937643232,1,0.005494438577443361,0.010988954454660416,0.00274729379452765,0.00274729379452765,0.00274729379452765,-0.0032527062054723502,close,0,0,25,2024-05-01
2024-05-02,2030,17.636581420898438,0.6733752652888382,0,0.002624742453917861,0.00524937454611063,-0.00524925347417593,-0.00524925347417593,-0.00524925347417593,-0.01124925347417593,close,0,0,25,2024-05-01
2024-05-02,3066,20.850000381469727,0.6732640106906593,1,0.007194226142019033,0.05035967379808426,0.002398044802248478,0.05035967379808426,0.03,0.024,take_profit,1,0,25,2024-05-01
2024-05-02,2357,392.6244812011719,0.6719211776443091,1,0.009356711991131306,0.017543846741318703,0.0023391679860651493,0.0035087584983557463,0.0035087584983557463,-0.002491241501644254,close,0,0,25,2024-05-01
2024-05-02,4714,23.25,0.6711807253004138,0,0.03870966285467148,0.08387099951505661,-0.032258063554763794,-0.027956973761320114,0.03,0.024,gap_take_profit,1,1,25,2024-05-01
2024-05-02,4564,22.600000381469727,0.6699848894461249,1,0.006637151353061199,0.011061946861445904,-0.006637151353061199,0.002212355611845851,0.002212355611845851,-0.003787644388154149,close,0,0,25,2024-05-01
2024-05-02,1526,34.0,0.6696302048388726,0,0.0014705657958984375,0.002941131591796875,-0.004411809612065554,-0.0014705657958984375,-0.0014705657958984375,-0.007470565795898438,close,0,0,25,2024-05-01
2024-05-02,2881,60.776676177978516,0.6685125747022711,0,0.0014492698246613145,0.00869561918079853,-0.0014492698246613145,0.0,0.0,-0.006,close,0,0,25,2024-05-01
2024-05-02,2892,24.288545608520508,0.6682142130621054,1,0.00365629349835217,0.007312582805752754,0.0018281488446518779,0.0018281488446518779,0.0018281488446518779,-0.004171851155348122,close,0,0,25,2024-05-01
2024-05-02,3596,157.8770751953125,0.667884687440517,0,0.008771929889917374,0.02923976629972458,0.0,0.0,0.0,-0.006,close,0,0,25,2024-05-01
2024-05-02,2606,49.19963836669922,0.6676971231302316,1,0.01841624639928341,0.029466012492775917,0.005524886772036552,0.009208141826093197,0.009208141826093197,0.0032081418260931967,close,0,0,25,2024-05-01
2024-05-02,1231,78.55884552001953,0.6662586500303919,0,0.012269989587366581,0.012269989587366581,-0.003067438490688801,-0.003067438490688801,-0.003067438490688801,-0.009067438490688801,close,0,0,25,2024-05-01
2024-05-02,4303,57.383914947509766,0.6658106914007493,1,0.09863942861557007,0.09863942861557007,0.09863942861557007,0.09863942861557007,0.03,0.024,gap_take_profit,1,0,25,2024-05-01
2024-05-02,2312,13.9347505569458,0.6653909662746832,0,0.006849275901913643,0.010273946449160576,0.0,0.0,0.0,-0.006,close,0,0,25,2024-05-01
2024-05-02,6492,41.650001525878906,0.6633380697358847,1,0.012004801072180271,0.02521006390452385,0.0,0.002400923753157258,0.002400923753157258,-0.003599076246842742,close,0,0,25,2024-05-01
2024-05-02,4764,34.29999923706055,0.6621922018994215,1,-0.002915407530963421,0.0014577037654817104,-0.008746333420276642,0.0014577037654817104,0.0014577037654817104,-0.00454229623451829,close,0,0,25,2024-05-01
2024-05-02,6841,83.6149673461914,0.6621789679428751,0,0.007001154124736786,0.007001154124736786,-0.011668694205582142,-0.011668694205582142,-0.011668694205582142,-0.01766869420558214,close,0,0,25,2024-05-01
2024-05-02,2884,24.644180297851562,0.6609081350387818,1,0.005464431829750538,0.012750414200127125,0.001821476616896689,0.005464431829750538,0.005464431829750538,-0.0005355681702494623,close,0,0,25,2024-05-01
2024-05-02,6901,40.45000076293945,0.6602481095531629,0,0.006180469412356615,0.013597014360129833,-0.009888788685202599,-0.009888788685202599,-0.009888788685202599,-0.015888788685202597,close,0,0,25,2024-05-01
2024-05-02,8059,25.450000762939453,0.6601159675908579,0,0.0019646065775305033,0.005893894471228123,-0.031434230506420135,-0.02357565239071846,-0.02,-0.026000000000000002,stop_loss,0,1,25,2024-05-01
2024-05-03,4303,63.04423141479492,0.7077175373790665,0,0.08359137922525406,0.09907125681638718,-0.09907115250825882,-0.09907115250825882,0.03,0.024,gap_take_profit,1,1,25,2024-05-01
2024-05-03,4919,125.90187072753906,0.6957132885465528,0,3.189365571643066e-08,3.189365571643066e-08,-0.053846124559640884,-0.04999997094273567,-0.02,-0.026000000000000002,stop_loss,0,1,25,2024-05-01
2024-05-03,6285,140.29721069335938,0.6954552690432627,1,0.009868569672107697,0.019736992195248604,0.0032896213233470917,0.0164475180208683,0.0164475180208683,0.010447518020868301,close,0,0,25,2024-05-01
2024-05-03,8074,21.03829002380371,0.6944662918175477,0,0.030368732288479805,0.030368732288479805,-0.004338392056524754,-0.004338392056524754,0.03,0.024,gap_take_profit,1,0,25,2024-05-01
2024-05-03,6202,58.35908508300781,0.6926283763713325,1,0.013582327403128147,0.027164656668901443,-0.0033956007100641727,0.006791130639612675,0.006791130639612675,0.0007911306396126746,close,0,0,25,2024-05-01
2024-05-03,4904,77.95664978027344,0.6903848537838884,1,0.007407324388623238,0.024691293016076088,0.006172775290906429,0.024691293016076088,0.024691293016076088,0.01869129301607609,close,0,0,25,2024-05-01
2024-05-03,3105,141.86932373046875,0.6903389805875378,0,0.017421523109078407,0.017421523109078407,-0.010453039780259132,-0.006968718953430653,-0.006968718953430653,-0.012968718953430653,close,0,0,25,2024-05-01
2024-05-03,6781,598.1790161132812,0.6896214391813982,1,0.012966020032763481,0.03727720305323601,0.0032415464520454407,0.03241496905684471,0.03,0.024,take_profit,1,0,25,2024-05-01
2024-05-03,3596,157.8770751953125,0.689558794156303,1,0.011695845983922482,0.02046777494251728,-5.95632556610326e-08,0.005847893189638853,0.005847893189638853,-0.00015210681036114705,close,0,0,25,2024-05-01
2024-05-03,3016,58.9019775390625,0.689459315329033,1,0.009950272738933563,0.021558845415711403,-0.006633475422859192,0.0016583985416218638,0.0016583985416218638,-0.004341601458378136,close,0,0,25,2024-05-01
2024-05-03,2062,28.749731063842773,0.6892341695272879,0,0.0067567178048193455,0.032094556838274,0.0,0.0,0.03,0.024,take_profit,1,0,25,2024-05-01
2024-05-03,3594,42.0443229675293,0.6889921915231346,0,0.011723319068551064,0.011723319068551064,-0.009378707967698574,-0.009378707967698574,-0.009378707967698574,-0.015378707967698574,close,0,0,25,2024-05-01
2024-05-03,3014,149.86911010742188,0.6888938677668678,0,0.005952324252575636,0.011904704384505749,-0.017857197672128677,-0.011904818005859852,-0.011904818005859852,-0.01790481800585985,close,0,0,25,2024-05-01
2024-05-03,6191,67.5617904663086,0.6882973101355614,1,0.01775946654379368,0.020491665229201317,0.005464365240186453,0.013661065138876438,0.013661065138876438,0.007661065138876438,close,0,0,25,2024-05-01
2024-05-03,4906,30.15997886657715,0.6877864389755843,1,0.0060059926472604275,0.009008949622511864,0.0030030354391783476,0.007507471367716789,0.007507471367716789,0.0015074713677167891,close,0,0,25,2024-05-01
2024-05-03,3511,25.75,0.6876296356693448,1,0.0,0.009708737954497337,-0.001941717928275466,0.001941717928275466,0.001941717928275466,-0.004058282071724534,close,0,0,25,2024-05-01
2024-05-03,5351,47.599998474121094,0.687124624085192,1,0.016806786879897118,0.02310929261147976,0.002100888406857848,0.0147058991715312,0.0147058991715312,0.0087058991715312,close,0,0,25,2024-05-01
2024-05-03,6592,101.22791290283203,0.68612257770926,1,0.008368294686079025,0.03347289189696312,0.008368294686079025,0.020920557901263237,0.03,0.024,take_profit,1,0,25,2024-05-01
2024-05-03,2801,15.894299507141113,0.6858703317260644,1,0.005479524377733469,0.024657532572746277,0.005479524377733469,0.01917806826531887,0.01917806826531887,0.01317806826531887,close,0,0,25,2024-05-01
2024-05-03,1434,21.33857536315918,0.6857058689069966,1,0.008733630180358887,0.013100458309054375,0.004366801120340824,0.008733630180358887,0.008733630180358887,0.0027336301803588866,close,0,0,25,2024-05-01
2024-05-06,1587,67.74085998535156,0.6815204526406109,1,0.009615413844585419,0.07829665392637253,-0.02884618192911148,0.02884615585207939,-0.02,-0.026000000000000002,ambiguous_stop_loss,1,1,25,2024-05-01
2024-05-06,4562,19.799999237060547,0.6727091301649794,1,0.09848488867282867,0.09848488867282867,0.09848488867282867,0.09848488867282867,0.03,0.024,gap_take_profit,1,0,25,2024-05-01
2024-05-06,4973,39.234012603759766,0.6587888555494433,1,0.09902196377515793,0.09902196377515793,0.0941319689154625,0.09902196377515793,0.03,0.024,gap_take_profit,1,0,25,2024-05-01
2024-05-06,6757,40.95000076293945,0.6538743198458239,0,-0.028083065524697304,0.008546970784664154,-0.032967086881399155,-0.003663040930405259,-0.028083065524697304,-0.0340830655246973,gap_stop,0,1,25,2024-05-01
2024-05-06,3289,128.45887756347656,0.6527067887350693,0,0.003759359708055854,0.015037555247545242,-0.018797030672430992,-0.003759437007829547,-0.003759437007829547,-0.009759437007829547,close,0,0,25,2024-05-01
2024-05-06,2540,102.65218353271484,0.6509442880768179,1,0.05000004917383194,0.07499999552965164,-0.015624972060322762,0.05624999850988388,0.03,0.024,gap_take_profit,1,0,25,2024-05-01
2024-05-06,6290,74.08779907226562,0.6500023709740466,1,0.052151210606098175,0.05736635625362396,0.02346806973218918,0.03520211949944496,0.03,0.024,gap_take_profit,1,0,25,2024-05-01
2024-05-06,8213,37.06373977661133,0.6495621756184711,1,-5.3865946370024176e-08,0.01765434443950653,-5.3865946370024176e-08,0.01261028554290533,0.01261028554290533,0.0066102855429053305,close,0,0,25,2024-05-01
2024-05-06,3093,27.425642013549805,0.6464124389230701,0,0.0,0.0016528673004359007,-0.0016528673004359007,0.0,0.0,-0.006,close,0,0,25,2024-05-01
2024-05-06,8059,23.850000381469727,0.6462675783419318,1,0.008385696448385715,0.09853251278400421,0.006289292126893997,0.09853251278400421,0.03,0.024,take_profit,1,0,25,2024-05-01
2024-05-06,4128,40.14285659790039,0.6450796493219039,0,0.007117410656064749,0.009489880874752998,-0.02016609162092209,-0.018979856744408607,-0.02,-0.026000000000000002,stop_loss,0,1,25,2024-05-01
2024-05-06,2062,28.749731063842773,0.6442164971017813,0,0.006756703834980726,0.00844593159854412,-0.027027079835534096,-0.020270297303795815,-0.02,-0.026000000000000002,stop_loss,0,1,25,2024-05-01
2024-05-06,8104,33.0,0.6441036334562338,0,0.0,0.0030302568338811398,-0.01666664332151413,-0.009090885519981384,-0.009090885519981384,-0.015090885519981384,close,0,0,25,2024-05-01
2024-05-06,1710,17.09883689880371,0.6429596093700409,0,0.008670629933476448,0.011560759507119656,-0.014450847171247005,-0.0028901086188852787,-0.0028901086188852787,-0.008890108618885279,close,0,0,25,2024-05-01
2024-05-06,6141,16.950000762939453,0.6427223804843382,1,0.01179934199899435,0.09734510630369186,0.005899614654481411,0.09734510630369186,0.03,0.024,take_profit,1,0,25,2024-05-01
2024-05-06,4967,102.3798828125,0.6421662875193345,1,0.052884649485349655,0.0961538776755333,0.04807695746421814,0.0961538776755333,0.03,0.024,gap_take_profit,1,0,25,2024-05-01
2024-05-06,4162,84.70106506347656,0.6401786078981907,0,0.00963603425770998,0.00963603425770998,-0.008565300144255161,-0.0064239236526191235,-0.0064239236526191235,-0.012423923652619124,close,0,0,25,2024-05-01
2024-05-06,2330,769.6459350585938,0.6399298554372538,1,0.013994954526424408,0.017811749130487442,0.007633631583303213,0.017811749130487442,0.017811749130487442,0.011811749130487442,close,0,0,25,2024-05-01
2024-05-06,3466,55.29999923706055,0.6399235123670888,1,0.005424940958619118,0.07594937831163406,-0.021699832752346992,0.07414109259843826,-0.02,-0.026000000000000002,ambiguous_stop_loss,1,1,25,2024-05-01
2024-05-06,4966,766.5331420898438,0.6391273326318182,0,-0.005050427280366421,-0.005050427280366421,-0.05050497502088547,-0.03661608695983887,-0.02,-0.026000000000000002,stop_loss,0,1,25,2024-05-01
2024-05-07,4973,43.119041442871094,0.6814394434986175,1,0.010011192411184311,0.034482795745134354,-0.043381500989198685,0.0155729278922081,-0.02,-0.026000000000000002,ambiguous_stop_loss,1,1,25,2024-05-01
2024-05-07,4561,37.16347122192383,0.680691766461386,1,0.09884465485811234,0.09884465485811234,0.04492941498756409,0.05519893392920494,0.03,0.024,gap_take_profit,1,0,25,2024-05-01
2024-05-07,4562,21.75,0.667301929391192,1,0.0988505557179451,0.0988505557179451,0.0988505557179451,0.0988505557179451,0.03,0.024,gap_take_profit,1,0,25,2024-05-01
2024-05-07,6834,28.698060989379883,0.6429819339918963,0,0.01372215524315834,0.022298485040664673,-0.06861060112714767,-0.013722074218094349,-0.02,-0.026000000000000002,stop_loss,0,1,25,2024-05-01
2024-05-07,1903,64.30000305175781,0.6235997630989482,0,0.0031103722285479307,0.0202176570892334,-0.0264386385679245,-0.0155521584674716,-0.02,-0.026000000000000002,stop_loss,0,1,25,2024-05-01
2024-05-07,8059,26.200000762939453,0.6199974587732171,0,0.030534321442246437,0.041984673589468,-0.057251907885074615,-0.05343517288565636,0.03,0.024,gap_take_profit,1,1,25,2024-05-01
2024-05-07,2338,73.94225311279297,0.6194499967129413,0,-0.026420053094625473,-0.014530995860695839,-0.07529716193675995,-0.071334108710289,-0.026420053094625473,-0.03242005309462547,gap_stop,0,1,25,2024-05-01
2024-05-07,6419,74.11396026611328,0.6191425809393194,1,0.05296332761645317,0.09836053103208542,-0.04665837064385414,0.079445019364357,0.03,0.024,gap_take_profit,1,1,25,2024-05-01
2024-05-07,1618,49.0978889465332,0.6176900795634305,1,-0.01162782683968544,0.054263681173324585,-0.034883659332990646,0.021317927166819572,-0.02,-0.026000000000000002,ambiguous_stop_loss,1,1,25,2024-05-01
2024-05-07,4967,112.22410583496094,0.613962839386401,1,0.017543822526931763,0.04824557527899742,-0.01315793115645647,0.030701717361807823,0.03,0.024,take_profit,1,0,25,2024-05-01
2024-05-07,2359,99.68336486816406,0.6138706554419492,0,0.08866994827985764,0.09852216392755508,-0.004926108289510012,0.0,0.03,0.024,gap_take_profit,1,0,25,2024-05-01
2024-05-07,5534,123.36904907226562,0.6108327827436082,0,0.011627894826233387,0.01550386380404234,-0.03875970095396042,-0.02325582504272461,-0.02,-0.026000000000000002,stop_loss,0,1,25,2024-05-01
2024-05-07,2527,43.46023941040039,0.6071285787570229,0,0.009230844676494598,0.020512880757451057,-0.04820504039525986,-0.04512816295027733,-0.02,-0.026000000000000002,stop_loss,0,1,25,2024-05-01
2024-05-07,4303,52.79710388183594,0.6065383324789004,1,0.022181160748004913,0.04066544771194458,-0.001848401385359466,0.005545342341065407,0.03,0.024,take_profit,1,0,25,2024-05-01
2024-05-07,3128,26.24603843688965,0.6064580320437458,1,0.0033613131381571293,0.011764690279960632,-2.359503881166347e-08,0.0016806096537038684,0.0016806096537038684,-0.004319390346296132,close,0,0,25,2024-05-01
2024-05-07,8438,34.423805236816406,0.6043264491538601,0,-0.0013624122366309166,-0.0013624122366309166,-0.05722080171108246,-0.05313356965780258,-0.02,-0.026000000000000002,stop_loss,0,1,25,2024-05-01
2024-05-07,3558,169.4121856689453,0.6042572142189336,1,-0.002881863387301564,0.05475502461194992,-0.002881863387301564,0.05187317728996277,0.03,0.024,take_profit,1,0,25,2024-05-01
2024-05-07,2547,10.938130378723145,0.6028326876315767,0,0.012765842489898205,0.025531847029924393,-0.025532010942697525,-0.021276675164699554,-0.02,-0.026000000000000002,stop_loss,0,1,25,2024-05-01
2024-05-07,8255,176.81985473632812,0.6024400100984239,1,-2.6909404482466925e-08,0.027624281123280525,-2.6909404482466925e-08,0.027624281123280525,0.027624281123280525,0.021624281123280527,close,0,0,25,2024-05-01
2024-05-07,4909,80.92168426513672,0.6018840902393984,0,0.004514690022915602,0.025959402322769165,-0.03950338810682297,0.0,-0.02,-0.026000000000000002,stop_loss,0,1,25,2024-05-01
2024-05-08,4562,23.899999618530273,0.663454236581371,1,0.09832637757062912,0.09832637757062912,0.06485360860824585,0.09832637757062912,0.03,0.024,gap_take_profit,1,0,25,2024-05-01
2024-05-08,9958,227.78152465820312,0.5766367586999552,0,-0.002164505422115326,0.036796532571315765,-0.03246753662824631,-0.0238095261156559,-0.02,-0.026000000000000002,ambiguous_stop_loss,1,1,25,2024-05-01
2024-05-08,4542,74.71558380126953,0.5739728691796548,0,0.09973756968975067,0.09973756968975067,-0.048556432127952576,-0.048556432127952576,0.03,0.024,gap_take_profit,1,1,25,2024-05-01
2024-05-08,5014,14.266617774963379,0.5734872479387042,0,0.0066006723791360855,0.019801979884505272,-0.026402628049254417,-0.009900977835059166,-0.02,-0.026000000000000002,stop_loss,0,1,25,2024-05-01
2024-05-08,3044,209.57447814941406,0.5680181105488208,1,0.0022074757143855095,0.05739511176943779,-0.004415040370076895,0.05077259615063667,0.03,0.024,take_profit,1,0,25,2024-05-01
2024-05-08,2367,30.049999237060547,0.5666983853730123,0,0.004991731606423855,0.01331119891256094,-0.04492507502436638,-0.04492507502436638,-0.02,-0.026000000000000002,stop_loss,0,1,25,2024-05-01
2024-05-08,3689,64.62028503417969,0.5538457058158208,1,0.03628439083695412,0.07111750543117523,0.030478855594992638,0.05079817771911621,0.03,0.024,gap_take_profit,1,0,25,2024-05-01
2024-05-08,6227,64.33246612548828,0.5505600229408215,1,0.015037567354738712,0.04962407797574997,0.0045112972147762775,0.025563836097717285,0.03,0.024,take_profit,1,0,25,2024-05-01
2024-05-08,6763,40.63071060180664,0.5350008643743978,0,0.0,0.04225359484553337,-0.014084471389651299,0.0,0.03,0.024,take_profit,1,0,25,2024-05-01
2024-05-08,3686,20.25,0.5203802101073315,0,0.012345679104328156,0.0765431746840477,-0.02469135820865631,-0.022222260013222694,-0.02,-0.026000000000000002,ambiguous_stop_loss,1,1,25,2024-05-01
2024-05-08,4915,90.5089111328125,0.5117542357993432,0,-0.002016098238527775,-0.002016098238527775,-0.032258033752441406,-0.032258033752441406,-0.02,-0.026000000000000002,stop_loss,0,1,25,2024-05-01
2024-05-08,6218,24.476316452026367,0.5096547143489137,0,-0.012072527781128883,0.00603615352883935,-0.016096610575914383,-0.016096610575914383,-0.016096610575914383,-0.02209661057591438,close,0,0,25,2024-05-01
2024-05-08,6191,69.22314453125,0.5091651868952357,0,0.013333344832062721,0.013333344832062721,-0.038666676729917526,-0.03200000897049904,-0.02,-0.026000000000000002,stop_loss,0,1,25,2024-05-01
2024-05-08,2324,34.619178771972656,0.5089854838548167,1,-0.005555608309805393,0.008333279751241207,-0.015277788043022156,0.006944412365555763,0.006944412365555763,0.0009444123655557631,close,0,0,25,2024-05-01
2024-05-08,6214,121.66560363769531,0.5053782328229048,0,-0.011278188787400723,6.6276641952356385e-09,-0.07894736528396606,-0.07518796622753143,-0.02,-0.026000000000000002,stop_loss,0,1,25,2024-05-01
2024-05-08,3596,148.18287658691406,0.501413597641148,0,0.015576343052089214,0.021806873381137848,-0.021806834265589714,-0.021806834265589714,-0.02,-0.026000000000000002,stop_loss,0,1,25,2024-05-01
2024-05-08,2383,416.095458984375,0.5013514182483305,0,0.005875384900718927,0.008225561119616032,-0.015276200138032436,-0.007050583604723215,-0.007050583604723215,-0.013050583604723215,close,0,0,25,2024-05-01
2024-05-08,8016,245.0610809326172,0.5007669466277195,0,0.007366552948951721,0.007366552948951721,-0.009208033792674541,-0.009208033792674541,-0.009208033792674541,-0.015208033792674542,close,0,0,25,2024-05-01
2024-05-08,6257,71.91015625,0.5003385653698628,0,0.008939961902797222,0.008939961902797222,-0.017879942432045937,-0.015325702726840973,-0.015325702726840973,-0.02132570272684097,close,0,0,25,2024-05-01
2024-05-08,2615,49.98082733154297,0.4996061049737595,1,0.018939334899187088,0.09848479926586151,0.0018939250148832798,0.09848479926586151,0.03,0.024,take_profit,1,0,25,2024-05-01
2024-05-09,6419,87.94606018066406,0.636827294647442,0,0.009564387612044811,0.06269935518503189,-0.0637618824839592,-0.04144521430134773,-0.02,-0.026000000000000002,ambiguous_stop_loss,1,1,25,2024-05-01
2024-05-09,6605,200.62635803222656,0.6347075547644909,0,0.011574077419936657,0.011574077419936657,-0.0624999962747097,-0.05787036567926407,-0.02,-0.026000000000000002,stop_loss,0,1,25,2024-05-01
2024-05-09,4562,26.25,0.6094711835063836,1,0.05904759094119072,0.09904763102531433,-0.03428569808602333,0.09904763102531433,0.03,0.024,gap_take_profit,1,1,25,2024-05-01
2024-05-09,2393,58.39189910888672,0.5944556603495963,1,0.035168178379535675,0.045871611684560776,0.012232398614287376,0.042813438922166824,0.03,0.024,gap_take_profit,1,0,25,2024-05-01
2024-05-09,1903,61.599998474121094,0.5923897254147326,1,0.017857180908322334,0.04545459523797035,0.008116883225739002,0.043831244111061096,0.03,0.024,take_profit,1,0,25,2024-05-01
2024-05-09,2458,147.12432861328125,0.5906217830926267,0,0.009677419438958168,0.012903225608170033,-0.003225806402042508,0.0,0.0,-0.006,close,0,0,25,2024-05-01
2024-05-09,3339,44.099998474121094,0.5886143247965931,0,0.0022676256485283375,0.0294785276055336,-0.0657595843076706,-0.01473917718976736,-0.02,-0.026000000000000002,stop_loss,0,1,25,2024-05-01
2024-05-09,3356,67.173095703125,0.5885430303980523,1,0.03286389261484146,0.07981228083372116,-0.01251957006752491,0.02660408616065979,0.03,0.024,gap_take_profit,1,0,25,2024-05-01
2024-05-09,6414,292.56622314453125,0.5883277113310154,1,0.017377542331814766,0.03949444368481636,0.009478648193180561,0.009478648193180561,0.03,0.024,take_profit,1,0,25,2024-05-01
2024-05-09,3596,144.95147705078125,0.5841174821451706,1,0.00955407414585352,0.012738787569105625,-0.003184778383001685,0.006369361188262701,0.006369361188262701,0.0003693611882627009,close,0,0,25,2024-05-01
2024-05-09,2474,197.73020935058594,0.5839096671796769,1,-2.8677945351773815e-08,0.02059493586421013,-0.006865017116069794,0.016018277034163475,0.016018277034163475,0.010018277034163475,close,0,0,25,2024-05-01
2024-05-09,4903,18.850000381469727,0.5810050330614034,1,0.06100793555378914,0.09814325720071793,0.02387261763215065,0.09814325720071793,0.03,0.024,gap_take_profit,1,0,25,2024-05-01
2024-05-09,1722,61.93396759033203,0.5803047786158164,1,-0.001547973370179534,0.00464400090277195,-0.009287911467254162,0.0015479546273127198,0.0015479546273127198,-0.00445204537268728,close,0,0,25,2024-05-01
2024-05-09,5011,22.842252731323242,0.5783993710409053,1,0.002100932179018855,0.014705942943692207,4.3587206732809136e-08,0.01050424575805664,0.01050424575805664,0.0045042457580566405,close,0,0,25,2024-05-01
2024-05-09,3042,102.38019561767578,0.5781186994997555,0,1.112745362519263e-08,0.004444455727934837,-0.0311111006885767,-0.017777767032384872,-0.02,-0.026000000000000002,stop_loss,0,1,25,2024-05-01
2024-05-09,3014,147.19287109375,0.5770671765757821,0,-1.7119035078394518e-08,0.0030302859377115965,-0.018181834369897842,-0.009090926498174667,-0.009090926498174667,-0.015090926498174667,close,0,0,25,2024-05-01
2024-05-09,2211,126.72484588623047,0.5767623896743344,0,0.003533612471073866,0.007067181635648012,-0.03533564880490303,-0.007067094556987286,-0.02,-0.026000000000000002,stop_loss,0,1,25,2024-05-01
2024-05-09,2615,54.90317916870117,0.5766518505148314,1,0.03275866433978081,0.10000000894069672,0.0275861993432045,0.10000000894069672,0.03,0.024,gap_take_profit,1,0,25,2024-05-01
2024-05-09,3545,82.03459930419922,0.5764375963098632,0,5.905562971975087e-08,0.006024155765771866,-0.01686743088066578,-0.0036144356708973646,-0.0036144356708973646,-0.009614435670897365,close,0,0,25,2024-05-01
2024-05-09,2313,74.12335968017578,0.5728691872720699,0,0.011421234346926212,0.011421234346926212,-0.09898481518030167,-0.0799492821097374,-0.02,-0.026000000000000002,stop_loss,0,1,25,2024-05-01
2024-05-10,4562,28.850000381469727,0.6510376031659847,1,0.027729609981179237,0.0571923591196537,-0.046793773770332336,0.020797239616513252,-0.02,-0.026000000000000002,ambiguous_stop_loss,1,1,25,2024-05-01
2024-05-10,1522,52.91022872924805,0.6442871559217442,1,0.034305352717638016,0.09948544949293137,-0.03945107012987137,0.09948544949293137,0.03,0.024,gap_take_profit,1,1,25,2024-05-01
2024-05-10,2615,60.393497467041016,0.6322602874577359,1,0.0815046951174736,0.09874604642391205,0.05015673115849495,0.09874604642391205,0.03,0.024,gap_take_profit,1,0,25,2024-05-01
2024-05-10,2609,52.687477111816406,0.6299703884167861,1,0.08250820636749268,0.09900985658168793,0.059405870735645294,0.09900985658168793,0.03,0.024,gap_take_profit,1,0,25,2024-05-01
2024-05-10,2613,24.253732681274414,0.6219283909418368,1,0.09999999403953552,0.09999999403953552,0.061999961733818054,0.09999999403953552,0.03,0.024,gap_take_profit,1,0,25,2024-05-01
2024-05-10,8937,22.25,0.6210391512246053,0,-0.008988798595964909,-0.008988798595964909,-0.056179776787757874,-0.026966309174895287,-0.02,-0.026000000000000002,stop_loss,0,1,25,2024-05-01
2024-05-10,3691,176.5,0.603597106087862,0,0.00283286115154624,0.03116147220134735,-0.0991501435637474,-0.08498583734035492,-0.02,-0.026000000000000002,ambiguous_stop_loss,1,1,25,2024-05-01
2024-05-10,3511,25.049999237060547,0.5953681787919419,0,0.0,0.0019960536155849695,-0.005988008808344603,-0.0019959774799644947,-0.0019959774799644947,-0.007995977479964495,close,0,0,25,2024-05-01
2024-05-10,4903,20.700000762939453,0.5897674980992755,1,0.038647305220365524,0.09903377294540405,0.0,0.09661835432052612,0.03,0.024,gap_take_profit,1,0,25,2024-05-01
2024-05-10,6462,216.5,0.586321802206112,1,0.0023094688076525927,0.013856813311576843,-0.020785219967365265,0.013856813311576843,-0.02,-0.026000000000000002,stop_loss,0,1,25,2024-05-01
2024-05-10,5534,112.37103271484375,0.5832007306241819,1,0.012765923514962196,0.06808506697416306,-3.3947337385598075e-08,0.06382974982261658,0.03,0.024,take_profit,1,0,25,2024-05-01
2024-05-10,2006,66.81853485107422,0.580661941334182,1,0.002836886327713728,0.004255412612110376,-0.004255312494933605,0.0014184681931510568,0.0014184681931510568,-0.004581531806848943,close,0,0,25,2024-05-01
2024-05-10,2636,97.95020294189453,0.5804701479773996,1,0.03669729828834534,0.09633032977581024,0.027522984892129898,0.059633076190948486,0.03,0.024,gap_take_profit,1,0,25,2024-05-01
2024-05-10,6643,836.0921630859375,0.5798397703390552,0,2.135980992079567e-08,0.009852233342826366,-0.04926111176609993,-0.04926111176609993,-0.02,-0.026000000000000002,stop_loss,0,1,25,2024-05-01
2024-05-10,6435,90.24313354492188,0.579412611292078,1,0.005154693499207497,0.0463918074965477,-0.019587591290473938,0.024742338806390762,0.03,0.024,take_profit,1,0,25,2024-05-01
2024-05-10,3498,34.900001525878906,0.5790770106656128,1,0.06017187237739563,0.09598848968744278,0.047277867794036865,0.07736380398273468,0.03,0.024,gap_take_profit,1,0,25,2024-05-01
2024-05-10,2351,100.86812591552734,0.578750433828369,1,0.004694823175668716,0.037558671087026596,-0.004694847855716944,0.028169000521302223,0.03,0.024,take_profit,1,0,25,2024-05-01
2024-05-10,2406,21.850000381469727,0.578475098765668,1,0.03203656151890755,0.06178491190075874,-0.0045766765251755714,0.02974826656281948,0.03,0.024,gap_take_profit,1,0,25,2024-05-01
2024-05-10,6118,22.850000381469727,0.5744263338125449,1,0.013129069469869137,0.013129069469869137,0.004376384429633617,0.013129069469869137,0.013129069469869137,0.007129069469869137,close,0,0,25,2024-05-01
2024-05-10,6492,41.099998474121094,0.5742213081879799,0,0.0048661986365914345,0.0072993445210158825,-0.00486610596999526,-0.00243305298499763,-0.00243305298499763,-0.00843305298499763,close,0,0,25,2024-05-01
2024-05-13,2613,26.679105758666992,0.6646531930071256,1,0.018181785941123962,0.09999996423721313,-0.003636409994214773,0.09999996423721313,0.03,0.024,take_profit,1,0,25,2024-05-01
2024-05-13,2615,66.35711669921875,0.6545638759213402,0,0.0028531041461974382,0.06990013271570206,-0.03138372302055359,-0.024251054972410202,-0.02,-0.026000000000000002,ambiguous_stop_loss,1,1,25,2024-05-01
2024-05-13,2609,57.904056549072266,0.6465834963598289,1,0.02252252586185932,0.09909908473491669,0.009008989669382572,0.07057064771652222,0.03,0.024,take_profit,1,0,25,2024-05-01
2024-05-13,6419,92.71253204345703,0.6252290540618072,1,0.05846784636378288,0.09879042953252792,0.008064615540206432,0.09879042953252792,0.03,0.024,gap_take_profit,1,0,25,2024-05-01
2024-05-13,2915,64.27196502685547,0.623465198548883,0,0.020114915445446968,0.028735581785440445,-0.03735634684562683,-0.020115012302994728,-0.02,-0.026000000000000002,stop_loss,0,1,25,2024-05-01
2024-05-13,1522,58.17402648925781,0.6206651617421676,0,0.026521071791648865,0.04992200806736946,-0.026521071791648865,-0.0031201369129121304,-0.02,-0.026000000000000002,ambiguous_stop_loss,1,1,25,2024-05-01
2024-05-13,8932,71.8074722290039,0.6195877646695235,0,0.00343651813454926,0.02405504323542118,-0.04810995236039162,-0.010309235192835331,-0.02,-0.026000000000000002,stop_loss,0,1,25,2024-05-01
2024-05-13,2348,151.72579956054688,0.6187155810538536,0,0.0180995874106884,0.031674206256866455,-0.09954750537872314,-0.09502265602350235,-0.02,-0.026000000000000002,ambiguous_stop_loss,1,1,25,2024-05-01
2024-05-13,6664,190.5258026123047,0.6139549545479187,1,-1.7558395626338097e-08,0.09779949486255646,-1.7558395626338097e-08,0.09290951490402222,0.03,0.024,take_profit,1,0,25,2024-05-01
2024-05-13,4716,19.5,0.608728383107498,1,0.0435897633433342,0.1000000387430191,0.023076962679624557,0.07179485261440277,0.03,0.024,gap_take_profit,1,0,25,2024-05-01
2024-05-13,3047,16.950000762939453,0.6073325818897838,1,-0.01769918203353882,0.026548603549599648,-0.03539825230836868,0.026548603549599648,-0.02,-0.026000000000000002,stop_loss,0,1,25,2024-05-01
2024-05-13,2374,45.734832763671875,0.6008591202170765,1,0.02580644004046917,0.04086022078990936,-0.03548393025994301,0.0010752255329862237,-0.02,-0.026000000000000002,ambiguous_stop_loss,1,1,25,2024-05-01
2024-05-13,2362,44.09128189086914,0.6003918599046532,1,0.08012496680021286,0.0988554060459137,0.07804375141859055,0.0988554060459137,0.03,0.024,gap_take_profit,1,0,25,2024-05-01
2024-05-13,5475,12.399999618530273,0.5937589535440416,0,0.0,0.004032273776829243,-0.052419327199459076,-0.036290306597948074,-0.02,-0.026000000000000002,stop_loss,0,1,25,2024-05-01
2024-05-13,2444,12.300000190734863,0.5921057880466061,0,-0.02845531515777111,-0.00406505586579442,-0.044715460389852524,-0.04065040498971939,-0.02845531515777111,-0.03445531515777111,gap_stop,0,1,25,2024-05-01
2024-05-13,6176,175.107177734375,0.5883049192218874,1,-3.0729371047755194e-08,0.012626231648027897,-0.020202049985527992,0.0025252217892557383,-0.02,-0.026000000000000002,stop_loss,0,1,25,2024-05-01
2024-05-13,3073,34.29999923706055,0.5811796518896747,0,-0.004373111296445131,0.004373222589492798,-0.008746333420276642,-0.008746333420276642,-0.008746333420276642,-0.014746333420276642,close,0,0,25,2024-05-01
2024-05-13,5493,83.3648910522461,0.5771747335167488,1,-0.003333278466016054,0.03777776658535004,-0.003333278466016054,0.0033333629835397005,0.03,0.024,take_profit,1,0,25,2024-05-01
2024-05-13,4903,22.700000762939453,0.5761372151455604,0,-0.035242341458797455,0.041850168257951736,-0.0837005078792572,-0.006607996299862862,-0.035242341458797455,-0.04124234145879745,gap_stop,1,1,25,2024-05-01
2024-05-13,3508,23.75,0.5720163861736558,0,0.0021052309311926365,0.008421084843575954,-0.010526316240429878,0.0,0.0,-0.006,close,0,0,25,2024-05-01
2024-05-14,2362,48.44994354248047,0.6641234470694536,1,0.08901511132717133,0.0984848141670227,0.053030237555503845,0.0984848141670227,0.03,0.024,gap_take_profit,1,0,25,2024-05-01
2024-05-14,4533,35.75083541870117,0.6531889695168576,0,0.002597414655610919,0.05454546958208084,-0.037662308663129807,-0.033766165375709534,-0.02,-0.026000000000000002,ambiguous_stop_loss,1,1,25,2024-05-01
2024-05-14,3230,15.442870140075684,0.6456043394074882,1,-0.057877883315086365,0.0739549845457077,-0.057877883315086365,0.022507965564727783,-0.057877883315086365,-0.06387788331508637,gap_stop,1,1,25,2024-05-01
2024-05-14,2357,470.23095703125,0.6425301632031974,0,0.0019531208090484142,0.009765620343387127,-0.0322265662252903,-0.0273437537252903,-0.02,-0.026000000000000002,stop_loss,0,1,25,2024-05-01
2024-05-14,2451,91.92669677734375,0.6321329754726853,1,0.014778302051126957,0.019704410806298256,-0.0049261306412518024,0.014778302051126957,0.014778302051126957,0.008778302051126957,close,0,0,25,2024-05-01
2024-05-14,3323,24.331356048583984,0.631066243097313,1,0.016194334253668785,0.018218595534563065,-0.002024319488555193,0.010121475905179977,0.010121475905179977,0.004121475905179977,close,0,0,25,2024-05-01
2024-05-14,6741,84.26290893554688,0.6305263113984126,1,2.095306328442348e-08,0.05402297526597977,-0.004597697872668505,0.04827585071325302,0.03,0.024,take_profit,1,0,25,2024-05-01
2024-05-14,3189,94.79253387451172,0.6281643456976156,0,-0.0010438928147777915,0.008350694552063942,-0.005219194572418928,-0.0010438928147777915,-0.0010438928147777915,-0.007043892814777792,close,0,0,25,2024-05-01
2024-05-14,6148,28.105371475219727,0.6277368473919174,0,1.1257018428523224e-08,0.013816923834383488,-0.006908477749675512,-0.0017271440010517836,-0.0017271440010517836,-0.007727144001051784,close,0,0,25,2024-05-01
2024-05-14,2613,29.347015380859375,0.6277184175384442,1,0.001652850885875523,0.0561983548104763,-0.03471073508262634,0.02148757316172123,-0.02,-0.026000000000000002,ambiguous_stop_loss,1,1,25,2024-05-01
2024-05-14,3034,523.1629028320312,0.627420214725642,0,-4.5537898785141806e-08,0.008576283231377602,-0.00686110882088542,-0.00686110882088542,-0.00686110882088542,-0.01286110882088542,close,0,0,25,2024-05-01
2024-05-14,6127,25.14583396911621,0.6261591858907475,0,0.009803907945752144,0.009803907945752144,-0.0058823516592383385,-0.0039215972647070885,-0.0039215972647070885,-0.009921597264707089,close,0,0,25,2024-05-01
2024-05-14,8227,216.16258239746094,0.6248907463829815,0,0.024943383410573006,0.05215426906943321,-0.022675668820738792,-0.01587294600903988,-0.02,-0.026000000000000002,ambiguous_stop_loss,1,1,25,2024-05-01
2024-05-14,3545,81.34274291992188,0.6213829171724514,1,0.009720563888549805,0.021871233358979225,-0.004860201384872198,0.0024301812518388033,0.0024301812518388033,-0.003569818748161197,close,0,0,25,2024-05-01
2024-05-14,3293,467.4356384277344,0.6211049281560999,0,0.007049345411360264,0.012084592133760452,0.0,0.0,0.0,-0.006,close,0,0,25,2024-05-01
2024-05-14,4114,31.483375549316406,0.6204650645424602,1,0.001261150580830872,0.006305271293967962,-0.0025219691451638937,0.001261150580830872,0.001261150580830872,-0.004738849419169128,close,0,0,25,2024-05-01
2024-05-14,3625,12.350000381469727,0.6192909901902062,0,0.004048521164804697,0.004048521164804697,-0.00404859846457839,0.0,0.0,-0.006,close,0,0,25,2024-05-01
2024-05-14,6609,34.36391830444336,0.6190552262113517,1,0.0014024435076862574,0.015427687205374241,0.0014024435076862574,0.014025184325873852,0.014025184325873852,0.008025184325873852,close,0,0,25,2024-05-01
2024-05-14,6220,22.021028518676758,0.6188332765174642,0,0.0021231970749795437,0.004246307071298361,-0.0021231037098914385,-0.0021231037098914385,-0.0021231037098914385,-0.008123103709891439,close,0,0,25,2024-05-01
2024-05-14,4934,22.200000762939453,0.6163018521693456,1,0.0,0.01576569676399231,0.0,0.002252217847853899,0.002252217847853899,-0.003747782152146101,close,0,0,25,2024-05-01
2024-05-15,5876,42.6815299987793,0.7255723539979103,1,0.005405399948358536,0.016216211020946503,0.0032432707957923412,0.01405408140271902,0.01405408140271902,0.00805408140271902,close,0,0,25,2024-05-01
2024-05-15,8021,28.611242294311523,0.710351689456048,1,0.009950198233127594,0.021558770909905434,0.004975023679435253,0.004975023679435253,0.004975023679435253,-0.001024976320564747,close,0,0,25,2024-05-01
2024-05-15,6016,13.23888111114502,0.7052858757911746,1,0.01250010821968317,0.03750009462237358,0.01250010821968317,0.021875061094760895,0.03,0.024,take_profit,1,0,25,2024-05-01
2024-05-15,2006,66.43942260742188,0.7045823418190262,0,-1.4466690956282946e-08,0.005706141237169504,-0.011412217281758785,-0.009985705837607384,-0.009985705837607384,-0.015985705837607382,close,0,0,25,2024-05-01
2024-05-15,3049,8.170000076293945,0.7042817620631462,1,0.007343875709921122,0.023255761712789536,-0.0024480363354086876,0.0159118864685297,0.0159118864685297,0.009911886468529701,close,0,0,25,2024-05-01
2024-05-15,2426,17.06686019897461,0.7020463217542103,1,0.011527311988174915,0.014409222640097141,-0.0028819097205996513,0.014409222640097141,0.014409222640097141,0.008409222640097141,close,0,0,25,2024-05-01
2024-05-15,4934,22.25,0.7012005683465901,1,0.004494399297982454,0.0067415558733046055,-0.002247156808152795,0.002247156808152795,0.002247156808152795,-0.0037528431918472053,close,0,0,25,2024-05-01
2024-05-15,2855,21.504329681396484,0.7010278492476241,1,0.01335881743580103,0.03053443506360054,0.011450441554188728,0.020992398262023926,0.03,0.024,take_profit,1,0,25,2024-05-01
2024-05-15,6148,28.05682945251465,0.6999480781560404,1,0.012110714800655842,0.012110714800655842,-0.0017301018815487623,0.0034601963125169277,0.0034601963125169277,-0.0025398036874830724,close,0,0,25,2024-05-01
2024-05-15,5880,23.463884353637695,0.6995034999160535,1,0.007575745694339275,0.011363591067492962,0.003787900321185589,0.011363591067492962,0.011363591067492962,0.005363591067492962,close,0,0,25,2024-05-01
2024-05-15,3088,83.29186248779297,0.6986530977421994,1,0.008018284104764462,0.01718212105333805,0.003436364931985736,0.00572736794129014,0.00572736794129014,-0.00027263205870986,close,0,0,25,2024-05-01
2024-05-15,4953,124.00507354736328,0.6981694718024395,1,0.011194046586751938,0.011194046586751938,1.6238903555176876e-08,0.0037313594948500395,0.0037313594948500395,-0.0022686405051499606,close,0,0,25,2024-05-01
2024-05-15,3105,137.91477966308594,0.6969538568857847,1,0.007168408017605543,0.032258011400699615,0.007168408017605543,0.025089554488658905,0.03,0.024,take_profit,1,0,25,2024-05-01
2024-05-15,2892,24.51055908203125,0.6968867674758938,1,0.007246432360261679,0.00905801821500063,0.001811675843782723,0.005434846971184015,0.005434846971184015,-0.0005651530288159849,close,0,0,25,2024-05-01
2024-05-15,5386,53.51451873779297,0.6963170489238366,1,0.040118876844644547,0.062407203018665314,0.008915316313505173,0.010401247069239616,0.03,0.024,gap_take_profit,1,0,25,2024-05-01
2024-05-15,8016,240.54800415039062,0.6958401439281461,1,0.007504685781896114,0.011257031001150608,-0.005628522485494614,0.0056285131722688675,0.0056285131722688675,-0.00037148682773113263,close,0,0,25,2024-05-01
2024-05-15,8150,39.873138427734375,0.6958125137137864,1,0.005753742065280676,0.011507482267916203,0.001150732859969139,0.004603011999279261,0.004603011999279261,-0.0013969880007207395,close,0,0,25,2024-05-01
2024-05-15,4128,39.61904525756836,0.6953721515776234,1,0.009615444578230381,0.06971156597137451,0.007211607880890369,0.03365391120314598,0.03,0.024,take_profit,1,0,25,2024-05-01
2024-05-15,2387,54.473365783691406,0.6952649852038594,1,0.011235951445996761,0.011235951445996761,-0.0016051277052611113,0.004815381485968828,0.004815381485968828,-0.001184618514031172,close,0,0,25,2024-05-01
2024-05-15,2027,34.704246520996094,0.694785802789317,1,0.005398119334131479,0.013495264574885368,0.002699105301871896,0.010796250775456429,0.010796250775456429,0.004796250775456428,close,0,0,25,2024-05-01
2024-05-16,6419,122.43289184570312,0.6879448820856318,1,0.007633603177964687,0.07251910120248795,-0.04961830750107765,0.07251910120248795,-0.02,-0.026000000000000002,ambiguous_stop_loss,1,1,25,2024-05-01
2024-05-16,2243,16.700000762939453,0.6815961729632092,1,0.0988023653626442,0.0988023653626442,0.0988023653626442,0.0988023653626442,0.03,0.024,gap_take_profit,1,0,25,2024-05-01
2024-05-16,2374,55.37356948852539,0.6742381709709824,1,0.019538210704922676,0.0550621896982193,-0.02309058979153633,0.023090554401278496,-0.02,-0.026000000000000002,ambiguous_stop_loss,1,1,25,2024-05-01
2024-05-16,4952,53.32111358642578,0.6696609203533868,1,0.05913042277097702,0.09913040697574615,0.03999995067715645,0.04695649817585945,0.03,0.024,gap_take_profit,1,0,25,2024-05-01
2024-05-16,5285,61.706600189208984,0.6620126028492072,1,0.0015082824975252151,0.003016554983332753,-0.0030166502110660076,0.0015082824975252151,0.0015082824975252151,-0.004491717502474785,close,0,0,25,2024-05-01
2024-05-16,4114,31.483375549316406,0.6617790535085127,1,0.00630529411137104,0.020176654681563377,0.0037831750232726336,0.015132534317672253,0.015132534317672253,0.009132534317672253,close,0,0,25,2024-05-01
2024-05-16,3437,26.200000762939453,0.661684254749042,0,0.0,0.015267160721123219,-0.0019084406085312366,0.0,0.0,-0.006,close,0,0,25,2024-05-01
2024-05-16,2412,116.25344848632812,0.6615187605573942,1,-2.994894643393309e-08,0.007968096993863583,-2.994894643393309e-08,0.0039840335957705975,0.0039840335957705975,-0.0020159664042294027,close,0,0,25,2024-05-01
2024-05-16,8249,30.399911880493164,0.6614922840835462,1,0.0016948557458817959,0.011864308267831802,0.0016948557458817959,0.006779639981687069,0.006779639981687069,0.0007796399816870688,close,0,0,25,2024-05-01
2024-05-16,8034,22.938295364379883,0.6605252732580447,1,0.00840326864272356,0.014705765061080456,-6.030340671259182e-08,0.00840326864272356,0.00840326864272356,0.00240326864272356,close,0,0,25,2024-05-01
2024-05-16,4545,35.255821228027344,0.6588807506357217,0,-1.5504642902897103e-08,0.02116398513317108,-0.0476190447807312,-0.02116401679813862,-0.02,-0.026000000000000002,stop_loss,0,1,25,2024-05-01
2024-05-16,2425,36.49626541137695,0.6569908003612035,0,0.0013477911707013845,0.013477089814841747,0.0,0.0,0.0,-0.006,close,0,0,25,2024-05-01
2024-05-16,6412,139.4345703125,0.6566047154664272,0,0.0032787343952804804,0.0032787343952804804,-0.016393397003412247,-0.013114708475768566,-0.013114708475768566,-0.019114708475768565,close,0,0,25,2024-05-01
2024-05-16,6698,32.79999923706055,0.6563537530570095,1,0.0,0.018292753025889397,0.0,0.004573217127472162,0.004573217127472162,-0.0014267828725278379,close,0,0,25,2024-05-01
2024-05-16,4958,110.52040100097656,0.6557668909835143,0,-6.291482890219413e-08,0.008403297513723373,-0.012605104595422745,-0.00420174328610301,-0.00420174328610301,-0.01020174328610301,close,0,0,25,2024-05-01
2024-05-16,3211,86.80623626708984,0.6550141099609467,1,0.004310285206884146,0.01724136807024479,0.0010775760747492313,0.01724136807024479,0.01724136807024479,0.011241368070244789,close,0,0,25,2024-05-01
2024-05-16,6509,36.71774673461914,0.654652386794321,1,0.0038119580131024122,0.010165197774767876,0.0025413292460143566,0.007623940706253052,0.007623940706253052,0.0016239407062530516,close,0,0,25,2024-05-01
2024-05-16,3042,99.65006256103516,0.6544160913898996,0,0.004566160961985588,0.013698580674827099,-0.013698678463697433,-0.013698678463697433,-0.013698678463697433,-0.019698678463697432,close,0,0,25,2024-05-01
2024-05-16,8383,37.1982421875,0.6533262820717403,1,5.541453163004917e-08,0.008568043820559978,5.541453163004917e-08,0.006120007019490004,0.006120007019490004,0.00012000701949000346,close,0,0,25,2024-05-01
2024-05-16,8255,181.70437622070312,0.6531075663776021,0,-0.0026881720405071974,0.005376344081014395,-0.0026881720405071974,0.0,0.0,-0.006,close,0,0,25,2024-05-01
2024-05-17,2243,18.350000381469727,0.6211374113408291,1,-0.010899224318563938,0.035422321408987045,-0.043596792966127396,0.03269756957888603,-0.02,-0.026000000000000002,ambiguous_stop_loss,1,1,25,2024-05-01
2024-05-17,6706,63.29999923706055,0.6148876280731811,1,0.0,0.09004740417003632,-0.033175330609083176,0.08056876063346863,-0.02,-0.026000000000000002,ambiguous_stop_loss,1,1,25,2024-05-01
2024-05-17,4977,73.26058197021484,0.5869265054025162,0,0.0090206703171134,0.011597950011491776,-0.028350483626127243,-0.028350483626127243,-0.02,-0.026000000000000002,stop_loss,0,1,25,2024-05-01
2024-05-17,4976,48.45000076293945,0.5863593798726078,0,0.005159958731383085,0.0340556800365448,-0.05882357433438301,-0.029927775263786316,-0.02,-0.026000000000000002,ambiguous_stop_loss,1,1,25,2024-05-01
2024-05-17,2442,31.732412338256836,0.5853591370346973,1,0.01689707487821579,0.07219651341438293,0.0015360331162810326,0.050691165030002594,0.03,0.024,take_profit,1,0,25,2024-05-01
2024-05-17,2467,151.62445068359375,0.5835794523933352,0,0.015625,0.015625,-0.10000000149011612,-0.10000000149011612,-0.02,-0.026000000000000002,stop_loss,0,1,25,2024-05-01
2024-05-17,6265,13.899999618530273,0.5821381530867742,0,0.03237415477633476,0.03237415477633476,-0.0431654267013073,-0.0431654267013073,0.03,0.024,gap_take_profit,1,1,25,2024-05-01
2024-05-17,8071,19.350000381469727,0.5794346755258858,0,0.09043927490711212,0.09819119423627853,-0.002584038535133004,-0.002584038535133004,0.03,0.024,gap_take_profit,1,0,25,2024-05-01
2024-05-17,8028,56.30185317993164,0.5774814642107167,0,0.006802754011005163,0.011904781684279442,-0.030612226575613022,-0.006802675314247608,-0.02,-0.026000000000000002,stop_loss,0,1,25,2024-05-01
2024-05-17,4561,46.03690719604492,0.5651144954756752,1,0.046632032841444016,0.09844549745321274,0.03626933693885803,0.08601029962301254,0.03,0.024,gap_take_profit,1,0,25,2024-05-01
2024-05-17,3360,17.25,0.565080570928477,0,-0.026087000966072083,0.014492753893136978,-0.05797101557254791,-0.005797123536467552,-0.026087000966072083,-0.03208700096607208,gap_stop,0,1,25,2024-05-01
2024-05-17,8044,36.349998474121094,0.5642476336005471,0,-0.012379558756947517,-0.009628568775951862,-0.0316368006169796,-0.02475922368466854,-0.02,-0.026000000000000002,stop_loss,0,1,25,2024-05-01
2024-05-17,4533,39.65092468261719,0.562899352355761,1,0.049180321395397186,0.0995316430926323,0.030444975942373276,0.0995316430926323,0.03,0.024,gap_take_profit,1,0,25,2024-05-01
2024-05-17,3686,20.549999237060547,0.5607308882308891,0,0.009732397273182869,0.06082725152373314,-0.026763953268527985,-0.026763953268527985,-0.02,-0.026000000000000002,ambiguous_stop_loss,1,1,25,2024-05-01
2024-05-17,2359,129.63748168945312,0.5570538757150723,1,0.06060602888464928,0.09469693899154663,0.0227272417396307,0.045454513281583786,0.03,0.024,gap_take_profit,1,0,25,2024-05-01
2024-05-17,3294,38.063323974609375,0.5509855043608693,0,0.08430609852075577,0.08430609852075577,-0.0337224155664444,-0.024643337354063988,0.03,0.024,gap_take_profit,1,1,25,2024-05-01
2024-05-17,3228,378.5,0.5417077473333961,1,-0.009247027337551117,0.030383091419935226,-0.04359313100576401,0.0026420080102980137,-0.02,-0.026000000000000002,ambiguous_stop_loss,1,1,25,2024-05-01
2024-05-17,4760,116.18624114990234,0.5354860018331783,1,-0.015503859147429466,0.046511661261320114,-0.015503859147429466,0.04263576865196228,0.03,0.024,take_profit,1,0,25,2024-05-01
2024-05-17,9802,122.54622650146484,0.5335102005231204,1,0.011764723807573318,0.015686292201280594,0.003921586088836193,0.003921586088836193,0.003921586088836193,-0.002078413911163807,close,0,0,25,2024-05-01
2024-05-17,2337,26.802730560302734,0.5302671266333189,1,-2.053359926534881e-09,0.018315017223358154,-2.053359926534881e-09,0.014652068726718426,0.014652068726718426,0.008652068726718426,close,0,0,25,2024-05-01
2024-05-20,6834,30.863954544067383,0.6413331284799627,1,0.030302906408905983,0.07177018374204636,-0.03030313551425934,0.03987225890159607,0.03,0.024,gap_take_profit,1,1,25,2024-05-01
2024-05-20,4533,43.59744644165039,0.6280658323673547,1,0.011714558117091656,0.028753945603966713,-0.009584696032106876,0.022364184260368347,0.022364184260368347,0.01636418426036835,close,0,0,25,2024-05-01
2024-05-20,3338,75.83870697021484,0.6232005692916703,1,0.014851454645395279,0.0990099087357521,0.007425731513649225,0.08415836095809937,0.03,0.024,take_profit,1,0,25,2024-05-01
2024-05-20,8438,37.14393615722656,0.619175156402748,1,0.03787887841463089,0.09974759072065353,0.03535366430878639,0.07702037692070007,0.03,0.024,gap_take_profit,1,0,25,2024-05-01
2024-05-20,4952,61.38882827758789,0.6164198965373286,1,0.037764351814985275,0.04229612275958061,-0.012084522284567356,0.027190381661057472,0.03,0.024,gap_take_profit,1,0,25,2024-05-01
2024-05-20,9955,33.95000076293945,0.6110677375270395,1,0.098674476146698,0.098674476146698,0.08394693583250046,0.098674476146698,0.03,0.024,gap_take_profit,1,0,25,2024-05-01
2024-05-20,6170,49.12206268310547,0.6075852319558219,0,1.0340088785198986e-09,0.003649650141596794,-0.016423314809799194,-0.014598525129258633,-0.014598525129258633,-0.02059852512925863,close,0,0,25,2024-05-01
2024-05-20,2009,53.21167755126953,0.6073839387178132,1,0.04814814776182175,0.1000000536441803,0.04629632458090782,0.1000000536441803,0.03,0.024,gap_take_profit,1,0,25,2024-05-01
2024-05-20,6670,261.93353271484375,0.6067160990503287,0,0.0051369741559028625,0.01198628917336464,-0.018835628405213356,-0.010273984633386135,-0.010273984633386135,-0.016273984633386133,close,0,0,25,2024-05-01
2024-05-20,3665,230.4055938720703,0.606019398683923,1,0.012448112480342388,0.0912863165140152,0.004149371292442083,0.07468883693218231,0.03,0.024,take_profit,1,0,25,2024-05-01
2024-05-20,2006,66.24987030029297,0.6047381493607931,1,0.0014305792283266783,0.007153061684221029,0.0014305792283266783,0.002861172426491976,0.002861172426491976,-0.0031388275735080243,close,0,0,25,2024-05-01
2024-05-20,3162,32.72087478637695,0.6030522799268692,1,0.0030258558690547943,0.012102989479899406,-0.007564229425042868,0.004538692068308592,0.004538692068308592,-0.0014613079316914083,close,0,0,25,2024-05-01
2024-05-20,3413,279.8818664550781,0.601959108952226,0,0.0032841297797858715,0.008210238069295883,-0.01477826852351427,-0.01477826852351427,-0.01477826852351427,-0.02077826852351427,close,0,0,25,2024-05-01
2024-05-20,6492,41.95000076293945,0.6011177415488438,1,0.005959475412964821,0.015494581311941147,0.002383753890171647,0.014302704483270645,0.014302704483270645,0.008302704483270645,close,0,0,25,2024-05-01
2024-05-20,4707,13.078906059265137,0.6004909620629809,0,0.00353366625495255,0.00353366625495255,-0.003533483948558569,-0.003533483948558569,-0.003533483948558569,-0.009533483948558569,close,0,0,25,2024-05-01
2024-05-20,1584,32.56188201904297,0.6001895834231248,0,0.0014306753873825073,0.0014306753873825073,-0.011444883421063423,-0.010014289990067482,-0.010014289990067482,-0.01601428999006748,close,0,0,25,2024-05-01
2024-05-20,1319,116.41931915283203,0.5997881735151034,0,0.027668016031384468,0.027668016031384468,-0.03162052482366562,-0.019762815907597542,-0.02,-0.026000000000000002,stop_loss,0,1,25,2024-05-01
2024-05-20,8255,179.75057983398438,0.5997615418997361,1,-5.9033098409599916e-08,0.01358689647167921,-5.9033098409599916e-08,0.008152114227414131,0.008152114227414131,0.002152114227414131,close,0,0,25,2024-05-01
2024-05-20,6118,23.700000762939453,0.5994188428116726,1,0.018987292423844337,0.018987292423844337,0.0,0.004219344817101955,0.004219344817101955,-0.0017806551828980447,close,0,0,25,2024-05-01
2024-05-20,3419,16.100000381469727,0.5992739280253926,1,0.0031055426225066185,0.05590059608221054,0.0031055426225066185,0.03726710379123688,0.03,0.024,take_profit,1,0,25,2024-05-01
2024-05-21,9955,37.29999923706055,0.6799998776456153,1,0.053619302809238434,0.08981239795684814,-0.006702412851154804,0.009383440017700195,0.03,0.024,gap_take_profit,1,0,25,2024-05-01
2024-05-21,4543,57.9566764831543,0.6340589885765581,1,0.048136670142412186,0.07919257879257202,-0.023291878402233124,0.020186342298984528,0.03,0.024,gap_take_profit,1,1,25,2024-05-01
2024-05-21,3047,21.049999237060547,0.6339608029889616,0,-0.002375260693952441,0.038004808127880096,-0.05225646123290062,-0.03325410187244415,-0.02,-0.026000000000000002,ambiguous_stop_loss,1,1,25,2024-05-01
2024-05-21,3491,247.701904296875,0.6305064033113573,1,0.02195611223578453,0.07584833353757858,0.005988048855215311,0.041916195303201675,0.03,0.024,take_profit,1,0,25,2024-05-01
2024-05-21,6117,100.0,0.6295447106522258,1,0.029999999329447746,0.10000000149011612,0.014999999664723873,0.10000000149011612,0.03,0.024,take_profit,1,0,25,2024-05-01
2024-05-21,9958,271.6615295410156,0.6261746780293017,1,0.03085293062031269,0.08892915397882462,0.019963638857007027,0.06896544992923737,0.03,0.024,gap_take_profit,1,0,25,2024-05-01
2024-05-21,3013,89.75835418701172,0.6248661346196938,0,0.00552488025277853,0.049723777920007706,-0.02872924692928791,-0.015469611622393131,-0.02,-0.026000000000000002,ambiguous_stop_loss,1,1,25,2024-05-01
2024-05-21,2009,58.5328483581543,0.6247751864687322,1,0.04377100244164467,0.07912451028823853,-0.0488215871155262,0.006733952090144157,0.03,0.024,gap_take_profit,1,1,25,2024-05-01
2024-05-21,6584,199.421875,0.6212731568359353,1,0.03241893649101257,0.07980047911405563,-1.5303024625268336e-08,0.034912701696157455,0.03,0.024,gap_take_profit,1,0,25,2024-05-01
2024-05-21,6573,14.350000381469727,0.6208176914136949,1,0.09756094962358475,0.09756094962358475,0.09756094962358475,0.09756094962358475,0.03,0.024,gap_take_profit,1,0,25,2024-05-01
2024-05-21,1815,21.549999237060547,0.6202165805420203,1,-0.016241228207945824,0.09976805746555328,-0.020881617441773415,0.09976805746555328,-0.02,-0.026000000000000002,ambiguous_stop_loss,1,1,25,2024-05-01
2024-05-21,6207,69.40263366699219,0.6167488824877285,1,-0.011299426667392254,0.038135603070259094,-0.03248586878180504,0.007062198594212532,-0.02,-0.026000000000000002,ambiguous_stop_loss,1,1,25,2024-05-01
2024-05-21,5426,39.985626220703125,0.6162282708550633,0,0.002451082691550255,0.01593145728111267,-0.053921543061733246,-0.030637210234999657,-0.02,-0.026000000000000002,stop_loss,0,1,25,2024-05-01
2024-05-21,2618,31.99310874938965,0.6154846560356544,0,0.008391577750444412,0.012587424367666245,-0.015384603291749954,-0.013986023142933846,-0.013986023142933846,-0.019986023142933844,close,0,0,25,2024-05-01
2024-05-21,5392,41.00696563720703,0.6143617477709766,1,0.01570039615035057,0.09661831706762314,0.006038615945726633,0.043478209525346756,0.03,0.024,take_profit,1,0,25,2024-05-01
2024-05-21,3060,34.34013366699219,0.6138702168823514,0,0.028409069404006004,0.09943179786205292,-0.008522724732756615,-0.0014204526087269187,0.03,0.024,take_profit,1,0,25,2024-05-01
2024-05-21,4545,35.90870666503906,0.6087130638307972,1,0.06623376160860062,0.09999997913837433,0.029870186001062393,0.09999997913837433,0.03,0.024,gap_take_profit,1,0,25,2024-05-01
2024-05-21,2359,148.78848266601562,0.6086086698607668,1,0.052805207669734955,0.09900982677936554,0.02310223877429962,0.09900982677936554,0.03,0.024,gap_take_profit,1,0,25,2024-05-01
2024-05-21,5475,13.300000190734863,0.6055632318211152,1,-0.011278238147497177,0.05263156443834305,-0.02631581760942936,0.003759412793442607,-0.02,-0.026000000000000002,ambiguous_stop_loss,1,1,25,2024-05-01
2024-05-21,6209,28.70645523071289,0.604585520004682,1,0.04102572053670883,0.09914540499448776,0.03589746356010437,0.09914540499448776,0.03,0.024,gap_take_profit,1,0,25,2024-05-01
2024-05-22,2359,163.52000427246094,0.6814399781118625,0,0.03903910517692566,0.09309316426515579,-0.05405399575829506,-0.021020960062742233,0.03,0.024,gap_take_profit,1,1,25,2024-05-01
2024-05-22,6573,15.75,0.6763431225854446,0,0.0634920671582222,0.0634920671582222,-0.05714283138513565,-0.0476190485060215,0.03,0.024,gap_take_profit,1,1,25,2024-05-01
2024-05-22,4545,39.499576568603516,0.6735877024769076,0,-0.0070838346146047115,0.020070865750312805,-0.056670576333999634,-0.04368358105421066,-0.02,-0.026000000000000002,stop_loss,0,1,25,2024-05-01
2024-05-22,5314,10.113792419433594,0.670891760136821,1,0.07334959506988525,0.09779947251081467,0.017114806920289993,0.03667478263378143,0.03,0.024,gap_take_profit,1,0,25,2024-05-01
2024-05-22,2392,62.2980842590332,0.6703624028444962,1,0.06446778774261475,0.09895059466362,0.01649182289838791,0.09895059466362,0.03,0.024,gap_take_profit,1,0,25,2024-05-01
2024-05-22,6526,739.6184692382812,0.6542081901890754,0,0.0013122974196448922,0.010498648509383202,-0.04068244993686676,-0.0026247103232890368,-0.02,-0.026000000000000002,stop_loss,0,1,25,2024-05-01
2024-05-22,2353,48.8099479675293,0.6537706417264675,1,0.02641506865620613,0.05094335600733757,-0.02264157496392727,0.005660310387611389,-0.02,-0.026000000000000002,ambiguous_stop_loss,1,1,25,2024-05-01
2024-05-22,1815,23.700000762939453,0.6530875810641396,1,0.012658195570111275,0.07805900275707245,0.006329097785055637,0.044303763657808304,0.03,0.024,take_profit,1,0,25,2024-05-01
2024-05-22,6117,110.0,0.6526636752529348,1,0.05000000074505806,0.10000000149011612,0.0181818176060915,0.10000000149011612,0.03,0.024,gap_take_profit,1,0,25,2024-05-01
2024-05-22,2365,25.038063049316406,0.6522462690272948,1,0.06835934519767761,0.09960931539535522,0.052734360098838806,0.09960931539535522,0.03,0.024,gap_take_profit,1,0,25,2024-05-01
2024-05-22,8374,33.64511489868164,0.651721738414621,1,0.09881999343633652,0.09881999343633652,0.09881999343633652,0.09881999343633652,0.03,0.024,gap_take_profit,1,0,25,2024-05-01
2024-05-22,2453,61.86143112182617,0.6469726810095385,1,0.04023847356438637,0.053651198744773865,-0.008941899985074997,0.0029806490056216717,0.03,0.024,gap_take_profit,1,0,25,2024-05-01
2024-05-22,2105,54.448158264160156,0.6402227850359453,0,-0.016863446682691574,0.010118041187524796,-0.030354158952832222,-0.013490753248333931,-0.02,-0.026000000000000002,stop_loss,0,1,25,2024-05-01
2024-05-22,2324,38.75424575805664,0.6370916357354333,0,1.241303237975444e-08,1.241303237975444e-08,-0.05583125352859497,-0.0533498078584671,-0.02,-0.026000000000000002,stop_loss,0,1,25,2024-05-01
2024-05-22,4577,22.0,0.6370848568621263,1,0.0318182148039341,0.0931817814707756,0.0318182148039341,0.07499998062849045,0.03,0.024,gap_take_profit,1,0,25,2024-05-01
2024-05-22,6197,145.3330841064453,0.6366030266262647,0,0.08038593083620071,0.08681679517030716,-0.01929253339767456,-0.009646231308579445,0.03,0.024,gap_take_profit,1,0,25,2024-05-01
2024-05-22,5498,15.600000381469727,0.63387296119843,0,0.03525635972619057,0.057692281901836395,-0.016025640070438385,-0.0032051403541117907,0.03,0.024,gap_take_profit,1,0,25,2024-05-01
2024-05-22,3363,150.5,0.6303067427087842,1,0.04318936914205551,0.05315614491701126,-0.013289036229252815,0.013289036229252815,0.03,0.024,gap_take_profit,1,0,25,2024-05-01
2024-05-22,2613,29.395523071289062,0.6237808140829609,1,0.033003244549036026,0.09900984168052673,0.033003244549036026,0.09900984168052673,0.03,0.024,gap_take_profit,1,0,25,2024-05-01
2024-05-22,4979,127.66458892822266,0.6225569467292781,1,0.0268198624253273,0.09961679577827454,0.022988444194197655,0.09961679577827454,0.03,0.024,take_profit,1,0,25,2024-05-01
2024-05-23,2392,68.46251678466797,0.5931278137164038,0,-0.0013643692946061492,0.01637100614607334,-0.023192450404167175,-0.015006933361291885,-0.02,-0.026000000000000002,stop_loss,0,1,25,2024-05-01
2024-05-23,8374,36.96992492675781,0.5863680954680905,1,0.09932885318994522,0.09932885318994522,0.09932885318994522,0.09932885318994522,0.03,0.024,gap_take_profit,1,0,25,2024-05-01
2024-05-23,2613,32.30596923828125,0.5754680301316019,0,5.349820142441786e-08,0.018018141388893127,-0.07657650858163834,-0.049549490213394165,-0.02,-0.026000000000000002,stop_loss,0,1,25,2024-05-01
2024-05-23,2365,27.532087326049805,0.5687103575461547,1,0.0657193660736084,0.09769093245267868,0.026642974466085434,0.062166955322027206,0.03,0.024,gap_take_profit,1,0,25,2024-05-01
2024-05-23,1809,28.65361785888672,0.5549455380490762,0,-0.011925037950277328,0.015332176350057125,-0.052810925990343094,-0.028960812836885452,-0.02,-0.026000000000000002,stop_loss,0,1,25,2024-05-01
2024-05-23,6117,121.0,0.5539633611528442,0,0.03305784985423088,0.03719008341431618,-0.04958677664399147,-0.01652892492711544,0.03,0.024,gap_take_profit,1,1,25,2024-05-01
2024-05-23,3466,68.4000015258789,0.5527374305029346,1,0.033625662326812744,0.0994151383638382,0.030701732262969017,0.0994151383638382,0.03,0.024,gap_take_profit,1,0,25,2024-05-01
2024-05-23,6125,112.82474517822266,0.5472338546072444,1,-4.716467572052352e-08,0.04385960102081299,-0.026315836235880852,0.04385960102081299,-0.02,-0.026000000000000002,ambiguous_stop_loss,1,1,25,2024-05-01
2024-05-23,3055,81.52385711669922,0.5375979627303152,1,0.0035842289216816425,0.09916368126869202,-0.01553164329379797,0.09916368126869202,0.03,0.024,take_profit,1,0,25,2024-05-01
2024-05-23,2486,90.31048583984375,0.5220043274994669,0,0.01092896331101656,0.044808726757764816,-0.02185792103409767,-0.005464478861540556,-0.02,-0.026000000000000002,ambiguous_stop_loss,1,1,25,2024-05-01
2024-05-23,2302,18.785221099853516,0.5006484171997235,0,0.025252558290958405,0.025252558290958405,-0.04040397331118584,-0.022727185860276222,-0.02,-0.026000000000000002,stop_loss,0,1,25,2024-05-01
2024-05-23,4979,140.3821258544922,0.48982464173781887,0,-0.003484286367893219,0.01742163859307766,-0.045296136289834976,-0.027874531224370003,-0.02,-0.026000000000000002,stop_loss,0,1,25,2024-05-01
2024-05-23,3207,134.11447143554688,0.48472398300560393,1,0.0037036705762147903,0.029629595577716827,-0.003703736700117588,0.018518485128879547,0.018518485128879547,0.012518485128879547,close,0,0,25,2024-05-01
2024-05-23,3708,126.3182601928711,0.4836806192430832,1,7.165520088392441e-08,0.025735367089509964,-0.011029341258108616,0.025735367089509964,0.025735367089509964,0.019735367089509966,close,0,0,25,2024-05-01
2024-05-23,5340,57.2325553894043,0.4836017975755901,1,-0.010434765368700027,0.05043479800224304,-0.02086958847939968,0.02782605029642582,-0.02,-0.026000000000000002,ambiguous_stop_loss,1,1,25,2024-05-01
2024-05-23,3390,30.695341110229492,0.48025318610085393,1,-0.004559301305562258,0.030395152047276497,-0.0060790348798036575,0.0030394827481359243,0.03,0.024,take_profit,1,0,25,2024-05-01
2024-05-23,5014,15.490817070007324,0.4800352657103937,1,-0.012158079072833061,0.015197589993476868,-0.027355646714568138,0.015197589993476868,-0.02,-0.026000000000000002,stop_loss,0,1,25,2024-05-01
2024-05-23,3624,48.47134780883789,0.4770441547410037,1,-0.009708800353109837,0.013592183589935303,-0.011650518514215946,0.009708673693239689,0.009708673693239689,0.0037086736932396887,close,0,0,25,2024-05-01
2024-05-23,2377,174.24351501464844,0.476323919128062,1,-0.01340487226843834,0.013404778204858303,-0.02949066273868084,0.0026809179689735174,-0.02,-0.026000000000000002,stop_loss,0,1,25,2024-05-01
2024-05-23,6165,42.62428665161133,0.4756154628956054,0,-0.0011613762471824884,0.004645824898034334,-0.04065036401152611,-0.04065036401152611,-0.02,-0.026000000000000002,stop_loss,0,1,25,2024-05-01
2024-05-24,8374,40.64210510253906,0.6796508677980119,1,0.09890113770961761,0.09890113770961761,0.09890113770961761,0.09890113770961761,0.03,0.024,gap_take_profit,1,0,25,2024-05-01
2024-05-24,3466,75.19999694824219,0.6103655355615294,1,0.04255325347185135,0.09973404556512833,0.010638338513672352,0.09973404556512833,0.03,0.024,gap_take_profit,1,0,25,2024-05-01
2024-05-24,6698,36.099998474121094,0.6036546655361795,0,0.01385041605681181,0.02770083211362362,-0.024930685758590698,-0.015235436148941517,-0.02,-0.026000000000000002,stop_loss,0,1,25,2024-05-01
2024-05-24,3450,87.29603576660156,0.6025922923848187,1,0.06171431392431259,0.09942854940891266,0.05485718697309494,0.09942854940891266,0.03,0.024,gap_take_profit,1,0,25,2024-05-01
2024-05-24,5498,17.100000381469727,0.6004152984635135,1,0.02631572261452675,0.06725143641233444,0.01169583946466446,0.032163698226213455,0.03,0.024,take_profit,1,0,25,2024-05-01
2024-05-24,6231,245.5596923828125,0.5997733060907888,1,0.013136308640241623,0.07224960625171661,-0.013136289082467556,0.0591132789850235,0.03,0.024,take_profit,1,0,25,2024-05-01
2024-05-24,3055,89.60806274414062,0.5994357129813891,0,0.029347801581025124,0.04673917219042778,-0.016304338350892067,-0.005434773396700621,0.03,0.024,take_profit,1,0,25,2024-05-01
2024-05-24,3685,19.0,0.5980327907837434,0,0.0,0.0026315387804061174,0.0,0.0,0.0,-0.006,close,0,0,25,2024-05-01
2024-05-24,4904,80.84393310546875,0.5951049975615702,0,-0.004761946853250265,0.0035714409314095974,-0.00833332072943449,-0.00833332072943449,-0.00833332072943449,-0.01433332072943449,close,0,0,25,2024-05-01
2024-05-24,4545,41.5515022277832,0.5910006260197976,1,0.028058379888534546,0.05050506815314293,-0.013467962853610516,0.001122334273532033,0.03,0.024,take_profit,1,0,25,2024-05-01
2024-05-24,3537,48.56460952758789,0.5874939591400192,1,0.05935247242450714,0.0989208072423935,0.04856107383966446,0.0989208072423935,0.03,0.024,gap_take_profit,1,0,25,2024-05-01
2024-05-24,2892,25.043399810791016,0.5870623714878554,1,-0.0017731088446453214,0.0035460139624774456,-0.008865343406796455,0.0035460139624774456,0.0035460139624774456,-0.0024539860375225545,close,0,0,25,2024-05-01
2024-05-24,3047,21.75,0.5841582333470943,1,0.02298850566148758,0.05057473108172417,0.013793068006634712,0.020689690485596657,0.03,0.024,take_profit,1,0,25,2024-05-01
2024-05-24,2489,19.674297332763672,0.582221278948569,1,0.03875979781150818,0.062015555799007416,-0.0077519044280052185,0.054263606667518616,0.03,0.024,gap_take_profit,1,0,25,2024-05-01
2024-05-24,6670,255.65428161621094,0.5810939575144158,0,0.001754386001266539,0.005263158120214939,-0.003508772002533078,0.0,0.0,-0.006,close,0,0,25,2024-05-01
2024-05-24,3518,29.700000762939453,0.5802147820108771,1,0.053872000426054,0.09932662546634674,0.028619475662708282,0.09932662546634674,0.03,0.024,gap_take_profit,1,0,25,2024-05-01
2024-05-24,3707,61.29999923706055,0.5800822034512144,1,0.0,0.017944572493433952,-0.004893951583653688,0.011419261805713177,0.011419261805713177,0.005419261805713177,close,0,0,25,2024-05-01
2024-05-24,5234,163.1834259033203,0.5798097659788737,0,0.04360464960336685,0.08139535039663315,-0.0058139534667134285,0.0,0.03,0.024,gap_take_profit,1,0,25,2024-05-01
2024-05-24,5274,3637.409423828125,0.5793368706437991,1,0.031123170629143715,0.07983765006065369,0.031123170629143715,0.03653589263558388,0.03,0.024,gap_take_profit,1,0,25,2024-05-01
2024-05-24,2345,495.48443603515625,0.578540561194137,1,0.0019531245343387127,0.021484375,-0.0019531254656612873,0.0039062495343387127,0.0039062495343387127,-0.0020937504656612874,close,0,0,25,2024-05-01
2024-05-27,8374,44.66165542602539,0.6862285991961474,1,0.09999995678663254,0.09999995678663254,0.09999995678663254,0.09999995678663254,0.03,0.024,gap_take_profit,1,0,25,2024-05-01
2024-05-27,3466,82.69999694824219,0.630727822056738,1,0.04836759716272354,0.07738817483186722,0.010882727801799774,0.03990330174565315,0.03,0.024,gap_take_profit,1,0,25,2024-05-01
2024-05-27,2464,67.31000518798828,0.6245375839752305,0,0.014662737026810646,0.0498533770442009,-0.030791787430644035,-0.005865032784640789,-0.02,-0.026000000000000002,ambiguous_stop_loss,1,1,25,2024-05-01
2024-05-27,8210,330.18707275390625,0.6241600485623917,0,0.016129115596413612,0.01906166784465313,-0.03665681183338165,-0.033724259585142136,-0.02,-0.026000000000000002,stop_loss,0,1,25,2024-05-01
2024-05-27,4904,80.17023468017578,0.6144082163915943,0,0.0024009477347135544,0.006002424750477076,-0.009603854268789291,-0.009603854268789291,-0.009603854268789291,-0.015603854268789292,close,0,0,25,2024-05-01
2024-05-27,3537,53.36865997314453,0.6116299112519169,1,0.09983628988265991,0.09983628988265991,0.09983628988265991,0.09983628988265991,0.03,0.024,gap_take_profit,1,0,25,2024-05-01
2024-05-27,2412,115.79029083251953,0.6113684801126439,1,0.00799993984401226,0.01999993808567524,0.003999939654022455,0.00799993984401226,0.00799993984401226,0.0019999398440122603,close,0,0,25,2024-05-01
2024-05-27,3034,544.6995849609375,0.6113375337969432,1,0.023064201697707176,0.037891220301389694,0.0016473992727696896,0.02635909430682659,0.03,0.024,take_profit,1,0,25,2024-05-01
2024-05-27,4562,34.900001525878906,0.609123000745231,1,0.09885377436876297,0.09885377436876297,0.09885377436876297,0.09885377436876297,0.03,0.024,gap_take_profit,1,0,25,2024-05-01
2024-05-27,2006,65.58641815185547,0.6090753829947079,1,0.001445232075639069,0.007225491106510162,-0.0014450077433139086,0.001445232075639069,0.001445232075639069,-0.004554767924360931,close,0,0,25,2024-05-01
2024-05-27,4915,87.0418472290039,0.608053807118783,1,0.016771480441093445,0.019916165620088577,-0.001048194244503975,0.012578591704368591,0.012578591704368591,0.006578591704368591,close,0,0,25,2024-05-01
2024-05-27,2365,32.1289176940918,0.6070049926145049,1,0.0989345908164978,0.0989345908164978,0.0989345908164978,0.0989345908164978,0.03,0.024,gap_take_profit,1,0,25,2024-05-01
2024-05-27,3450,95.97575378417969,0.6064800311873966,1,0.029106013476848602,0.049896035343408585,-0.024948008358478546,0.01767151802778244,-0.02,-0.026000000000000002,ambiguous_stop_loss,1,1,25,2024-05-01
2024-05-27,3535,31.957351684570312,0.6043624895302195,0,0.01395347248762846,0.02015504613518715,-0.026356639340519905,-0.004651248455047607,-0.02,-0.026000000000000002,stop_loss,0,1,25,2024-05-01
2024-05-27,2439,118.27521514892578,0.604026814554536,1,-4.489578486754908e-08,0.02459011785686016,-4.489578486754908e-08,0.02459011785686016,0.02459011785686016,0.018590117856860162,close,0,0,25,2024-05-01
2024-05-27,3045,97.54364013671875,0.6013293981661542,0,-3.501061129895788e-08,0.0047393012791872025,-0.009478707797825336,-0.004739371128380299,-0.004739371128380299,-0.010739371128380299,close,0,0,25,2024-05-01
2024-05-27,4543,63.17637634277344,0.6004513832139965,1,0.014244996942579746,0.07834754139184952,0.0042735254392027855,0.0427350290119648,0.03,0.024,take_profit,1,0,25,2024-05-01
2024-05-27,2613,33.761192321777344,0.6003979574452565,1,0.03304612264037132,0.09913806617259979,0.03160936385393143,0.09913806617259979,0.03,0.024,gap_take_profit,1,0,25,2024-05-01
2024-05-27,5269,1907.19970703125,0.6001207157295116,1,0.010204010643064976,0.08418359607458115,0.0076529900543391705,0.08418359607458115,0.03,0.024,take_profit,1,0,25,2024-05-01
2024-05-27,3306,63.491905212402344,0.5996424109297592,0,0.021897777915000916,0.039415981620550156,-0.02919711172580719,-0.01167890802025795,-0.02,-0.026000000000000002,ambiguous_stop_loss,1,1,25,2024-05-01
2024-05-28,2365,35.307579040527344,0.6770942915824375,1,0.07617726922035217,0.0969528928399086,0.011080359108746052,0.0969528928399086,0.03,0.024,gap_take_profit,1,0,25,2024-05-01
2024-05-28,8374,49.1278190612793,0.6622501223876107,1,0.09898992627859116,0.09898992627859116,0.08080808073282242,0.09898992627859116,0.03,0.024,gap_take_profit,1,0,25,2024-05-01
2024-05-28,3537,58.6967887878418,0.660855435707923,0,0.06547616422176361,0.06994043290615082,-0.056547656655311584,-0.041666701436042786,0.03,0.024,gap_take_profit,1,1,25,2024-05-01
2024-05-28,4562,38.349998474121094,0.6535490914718749,1,0.0990874394774437,0.0990874394774437,0.0990874394774437,0.0990874394774437,0.03,0.024,gap_take_profit,1,0,25,2024-05-01
2024-05-28,6695,59.599998474121094,0.6209461259747163,1,0.09899331629276276,0.09899331629276276,0.09899331629276276,0.09899331629276276,0.03,0.024,gap_take_profit,1,0,25,2024-05-01
2024-05-28,3040,32.71321105957031,0.6126103196002972,1,0.09795309603214264,0.09941505640745163,0.05116951838135719,0.09941505640745163,0.03,0.024,gap_take_profit,1,0,25,2024-05-01
2024-05-28,6166,85.11981201171875,0.6119193166602086,0,-2.0773903486315248e-08,0.03428569436073303,-0.07657141238451004,-0.044571466743946075,-0.02,-0.026000000000000002,ambiguous_stop_loss,1,1,25,2024-05-01
2024-05-28,3047,24.399999618530273,0.605828995293655,1,0.032786931842565536,0.08196721225976944,0.024590179324150085,0.02663932926952839,0.03,0.024,gap_take_profit,1,0,25,2024-05-01
2024-05-28,2458,162.7859649658203,0.6035979157098345,1,0.01166169811040163,0.029154406860470772,0.0029153430368751287,0.014577149413526058,0.014577149413526058,0.008577149413526058,close,0,0,25,2024-05-01
2024-05-28,2345,485.8070373535156,0.6032602375564353,1,-0.008964152075350285,0.0657370388507843,-0.017928294837474823,0.04980078712105751,0.03,0.024,take_profit,1,0,25,2024-05-01
2024-05-28,2401,36.45000076293945,0.5975966677690847,1,0.042523983865976334,0.08367624878883362,0.0041151633486151695,0.010973873548209667,0.03,0.024,gap_take_profit,1,0,25,2024-05-01
2024-05-28,6231,285.8814697265625,0.5939817728655371,1,0.01833578385412693,0.07052192836999893,0.004231341183185577,0.016925277188420296,0.03,0.024,take_profit,1,0,25,2024-05-01
2024-05-28,2207,568.8287963867188,0.5927704933289364,0,-7.360227272101838e-08,0.0016446631634607911,-0.004934283904731274,-0.004934283904731274,-0.004934283904731274,-0.010934283904731274,close,0,0,25,2024-05-01
2024-05-28,9917,116.30736541748047,0.589483228436095,0,-3.6765964495089065e-08,-3.6765964495089065e-08,-0.027668019756674767,-0.019762881100177765,-0.02,-0.026000000000000002,stop_loss,0,1,25,2024-05-01
2024-05-28,6189,81.79351806640625,0.5888343828189749,0,0.03827744722366333,0.03827744722366333,-0.09856458753347397,-0.09569380432367325,0.03,0.024,gap_take_profit,1,1,25,2024-05-01
2024-05-28,2349,9.300000190734863,0.5881499656427683,1,-0.010752729140222073,0.0311827901750803,-0.039784934371709824,0.013978506438434124,-0.02,-0.026000000000000002,ambiguous_stop_loss,1,1,25,2024-05-01
2024-05-28,2377,186.8563232421875,0.5867477780006216,0,0.0024999750312417746,0.009999974630773067,-0.02500002458691597,-0.012500024400651455,-0.02,-0.026000000000000002,stop_loss,0,1,25,2024-05-01
2024-05-28,6291,143.29786682128906,0.5865791810740811,1,0.009375020861625671,0.02187502011656761,2.0502941566746813e-08,0.006250020582228899,0.006250020582228899,0.0002500205822288989,close,0,0,25,2024-05-01
2024-05-28,3221,27.969261169433594,0.5855610657826472,1,0.0016639332752674818,0.023294536396861076,-0.00831946637481451,0.02163066901266575,0.02163066901266575,0.01563066901266575,close,0,0,25,2024-05-01
2024-05-28,2303,50.18638610839844,0.5845166635136714,0,0.010638250038027763,0.015957385301589966,-0.010638358071446419,-0.008865267969667912,-0.008865267969667912,-0.014865267969667912,close,0,0,25,2024-05-01
2024-05-29,3312,62.185665130615234,0.5969252016196763,1,0.007680556271225214,0.09984645992517471,-0.03225798159837723,0.09984645992517471,-0.02,-0.026000000000000002,ambiguous_stop_loss,1,1,25,2024-05-01
2024-05-29,4562,42.150001525878906,0.5851864843427366,0,0.08185046166181564,0.08778165280818939,-0.06880193203687668,-0.06761571019887924,0.03,0.024,gap_take_profit,1,1,25,2024-05-01
2024-05-29,2405,22.93412208557129,0.5544991428860869,0,0.0021413215436041355,0.010706664994359016,-0.08779445290565491,-0.08779445290565491,-0.02,-0.026000000000000002,stop_loss,0,1,25,2024-05-01
2024-05-29,3447,35.90452575683594,0.552873601045958,0,-0.010943854227662086,-0.010943854227662086,-0.0752394050359726,-0.0752394050359726,-0.02,-0.026000000000000002,stop_loss,0,1,25,2024-05-01
2024-05-29,2613,40.794776916503906,0.5479044642874513,0,0.032104671001434326,0.09393578767776489,-0.06658739596605301,-0.02853749506175518,0.03,0.024,gap_take_profit,1,1,25,2024-05-01
2024-05-29,3379,17.971677780151367,0.5444127827925027,1,0.046575382351875305,0.09863011538982391,0.030136965215206146,0.09863011538982391,0.03,0.024,gap_take_profit,1,0,25,2024-05-01
2024-05-29,4566,61.83771514892578,0.5402635999676808,1,0.014173278585076332,0.0629921555519104,-0.007873989641666412,0.029921310022473335,0.03,0.024,take_profit,1,0,25,2024-05-01
2024-05-29,6695,65.5,0.5380182356611256,1,0.09923664480447769,0.09923664480447769,0.054961808025836945,0.0824427679181099,0.03,0.024,gap_take_profit,1,0,25,2024-05-01
2024-05-29,8374,53.9909782409668,0.5379977910849005,1,0.04779418557882309,0.09926476329565048,0.04779418557882309,0.09926476329565048,0.03,0.024,gap_take_profit,1,0,25,2024-05-01
2024-05-29,4973,48.15519332885742,0.5313810075501874,0,-0.0019920968916267157,-0.0019920968916267157,-0.07171320915222168,-0.056772973388433456,-0.02,-0.026000000000000002,stop_loss,0,1,25,2024-05-01
2024-05-29,4571,120.77412414550781,0.5309758305030857,0,-0.03137257322669029,0.027450954541563988,-0.054901983588933945,-0.03529414162039757,-0.03137257322669029,-0.03737257322669029,gap_stop,0,1,25,2024-05-01
2024-05-29,1815,27.649999618530273,0.5292428023981283,0,0.0,0.047016315162181854,-0.0849909707903862,-0.06509943306446075,-0.02,-0.026000000000000002,ambiguous_stop_loss,1,1,25,2024-05-01
2024-05-29,3040,35.965396881103516,0.5213810325099982,1,-4.111379237059509e-09,0.0797872319817543,-0.03457445278763771,0.029255377128720284,-0.02,-0.026000000000000002,ambiguous_stop_loss,1,1,25,2024-05-01
2024-05-29,3321,21.5,0.5184085667254479,1,-0.009302360936999321,0.09767443686723709,-0.04418608173727989,0.04418608173727989,-0.02,-0.026000000000000002,ambiguous_stop_loss,1,1,25,2024-05-01
2024-05-29,3691,132.0,0.5157587372032825,0,0.0,0.01515151560306549,-0.022727273404598236,0.0,-0.02,-0.026000000000000002,stop_loss,0,1,25,2024-05-01
2024-05-29,3141,96.05400848388672,0.5127002626632281,1,-0.003073754021897912,0.029713099822402,-0.016393456608057022,0.0010245440062135458,0.0010245440062135458,-0.004975455993786454,close,0,0,25,2024-05-01
2024-05-29,2365,38.730751037597656,0.5120509095809103,0,-0.017676666378974915,-0.017676666378974915,-0.06565650552511215,-0.0580807663500309,-0.02,-0.026000000000000002,stop_loss,0,1,25,2024-05-01
2024-05-29,2420,56.61275863647461,0.5109935966672384,0,0.0063492301851511,0.02539680153131485,-0.009523785673081875,-0.006349231116473675,-0.006349231116473675,-0.012349231116473675,close,0,0,25,2024-05-01
2024-05-29,4967,122.06832122802734,0.5070989685682962,0,0.012096798978745937,0.03225808963179588,-0.02822578325867653,-0.02016126550734043,-0.02,-0.026000000000000002,ambiguous_stop_loss,1,1,25,2024-05-01
2024-05-29,6462,264.0,0.5019461424991116,0,0.011363636702299118,0.034090910106897354,-0.05303030461072922,-0.034090910106897354,-0.02,-0.026000000000000002,ambiguous_stop_loss,1,1,25,2024-05-01
2024-05-30,3312,68.39468383789062,0.5630269769499031,0,0.05446925759315491,0.060055870562791824,-0.08519554138183594,-0.05865921080112457,0.03,0.024,gap_take_profit,1,1,25,2024-05-01
2024-05-30,3379,19.744226455688477,0.5596348871535918,1,0.09975066035985947,0.09975066035985947,0.09975066035985947,0.09975066035985947,0.03,0.024,gap_take_profit,1,0,25,2024-05-01
2024-05-30,1725,51.63726043701172,0.5493803986396543,0,0.023679349571466446,0.05282321572303772,-0.09927146136760712,-0.09927146136760712,-0.02,-0.026000000000000002,ambiguous_stop_loss,1,1,25,2024-05-01
2024-05-30,2399,23.899999618530273,0.5458449370283102,0,0.00209209811873734,0.018828483298420906,-0.037656888365745544,-0.029288655146956444,-0.02,-0.026000000000000002,stop_loss,0,1,25,2024-05-01
2024-05-30,8021,29.03827476501465,0.5266081697565115,1,0.0032679978758096695,0.022875791415572166,0.0032679978758096695,0.013071894645690918,0.013071894645690918,0.007071894645690918,close,0,0,25,2024-05-01
2024-05-30,2377,180.7834930419922,0.5201894901478628,0,0.0025839931331574917,0.01808786951005459,-0.010335903614759445,-0.010335903614759445,-0.010335903614759445,-0.016335903614759444,close,0,0,25,2024-05-01
2024-05-30,3060,32.14509582519531,0.5179405380535641,1,0.00455231498926878,0.04552355408668518,0.00455231498926878,0.01062214095145464,0.03,0.024,take_profit,1,0,25,2024-05-01
2024-05-30,2351,114.1277847290039,0.5167271628975191,1,0.07468878477811813,0.09958504885435104,0.07053940743207932,0.08298753947019577,0.03,0.024,gap_take_profit,1,0,25,2024-05-01
2024-05-30,3057,13.899999618530273,0.5148422215934997,1,0.0035971361212432384,0.04316549748182297,0.0035971361212432384,0.010791408829391003,0.03,0.024,take_profit,1,0,25,2024-05-01
2024-05-30,3455,97.00934600830078,0.5128250981568625,0,0.013636447489261627,0.013636447489261627,-0.045454468578100204,-0.02272719144821167,-0.02,-0.026000000000000002,stop_loss,0,1,25,2024-05-01
2024-05-30,8103,43.175045013427734,0.5120462655395542,1,0.005307858809828758,0.013800459913909435,-0.0021231072023510933,0.00424630381166935,0.00424630381166935,-0.0017536961883306505,close,0,0,25,2024-05-01
2024-05-30,8076,29.510700225830078,0.5117344634499899,1,0.004966894630342722,0.021523186936974525,0.003311227774247527,0.0066224983893334866,0.0066224983893334866,0.0006224983893334864,close,0,0,25,2024-05-01
2024-05-30,2483,25.887929916381836,0.5117344625377648,1,0.022857224568724632,0.05523819476366043,0.009523875080049038,0.009523875080049038,0.03,0.024,take_profit,1,0,25,2024-05-01
2024-05-30,8374,59.350379943847656,0.5103478478899257,1,0.08361209183931351,0.09866216033697128,0.08361209183931351,0.09866216033697128,0.03,0.024,gap_take_profit,1,0,25,2024-05-01
2024-05-30,4953,123.54236602783203,0.5092210777865047,1,1.6360543142468487e-08,0.011235971935093403,1.6360543142468487e-08,0.0037453346885740757,0.0037453346885740757,-0.0022546653114259244,close,0,0,25,2024-05-01
2024-05-30,3062,23.799999237060547,0.5080837537124389,1,0.004201696719974279,0.0924370065331459,0.004201696719974279,0.027310989797115326,0.03,0.024,take_profit,1,0,25,2024-05-01
2024-05-30,3694,50.00554275512695,0.5075821704996498,1,0.005714354105293751,0.01333343144506216,-0.013333266600966454,0.0038096210919320583,0.0038096210919320583,-0.002190378908067942,close,0,0,25,2024-05-01
2024-05-30,6823,65.0,0.5075354220223327,1,0.0,0.006153869442641735,0.0,0.006153869442641735,0.006153869442641735,0.00015386944264173495,close,0,0,25,2024-05-01
2024-05-30,6552,49.389373779296875,0.5059688054209044,1,0.046277664601802826,0.09859152138233185,0.046277664601802826,0.09859152138233185,0.03,0.024,gap_take_profit,1,0,25,2024-05-01
2024-05-30,6761,97.9760971069336,0.5042745628230345,1,0.05069133639335632,0.06912451982498169,-0.018433094024658203,0.023041564971208572,0.03,0.024,gap_take_profit,1,0,25,2024-05-01
2024-05-31,3379,21.713726043701172,0.6607247629101574,1,0.09977322816848755,0.09977322816848755,0.09977322816848755,0.09977322816848755,0.03,0.024,gap_take_profit,1,0,25,2024-05-01
2024-05-31,2891,32.04085159301758,0.6315230936169848,1,0.019773943349719048,0.03813556954264641,0.016949128359556198,0.028248606249690056,0.03,0.024,take_profit,1,0,25,2024-05-01
2024-05-31,8081,271.158935546875,0.6306410969815438,0,0.02295081876218319,0.02295081876218319,-0.011475409381091595,0.0,0.0,-0.006,close,0,0,25,2024-05-01
2024-05-31,2618,32.0378532409668,0.629760558427199,0,0.008379904553294182,0.009776637889444828,-0.015363071113824844,-0.012569817714393139,-0.012569817714393139,-0.018569817714393137,close,0,0,25,2024-05-01
2024-05-31,2548,129.5154266357422,0.6296237752491427,1,0.009493716061115265,0.0284810159355402,-0.012658189050853252,0.006329110357910395,0.006329110357910395,0.00032911035791039454,close,0,0,25,2024-05-01
2024-05-31,3221,27.317731857299805,0.6296088791339133,1,0.008517922833561897,0.02555369958281517,0.008517922833561897,0.01703581027686596,0.01703581027686596,0.011035810276865959,close,0,0,25,2024-05-01
2024-05-31,2474,203.15985107421875,0.6288632309225732,0,0.008908686228096485,0.022271715104579926,-0.0022271715570241213,0.0,0.0,-0.006,close,0,0,25,2024-05-01
2024-05-31,2504,41.701080322265625,0.6255701837212045,0,0.005359009373933077,0.008574394509196281,-0.027867205440998077,-0.011790036223828793,-0.02,-0.026000000000000002,stop_loss,0,1,25,2024-05-01
2024-05-31,8150,40.561397552490234,0.6248900280527863,1,0.010181104764342308,0.01131230965256691,-0.002262404188513756,0.002262500347569585,0.002262500347569585,-0.0037374996524304153,close,0,0,25,2024-05-01
2024-05-31,6664,234.77996826171875,0.6245435399156531,0,0.019841250032186508,0.021825376898050308,-0.009920654818415642,-0.003968273755162954,-0.003968273755162954,-0.009968273755162954,close,0,0,25,2024-05-01
2024-05-31,3533,1532.8475341796875,0.6233285451150743,0,0.006230554077774286,0.018691614270210266,-0.015576300211250782,-0.006230505649000406,-0.006230505649000406,-0.012230505649000406,close,0,0,25,2024-05-01
2024-05-31,3406,496.90118408203125,0.621848296949166,1,0.018867971375584602,0.018867971375584602,-0.0037735383957624435,0.0037736317608505487,0.0037736317608505487,-0.0022263682391494514,close,0,0,25,2024-05-01
2024-05-31,1310,13.449999809265137,0.621710329130373,0,0.0,0.0,-0.033457234501838684,-0.022304847836494446,-0.02,-0.026000000000000002,stop_loss,0,1,25,2024-05-01
2024-05-31,8255,201.73094177246094,0.6213257654224823,1,0.004842579830437899,0.007263887207955122,-0.016949186101555824,0.004842579830437899,0.004842579830437899,-0.0011574201695621015,close,0,0,25,2024-05-01
2024-05-31,2606,53.27695846557617,0.6207558385866705,1,0.018707511946558952,0.018707511946558952,-0.01190478540956974,0.01020411029458046,0.01020411029458046,0.0042041102945804595,close,0,0,25,2024-05-01
2024-05-31,3034,532.136474609375,0.6188145331456218,1,0.005059135612100363,0.016863521188497543,-0.0016862278571352363,0.008431817404925823,0.008431817404925823,0.002431817404925823,close,0,0,25,2024-05-01
2024-05-31,3413,270.69036865234375,0.6184439457765759,1,0.013582288287580013,0.025466836988925934,0.006791117135435343,0.023769045248627663,0.023769045248627663,0.017769045248627664,close,0,0,25,2024-05-01
2024-05-31,1708,30.96525764465332,0.6171624892386898,1,0.006106934510171413,0.013740522786974907,-0.006106853019446135,0.012213828042149544,0.012213828042149544,0.006213828042149544,close,0,0,25,2024-05-01
2024-05-31,2206,69.35195922851562,0.6164024927901022,1,0.002642113482579589,0.013210086151957512,4.494128447163348e-08,0.013210086151957512,0.013210086151957512,0.007210086151957512,close,0,0,25,2024-05-01
2024-05-31,8131,35.74555587768555,0.616001502854783,1,0.002590699354186654,0.012953334487974644,-0.002590667689219117,0.012953334487974644,0.012953334487974644,0.006953334487974644,close,0,0,25,2024-05-01
2024-06-03,8374,71.65714263916016,0.6595689729138825,0,0.011080305092036724,0.011080305092036724,-0.09972301870584488,-0.09972301870584488,-0.02,-0.026000000000000002,stop_loss,0,1,26,2024-06-01
2024-06-03,5484,28.350000381469727,0.6589719445149964,1,0.09876540303230286,0.09876540303230286,0.09876540303230286,0.09876540303230286,0.03,0.024,gap_take_profit,1,0,26,2024-06-01
2024-06-03,3379,23.88017463684082,0.6531097717794295,1,0.09896902740001678,0.09896902740001678,0.09896902740001678,0.09896902740001678,0.03,0.024,gap_take_profit,1,0,26,2024-06-01
2024-06-03,3048,33.894893646240234,0.6436889067293331,1,0.09942373633384705,0.09942373633384705,0.09942373633384705,0.09942373633384705,0.03,0.024,gap_take_profit,1,0,26,2024-06-01
2024-06-03,2351,135.91151428222656,0.6317226152388762,1,0.020905934274196625,0.04529617726802826,-0.010452951304614544,0.01742161251604557,0.03,0.024,take_profit,1,0,26,2024-06-01
2024-06-03,6245,98.05030822753906,0.630502612299905,0,0.05365852639079094,0.06829266995191574,-0.03902439773082733,-0.02439025416970253,0.03,0.024,gap_take_profit,1,1,26,2024-06-01
2024-06-03,2331,36.04141616821289,0.6147326221442098,0,0.06100783124566078,0.0994693860411644,-0.0702919065952301,-0.04111413285136223,0.03,0.024,gap_take_profit,1,1,26,2024-06-01
2024-06-03,3088,102.08738708496094,0.6001639043861067,1,0.04672897607088089,0.09813084453344345,0.03738318011164665,0.09813084453344345,0.03,0.024,gap_take_profit,1,0,26,2024-06-01
2024-06-03,3372,24.299999237060547,0.5967272888084991,1,0.09876549988985062,0.09876549988985062,0.0699588805437088,0.09876549988985062,0.03,0.024,gap_take_profit,1,0,26,2024-06-01
2024-06-03,6125,133.1134033203125,0.5884487030266726,0,-2.1227776869636727e-08,0.04089217260479927,-0.09665429592132568,-0.09665429592132568,-0.02,-0.026000000000000002,ambiguous_stop_loss,1,1,26,2024-06-01
2024-06-03,4534,14.649999618530273,0.588440486391459,0,0.05802050605416298,0.09215019643306732,-0.030716711655259132,0.0,0.03,0.024,gap_take_profit,1,1,26,2024-06-01
2024-06-03,4562,47.5,0.5882045233673132,0,0.007368389051407576,0.0715789794921875,-0.04631580412387848,-0.009473700076341629,-0.02,-0.026000000000000002,ambiguous_stop_loss,1,1,26,2024-06-01
2024-06-03,3540,47.75003433227539,0.5839629031965861,1,0.09969166666269302,0.09969166666269302,0.09969166666269302,0.09969166666269302,0.03,0.024,gap_take_profit,1,0,26,2024-06-01
2024-06-03,3030,178.99786376953125,0.5811612970503607,0,-0.02902369014918804,-0.02902369014918804,-0.09762527793645859,-0.09762527793645859,-0.02902369014918804,-0.03502369014918804,gap_stop,0,1,26,2024-06-01
2024-06-03,3229,17.600000381469727,0.5801204405634838,1,0.09943181276321411,0.09943181276321411,0.06818175315856934,0.09943181276321411,0.03,0.024,gap_take_profit,1,0,26,2024-06-01
2024-06-03,4113,60.20000076293945,0.5777304537812735,1,0.013289024122059345,0.014950128272175789,-0.031561486423015594,0.0033222718629986048,-0.02,-0.026000000000000002,stop_loss,0,1,26,2024-06-01
2024-06-03,2537,21.350000381469727,0.571659088706214,1,0.03512880578637123,0.0749414712190628,-0.009367717429995537,0.07025761157274246,0.03,0.024,gap_take_profit,1,0,26,2024-06-01
2024-06-03,2417,48.74296188354492,0.5708592040323548,1,0.07833154499530792,0.09867741912603378,0.0681586042046547,0.09867741912603378,0.03,0.024,gap_take_profit,1,0,26,2024-06-01
2024-06-03,2465,137.5,0.5691441293576243,0,0.02909090928733349,0.07999999821186066,-0.07636363804340363,-0.06909091025590897,-0.02,-0.026000000000000002,ambiguous_stop_loss,1,1,26,2024-06-01
2024-06-03,3312,70.78276062011719,0.5678942407268366,0,0.009446765296161175,0.009446765296161175,-0.07557351887226105,-0.05937923118472099,-0.02,-0.026000000000000002,stop_loss,0,1,26,2024-06-01
2024-06-04,5484,31.149999618530273,0.8047090309521413,1,0.09951847046613693,0.09951847046613693,0.09951847046613693,0.09951847046613693,0.03,0.024,gap_take_profit,1,0,26,2024-06-01
2024-06-04,3379,26.243572235107422,0.8039106231448634,0,-0.020637836307287216,-0.020637836307287216,-0.09943710267543793,-0.09943710267543793,-0.020637836307287216,-0.026637836307287215,gap_stop,0,1,26,2024-06-01
2024-06-04,3048,37.26485061645508,0.7967279746936183,0,0.017037970945239067,0.017037970945239067,-0.09960687160491943,-0.0917430967092514,-0.02,-0.026000000000000002,stop_loss,0,1,26,2024-06-01
2024-06-04,3540,52.51031494140625,0.7906071637703366,0,0.0056074499152600765,0.056074753403663635,-0.07757013291120529,-0.052336446940898895,-0.02,-0.026000000000000002,ambiguous_stop_loss,1,1,26,2024-06-01
2024-06-04,4303,44.25783157348633,0.7314913844549,0,0.006615299265831709,0.028666017577052116,-0.03638361766934395,-0.03638361766934395,-0.02,-0.026000000000000002,stop_loss,0,1,26,2024-06-01
2024-06-04,3088,112.10530853271484,0.7280550866601784,0,0.017021289095282555,0.017021289095282555,-0.09787233173847198,-0.09787233173847198,-0.02,-0.026000000000000002,stop_loss,0,1,26,2024-06-01
2024-06-04,2483,25.098966598510742,0.7263915318701949,1,0.005893861874938011,0.015717044472694397,-3.2455584886292854e-08,0.0019645739812403917,0.0019645739812403917,-0.004035426018759608,close,0,0,26,2024-06-01
2024-06-04,7402,98.88640594482422,0.7219136358153221,1,0.004878039937466383,0.024390235543251038,-0.004878057166934013,0.009756089188158512,0.009756089188158512,0.003756089188158512,close,0,0,26,2024-06-01
2024-06-04,3372,26.700000762939453,0.7192041929105074,0,0.0018726305570453405,0.003745261114090681,-0.09925098717212677,-0.09925098717212677,-0.02,-0.026000000000000002,stop_loss,0,1,26,2024-06-01
2024-06-04,5371,96.24595642089844,0.7168363176648374,0,0.00975610502064228,0.014634153805673122,-0.040975574404001236,-0.040975574404001236,-0.02,-0.026000000000000002,stop_loss,0,1,26,2024-06-01
2024-06-04,8072,27.261873245239258,0.7139554599814689,1,-0.0052539450116455555,0.015761829912662506,-0.0052539450116455555,0.008756549097597599,0.008756549097597599,0.002756549097597599,close,0,0,26,2024-06-01
2024-06-04,6664,222.6682891845703,0.7124132185697911,0,0.0020920292008668184,0.016736380755901337,-0.010460271500051022,-0.004184121266007423,-0.004184121266007423,-0.010184121266007424,close,0,0,26,2024-06-01
2024-06-04,4956,20.700000762939453,0.7119673048615307,1,0.004830843769013882,0.028985433280467987,-0.014492807909846306,0.00966177973896265,0.00966177973896265,0.00366177973896265,close,0,0,26,2024-06-01
2024-06-04,2413,24.229232788085938,0.7107492336445841,0,-0.002044996479526162,0.01022498868405819,-0.010224908590316772,-0.010224908590316772,-0.010224908590316772,-0.01622490859031677,close,0,0,26,2024-06-01
2024-06-04,3443,1512.5706787109375,0.7089416204258376,1,0.016286687925457954,0.029316004365682602,-0.019543932750821114,0.029316004365682602,0.029316004365682602,0.023316004365682604,close,0,0,26,2024-06-01
2024-06-04,4716,18.5,0.7071324435546793,0,0.0,0.005405426025390625,-0.03513511270284653,-0.027027027681469917,-0.02,-0.026000000000000002,stop_loss,0,1,26,2024-06-01
2024-06-04,8473,36.96935272216797,0.7066841004920633,1,0.014084499329328537,0.014084499329328537,0.002560824155807495,0.00512160686776042,0.00512160686776042,-0.0008783931322395803,close,0,0,26,2024-06-01
2024-06-04,6205,71.68692779541016,0.7055059848677363,0,2.8187638889676236e-08,2.8187638889676236e-08,-0.01846964843571186,-0.01583116687834263,-0.01583116687834263,-0.021831166878342627,close,0,0,26,2024-06-01
2024-06-04,6668,62.29999923706055,0.7033658327448986,1,0.00321028521284461,0.012841079384088516,-0.009630794636905193,0.004815397318452597,0.004815397318452597,-0.0011846026815474035,close,0,0,26,2024-06-01
2024-06-04,8081,269.3808288574219,0.7033238690373156,1,0.0099010756239295,0.016501735895872116,-0.0033002453856170177,0.003300415351986885,0.003300415351986885,-0.002699584648013115,close,0,0,26,2024-06-01
2024-06-05,8046,183.77102661132812,0.7687922014596354,0,0.005235634744167328,0.01308903843164444,-0.007853371091187,-0.007853371091187,-0.007853371091187,-0.013853371091187,close,0,0,26,2024-06-01
2024-06-05,2474,200.8975067138672,0.7478827127043399,1,-0.0022522653453052044,0.01351349987089634,-0.004504517652094364,0.01351349987089634,0.01351349987089634,0.007513499870896339,close,0,0,26,2024-06-01
2024-06-05,4716,18.0,0.747804225803991,1,0.02222220040857792,0.07222218066453934,0.02222220040857792,0.030555512756109238,0.03,0.024,take_profit,1,0,26,2024-06-01
2024-06-05,5469,57.07826614379883,0.736517673214285,0,-0.003539832541719079,0.0035397729370743036,-0.019469022750854492,-0.015929250046610832,-0.015929250046610832,-0.02192925004661083,close,0,0,26,2024-06-01
2024-06-05,6191,66.91571044921875,0.7345526207785872,0,0.001379186986014247,0.004137870389968157,-0.011034625582396984,-0.006896653212606907,-0.006896653212606907,-0.012896653212606907,close,0,0,26,2024-06-01
2024-06-05,2201,65.98860931396484,0.7340775876484842,0,0.009943148121237755,0.014204555191099644,-0.008522695861756802,-0.008522695861756802,-0.008522695861756802,-0.014522695861756802,close,0,0,26,2024-06-01
2024-06-05,2360,263.603515625,0.7337664671713273,1,0.01446665171533823,0.023508243262767792,-0.0036165332421660423,0.009041695855557919,0.009041695855557919,0.0030416958555579184,close,0,0,26,2024-06-01
2024-06-05,6526,689.1458129882812,0.7329658421378262,1,0.014084482565522194,0.026760539039969444,0.004225327633321285,0.022535186260938644,0.022535186260938644,0.016535186260938646,close,0,0,26,2024-06-01
2024-06-05,3596,150.95263671875,0.7313127785789854,0,0.0030581040773540735,0.00917431153357029,-0.012232416309416294,0.0,0.0,-0.006,close,0,0,26,2024-06-01
2024-06-05,1101,30.52994728088379,0.7307440684892432,0,0.0,0.004587085917592049,0.0,0.0,0.0,-0.006,close,0,0,26,2024-06-01
2024-06-05,5484,34.25,0.7306663287107392,1,0.09927012026309967,0.09927012026309967,0.09927012026309967,0.09927012026309967,0.03,0.024,gap_take_profit,1,0,26,2024-06-01
2024-06-05,5880,22.663978576660156,0.7294382094272851,1,5.115680679068646e-08,0.007843200117349625,5.115680679068646e-08,0.003921665251255035,0.003921665251255035,-0.0020783347487449647,close,0,0,26,2024-06-01
2024-06-05,6679,394.09832763671875,0.7292821812928448,0,0.016969766467809677,0.02181825041770935,-0.021818116307258606,-0.009696902707219124,-0.02,-0.026000000000000002,stop_loss,0,1,26,2024-06-01
2024-06-05,2303,47.60587692260742,0.7286730385034965,1,0.011214956641197205,0.013084158301353455,0.0037383639719337225,0.013084158301353455,0.013084158301353455,0.0070841583013534545,close,0,0,26,2024-06-01
2024-06-05,3714,41.631492614746094,0.7252279757098513,0,0.0034404422622174025,0.011467930860817432,-0.01376139372587204,-0.012614622712135315,-0.012614622712135315,-0.018614622712135313,close,0,0,26,2024-06-01
2024-06-05,2059,1092.5556640625,0.7238850263153045,1,0.02262435480952263,0.045248787850141525,-0.009049850516021252,0.03619901463389397,0.03,0.024,take_profit,1,0,26,2024-06-01
2024-06-05,6415,459.4644470214844,0.7238189280247254,0,0.014069246128201485,0.03030301257967949,-0.010822528973221779,-0.00974027719348669,0.03,0.024,take_profit,1,0,26,2024-06-01
2024-06-05,2377,173.77638244628906,0.722953181520058,1,0.016128983348608017,0.016128983348608017,-0.01075273472815752,0.002688124543055892,0.002688124543055892,-0.003311875456944108,close,0,0,26,2024-06-01
2024-06-05,8081,270.2698974609375,0.7225418192938289,1,0.008223571814596653,0.019736727699637413,0.0016446252120658755,0.013157782144844532,0.013157782144844532,0.007157782144844532,close,0,0,26,2024-06-01
2024-06-05,6548,39.29296112060547,0.7200320118546107,1,0.0071854302659630775,0.016766302287578583,-0.00958105269819498,0.003592671127989888,0.003592671127989888,-0.002407328872010112,close,0,0,26,2024-06-01
2024-06-06,3122,54.20000076293945,0.7541517977513884,1,0.05535055324435234,0.09778596460819244,-0.01107015274465084,0.06088559329509735,0.03,0.024,gap_take_profit,1,0,26,2024-06-01
2024-06-06,5484,37.650001525878906,0.738540113682931,1,0.09960158914327621,0.09960158914327621,0.09960158914327621,0.09960158914327621,0.03,0.024,gap_take_profit,1,0,26,2024-06-01
2024-06-06,6419,147.19984436035156,0.7162706850663803,1,0.0984126627445221,0.0984126627445221,-0.044444479048252106,0.0984126627445221,0.03,0.024,gap_take_profit,1,1,26,2024-06-01
2024-06-06,2497,53.439884185791016,0.7161368938549237,1,0.03146853670477867,0.06118882820010185,0.024475503712892532,0.03146853670477867,0.03,0.024,gap_take_profit,1,0,26,2024-06-01
2024-06-06,6456,64.69999694824219,0.6958666940455369,1,0.004636832512915134,0.021638356149196625,0.004636832512915134,0.012364808470010757,0.012364808470010757,0.006364808470010757,close,0,0,26,2024-06-01
2024-06-06,4303,41.574058532714844,0.6953762706069426,1,0.014084584079682827,0.09976528584957123,0.010563421063125134,0.09976528584957123,0.03,0.024,take_profit,1,0,26,2024-06-01
2024-06-06,6129,25.311214447021484,0.6930444087638077,1,-7.399542090169575e-10,0.007827818393707275,-0.013698571361601353,0.00391390873119235,0.00391390873119235,-0.0020860912688076497,close,0,0,26,2024-06-01
2024-06-06,7402,96.95691680908203,0.6919891420659148,1,0.004975141026079655,0.029850762337446213,0.004975141026079655,0.024875639006495476,0.024875639006495476,0.018875639006495477,close,0,0,26,2024-06-01
2024-06-06,3714,41.106327056884766,0.690964649460628,1,0.00348432338796556,0.052264776080846786,0.00348432338796556,0.044134728610515594,0.03,0.024,take_profit,1,0,26,2024-06-01
2024-06-06,5284,112.73920440673828,0.6894351684702124,1,-2.9798377099155005e-08,0.029660986736416817,-0.004237317945808172,0.029660986736416817,0.029660986736416817,0.02366098673641682,close,0,0,26,2024-06-01
2024-06-06,3372,22.700000762939453,0.6878763928763612,1,0.026431649923324585,0.06828190386295319,-0.008810605853796005,0.006607912480831146,0.03,0.024,take_profit,1,0,26,2024-06-01
2024-06-06,6442,224.5194091796875,0.6874504227059595,1,-1.654247627769223e-09,0.10000000149011612,-0.030434783548116684,0.07173912972211838,-0.02,-0.026000000000000002,ambiguous_stop_loss,1,1,26,2024-06-01
2024-06-06,4566,78.00316619873047,0.6864616649075492,1,0.02746565267443657,0.03620469197630882,-0.02372043766081333,0.013732744380831718,-0.02,-0.026000000000000002,ambiguous_stop_loss,1,1,26,2024-06-01
2024-06-06,4739,62.87705612182617,0.6858093371464594,1,0.029230814427137375,0.0630769208073616,0.020000068470835686,0.0630769208073616,0.03,0.024,take_profit,1,0,26,2024-06-01
2024-06-06,6840,73.69377899169922,0.6857284655724115,1,0.02941177412867546,0.06617657840251923,-0.009803876280784607,0.007352996617555618,0.03,0.024,take_profit,1,0,26,2024-06-01
2024-06-06,6265,13.75,0.684906293698829,1,0.021818196401000023,0.043636392802000046,0.0036363773979246616,0.02909088134765625,0.03,0.024,take_profit,1,0,26,2024-06-01
2024-06-06,3360,16.799999237060547,0.6847899829424073,1,0.008928663097321987,0.0297619067132473,0.0,0.008928663097321987,0.008928663097321987,0.002928663097321987,close,0,0,26,2024-06-01
2024-06-06,6679,390.27679443359375,0.6837391649062504,1,0.0024479127023369074,0.03427165746688843,-0.0024480477441102266,0.009791853837668896,0.03,0.024,take_profit,1,0,26,2024-06-01
2024-06-06,6206,89.41670989990234,0.6826149656208867,0,-0.0030613229610025883,0.0010203249985352159,-0.03163270279765129,-0.020408229902386665,-0.02,-0.026000000000000002,stop_loss,0,1,26,2024-06-01
2024-06-06,3532,161.49864196777344,0.6823860118266106,1,0.01759524829685688,0.06744861602783203,0.011730145663022995,0.038123104721307755,0.03,0.024,take_profit,1,0,26,2024-06-01
2024-06-07,5484,41.400001525878906,0.7737741963590749,1,0.09903377294540405,0.09903377294540405,0.09903377294540405,0.09903377294540405,0.03,0.024,gap_take_profit,1,0,26,2024-06-01
2024-06-07,4561,52.57271194458008,0.7203670686585041,1,0.05626143515110016,0.07804003357887268,0.014519158750772476,0.036297690123319626,0.03,0.024,gap_take_profit,1,0,26,2024-06-01
2024-06-07,9958,319.97882080078125,0.7166098949106326,0,0.023112481459975243,0.0354391373693943,-0.007704160176217556,0.0,0.03,0.024,take_profit,1,0,26,2024-06-01
2024-06-07,5871,133.88751220703125,0.7105729046965957,0,-0.003268070984631777,-9.103146680899954e-08,-0.016339991241693497,-0.009804030880331993,-0.009804030880331993,-0.01580403088033199,close,0,0,26,2024-06-01
2024-06-07,4967,141.26455688476562,0.7062308844061181,1,0.038327500224113464,0.059233423322439194,0.003484294982627034,0.02090589702129364,0.03,0.024,gap_take_profit,1,0,26,2024-06-01
2024-06-07,4303,45.72170639038086,0.7028406872078167,1,0.0629669576883316,0.0629669576883316,0.0032017624471336603,0.014941341243684292,0.03,0.024,gap_take_profit,1,0,26,2024-06-01
2024-06-07,3162,32.77037811279297,0.7014975019073958,1,0.016616346314549446,0.0558912456035614,0.004531707614660263,0.0271903183311224,0.03,0.024,take_profit,1,0,26,2024-06-01
2024-06-07,2353,45.724788665771484,0.697121326662804,0,0.002014079364016652,0.00906339380890131,-0.0171198733150959,-0.0171198733150959,-0.0171198733150959,-0.0231198733150959,close,0,0,26,2024-06-01
2024-06-07,3047,25.899999618530273,0.6935474868729037,1,0.04054058715701103,0.08880313485860825,-0.019305018708109856,0.025096511468291283,0.03,0.024,gap_take_profit,1,0,26,2024-06-01
2024-06-07,9940,29.70892906188965,0.6910696480202312,0,0.004724427126348019,0.006299266591668129,-0.025196798145771027,-0.01889762096107006,-0.02,-0.026000000000000002,stop_loss,0,1,26,2024-06-01
2024-06-07,2313,68.47157287597656,0.6907509730104726,0,0.0042075226083397865,0.009817642159759998,-0.008415219374001026,-0.004207603167742491,-0.004207603167742491,-0.010207603167742491,close,0,0,26,2024-06-01
2024-06-07,1732,28.5,0.6904611825099699,1,0.008771929889917374,0.10000001639127731,0.008771929889917374,0.08070173114538193,0.03,0.024,take_profit,1,0,26,2024-06-01
2024-06-07,8042,33.08702087402344,0.6903986357837569,1,0.0027816707734018564,0.005563376005738974,-0.0013907274696975946,0.0027816707734018564,0.0027816707734018564,-0.0032183292265981437,close,0,0,26,2024-06-01
2024-06-07,6218,23.934585571289062,0.6889169644981734,1,0.049382735043764114,0.053497977554798126,0.014403293840587139,0.018518535420298576,0.03,0.024,gap_take_profit,1,0,26,2024-06-01
2024-06-07,5263,143.11073303222656,0.685841580866515,1,-6.354969173116842e-08,0.05517234653234482,-0.02758626826107502,0.04137924313545227,-0.02,-0.026000000000000002,ambiguous_stop_loss,1,1,26,2024-06-01
2024-06-07,8431,54.621585845947266,0.6858212515468594,1,0.007272811606526375,0.014545497484505177,-0.009090853855013847,0.009090965613722801,0.009090965613722801,0.003090965613722801,close,0,0,26,2024-06-01
2024-06-07,2543,38.97441482543945,0.6847032085700536,0,-2.3984840780144623e-08,0.04128901660442352,-0.04632429778575897,-0.02920443005859852,-0.02,-0.026000000000000002,ambiguous_stop_loss,1,1,26,2024-06-01
2024-06-07,2537,23.899999618530273,0.6845707094253934,1,0.012552348896861076,0.06903763860464096,-0.01464436762034893,0.03556486964225769,0.03,0.024,take_profit,1,0,26,2024-06-01
2024-06-07,6834,33.62054443359375,0.68336754398165,1,0.05270855128765106,0.09956062585115433,0.02781829610466957,0.09956062585115433,0.03,0.024,gap_take_profit,1,0,26,2024-06-01
2024-06-07,8213,36.456138610839844,0.6832543342017464,0,-7.000532775691681e-08,-7.000532775691681e-08,-0.008974389173090458,-0.007692357525229454,-0.007692357525229454,-0.013692357525229454,close,0,0,26,2024-06-01
2024-06-11,5484,45.5,0.7510698956886618,1,0.09450548142194748,0.09890110045671463,0.09450548142194748,0.09890110045671463,0.03,0.024,gap_take_profit,1,0,26,2024-06-01
2024-06-11,3229,23.399999618530273,0.7073849368792045,1,0.09401712566614151,0.09829065203666687,-0.059829045087099075,0.09829065203666687,0.03,0.024,gap_take_profit,1,1,26,2024-06-01
2024-06-11,6706,84.19999694824219,0.6935563368311963,1,0.029691211879253387,0.07482188940048218,0.0047506121918559074,0.0629454031586647,0.03,0.024,take_profit,1,0,26,2024-06-01
2024-06-11,2351,154.8538818359375,0.6923589346843226,0,0.03363915905356407,0.03975536674261093,-0.09480120986700058,-0.07033637911081314,0.03,0.024,gap_take_profit,1,1,26,2024-06-01
2024-06-11,5274,4641.51123046875,0.6763858145109231,0,0.07635220140218735,0.07635220140218735,-0.026511013507843018,-0.00848343875259161,0.03,0.024,gap_take_profit,1,1,26,2024-06-01
2024-06-11,3034,533.9312133789062,0.6762963700356747,1,2.0150686452780064e-08,0.025210104882717133,2.0150686452780064e-08,0.020168088376522064,0.020168088376522064,0.014168088376522064,close,0,0,26,2024-06-01
2024-06-11,3219,42.517337799072266,0.6665299103549738,1,0.09988385438919067,0.09988385438919067,0.06620216369628906,0.09988385438919067,0.03,0.024,gap_take_profit,1,0,26,2024-06-01
2024-06-11,6152,12.149999618530273,0.6628812237868464,1,0.0,0.09053501486778259,-0.04938267171382904,0.0699588805437088,-0.02,-0.026000000000000002,ambiguous_stop_loss,1,1,26,2024-06-01
2024-06-11,4960,14.300000190734863,0.6600756087322015,0,0.003496516728773713,0.017482517287135124,-0.027972066774964333,-0.010489550419151783,-0.02,-0.026000000000000002,stop_loss,0,1,26,2024-06-01
2024-06-11,6805,763.402099609375,0.6596518551506492,1,0.0038709768559783697,0.02967742830514908,-0.023225797340273857,0.028387106955051422,-0.02,-0.026000000000000002,stop_loss,0,1,26,2024-06-01
2024-06-11,6192,117.41881561279297,0.6543962583774129,0,0.004016066901385784,0.004016066901385784,-0.048192769289016724,-0.016064254567027092,-0.02,-0.026000000000000002,stop_loss,0,1,26,2024-06-01
2024-06-11,8261,76.543212890625,0.6525898499527484,0,0.0012179713230580091,0.0024360723327845335,-0.0036540613509714603,-0.0036540613509714603,-0.0036540613509714603,-0.00965406135097146,close,0,0,26,2024-06-01
2024-06-11,8105,13.82168960571289,0.6491835337491448,0,0.0035971105098724365,0.014388518407940865,-0.010791365057229996,-0.0035970930475741625,-0.0035970930475741625,-0.009597093047574163,close,0,0,26,2024-06-01
2024-06-11,3622,62.20944595336914,0.6487309641587011,1,0.01769888959825039,0.04424760118126869,-0.011799628846347332,0.03244815021753311,0.03,0.024,take_profit,1,0,26,2024-06-01
2024-06-11,2206,70.35972595214844,0.6478441387918193,1,0.019531162455677986,0.029947767034173012,0.0078123933635652065,0.011718583293259144,0.011718583293259144,0.005718583293259144,close,0,0,26,2024-06-01
2024-06-11,3306,54.2230110168457,0.6463272253651866,1,0.017093997448682785,0.04102564603090286,-1.914305336470079e-08,0.020512813702225685,0.03,0.024,take_profit,1,0,26,2024-06-01
2024-06-11,4128,38.33333206176758,0.6447320193449622,1,0.0012422313448041677,0.009937950409948826,-0.01242231298238039,0.0012422313448041677,0.0012422313448041677,-0.004757768655195832,close,0,0,26,2024-06-01
2024-06-11,1590,959.84521484375,0.644213017571597,1,0.0010204400168731809,0.017346970736980438,0.0010204400168731809,0.01122452225536108,0.01122452225536108,0.00522452225536108,close,0,0,26,2024-06-01
2024-06-11,6526,703.7052612304688,0.6438525751404828,1,0.0027584852650761604,0.03310330957174301,0.0027584852650761604,0.026206757873296738,0.03,0.024,take_profit,1,0,26,2024-06-01
2024-06-11,6209,29.9332275390625,0.6436894749410597,1,0.03278691694140434,0.04754104092717171,-0.013114712201058865,0.01803279109299183,0.03,0.024,gap_take_profit,1,0,26,2024-06-01
2024-06-12,4991,48.650001525878906,0.6401240482306844,0,0.021582717075943947,0.02774919755756855,-0.017471782863140106,-0.004111012443900108,-0.004111012443900108,-0.010111012443900108,close,0,0,26,2024-06-01
2024-06-12,4967,158.491943359375,0.6294153450599258,1,0.06832292675971985,0.09937882423400879,0.009316717274487019,0.04347820580005646,0.03,0.024,gap_take_profit,1,0,26,2024-06-01
2024-06-12,5484,50.0,0.6262534746661643,1,0.10000000149011612,0.10000000149011612,0.10000000149011612,0.10000000149011612,0.03,0.024,gap_take_profit,1,0,26,2024-06-01
2024-06-12,8046,183.77102661132812,0.6228700296445622,1,0.010471222922205925,0.020942427217960358,0.00785342138260603,0.015706824138760567,0.015706824138760567,0.009706824138760567,close,0,0,26,2024-06-01
2024-06-12,1617,28.066421508789062,0.6199900486395999,0,0.03918220475316048,0.09880741685628891,-0.05451454967260361,-0.03747877478599548,0.03,0.024,gap_take_profit,1,1,26,2024-06-01
2024-06-12,2892,24.599367141723633,0.6161914337703264,1,0.0018050536746159196,0.00902523472905159,0.0018050536746159196,0.0036100989673286676,0.0036100989673286676,-0.0023899010326713325,close,0,0,26,2024-06-01
2024-06-12,8150,40.1943244934082,0.6148133752886639,1,0.0034246996510773897,0.019406452775001526,0.0034246996510773897,0.013698689639568329,0.013698689639568329,0.007698689639568329,close,0,0,26,2024-06-01
2024-06-12,2476,97.96666717529297,0.610109069449804,1,0.004784729797393084,0.038277555257081985,-0.02392340637743473,0.023923486471176147,-0.02,-0.026000000000000002,ambiguous_stop_loss,1,1,26,2024-06-01
2024-06-12,3596,147.7212371826172,0.6062078949227443,1,0.00624997541308403,0.01562497578561306,0.00624997541308403,0.012499975040555,0.012499975040555,0.006499975040555,close,0,0,26,2024-06-01
2024-06-12,3379,22.206100463867188,0.6042084219023044,1,0.04656321927905083,0.09977824985980988,0.01995566487312317,0.06430156528949738,0.03,0.024,gap_take_profit,1,0,26,2024-06-01
2024-06-12,8071,18.850000381469727,0.6026376129947988,1,0.03978779911994934,0.09549067169427872,0.013262598775327206,0.021220138296484947,0.03,0.024,gap_take_profit,1,0,26,2024-06-01
2024-06-12,3229,25.700000762939453,0.6025890428513855,0,0.005836560856550932,0.021400747820734978,-0.023346317932009697,-0.007782130502164364,-0.02,-0.026000000000000002,stop_loss,0,1,26,2024-06-01
2024-06-12,1102,37.30921936035156,0.6023265642123523,1,0.008443929255008698,0.01688789390027523,0.004825166426599026,0.004825166426599026,0.004825166426599026,-0.0011748335734009744,close,0,0,26,2024-06-01
2024-06-12,6625,86.59046936035156,0.6019413483956552,0,0.02415447309613228,0.03864726424217224,-0.05314013361930847,-0.050241656601428986,-0.02,-0.026000000000000002,ambiguous_stop_loss,1,1,26,2024-06-01
2024-06-12,4562,38.79999923706055,0.5989337049684206,1,0.03350513428449631,0.09922686219215393,0.03350513428449631,0.09922686219215393,0.03,0.024,gap_take_profit,1,0,26,2024-06-01
2024-06-12,2324,34.13835525512695,0.5982532995593458,1,0.005633844528347254,0.015492956154048443,0.001408449257723987,0.009859131649136543,0.009859131649136543,0.003859131649136543,close,0,0,26,2024-06-01
2024-06-12,8374,65.801513671875,0.5975442892258398,1,0.004524752497673035,0.09954741597175598,0.004524752497673035,0.02865745685994625,0.03,0.024,take_profit,1,0,26,2024-06-01
2024-06-12,1612,33.87576675415039,0.5971214094870964,0,0.0079154958948493,0.010553977452218533,-0.014512003399431705,-0.007915697991847992,-0.007915697991847992,-0.013915697991847992,close,0,0,26,2024-06-01
2024-06-12,1101,30.81003761291504,0.593981108257935,1,0.016666576266288757,0.024242332205176353,0.009090818464756012,0.01363631896674633,0.01363631896674633,0.00763631896674633,close,0,0,26,2024-06-01
2024-06-12,2357,441.30072021484375,0.5931152728483235,1,6.32607282113895e-08,0.02289288491010666,-0.005202850792557001,0.013527639210224152,0.013527639210224152,0.0075276392102241515,close,0,0,26,2024-06-01
2024-06-13,5484,55.0,0.7124842667447362,1,0.10000000149011612,0.10000000149011612,0.10000000149011612,0.10000000149011612,0.03,0.024,gap_take_profit,1,0,26,2024-06-01
2024-06-13,5876,42.03553771972656,0.6684756836647359,0,-1.992278875206921e-08,0.001097658183425665,-0.005488493945449591,-0.004390816204249859,-0.004390816204249859,-0.010390816204249859,close,0,0,26,2024-06-01
2024-06-13,9958,356.9563293457031,0.6636818548322977,0,0.008287305943667889,0.01933703012764454,-0.022099435329437256,-0.01933700405061245,-0.02,-0.026000000000000002,stop_loss,0,1,26,2024-06-01
2024-06-13,6205,70.64661407470703,0.6608152679042922,0,0.005354772787541151,0.006693440489470959,-0.0026773354038596153,0.0,0.0,-0.006,close,0,0,26,2024-06-01
2024-06-13,2455,147.0320281982422,0.6604469484861782,1,0.032679714262485504,0.0653594508767128,0.006535923574119806,0.035947687923908234,0.03,0.024,gap_take_profit,1,0,26,2024-06-01
2024-06-13,8034,22.938295364379883,0.6567758368640576,0,0.0042015849612653255,0.012604913674294949,-0.002100983401760459,-0.002100983401760459,-0.002100983401760459,-0.008100983401760459,close,0,0,26,2024-06-01
2024-06-13,8111,21.8419246673584,0.6565086072499633,1,-0.0021738882642239332,0.017391279339790344,-0.0021738882642239332,0.00217387150041759,0.00217387150041759,-0.00382612849958241,close,0,0,26,2024-06-01
2024-06-13,3038,28.51541519165039,0.6564748636272069,1,0.0015798837412148714,0.014218042604625225,0.0015798837412148714,0.006319208536297083,0.006319208536297083,0.0003192085362970828,close,0,0,26,2024-06-01
2024-06-13,3374,167.99029541015625,0.6534666314486545,1,0.0028902138583362103,0.03468212112784386,-0.0057803066447377205,0.014450907707214355,0.03,0.024,take_profit,1,0,26,2024-06-01
2024-06-13,6510,461.18060302734375,0.6511369649655702,1,-7.368269550056539e-09,0.008583683520555496,-0.006437775678932667,0.0021459152922034264,0.0021459152922034264,-0.0038540847077965738,close,0,0,26,2024-06-01
2024-06-13,2486,122.2275161743164,0.6503193141857431,0,0.0203251913189888,0.02439023181796074,-0.03252033516764641,-0.008130092173814774,-0.02,-0.026000000000000002,stop_loss,0,1,26,2024-06-01
2024-06-13,8088,40.1386833190918,0.649583547087234,0,0.004618955310434103,0.008083193562924862,0.0,0.0,0.0,-0.006,close,0,0,26,2024-06-01
2024-06-13,3701,50.677513122558594,0.6494717159617737,1,0.009727586060762405,0.011673081666231155,-3.988724728287707e-08,0.0019454555585980415,0.0019454555585980415,-0.004054544441401959,close,0,0,26,2024-06-01
2024-06-13,2461,23.0463924407959,0.6491980654410957,1,0.011952168308198452,0.017928248271346092,0.0059760878793895245,0.007968089543282986,0.007968089543282986,0.0019680895432829856,close,0,0,26,2024-06-01
2024-06-13,8422,171.12750244140625,0.6465437044891902,1,0.0026247205678373575,0.01049873698502779,4.84244644383125e-08,0.005249392706900835,0.005249392706900835,-0.0007506072930991651,close,0,0,26,2024-06-01
2024-06-13,1702,54.020172119140625,0.6464345073012816,1,0.008756543509662151,0.01576182432472706,0.001751329400576651,0.010507896542549133,0.010507896542549133,0.004507896542549133,close,0,0,26,2024-06-01
2024-06-13,6485,75.87248229980469,0.6461233352713023,1,0.0025706274900585413,0.006426707841455936,-0.002570779761299491,0.0012853002408519387,0.0012853002408519387,-0.004714699759148061,close,0,0,26,2024-06-01
2024-06-13,6515,963.0337524414062,0.6439205820165337,1,0.007049299776554108,0.07250750809907913,0.0010070041753351688,0.017119793221354485,0.03,0.024,take_profit,1,0,26,2024-06-01
2024-06-13,3527,85.89395141601562,0.6431667564054441,1,0.0022074906155467033,0.017659960314631462,0.0022074906155467033,0.017659960314631462,0.017659960314631462,0.011659960314631462,close,0,0,26,2024-06-01
2024-06-13,3615,24.237703323364258,0.6429550347317453,1,0.009940335527062416,0.009940335527062416,-0.005964221898466349,0.005964177194982767,0.005964177194982767,-3.582280501723302e-05,close,0,0,26,2024-06-01
2024-06-14,5484,60.5,0.7644788922494663,1,0.09917355328798294,0.09917355328798294,-0.09421488642692566,0.00826446246355772,0.03,0.024,gap_take_profit,1,1,26,2024-06-01
2024-06-14,1519,743.6500244140625,0.6875667158623647,0,0.01630440354347229,0.04782611504197121,-0.017391299828886986,-0.01630430296063423,0.03,0.024,take_profit,1,0,26,2024-06-01
2024-06-14,3591,29.1447811126709,0.667478837910473,1,0.0032362015917897224,0.048543691635131836,-0.022653739899396896,0.0032362015917897224,-0.02,-0.026000000000000002,ambiguous_stop_loss,1,1,26,2024-06-01
2024-06-14,3622,70.19206237792969,0.6596732463966292,1,0.04575163498520851,0.09934638440608978,0.04575163498520851,0.09934638440608978,0.03,0.024,gap_take_profit,1,0,26,2024-06-01
2024-06-14,4566,88.03353881835938,0.6586657287069702,1,0.02876099944114685,0.09955747425556183,0.0011061346158385277,0.09955747425556183,0.03,0.024,take_profit,1,0,26,2024-06-01
2024-06-14,6442,275.7684020996094,0.658594433233109,1,0.04955759271979332,0.09380538016557693,0.03893812373280525,0.09380538016557693,0.03,0.024,gap_take_profit,1,0,26,2024-06-01
2024-06-14,8085,85.0,0.6503427262333629,1,0.0235294122248888,0.10000000149011612,0.01764705963432789,0.0941176488995552,0.03,0.024,take_profit,1,0,26,2024-06-01
2024-06-14,6197,182.25048828125,0.6491251899542293,0,0.02564108371734619,0.04615390673279762,-0.020512765273451805,-0.007692250888794661,-0.02,-0.026000000000000002,ambiguous_stop_loss,1,1,26,2024-06-01
2024-06-14,3219,56.49225997924805,0.6409785834155641,0,0.057692307978868484,0.09440556913614273,-0.029720280319452286,-0.013985988683998585,0.03,0.024,gap_take_profit,1,1,26,2024-06-01
2024-06-14,4562,46.900001525878906,0.6350359886051549,1,0.0746268630027771,0.09808098524808884,0.04477608576416969,0.09808098524808884,0.03,0.024,gap_take_profit,1,0,26,2024-06-01
2024-06-14,1503,260.13153076171875,0.6199486366451736,0,0.025974124670028687,0.04638228937983513,-0.02782922051846981,-0.02782922051846981,-0.02,-0.026000000000000002,ambiguous_stop_loss,1,1,26,2024-06-01
2024-06-14,1514,131.61000061035156,0.6197766568091633,1,0.033088237047195435,0.0882352963089943,0.014705843292176723,0.022058868780732155,0.03,0.024,gap_take_profit,1,0,26,2024-06-01
2024-06-14,1618,57.18572235107422,0.6192236252578963,0,0.03327786922454834,0.08319467306137085,-0.02329447492957115,-0.02329447492957115,0.03,0.024,gap_take_profit,1,1,26,2024-06-01
2024-06-14,2615,89.46187591552734,0.6188953389753097,0,0.012931015342473984,0.01400858536362648,-0.04633622616529465,-0.0398707240819931,-0.02,-0.026000000000000002,stop_loss,0,1,26,2024-06-01
2024-06-14,8081,274.7151184082031,0.6102199480816956,0,-0.0032363294158130884,0.004854284692555666,-0.004854452330619097,-0.0032363294158130884,-0.0032363294158130884,-0.009236329415813089,close,0,0,26,2024-06-01
2024-06-14,3362,254.06593322753906,0.6080796745430307,0,-2.542794419468919e-08,0.023529386147856712,-0.029411789029836655,-0.027451004832983017,-0.02,-0.026000000000000002,stop_loss,0,1,26,2024-06-01
2024-06-14,8255,201.24249267578125,0.6074269259016917,1,0.029126174747943878,0.09951452165842056,0.01941743679344654,0.09951452165842056,0.03,0.024,take_profit,1,0,26,2024-06-01
2024-06-14,2314,33.650001525878906,0.6058505974664661,1,0.019316423684358597,0.034175265580415726,0.0044575841166079044,0.005943445488810539,0.03,0.024,take_profit,1,0,26,2024-06-01
2024-06-14,6789,338.05072021484375,0.603604493456001,0,0.02037840336561203,0.021834008395671844,-0.032023340463638306,-0.02474532090127468,-0.02,-0.026000000000000002,stop_loss,0,1,26,2024-06-01
2024-06-14,3437,29.200000762939453,0.5965493751144316,0,0.0,0.034246575087308884,-0.023972628638148308,-0.023972628638148308,-0.02,-0.026000000000000002,ambiguous_stop_loss,1,1,26,2024-06-01
2024-06-17,3622,77.16539001464844,0.6336021124508995,0,0.03210474178195,0.03805004432797432,-0.09274663776159286,-0.013079602271318436,0.03,0.024,gap_take_profit,1,1,26,2024-06-01
2024-06-17,2360,303.2679443359375,0.6278274351986367,1,-0.0016076428582891822,0.04180071875452995,-0.008038511499762535,0.03697757050395012,0.03,0.024,take_profit,1,0,26,2024-06-01
2024-06-17,5490,35.82681655883789,0.6277229563954899,0,0.024793431162834167,0.07438018918037415,-0.03994492441415787,0.0,-0.02,-0.026000000000000002,ambiguous_stop_loss,1,1,26,2024-06-01
2024-06-17,6877,40.056209564208984,0.62476390860331,1,0.005149390548467636,0.0916581079363823,0.005149390548467636,0.026776546612381935,0.03,0.024,take_profit,1,0,26,2024-06-01
2024-06-17,6706,104.5,0.6245544594812676,1,0.038277510553598404,0.09569378197193146,0.0047846888191998005,0.09569378197193146,0.03,0.024,gap_take_profit,1,0,26,2024-06-01
2024-06-17,8081,273.8260498046875,0.6205354598968313,0,0.003246753243729472,0.006493506487458944,-0.012987012974917889,0.0,0.0,-0.006,close,0,0,26,2024-06-01
2024-06-17,1325,33.660606384277344,0.6195605951158983,0,0.005771954543888569,0.007215043995529413,-0.05050501227378845,-0.02020200528204441,-0.02,-0.026000000000000002,stop_loss,0,1,26,2024-06-01
2024-06-17,6834,43.51472854614258,0.6178937073824549,1,0.07466059178113937,0.09954743087291718,0.04185514524579048,0.09954743087291718,0.03,0.024,gap_take_profit,1,0,26,2024-06-01
2024-06-17,4534,18.0,0.6118618603170389,1,0.0,0.09999995678663254,-0.02777777798473835,0.07500001788139343,-0.02,-0.026000000000000002,ambiguous_stop_loss,1,1,26,2024-06-01
2024-06-17,3090,61.9169807434082,0.6108982041149018,0,0.002906941343098879,0.004360407590866089,-0.008721009828150272,-0.004360500257462263,-0.004360500257462263,-0.010360500257462263,close,0,0,26,2024-06-01
2024-06-17,3017,708.3768920898438,0.6019733644262336,0,0.015214316546916962,0.01936369389295578,-0.02766258269548416,-0.013831323944032192,-0.02,-0.026000000000000002,stop_loss,0,1,26,2024-06-01
2024-06-17,6451,224.01454162597656,0.6017065406463334,1,0.05066073685884476,0.09911888092756271,0.03964751958847046,0.09911888092756271,0.03,0.024,gap_take_profit,1,0,26,2024-06-01
2024-06-17,2429,24.5,0.5968373750037261,1,0.08367343991994858,0.10000003129243851,-0.028571460396051407,0.08979594707489014,0.03,0.024,gap_take_profit,1,1,26,2024-06-01
2024-06-17,3532,161.9722442626953,0.5951124848743609,1,0.01169587392359972,0.029239732772111893,0.01169587392359972,0.02046780288219452,0.02046780288219452,0.014467802882194519,close,0,0,26,2024-06-01
2024-06-17,2204,111.82134246826172,0.5914260545546041,0,0.011857707053422928,0.011857707053422928,-0.007905138656497002,0.0,0.0,-0.006,close,0,0,26,2024-06-01
2024-06-17,6214,116.17692565917969,0.5882818692534305,1,0.011811042204499245,0.0354330912232399,0.003937026020139456,0.023622065782546997,0.03,0.024,take_profit,1,0,26,2024-06-01
2024-06-17,2383,440.053955078125,0.5873731413313263,1,0.013333280570805073,0.01777772419154644,-0.004444496240466833,0.0022221701219677925,0.0022221701219677925,-0.0037778298780322076,close,0,0,26,2024-06-01
2024-06-17,1402,32.29386520385742,0.5853537460581377,1,0.00425531342625618,0.01843971014022827,0.00425531342625618,0.01843971014022827,0.01843971014022827,0.012439710140228271,close,0,0,26,2024-06-01
2024-06-17,4562,51.5,0.5847455533896841,0,0.03300972282886505,0.09902909398078918,-0.029126213863492012,-0.029126213863492012,0.03,0.024,gap_take_profit,1,1,26,2024-06-01
2024-06-17,1586,30.762155532836914,0.5835992737255127,1,0.011308620683848858,0.017770646139979362,-0.0016154301119968295,0.004846595227718353,0.004846595227718353,-0.0011534047722816469,close,0,0,26,2024-06-01
2024-06-18,3379,28.163835525512695,0.6994994982698289,0,0.01398595329374075,0.03496498614549637,-0.055944111198186874,-0.03496507927775383,-0.02,-0.026000000000000002,ambiguous_stop_loss,1,1,26,2024-06-01
2024-06-18,6499,47.0,0.6940250599062849,0,0.0,0.01489363331347704,-0.042553190141916275,-0.03404252231121063,-0.02,-0.026000000000000002,stop_loss,0,1,26,2024-06-01
2024-06-18,6706,114.5,0.6901828944199953,0,0.021834060549736023,0.030567685142159462,-0.043668121099472046,-0.017467249184846878,-0.02,-0.026000000000000002,ambiguous_stop_loss,1,1,26,2024-06-01
2024-06-18,3219,61.23286819458008,0.6858191965876688,1,0.046774256974458694,0.09677423536777496,-0.01612899638712406,0.020967766642570496,0.03,0.024,gap_take_profit,1,0,26,2024-06-01
2024-06-18,6834,47.84650802612305,0.6818596516425038,0,0.04115229845046997,0.05349802225828171,-0.0997941792011261,-0.0997941792011261,0.03,0.024,gap_take_profit,1,1,26,2024-06-01
2024-06-18,4545,53.16353988647461,0.6804249204798161,1,0.021052611991763115,0.09999997913837433,0.01754382811486721,0.09999997913837433,0.03,0.024,take_profit,1,0,26,2024-06-01
2024-06-18,2365,37.65489959716797,0.6800870141821694,0,0.08961029350757599,0.0909089744091034,-0.08181831985712051,-0.07662349939346313,0.03,0.024,gap_take_profit,1,1,26,2024-06-01
2024-06-18,3450,103.75757598876953,0.6703981802388873,1,0.03846151381731033,0.06730766594409943,0.004807667341083288,0.048076897859573364,0.03,0.024,gap_take_profit,1,0,26,2024-06-01
2024-06-18,8374,86.44511413574219,0.6688863693488353,0,1.547749128860687e-08,1.547749128860687e-08,-0.09988514333963394,-0.09988514333963394,-0.02,-0.026000000000000002,stop_loss,0,1,26,2024-06-01
2024-06-18,3229,27.350000381469727,0.6626797482014011,1,0.031078623607754707,0.07861059159040451,0.031078623607754707,0.06398537755012512,0.03,0.024,gap_take_profit,1,0,26,2024-06-01
2024-06-18,3062,29.149999618530273,0.6618388041872357,0,0.03430531919002533,0.07032594084739685,-0.03602055832743645,-0.03259001299738884,0.03,0.024,gap_take_profit,1,1,26,2024-06-01
2024-06-18,6451,246.21861267089844,0.6580808215618913,0,0.018036093562841415,0.03607216477394104,-0.058116212487220764,-0.01603204384446144,-0.02,-0.026000000000000002,ambiguous_stop_loss,1,1,26,2024-06-01
2024-06-18,8249,29.884658813476562,0.6504780871840158,0,0.001724120695143938,0.015517170540988445,-0.0017242602771148086,-0.0017242602771148086,-0.0017242602771148086,-0.007724260277114809,close,0,0,26,2024-06-01
2024-06-18,1477,348.2386169433594,0.6481742925283139,1,0.0013106681872159243,0.03014427237212658,0.0013106681872159243,0.022280532866716385,0.03,0.024,take_profit,1,0,26,2024-06-01
2024-06-18,1712,40.02051544189453,0.6436689970870405,1,0.010625817812979221,0.021251574158668518,0.001180770923383534,0.014167767018079758,0.014167767018079758,0.008167767018079758,close,0,0,26,2024-06-01
2024-06-18,8069,229.3596954345703,0.6410726063261735,0,0.010460201650857925,0.02092045173048973,-0.01046029943972826,-0.002092098817229271,-0.002092098817229271,-0.008092098817229271,close,0,0,26,2024-06-01
2024-06-18,3596,151.41427612304688,0.6401879530971237,0,0.0,0.009146341122686863,-0.0030487803742289543,0.0,0.0,-0.006,close,0,0,26,2024-06-01
2024-06-18,4526,25.738628387451172,0.6370784019241136,1,0.07528959214687347,0.09845563024282455,0.054054029285907745,0.09845563024282455,0.03,0.024,gap_take_profit,1,0,26,2024-06-01
2024-06-18,6823,63.900001525878906,0.6367797486831372,1,0.0015649213455617428,0.006259804591536522,-0.0015649809502065182,0.0015649213455617428,0.0015649213455617428,-0.004435078654438257,close,0,0,26,2024-06-01
2024-06-18,6218,24.525564193725586,0.6329022880313186,1,0.012048239819705486,0.08232936263084412,0.012048239819705486,0.0401606447994709,0.03,0.024,take_profit,1,0,26,2024-06-01
2024-06-19,6021,23.758432388305664,0.654133316664348,1,0.041666749864816666,0.09469704329967499,-0.01325752679258585,0.08333343267440796,0.03,0.024,gap_take_profit,1,0,26,2024-06-01
2024-06-19,4545,58.47989273071289,0.646962611989152,0,0.004784652031958103,0.014354005455970764,-0.06220100447535515,-0.025518402457237244,-0.02,-0.026000000000000002,stop_loss,0,1,26,2024-06-01
2024-06-19,2316,53.03133010864258,0.6376620904539217,1,0.01851852610707283,0.1000000387430191,-0.005555534269660711,0.1000000387430191,0.03,0.024,take_profit,1,0,26,2024-06-01
2024-06-19,8489,28.399999618530273,0.6231496895510606,1,0.021126775071024895,0.07394367456436157,0.01408449374139309,0.021126775071024895,0.03,0.024,take_profit,1,0,26,2024-06-01
2024-06-19,4526,28.272741317749023,0.5861529526130378,1,0.05799650400876999,0.09490333497524261,-0.0755712017416954,0.08787349611520767,0.03,0.024,gap_take_profit,1,1,26,2024-06-01
2024-06-19,3090,61.197017669677734,0.5805264039377933,0,0.0,0.002941131591796875,-0.005882375407963991,0.0,0.0,-0.006,close,0,0,26,2024-06-01
2024-06-19,6431,13.350000381469727,0.5783541330875347,1,0.0486891083419323,0.0973782166838646,0.03745318204164505,0.0973782166838646,0.03,0.024,gap_take_profit,1,0,26,2024-06-01
2024-06-19,2201,64.39512634277344,0.5748234107294103,1,0.0029112978372722864,0.02620094269514084,0.0029112978372722864,0.02328977920114994,0.02328977920114994,0.017289779201149942,close,0,0,26,2024-06-01
2024-06-19,4909,94.07373809814453,0.5712495352741387,1,0.009708781726658344,0.09708742797374725,-0.014563064090907574,0.09708742797374725,0.03,0.024,take_profit,1,0,26,2024-06-01
2024-06-19,3623,30.450000762939453,0.5706882251249988,1,0.03940882906317711,0.09031198173761368,0.01149420253932476,0.01149420253932476,0.03,0.024,gap_take_profit,1,0,26,2024-06-01
2024-06-19,4919,121.54373168945312,0.5699692234099976,1,0.003984054084867239,0.02390437200665474,-9.846396586965511e-09,0.015936244279146194,0.015936244279146194,0.009936244279146194,close,0,0,26,2024-06-01
2024-06-19,5434,256.2147521972656,0.5698068007697469,1,0.005395654588937759,0.005395654588937759,-0.005395711865276098,0.005395654588937759,0.005395654588937759,-0.0006043454110622407,close,0,0,26,2024-06-01
2024-06-19,1326,48.98191452026367,0.5694816561378562,1,0.011673077940940857,0.021400703117251396,0.003890947438776493,0.019455207511782646,0.019455207511782646,0.013455207511782646,close,0,0,26,2024-06-01
2024-06-19,6227,81.0685806274414,0.5691951290317178,0,3.873835652257185e-08,0.023866387084126472,-0.033412884920835495,-0.019093113020062447,-0.02,-0.026000000000000002,stop_loss,0,1,26,2024-06-01
2024-06-19,6214,127.1542739868164,0.5649785880323125,0,-6.303363164761322e-08,0.003597059054300189,-0.021582795307040215,-0.0035971850156784058,-0.02,-0.026000000000000002,stop_loss,0,1,26,2024-06-01
2024-06-19,3691,128.0,0.5630298184978385,1,0.015625,0.046875,0.015625,0.046875,0.03,0.024,take_profit,1,0,26,2024-06-01
2024-06-19,8016,253.18466186523438,0.5609289240159042,0,0.008912655524909496,0.008912655524909496,-0.005347593687474728,0.0,0.0,-0.006,close,0,0,26,2024-06-01
2024-06-19,2884,25.990856170654297,0.5607872788657267,1,0.0017271246761083603,0.0034541913773864508,-0.0069084796123206615,0.0017271246761083603,0.0017271246761083603,-0.00427287532389164,close,0,0,26,2024-06-01
2024-06-19,5876,42.4508171081543,0.5607366699464474,1,0.003260928438976407,0.004347868263721466,-0.003260877216234803,0.0010869655525311828,0.0010869655525311828,-0.004913034447468817,close,0,0,26,2024-06-01
2024-06-19,4768,233.1065673828125,0.5595099530211288,0,0.0,0.017509736120700836,-0.0350194089114666,-0.027237316593527794,-0.02,-0.026000000000000002,stop_loss,0,1,26,2024-06-01
2024-06-20,5484,67.5999984741211,0.6959067799779582,1,0.028106532990932465,0.09911249577999115,0.028106532990932465,0.07840241491794586,0.03,0.024,take_profit,1,0,26,2024-06-01
2024-06-20,2316,58.33446502685547,0.6761992369108653,1,0.02020193077623844,0.05555550381541252,-0.006734068971127272,0.016834978014230728,0.03,0.024,take_profit,1,0,26,2024-06-01
2024-06-20,3163,135.43270874023438,0.6733807083294345,0,-0.024734921753406525,-0.0035335063003003597,-0.04946990683674812,-0.04240276664495468,-0.024734921753406525,-0.030734921753406523,gap_stop,0,1,26,2024-06-01
2024-06-20,6499,49.900001525878906,0.6709779317196581,1,-0.029058130457997322,0.024048034101724625,-0.03607220575213432,0.012024017050862312,-0.029058130457997322,-0.03505813045799732,gap_stop,0,1,26,2024-06-01
2024-06-20,3450,119.22144317626953,0.6669362722555027,1,0.016736390069127083,0.04602509364485741,-0.02928871288895607,0.020920490846037865,-0.02,-0.026000000000000002,ambiguous_stop_loss,1,1,26,2024-06-01
2024-06-20,3379,29.887147903442383,0.6654508028051042,0,-0.03789122402667999,-0.03789122402667999,-0.09719933569431305,-0.0642504021525383,-0.03789122402667999,-0.04389122402667999,gap_stop,0,1,26,2024-06-01
2024-06-20,6451,266.4490051269531,0.6632909333581525,0,-0.024074077606201172,-0.014814818277955055,-0.05185185372829437,-0.042592596262693405,-0.024074077606201172,-0.03007407760620117,gap_stop,0,1,26,2024-06-01
2024-06-20,6442,287.48248291015625,0.6626964194434573,1,0.011884461157023907,0.07470279186964035,0.011884461157023907,0.07130720466375351,0.03,0.024,take_profit,1,0,26,2024-06-01
2024-06-20,4909,103.20711517333984,0.6622908141656981,0,3.1491921959059255e-08,0.0442478209733963,-0.02654864266514778,-0.013274305500090122,-0.02,-0.026000000000000002,ambiguous_stop_loss,1,1,26,2024-06-01
2024-06-20,3062,31.0,0.6622876358499352,1,0.012903213500976562,0.09999994933605194,-0.004838697146624327,0.09999994933605194,0.03,0.024,take_profit,1,0,26,2024-06-01
2024-06-20,6657,58.70000076293945,0.6576722160921136,0,0.04770015552639961,0.05451449379324913,-0.037478718906641006,-0.027257278561592102,0.03,0.024,gap_take_profit,1,1,26,2024-06-01
2024-06-20,3305,76.53955078125,0.6546417343320219,0,4.700002520507951e-08,0.08690343052148819,-0.03549559786915779,-0.028151674196124077,-0.02,-0.026000000000000002,ambiguous_stop_loss,1,1,26,2024-06-01
2024-06-20,6431,14.649999618530273,0.6532340953906682,1,0.07849833369255066,0.09897616505622864,0.05802050605416298,0.09897616505622864,0.03,0.024,gap_take_profit,1,0,26,2024-06-01
2024-06-20,8476,55.09638595581055,0.6531136143404462,1,-0.008196711540222168,0.014754141680896282,-0.008196711540222168,0.008196736685931683,0.008196736685931683,0.0021967366859316825,close,0,0,26,2024-06-01
2024-06-20,3374,179.1572723388672,0.6519435652626107,0,-0.02439022809267044,-0.010840091854333878,-0.03523033484816551,-0.029810281470417976,-0.02439022809267044,-0.03039022809267044,gap_stop,0,1,26,2024-06-01
2024-06-20,6695,75.0,0.6516780081188206,1,0.010666707530617714,0.09333333373069763,-0.02666666731238365,0.03866668790578842,-0.02,-0.026000000000000002,ambiguous_stop_loss,1,1,26,2024-06-01
2024-06-20,8081,273.3815612792969,0.651164722208574,1,-0.006504161283373833,0.02601616084575653,-0.008130176924169064,0.011382016353309155,0.011382016353309155,0.005382016353309154,close,0,0,26,2024-06-01
2024-06-20,3081,165.697021484375,0.6509335201971075,1,0.012012043967843056,0.06606610119342804,-0.009008977562189102,0.03603607043623924,0.03,0.024,take_profit,1,0,26,2024-06-01
2024-06-20,3527,86.46278381347656,0.6501893919780162,0,-2.4312910795742937e-08,0.0054824319668114185,-0.0098683787509799,-0.004385922569781542,-0.004385922569781542,-0.010385922569781542,close,0,0,26,2024-06-01
2024-06-20,1506,16.5,0.642385380310385,1,0.009090885519981384,0.009090885519981384,0.0,0.0030302568338811398,0.0030302568338811398,-0.0029697431661188604,close,0,0,26,2024-06-01
2024-06-21,6869,158.62498474121094,0.656265758941973,1,0.09850747883319855,0.09850747883319855,0.09850747883319855,0.09850747883319855,0.03,0.024,gap_take_profit,1,0,26,2024-06-01
2024-06-21,3580,73.37332153320312,0.6311428390752122,1,0.08142490684986115,0.0992366299033165,0.0432569682598114,0.07633582502603531,0.03,0.024,gap_take_profit,1,0,26,2024-06-01
2024-06-21,3062,34.099998474121094,0.6302124099161613,1,0.04105576500296593,0.08651029318571091,-0.005865013226866722,0.010263997130095959,0.03,0.024,gap_take_profit,1,0,26,2024-06-01
2024-06-21,3219,66.96110534667969,0.6288648895760546,1,0.044247910380363464,0.044247910380363464,-0.023598792031407356,0.008849655278027058,0.03,0.024,gap_take_profit,1,1,26,2024-06-01
2024-06-21,1785,65.08882141113281,0.6204767271295516,1,0.012084641493856907,0.05891241505742073,2.9021485214997256e-09,0.004531771410256624,0.03,0.024,take_profit,1,0,26,2024-06-01
2024-06-21,3535,39.835208892822266,0.6165184515153056,1,0.08208955079317093,0.09950250387191772,0.04975126311182976,0.09950250387191772,0.03,0.024,gap_take_profit,1,0,26,2024-06-01
2024-06-21,6834,46.81278991699219,0.5972356868249621,1,0.03680332005023956,0.09779178351163864,0.011566710658371449,0.03680332005023956,0.03,0.024,gap_take_profit,1,0,26,2024-06-01
2024-06-21,3025,73.03123474121094,0.5939941275422945,1,0.040417347103357315,0.09387235343456268,0.01434172410517931,0.01434172410517931,0.03,0.024,gap_take_profit,1,0,26,2024-06-01
2024-06-21,3481,15.274667739868164,0.5841991455021746,1,0.03205132111907005,0.06089749559760094,0.00320514477789402,0.019230738282203674,0.03,0.024,gap_take_profit,1,0,26,2024-06-01
2024-06-21,8064,44.969032287597656,0.5834689843433943,0,0.04638614505529404,0.08953608572483063,-0.029126258566975594,-0.02265378274023533,0.03,0.024,gap_take_profit,1,1,26,2024-06-01
2024-06-21,6640,613.7191772460938,0.5779058548711405,0,-0.03779522702097893,-0.031496014446020126,-0.07244089990854263,-0.07086609303951263,-0.03779522702097893,-0.043795227020978926,gap_stop,0,1,26,2024-06-01
2024-06-21,5452,27.446807861328125,0.576810458588585,1,0.09874328225851059,0.09874328225851059,0.09874328225851059,0.09874328225851059,0.03,0.024,gap_take_profit,1,0,26,2024-06-01
2024-06-21,5328,15.787659645080566,0.5744746145511455,1,0.05882357060909271,0.09907122701406479,0.02476777322590351,0.052631597965955734,0.03,0.024,gap_take_profit,1,0,26,2024-06-01
2024-06-21,6505,62.787559509277344,0.5732905442410585,0,-6.44088871126769e-08,0.003021152690052986,-0.013595137745141983,-0.006042268127202988,-0.006042268127202988,-0.012042268127202988,close,0,0,26,2024-06-01
2024-06-21,2028,25.773672103881836,0.5731234093259812,0,0.001890342216938734,0.0037806725595146418,-0.011342186480760574,-0.011342186480760574,-0.011342186480760574,-0.017342186480760573,close,0,0,26,2024-06-01
2024-06-21,6530,52.020530700683594,0.5689304421787909,0,0.024253757670521736,0.05037311837077141,-0.04850746691226959,-0.04850746691226959,-0.02,-0.026000000000000002,ambiguous_stop_loss,1,1,26,2024-06-01
2024-06-21,8464,332.27117919921875,0.5683049316319694,1,0.007032351102679968,0.028129396960139275,-0.007032346446067095,0.028129396960139275,0.028129396960139275,0.022129396960139276,close,0,0,26,2024-06-01
2024-06-21,6449,154.8599090576172,0.567595950687063,0,0.015384635888040066,0.067692331969738,-0.036923058331012726,-0.033846136182546616,-0.02,-0.026000000000000002,ambiguous_stop_loss,1,1,26,2024-06-01
2024-06-21,4904,81.03641510009766,0.5675824425039725,1,-7.374030275286714e-08,0.015439392067492008,-0.001187704037874937,0.0106887798756361,0.0106887798756361,0.004688779875636101,close,0,0,26,2024-06-01
2024-06-21,8085,97.5999984741211,0.5674879794691302,0,-0.019467229023575783,-0.007172099780291319,-0.09938521683216095,-0.09938521683216095,-0.02,-0.026000000000000002,stop_loss,0,1,26,2024-06-01
2024-06-24,5452,30.15699577331543,0.7008521611394092,1,0.09477128833532333,0.09803921729326248,-0.049019552767276764,0.057189539074897766,0.03,0.024,gap_take_profit,1,1,26,2024-06-01
2024-06-24,6869,174.250732421875,0.695479366431047,1,0.054347895085811615,0.09782616049051285,0.019021805375814438,0.05978267639875412,0.03,0.024,gap_take_profit,1,0,26,2024-06-01
2024-06-24,3093,31.188169479370117,0.6739550491115188,1,0.02906978875398636,0.05232558026909828,-0.02616281248629093,0.008720929734408855,-0.02,-0.026000000000000002,ambiguous_stop_loss,1,1,26,2024-06-01
2024-06-24,6861,82.01663970947266,0.6651647389919485,0,0.08362780511379242,0.08362780511379242,-0.010600699111819267,-0.005889255553483963,0.03,0.024,gap_take_profit,1,0,26,2024-06-01
2024-06-24,4755,130.75698852539062,0.6629763648749805,1,0.01449269987642765,0.01449269987642765,-0.014492805115878582,0.01086951233446598,0.01086951233446598,0.00486951233446598,close,0,0,26,2024-06-01
2024-06-24,3016,62.51619338989258,0.6543586444482015,0,0.010937509126961231,0.010937509126961231,-0.029687469825148582,-0.006249967496842146,-0.02,-0.026000000000000002,stop_loss,0,1,26,2024-06-01
2024-06-24,9958,324.4161071777344,0.6504515278546806,0,0.004559277556836605,0.022796358913183212,-0.02127658948302269,-0.010638291016221046,-0.02,-0.026000000000000002,stop_loss,0,1,26,2024-06-01
2024-06-24,6192,113.64632415771484,0.646998782189317,1,0.012448164634406567,0.012448164634406567,-0.020746856927871704,0.012448164634406567,-0.02,-0.026000000000000002,stop_loss,0,1,26,2024-06-01
2024-06-24,3014,152.09930419921875,0.6417453325222136,1,0.005865118931978941,0.008797669783234596,-0.01759529300034046,0.008797669783234596,0.008797669783234596,0.002797669783234596,close,0,0,26,2024-06-01
2024-06-24,3628,43.95116424560547,0.6415909136704141,1,-5.816092496502279e-09,0.005181341432034969,-0.003108845790848136,0.005181341432034969,0.005181341432034969,-0.0008186585679650308,close,0,0,26,2024-06-01
2024-06-24,6214,120.75082397460938,0.639464513207337,1,0.0015772965271025896,0.01735016703605652,-0.029968444257974625,0.01735016703605652,-0.02,-0.026000000000000002,stop_loss,0,1,26,2024-06-01
2024-06-24,3376,214.26548767089844,0.6346928554026893,1,0.011160722933709621,0.024553580209612846,-0.033482134342193604,0.013392865657806396,-0.02,-0.026000000000000002,stop_loss,0,1,26,2024-06-01
2024-06-24,2408,69.0999984741211,0.6338175442326692,0,0.005788734182715416,0.007235890254378319,-0.027496404945850372,-0.008683046326041222,-0.02,-0.026000000000000002,stop_loss,0,1,26,2024-06-01
2024-06-24,8476,27.773998260498047,0.6321167671495264,1,1.0292682647705078,1.0552845001220703,1.0065040588378906,1.0487804412841797,0.03,0.024,gap_take_profit,1,0,26,2024-06-01
2024-06-24,1618,54.33119583129883,0.6320367236256476,1,-0.008756562136113644,0.031523700803518295,-0.028020985424518585,0.024518420919775963,-0.02,-0.026000000000000002,ambiguous_stop_loss,1,1,26,2024-06-01
2024-06-24,5274,4666.1220703125,0.6317172909996388,1,0.022151857614517212,0.02531641349196434,-0.025316495448350906,0.006329072639346123,-0.02,-0.026000000000000002,stop_loss,0,1,26,2024-06-01
2024-06-24,3162,30.839797973632812,0.6304424383602789,1,0.0016051860293373466,0.01284109242260456,-0.019261637702584267,0.006420583464205265,0.006420583464205265,0.0004205834642052649,close,0,0,26,2024-06-01
2024-06-24,3535,43.798912048339844,0.6296649614198337,0,-0.0011311989510431886,-0.0011311989510431886,-0.09049773216247559,-0.057692285627126694,-0.02,-0.026000000000000002,stop_loss,0,1,26,2024-06-01
2024-06-24,3484,52.82567596435547,0.628700580247921,1,-0.007421108428388834,0.02411879599094391,-0.03525042161345482,0.02226346544921398,-0.02,-0.026000000000000002,stop_loss,0,1,26,2024-06-01
2024-06-24,2454,1325.1290283203125,0.627847486219687,0,-0.028368735685944557,-0.0070921387523412704,-0.031914833933115005,-0.017730437219142914,-0.028368735685944557,-0.034368735685944556,gap_stop,0,1,26,2024-06-01
2024-06-25,9941,142.96080017089844,0.5922018771887342,0,0.006711394526064396,0.026845622807741165,-0.003355719381943345,-0.003355719381943345,-0.003355719381943345,-0.009355719381943345,close,0,0,26,2024-06-01
2024-06-25,5871,136.5127410888672,0.5882384507453488,0,8.23897465807022e-08,0.01923089288175106,-0.003205052576959133,-0.003205052576959133,-0.003205052576959133,-0.009205052576959133,close,0,0,26,2024-06-01
2024-06-25,3653,972.7561645507812,0.584279895098564,1,0.010100959800183773,0.0858585312962532,0.010100959800183773,0.08080802857875824,0.03,0.024,take_profit,1,0,26,2024-06-01
2024-06-25,2520,45.75581741333008,0.5798720655998675,1,-0.005405439995229244,0.009008960798382759,-0.009009001776576042,0.009008960798382759,0.009008960798382759,0.003008960798382759,close,0,0,26,2024-06-01
2024-06-25,5522,81.02692413330078,0.5770402570863262,0,0.0011764311930164695,0.014117589220404625,-0.022352980449795723,-0.012941179797053337,-0.02,-0.026000000000000002,stop_loss,0,1,26,2024-06-01
2024-06-25,3592,372.31024169921875,0.5753598659352623,1,0.00729037681594491,0.013365711085498333,-2.4143343324567468e-08,0.002430109540000558,0.002430109540000558,-0.0035698904599994422,close,0,0,26,2024-06-01
2024-06-25,8081,270.7143859863281,0.5715856445155587,0,0.0,0.021346470341086388,0.0,0.0,0.0,-0.006,close,0,0,26,2024-06-01
2024-06-25,2393,68.03459930419922,0.5699792457102355,1,0.0026246923953294754,0.023622047156095505,-0.011810983531177044,0.003937008325010538,0.003937008325010538,-0.002062991674989462,close,0,0,26,2024-06-01
2024-06-25,3034,542.0075073242188,0.5681323555752917,1,-0.006622585002332926,0.014900592155754566,-0.01490072999149561,0.014900592155754566,0.014900592155754566,0.008900592155754566,close,0,0,26,2024-06-01
2024-06-25,1477,363.7565002441406,0.5670639700752041,1,0.003763941815122962,0.012546859681606293,-0.011292521841824055,0.00752803822979331,0.00752803822979331,0.00152803822979331,close,0,0,26,2024-06-01
2024-06-25,6130,28.346208572387695,0.566020419001266,1,-1.58318194110052e-08,0.07826085388660431,-0.0330435186624527,0.03652169555425644,-0.02,-0.026000000000000002,ambiguous_stop_loss,1,1,26,2024-06-01
2024-06-25,6719,288.051513671875,0.5658122854209171,0,0.0017241203458979726,0.010344809852540493,-0.0068965693935751915,-0.003448293311521411,-0.003448293311521411,-0.009448293311521411,close,0,0,26,2024-06-01
2024-06-25,3289,150.19064331054688,0.5652036444373274,0,0.0225079208612442,0.03858508914709091,-0.0289390180259943,-0.016077283769845963,-0.02,-0.026000000000000002,ambiguous_stop_loss,1,1,26,2024-06-01
2024-06-25,2474,205.8746795654297,0.5647741599091964,0,-0.0021977138239890337,0.0021978910081088543,-0.013186725787818432,-0.0021977138239890337,-0.0021977138239890337,-0.008197713823989034,close,0,0,26,2024-06-01
2024-06-25,1102,39.24443817138672,0.5619597633642985,0,0.0034403307363390923,0.00917427521198988,-0.01146796066313982,-0.0022936142049729824,-0.0022936142049729824,-0.008293614204972983,close,0,0,26,2024-06-01
2024-06-25,2404,324.34307861328125,0.5615159361815558,1,0.0055943806655704975,0.02377619780600071,0.004195779096335173,0.01678319089114666,0.01678319089114666,0.01078319089114666,close,0,0,26,2024-06-01
2024-06-25,2408,68.5,0.5610535528661718,0,0.018978146836161613,0.018978146836161613,-0.004379606805741787,0.0,0.0,-0.006,close,0,0,26,2024-06-01
2024-06-25,2458,147.12432861328125,0.5605339987540262,1,0.009677412919700146,0.01290321908891201,-6.648305905798679e-09,0.006451606284826994,0.006451606284826994,0.0004516062848269938,close,0,0,26,2024-06-01
2024-06-25,1582,96.75585174560547,0.5600157899544249,1,0.009259198792278767,0.023148085922002792,-6.004328412245741e-08,0.009259198792278767,0.009259198792278767,0.0032591987922787665,close,0,0,26,2024-06-01
2024-06-25,2379,515.8313598632812,0.559501565043137,0,0.009398509748280048,0.009398509748280048,-0.0112781822681427,-0.0037593855522572994,-0.0037593855522572994,-0.0097593855522573,close,0,0,26,2024-06-01
2024-06-26,3581,39.461177825927734,0.6655204754823519,1,0.027227595448493958,0.09900980442762375,0.009900846518576145,0.09900980442762375,0.03,0.024,take_profit,1,0,26,2024-06-01
2024-06-26,6869,203.13467407226562,0.6493978311417136,1,0.032634127885103226,0.09557119756937027,0.0023310938850045204,0.0023310938850045204,0.03,0.024,gap_take_profit,1,0,26,2024-06-01
2024-06-26,6152,15.199999809265137,0.6441805620680241,1,-0.0032894862815737724,0.04934210702776909,-0.03618422523140907,0.006578972563147545,-0.02,-0.026000000000000002,ambiguous_stop_loss,1,1,26,2024-06-01
2024-06-26,3450,126.20512390136719,0.6321127953661438,0,0.023715440183877945,0.02766801044344902,-0.03162052854895592,-0.023715391755104065,-0.02,-0.026000000000000002,stop_loss,0,1,26,2024-06-01
2024-06-26,3712,53.47620391845703,0.6273120231692686,0,0.02047780342400074,0.04948805645108223,-0.044368598610162735,-0.03924915939569473,-0.02,-0.026000000000000002,ambiguous_stop_loss,1,1,26,2024-06-01
2024-06-26,6739,120.7554702758789,0.6256170509463469,1,-0.016260184347629547,0.06504062563180923,-0.020325224846601486,0.06504062563180923,-0.02,-0.026000000000000002,ambiguous_stop_loss,1,1,26,2024-06-01
2024-06-26,5443,74.61703491210938,0.623537477945824,1,0.022251242771744728,0.05890049412846565,-2.5940124714907142e-08,0.014397859573364258,0.03,0.024,take_profit,1,0,26,2024-06-01
2024-06-26,6446,541.83056640625,0.6221511734638095,1,0.005524781066924334,0.038673948496580124,-0.005524941720068455,0.0018415400991216302,0.03,0.024,take_profit,1,0,26,2024-06-01
2024-06-26,8076,34.640872955322266,0.6179008088129,1,0.015514745377004147,0.07193223387002945,0.0028207895811647177,0.039492134004831314,0.03,0.024,take_profit,1,0,26,2024-06-01
2024-06-26,1709,22.912500381469727,0.6136942644774973,1,0.004255355801433325,0.06808514147996902,2.0107377096678647e-08,0.019148988649249077,0.03,0.024,take_profit,1,0,26,2024-06-01
2024-06-26,1540,20.63526725769043,0.6126232420155999,0,0.01548667810857296,0.05088487267494202,-0.039823051542043686,-0.015486804768443108,-0.02,-0.026000000000000002,ambiguous_stop_loss,1,1,26,2024-06-01
2024-06-26,1784,97.40696716308594,0.6103801555789852,1,0.09999994933605194,0.09999994933605194,0.09999994933605194,0.09999994933605194,0.03,0.024,gap_take_profit,1,0,26,2024-06-01
2024-06-26,6806,157.6241912841797,0.6071571178790515,0,0.021538419649004936,0.08307687938213348,-0.03384619578719139,-0.021538501605391502,-0.02,-0.026000000000000002,ambiguous_stop_loss,1,1,26,2024-06-01
2024-06-26,2467,153.46826171875,0.6064867766185759,0,0.003154544858261943,0.01577284187078476,-0.04100949317216873,-0.04100949317216873,-0.02,-0.026000000000000002,stop_loss,0,1,26,2024-06-01
2024-06-26,4561,59.25164031982422,0.5978646365970982,0,0.01127222552895546,0.020934099331498146,-0.04347814619541168,-0.008051460608839989,-0.02,-0.026000000000000002,stop_loss,0,1,26,2024-06-01
2024-06-26,8249,29.8331298828125,0.5961305742364718,1,0.0017271990654990077,0.031088117510080338,0.0017271990654990077,0.027633897960186005,0.03,0.024,take_profit,1,0,26,2024-06-01
2024-06-26,2429,22.808786392211914,0.5907016833762627,1,0.09726966917514801,0.09897617250680923,0.0648464486002922,0.09897617250680923,0.03,0.024,gap_take_profit,1,0,26,2024-06-01
2024-06-26,1215,100.33849334716797,0.5901454911340949,1,6.372588501335485e-08,0.004784753080457449,-0.01435400452464819,0.004784753080457449,0.004784753080457449,-0.0012152469195425512,close,0,0,26,2024-06-01
2024-06-26,5388,110.9150619506836,0.5890748783714231,1,-1.126665960526907e-08,0.013043466955423355,-0.004347837530076504,0.008695640601217747,0.008695640601217747,0.0026956406012177466,close,0,0,26,2024-06-01
2024-06-26,3047,28.799999237060547,0.5874996248958849,0,0.0173611119389534,0.05729172006249428,-0.02777775190770626,-0.01388887595385313,-0.02,-0.026000000000000002,ambiguous_stop_loss,1,1,26,2024-06-01
2024-06-27,3003,71.35652160644531,0.7190755910858866,1,-3.6919146850777906e-08,0.017426276579499245,-0.005361987743526697,0.014745250344276428,0.014745250344276428,0.008745250344276428,close,0,0,26,2024-06-01
2024-06-27,6186,81.33786010742188,0.7148629200470177,1,0.0073298015631735325,0.023036614060401917,0.005235474556684494,0.005235474556684494,0.005235474556684494,-0.0007645254433155061,close,0,0,26,2024-06-01
2024-06-27,9945,40.430030822753906,0.712500855704831,1,0.0046190060675144196,0.023094739764928818,0.003464289242401719,0.0069284397177398205,0.0069284397177398205,0.0009284397177398204,close,0,0,26,2024-06-01
2024-06-27,1784,107.14765930175781,0.7113978562816068,1,0.09956709295511246,0.09956709295511246,0.017316045239567757,0.09956709295511246,0.03,0.024,gap_take_profit,1,0,26,2024-06-01
2024-06-27,3686,23.799999237060547,0.707373490957074,1,0.09873951226472855,0.09873951226472855,0.09873951226472855,0.09873951226472855,0.03,0.024,gap_take_profit,1,0,26,2024-06-01
2024-06-27,3060,29.706165313720703,0.7010288322342692,1,0.004926217254251242,0.09852229803800583,0.004926217254251242,0.09852229803800583,0.03,0.024,take_profit,1,0,26,2024-06-01
2024-06-27,2515,14.217361450195312,0.7001288289570835,1,0.0033897943794727325,0.02033894695341587,-4.8919336137487335e-08,0.0033897943794727325,0.0033897943794727325,-0.0026102056205272676,close,0,0,26,2024-06-01
2024-06-27,6166,73.64079284667969,0.6979207644912506,1,0.014531102031469345,0.09907527267932892,0.011889033019542694,0.08190228790044785,0.03,0.024,take_profit,1,0,26,2024-06-01
2024-06-27,1903,59.79999923706055,0.6973651285917948,1,0.0033444943837821484,0.02006690204143524,0.0033444943837821484,0.006688988767564297,0.006688988767564297,0.0006889887675642966,close,0,0,26,2024-06-01
2024-06-27,5009,45.43659973144531,0.6967609278070301,0,0.01026694942265749,0.01026694942265749,-0.007186896167695522,-0.0061601391062140465,-0.0061601391062140465,-0.012160139106214047,close,0,0,26,2024-06-01
2024-06-27,6669,2480.85498046875,0.6962480789005591,1,0.00587082002311945,0.03913892060518265,0.003913872875273228,0.035225026309490204,0.03,0.024,take_profit,1,0,26,2024-06-01
2024-06-27,2351,121.23117065429688,0.6960028766636263,1,0.031249985098838806,0.0976562350988388,0.031249985098838806,0.0898437350988388,0.03,0.024,gap_take_profit,1,0,26,2024-06-01
2024-06-27,6546,134.02633666992188,0.695628694315777,1,0.00358433835208416,0.03225817531347275,0.00358433835208416,0.014337027445435524,0.03,0.024,take_profit,1,0,26,2024-06-01
2024-06-27,9941,141.04185485839844,0.6954408676995816,1,0.006802795920521021,0.017006877809762955,0.0034014349803328514,0.017006877809762955,0.017006877809762955,0.011006877809762955,close,0,0,26,2024-06-01
2024-06-27,5871,133.44998168945312,0.693638083318078,1,0.006557335611432791,0.013114620931446552,0.003278640564531088,0.006557335611432791,0.006557335611432791,0.0005573356114327906,close,0,0,26,2024-06-01
2024-06-27,1603,43.54531478881836,0.6934409794950522,0,0.008898725733160973,0.014460460282862186,0.0,0.0,0.0,-0.006,close,0,0,26,2024-06-01
2024-06-27,5340,51.55906677246094,0.693273485284425,1,3.656904468130051e-08,0.030888114124536514,-0.00386098213493824,0.013513565063476562,0.03,0.024,take_profit,1,0,26,2024-06-01
2024-06-27,3715,58.584781646728516,0.6927458436794002,1,0.004830943886190653,0.02737519145011902,0.004830943886190653,0.01932366006076336,0.01932366006076336,0.013323660060763359,close,0,0,26,2024-06-01
2024-06-27,9958,320.47186279296875,0.6916133810333637,0,0.0015384003054350615,0.004615323152393103,-0.09230774641036987,-0.0707692876458168,-0.02,-0.026000000000000002,stop_loss,0,1,26,2024-06-01
2024-06-27,6188,97.5052261352539,0.691533479267531,1,0.024752561002969742,0.09900999069213867,0.019802065566182137,0.09900999069213867,0.03,0.024,take_profit,1,0,26,2024-06-01
2024-06-28,3686,26.149999618530273,0.7192218300262921,1,0.09942640364170074,0.09942640364170074,-0.03824091702699661,0.07265772670507431,0.03,0.024,gap_take_profit,1,1,26,2024-06-01
2024-06-28,6753,155.82284545898438,0.6573282565669785,0,0.045454688370227814,0.06363643705844879,-0.09999989718198776,-0.0909089744091034,0.03,0.024,gap_take_profit,1,1,26,2024-06-01
2024-06-28,4563,58.5301399230957,0.6395660075672307,1,0.036977436393499374,0.04180063679814339,-0.022508101537823677,0.008038544096052647,0.03,0.024,gap_take_profit,1,1,26,2024-06-01
2024-06-28,1784,117.8160400390625,0.6345258626553394,1,0.003937047440558672,0.09842521697282791,-0.027559010311961174,0.09842521697282791,-0.02,-0.026000000000000002,ambiguous_stop_loss,1,1,26,2024-06-01
2024-06-28,2495,30.066598892211914,0.6290482754976513,1,0.06912446767091751,0.09984643757343292,0.052227411419153214,0.09984643757343292,0.03,0.024,gap_take_profit,1,0,26,2024-06-01
2024-06-28,6698,42.650001525878906,0.6266455477949854,1,0.05041025951504707,0.09964829683303833,0.04337628185749054,0.09964829683303833,0.03,0.024,gap_take_profit,1,0,26,2024-06-01
2024-06-28,5452,32.76863098144531,0.6263786474637655,1,0.09924808889627457,0.09924808889627457,0.08421049267053604,0.09924808889627457,0.03,0.024,gap_take_profit,1,0,26,2024-06-01
2024-06-28,3535,43.30345153808594,0.6240017998312478,1,0.08695647865533829,0.0995422750711441,0.012585772201418877,0.0995422750711441,0.03,0.024,gap_take_profit,1,0,26,2024-06-01
2024-06-28,8176,16.799999237060547,0.6210646845382404,1,-0.011904694139957428,0.0446428582072258,-0.0446428582072258,0.0297619067132473,-0.02,-0.026000000000000002,ambiguous_stop_loss,1,1,26,2024-06-01
2024-06-28,2365,37.94831085205078,0.61293147013814,1,0.02577326074242592,0.0992269366979599,0.010309381410479546,0.0463918000459671,0.03,0.024,take_profit,1,0,26,2024-06-01
2024-06-28,6152,16.75,0.6097169007149335,1,0.0,0.06268652528524399,-0.014925372786819935,0.04477611929178238,0.03,0.024,take_profit,1,0,26,2024-06-01
2024-06-28,3024,22.500289916992188,0.607500710479064,0,0.004291882738471031,0.07939918339252472,-0.055793941020965576,-0.04291843622922897,-0.02,-0.026000000000000002,ambiguous_stop_loss,1,1,26,2024-06-01
2024-06-28,6188,107.15921783447266,0.6066044211969137,1,0.01801796816289425,0.04054049029946327,-4.894780758490924e-08,0.009008959867060184,0.03,0.024,take_profit,1,0,26,2024-06-01
2024-06-28,6658,52.698020935058594,0.6049067562355464,1,0.01872660219669342,0.099250927567482,0.016853898763656616,0.099250927567482,0.03,0.024,take_profit,1,0,26,2024-06-01
2024-06-28,1101,31.930402755737305,0.6036097545938808,1,0.01204813551157713,0.019578255712985992,0.010542134754359722,0.010542134754359722,0.010542134754359722,0.004542134754359722,close,0,0,26,2024-06-01
2024-06-28,3675,341.0216064453125,0.6028862806706896,1,0.006983206141740084,0.09916197508573532,-0.012569865211844444,0.09916197508573532,0.03,0.024,take_profit,1,0,26,2024-06-01
2024-06-28,3057,15.699999809265137,0.6010786048307419,1,0.0,0.07006365805864334,-0.025477683171629906,0.02547774463891983,-0.02,-0.026000000000000002,ambiguous_stop_loss,1,1,26,2024-06-01
2024-06-28,2359,163.02896118164062,0.5987305402285208,1,0.05120471492409706,0.07228904962539673,-9.751874330277133e-08,0.006023998372256756,0.03,0.024,gap_take_profit,1,0,26,2024-06-01
2024-06-28,2412,116.25344848632812,0.5985700831531975,1,0.003984068986028433,0.011952197179198265,0.003984068986028433,0.007968133315443993,0.007968133315443993,0.0019681333154439925,close,0,0,26,2024-06-01
2024-06-28,8374,81.58194732666016,0.5955032712344334,1,0.09975685924291611,0.09975685924291611,0.009732499718666077,0.09975685924291611,0.03,0.024,gap_take_profit,1,0,26,2024-06-01
2024-07-01,5452,36.02085494995117,0.6443892202380512,0,0.02599179930984974,0.03146377578377724,-0.050615567713975906,-0.027359794825315475,-0.02,-0.026000000000000002,ambiguous_stop_loss,1,1,27,2024-07-01
2024-07-01,3535,47.613975524902344,0.6383814286493386,1,0.03225802257657051,0.09885533154010773,-0.02081168070435524,0.04058271646499634,0.03,0.024,gap_take_profit,1,1,27,2024-07-01
2024-07-01,3675,374.8379821777344,0.632604531327227,0,-0.011435783468186855,-0.010165135376155376,-0.05972041189670563,-0.02287161722779274,-0.02,-0.026000000000000002,stop_loss,0,1,27,2024-07-01
2024-07-01,8374,89.72030639648438,0.6230663930646637,1,0.004424832761287689,0.09955756366252899,3.711651785920367e-08,0.09955756366252899,0.03,0.024,take_profit,1,0,27,2024-07-01
2024-07-01,3047,31.350000381469727,0.6230621197235732,1,0.047846827656030655,0.09888358414173126,0.02392338402569294,0.09888358414173126,0.03,0.024,gap_take_profit,1,0,27,2024-07-01
2024-07-01,5484,81.4000015258789,0.6228559270812081,1,0.03931200131773949,0.09950857609510422,0.013513494282960892,0.09950857609510422,0.03,0.024,gap_take_profit,1,0,27,2024-07-01
2024-07-01,2467,165.08729553222656,0.6202596041733024,1,0.011730263009667397,0.09970680624246597,5.6689547278665486e-08,0.09970680624246597,0.03,0.024,take_profit,1,0,27,2024-07-01
2024-07-01,4534,21.100000381469727,0.6196307310702146,1,0.0,0.09952608495950699,0.0,0.09952608495950699,0.03,0.024,take_profit,1,0,27,2024-07-01
2024-07-01,3211,101.95990753173828,0.6192494380731853,0,-2.8236755156285653e-09,0.022935776039958,-0.03211009502410889,-0.027522938326001167,-0.02,-0.026000000000000002,stop_loss,0,1,27,2024-07-01
2024-07-01,3583,383.5614318847656,0.6181383357406717,1,0.012870035134255886,0.014157036319375038,-0.019304998219013214,0.0012870228383690119,0.0012870228383690119,-0.004712977161630988,close,0,0,27,2024-07-01
2024-07-01,5508,197.9957275390625,0.6169745437707925,1,0.03184712305665016,0.07430996745824814,-0.01910828985273838,0.04883226007223129,0.03,0.024,gap_take_profit,1,0,27,2024-07-01
2024-07-01,6130,31.698455810546875,0.610537421436597,1,0.07776046544313431,0.099533312022686,0.04976664111018181,0.099533312022686,0.03,0.024,gap_take_profit,1,0,27,2024-07-01
2024-07-01,2429,30.281972885131836,0.6071017441436238,1,0.37045231461524963,0.4117310047149658,0.33742937445640564,0.4117310047149658,0.03,0.024,gap_take_profit,1,0,27,2024-07-01
2024-07-01,3455,105.92781066894531,0.6063933380552248,1,0.01746722310781479,0.09606984257698059,0.01746722310781479,0.09606984257698059,0.03,0.024,take_profit,1,0,27,2024-07-01
2024-07-01,3413,321.8822326660156,0.6049330429298575,1,-0.002958583878353238,0.06508875638246536,-0.002958583878353238,0.0207100547850132,0.03,0.024,take_profit,1,0,27,2024-07-01
2024-07-01,5347,131.2212677001953,0.6016689870598007,0,0.014084506779909134,0.0422535203397274,-0.028169013559818268,0.0,-0.02,-0.026000000000000002,ambiguous_stop_loss,1,1,27,2024-07-01
2024-07-01,6541,50.20000076293945,0.5989104461626563,1,0.09960158914327621,0.09960158914327621,0.09960158914327621,0.09960158914327621,0.03,0.024,gap_take_profit,1,0,27,2024-07-01
2024-07-01,2349,12.449999809265137,0.5943604475192747,1,0.09236952662467957,0.09638553112745285,0.044176723808050156,0.09638553112745285,0.03,0.024,gap_take_profit,1,0,27,2024-07-01
2024-07-01,6133,16.75,0.5910747525926654,0,0.0,0.011940344236791134,-0.023880574852228165,-0.0029850290156900883,-0.02,-0.026000000000000002,stop_loss,0,1,27,2024-07-01
2024-07-01,6869,240.54176330566406,0.5876799634028489,1,2.551448297083425e-08,0.08070868998765945,-0.013779502362012863,0.0669291615486145,0.03,0.024,take_profit,1,0,27,2024-07-01
2024-07-02,5443,94.54095458984375,0.6559698688489959,1,0.03305784985423088,0.05888429656624794,0.0020661151502281427,0.014462778344750404,0.03,0.024,gap_take_profit,1,0,27,2024-07-01
2024-07-02,2467,181.54762268066406,0.6531837044400624,1,0.05066661536693573,0.09866661578416824,0.029333284124732018,0.09866661578416824,0.03,0.024,gap_take_profit,1,0,27,2024-07-01
2024-07-02,6658,63.652103424072266,0.6516783294946916,1,0.05271318927407265,0.09922482073307037,0.04651161655783653,0.09922482073307037,0.03,0.024,gap_take_profit,1,0,27,2024-07-01
2024-07-02,3027,42.726768493652344,0.6435393838619521,0,0.07763613015413284,0.07763613015413284,-0.012746286578476429,-0.00579372514039278,0.03,0.024,gap_take_profit,1,0,27,2024-07-01
2024-07-02,4906,38.266666412353516,0.6418944809347867,0,0.009852195158600807,0.022167466580867767,-0.027093617245554924,-0.01970447413623333,-0.02,-0.026000000000000002,stop_loss,0,1,27,2024-07-01
2024-07-02,2402,35.28348922729492,0.6415976394543189,1,0.027956223115324974,0.08596429228782654,0.0036738526541739702,0.00772086251527071,0.03,0.024,take_profit,1,0,27,2024-07-01
2024-07-02,6477,46.52284240722656,0.6415190249221049,0,0.021276582032442093,0.025531917810440063,-0.031914904713630676,-0.018085086718201637,-0.02,-0.026000000000000002,stop_loss,0,1,27,2024-07-01
2024-07-02,3047,34.45000076293945,0.6404087821235602,1,0.0972423329949379,0.09869369119405746,0.0188678577542305,0.04789543151855469,0.03,0.024,gap_take_profit,1,0,27,2024-07-01
2024-07-02,6278,124.09515380859375,0.6383866610836804,1,-0.007380102761089802,0.044280413538217545,-0.03690039739012718,0.025830227881669998,-0.02,-0.026000000000000002,ambiguous_stop_loss,1,1,27,2024-07-01
2024-07-02,6443,30.83606719970703,0.6378108486273829,0,0.017543839290738106,0.02870812453329563,-0.025518374517560005,-0.012759154662489891,-0.02,-0.026000000000000002,stop_loss,0,1,27,2024-07-01
2024-07-02,5484,89.5,0.6356927325449856,1,0.09944135695695877,0.09944135695695877,0.06145251542329788,0.09944135695695877,0.03,0.024,gap_take_profit,1,0,27,2024-07-01
2024-07-02,3490,38.99787521362305,0.6302999749977353,0,0.005938330199569464,0.007126051466912031,-0.04275524616241455,-0.022565163671970367,-0.02,-0.026000000000000002,stop_loss,0,1,27,2024-07-01
2024-07-02,6244,33.23863983154297,0.6298802955183143,1,0.020437877625226974,0.030656808987259865,-0.017518300563097,0.004379506688565016,0.03,0.024,take_profit,1,0,27,2024-07-01
2024-07-02,3073,49.20000076293945,0.6266873973205317,1,0.09959344565868378,0.09959344565868378,0.07723575830459595,0.09959344565868378,0.03,0.024,gap_take_profit,1,0,27,2024-07-01
2024-07-02,3455,116.10427856445312,0.6260422607157845,0,0.04780876636505127,0.0717131495475769,-0.027888447046279907,0.0,0.03,0.024,gap_take_profit,1,1,27,2024-07-01
2024-07-02,6541,55.20000076293945,0.6228096785992153,1,0.09963767975568771,0.09963767975568771,0.09963767975568771,0.09963767975568771,0.03,0.024,gap_take_profit,1,0,27,2024-07-01
2024-07-02,6130,34.85350799560547,0.6186867967074002,0,6.033313582065603e-08,0.07496475428342819,-0.036775026470422745,-0.007072076201438904,-0.02,-0.026000000000000002,ambiguous_stop_loss,1,1,27,2024-07-01
2024-07-02,2349,13.649999618530273,0.6089709637398955,1,0.05128210783004761,0.09890113025903702,0.05128210783004761,0.09890113025903702,0.03,0.024,gap_take_profit,1,0,27,2024-07-01
2024-07-02,8464,355.6376647949219,0.6032997119506043,1,-0.011826579459011555,0.09198419004678726,-0.011826579459011555,0.09198419004678726,0.03,0.024,take_profit,1,0,27,2024-07-01
2024-07-02,8374,98.65264129638672,0.5968028525292233,1,0.041247449815273285,0.09657943993806839,0.041247449815273285,0.09657943993806839,0.03,0.024,gap_take_profit,1,0,27,2024-07-01
2024-07-03,3073,54.099998474121094,0.6016216141952885,1,0.09981518983840942,0.09981518983840942,0.09981518983840942,0.09981518983840942,0.03,0.024,gap_take_profit,1,0,27,2024-07-01
2024-07-03,5484,98.4000015258789,0.5950397074800828,1,0.09756095707416534,0.09756095707416534,0.07723575830459595,0.09756095707416534,0.03,0.024,gap_take_profit,1,0,27,2024-07-01
2024-07-03,3450,137.1794891357422,0.590392358747094,1,0.014545418322086334,0.09454541653394699,-3.5499667205840524e-08,0.025454508140683174,0.03,0.024,take_profit,1,0,27,2024-07-01
2024-07-03,3048,44.151275634765625,0.5899617982327386,1,0.07853981107473373,0.09955752640962601,0.06415924429893494,0.09955752640962601,0.03,0.024,gap_take_profit,1,0,27,2024-07-01
2024-07-03,6658,69.96797180175781,0.5866584110062725,1,0.08462625741958618,0.09873063117265701,0.06346970051527023,0.09873063117265701,0.03,0.024,gap_take_profit,1,0,27,2024-07-01
2024-07-03,2417,51.86687088012695,0.5865765699417556,1,0.07648182660341263,0.09369026869535446,0.013384327292442322,0.017208432778716087,0.03,0.024,gap_take_profit,1,0,27,2024-07-01
2024-07-03,2365,43.81660842895508,0.5859776498069,1,0.0915178582072258,0.09933032095432281,0.064732126891613,0.09933032095432281,0.03,0.024,gap_take_profit,1,0,27,2024-07-01
2024-07-03,3498,52.29999923706055,0.5839917798419723,1,0.05162525549530983,0.09942640364170074,0.03250479698181152,0.09942640364170074,0.03,0.024,gap_take_profit,1,0,27,2024-07-01
2024-07-03,3323,29.897029876708984,0.5819741066397656,1,0.0873146578669548,0.09060949832201004,0.039538685232400894,0.06095553934574127,0.03,0.024,gap_take_profit,1,0,27,2024-07-01
2024-07-03,2349,15.0,0.5811796227198996,1,0.0833333358168602,0.10000000149011612,0.07666663825511932,0.10000000149011612,0.03,0.024,gap_take_profit,1,0,27,2024-07-01
2024-07-03,8071,21.450000762939453,0.5808251499458569,1,0.02564098872244358,0.09790202230215073,-0.011655011214315891,0.02564098872244358,0.03,0.024,take_profit,1,0,27,2024-07-01
2024-07-03,3167,76.25299072265625,0.5803104481429235,0,0.009114604443311691,0.01562502048909664,-0.044270794838666916,-0.0416666679084301,-0.02,-0.026000000000000002,stop_loss,0,1,27,2024-07-01
2024-07-03,3615,33.29672622680664,0.578814348728941,1,0.02749643288552761,0.08393640071153641,0.007235917262732983,0.023154854774475098,0.03,0.024,take_profit,1,0,27,2024-07-01
2024-07-03,3219,68.73883056640625,0.5778920020557646,1,0.056034527719020844,0.09913797676563263,0.056034527719020844,0.09913797676563263,0.03,0.024,gap_take_profit,1,0,27,2024-07-01
2024-07-03,8374,108.18045806884766,0.5768843271839906,1,0.09633025527000427,0.09633025527000427,0.09633025527000427,0.09633025527000427,0.03,0.024,gap_take_profit,1,0,27,2024-07-01
2024-07-03,2467,199.46031188964844,0.5764263211886126,1,0.021844718605279922,0.04368938133120537,-0.0048543112352490425,0.0072816116735339165,0.03,0.024,take_profit,1,0,27,2024-07-01
2024-07-03,4562,60.29999923706055,0.575760103734093,1,0.0995025485754013,0.0995025485754013,0.0995025485754013,0.0995025485754013,0.03,0.024,gap_take_profit,1,0,27,2024-07-01
2024-07-03,8028,99.0060806274414,0.5750068338752046,1,0.06467659026384354,0.09950246661901474,0.04477609694004059,0.09950246661901474,0.03,0.024,gap_take_profit,1,0,27,2024-07-01
2024-07-03,6937,229.1849822998047,0.5741764837054888,1,0.08583692461252213,0.09871245920658112,0.06437769532203674,0.09871245920658112,0.03,0.024,gap_take_profit,1,0,27,2024-07-01
2024-07-03,3623,31.75,0.572698625805669,0,0.023622047156095505,0.05039365217089653,-0.023622047156095505,-0.02047242969274521,-0.02,-0.026000000000000002,ambiguous_stop_loss,1,1,27,2024-07-01
2024-07-04,4562,66.30000305175781,0.5876750318862135,1,0.09049773216247559,0.09954748302698135,0.030165910720825195,0.09954748302698135,0.03,0.024,gap_take_profit,1,0,27,2024-07-01
2024-07-04,6442,389.4923400878906,0.5787821652463733,1,0.060150403529405594,0.09899752587080002,0.02756894938647747,0.09899752587080002,0.03,0.024,gap_take_profit,1,0,27,2024-07-01
2024-07-04,8104,56.29999923706055,0.5769184766556967,1,0.04973355680704117,0.09946718066930771,0.015985818579792976,0.02841922454535961,0.03,0.024,gap_take_profit,1,0,27,2024-07-01
2024-07-04,2464,82.00301361083984,0.573247578557992,1,0.047272711992263794,0.09939386695623398,0.019393887370824814,0.09939386695623398,0.03,0.024,gap_take_profit,1,0,27,2024-07-01
2024-07-04,6658,76.8759536743164,0.5724994714350412,1,0.09756099432706833,0.09756099432706833,-0.011553258635103703,0.02695765346288681,0.03,0.024,gap_take_profit,1,0,27,2024-07-01
2024-07-04,3219,75.55345916748047,0.5706622980965602,0,-0.0065359934233129025,-0.0065359934233129025,-0.09934642910957336,-0.09934642910957336,-0.02,-0.026000000000000002,stop_loss,0,1,27,2024-07-01
2024-07-04,3535,53.50998306274414,0.5694972519192438,1,0.07407403737306595,0.09999999403953552,0.04999998211860657,0.09999999403953552,0.03,0.024,gap_take_profit,1,0,27,2024-07-01
2024-07-04,5452,38.844295501708984,0.5692181532554474,1,0.09936314821243286,0.09936314821243286,0.09936314821243286,0.09936314821243286,0.03,0.024,gap_take_profit,1,0,27,2024-07-01
2024-07-04,3583,405.2817687988281,0.564639677567632,1,0.0024360723327845335,0.0998782142996788,-0.00487208878621459,0.0998782142996788,0.03,0.024,take_profit,1,0,27,2024-07-01
2024-07-04,6664,266.92242431640625,0.5616684556666284,1,0.0645725280046463,0.09947654604911804,0.0645725280046463,0.09947654604911804,0.03,0.024,gap_take_profit,1,0,27,2024-07-01
2024-07-04,6643,1324.932373046875,0.5616684556666284,0,0.01879695989191532,0.048872146755456924,-0.026315821334719658,-0.018797023221850395,-0.02,-0.026000000000000002,ambiguous_stop_loss,1,1,27,2024-07-01
2024-07-04,8028,108.85742950439453,0.561174952172473,1,0.04977376013994217,0.09954752027988434,0.03167421370744705,0.09954752027988434,0.03,0.024,gap_take_profit,1,0,27,2024-07-01
2024-07-04,6937,251.8083953857422,0.5605765071603284,1,0.03906251862645149,0.09960939735174179,0.02929689548909664,0.06445314735174179,0.03,0.024,gap_take_profit,1,0,27,2024-07-01
2024-07-04,2543,44.27305221557617,0.5601809687557743,1,0.012411374598741531,0.09929083287715912,-0.040780048817396164,0.09929083287715912,-0.02,-0.026000000000000002,ambiguous_stop_loss,1,1,27,2024-07-01
2024-07-04,3580,85.8140869140625,0.5601025385574314,1,0.049107130616903305,0.0937499925494194,0.005580330267548561,0.04017852619290352,0.03,0.024,gap_take_profit,1,0,27,2024-07-01
2024-07-04,6552,58.53187561035156,0.5587789830045353,0,-0.022071361541748047,-0.01867576315999031,-0.052631620317697525,-0.052631620317697525,-0.022071361541748047,-0.028071361541748045,gap_stop,0,1,27,2024-07-01
2024-07-04,6541,66.69999694824219,0.5575540227147141,1,0.09895062446594238,0.09895062446594238,-0.023987984284758568,0.013493277132511139,0.03,0.024,gap_take_profit,1,1,27,2024-07-01
2024-07-04,6218,27.381954193115234,0.5570335833510253,1,0.09352520108222961,0.09892087429761887,0.08093526214361191,0.09892087429761887,0.03,0.024,gap_take_profit,1,0,27,2024-07-01
2024-07-04,6207,82.30000305175781,0.5566903771608079,1,0.05710810050368309,0.0850546732544899,0.025516383349895477,0.04495743289589882,0.03,0.024,gap_take_profit,1,0,27,2024-07-01
2024-07-04,2365,48.16892623901367,0.5563212538957047,1,0.07614213973283768,0.09847713261842728,0.05380714684724808,0.09847713261842728,0.03,0.024,gap_take_profit,1,0,27,2024-07-01
2024-07-05,2312,21.00860595703125,0.6018421028357333,1,0.09930718690156937,0.09930718690156937,0.09930718690156937,0.09930718690156937,0.03,0.024,gap_take_profit,1,0,27,2024-07-01
2024-07-05,3379,36.681915283203125,0.6008222106334604,0,0.020134305581450462,0.03489938750863075,-0.09932880848646164,-0.08322136849164963,-0.02,-0.026000000000000002,ambiguous_stop_loss,1,1,27,2024-07-01
2024-07-05,2236,95.21932220458984,0.5995631971469962,1,0.028659159317612648,0.06960086524486542,-0.03991805016994476,0.005117707885801792,-0.02,-0.026000000000000002,ambiguous_stop_loss,1,1,27,2024-07-01
2024-07-05,2365,52.9124641418457,0.5945417764137463,1,0.05360455811023712,0.09981528669595718,-0.016635730862617493,0.01848437823355198,0.03,0.024,gap_take_profit,1,0,27,2024-07-01
2024-07-05,2427,34.366554260253906,0.5935224749050696,0,0.07496476918458939,0.09759557992219925,-0.06647796183824539,-0.06223464012145996,0.03,0.024,gap_take_profit,1,1,27,2024-07-01
2024-07-05,8937,25.850000381469727,0.5918044957772721,1,0.09864600747823715,0.09864600747823715,0.09864600747823715,0.09864600747823715,0.03,0.024,gap_take_profit,1,0,27,2024-07-01
2024-07-05,2464,90.15361022949219,0.5916344467626818,0,0.02756335586309433,0.08599779009819031,-0.06284454464912415,-0.04189635068178177,-0.02,-0.026000000000000002,ambiguous_stop_loss,1,1,27,2024-07-01
2024-07-05,3498,63.20000076293945,0.5907483815001966,0,0.03955690190196037,0.09968353062868118,-0.0348101370036602,-0.006329137831926346,0.03,0.024,gap_take_profit,1,1,27,2024-07-01
2024-07-05,2417,57.98110580444336,0.5905638103190219,0,0.029159560799598694,0.049742765724658966,-0.099485382437706,-0.09090905636548996,-0.02,-0.026000000000000002,ambiguous_stop_loss,1,1,27,2024-07-01
2024-07-05,2108,40.55633544921875,0.5901997667902736,1,0.04062126949429512,0.09916370362043381,0.03464755415916443,0.09796898066997528,0.03,0.024,gap_take_profit,1,0,27,2024-07-01
2024-07-05,6218,30.090600967407227,0.5898719480681748,1,0.09983626753091812,0.09983626753091812,0.09983626753091812,0.09983626753091812,0.03,0.024,gap_take_profit,1,0,27,2024-07-01
2024-07-05,3047,39.20000076293945,0.5898713415345221,1,0.09311218559741974,0.0994897335767746,0.06122443079948425,0.0994897335767746,0.03,0.024,gap_take_profit,1,0,27,2024-07-01
2024-07-05,4562,72.9000015258789,0.5888409489290047,0,0.057613126933574677,0.09876538813114166,-0.03978054225444794,-0.010973978787660599,0.03,0.024,gap_take_profit,1,1,27,2024-07-01
2024-07-05,3583,445.7605895996094,0.58826999742585,0,0.019933510571718216,0.045404162257909775,-0.06533779948949814,-0.018826177343726158,-0.02,-0.026000000000000002,ambiguous_stop_loss,1,1,27,2024-07-01
2024-07-05,1536,62.42486572265625,0.5878966696571052,1,0.05984257161617279,0.0992126539349556,0.034645628184080124,0.0992126539349556,0.03,0.024,gap_take_profit,1,0,27,2024-07-01
2024-07-05,8064,58.887020111083984,0.5876702912417009,0,0.020066918805241585,0.05685622990131378,-0.05518391728401184,-0.02842809073626995,-0.02,-0.026000000000000002,ambiguous_stop_loss,1,1,27,2024-07-01
2024-07-05,6187,328.1163024902344,0.5876702912417009,1,0.027272777631878853,0.06060611084103584,-0.06969692558050156,0.0015152001287788153,-0.02,-0.026000000000000002,ambiguous_stop_loss,1,1,27,2024-07-01
2024-07-05,6664,293.4749450683594,0.5876702912417009,0,0.04761913791298866,0.09841278940439224,-0.04126976057887077,-0.014285629615187645,0.03,0.024,gap_take_profit,1,1,27,2024-07-01
2024-07-05,2405,24.947608947753906,0.5876702912417009,1,0.09842517971992493,0.09842517971992493,0.09645670652389526,0.09842517971992493,0.03,0.024,gap_take_profit,1,0,27,2024-07-01
2024-07-05,1785,74.03608703613281,0.5876702912417009,0,0.03320051729679108,0.05444883555173874,-0.05577696114778519,-0.025232434272766113,0.03,0.024,gap_take_profit,1,1,27,2024-07-01
2024-07-08,8059,37.95000076293945,0.6094713402519552,1,0.06455864757299423,0.09617912024259567,-0.02766796387732029,0.01976284570991993,0.03,0.024,gap_take_profit,1,1,27,2024-07-01
2024-07-08,2405,27.4030818939209,0.6029160696573884,0,0.09677425771951675,0.09677425771951675,-0.09677412360906601,-0.05913974344730377,0.03,0.024,gap_take_profit,1,1,27,2024-07-01
2024-07-08,2312,23.094911575317383,0.6023981037891329,0,0.09873950481414795,0.09873950481414795,-0.07142852991819382,-0.010504208505153656,0.03,0.024,gap_take_profit,1,1,27,2024-07-01
2024-07-08,3685,20.350000381469727,0.5924772577399037,1,0.06142506003379822,0.09828009456396103,0.004914023447781801,0.0319410115480423,0.03,0.024,gap_take_profit,1,0,27,2024-07-01
2024-07-08,3673,47.780094146728516,0.5916038273159081,0,0.08664632588624954,0.09887879341840744,-0.025484157726168633,-0.010193636640906334,0.03,0.024,gap_take_profit,1,1,27,2024-07-01
2024-07-08,6134,25.638383865356445,0.5899238872762812,0,0.06370651721954346,0.06370651721954346,-0.07335908710956573,-0.005791518837213516,0.03,0.024,gap_take_profit,1,1,27,2024-07-01
2024-07-08,6840,82.00239562988281,0.5895786748563222,0,0.04515417665243149,0.04515417665243149,-0.04185020178556442,-0.03083701804280281,0.03,0.024,gap_take_profit,1,1,27,2024-07-01
2024-07-08,6573,15.949999809265137,0.5864372343106641,1,0.07523509860038757,0.09717869758605957,0.021943537518382072,0.09717869758605957,0.03,0.024,gap_take_profit,1,0,27,2024-07-01
2024-07-08,3313,26.75,0.5862456218341241,0,0.028037382289767265,0.0691588893532753,-0.09906540811061859,-0.09906540811061859,-0.02,-0.026000000000000002,ambiguous_stop_loss,1,1,27,2024-07-01
2024-07-08,5475,17.149999618530273,0.5855598927012649,1,0.09912540763616562,0.09912540763616562,-0.03790085390210152,0.04081637039780617,0.03,0.024,gap_take_profit,1,1,27,2024-07-01
2024-07-08,2449,124.79405975341797,0.5855558689423438,0,0.026315823197364807,0.045112814754247665,-0.015037561766803265,-0.011278163641691208,0.03,0.024,take_profit,1,0,27,2024-07-01
2024-07-08,3073,71.9000015258789,0.5831510929731781,0,-0.026425611227750778,-0.026425611227750778,-0.09874823689460754,-0.09874823689460754,-0.026425611227750778,-0.03242561122775078,gap_stop,0,1,27,2024-07-01
2024-07-08,2367,42.5,0.582960211665911,0,0.04000001773238182,0.0729411393404007,-0.06705878674983978,-0.06117643415927887,0.03,0.024,gap_take_profit,1,1,27,2024-07-01
2024-07-08,4510,23.649999618530273,0.5813616838760003,1,0.09936577081680298,0.09936577081680298,-0.01268495712429285,0.09936577081680298,0.03,0.024,gap_take_profit,1,0,27,2024-07-01
2024-07-08,6218,33.09473419189453,0.5813616838760003,1,0.035714395344257355,0.09970254451036453,-0.07440463453531265,0.09970254451036453,0.03,0.024,gap_take_profit,1,1,27,2024-07-01
2024-07-08,5225,119.7104263305664,0.5803038618049308,1,-0.011582985520362854,0.05019307881593704,-0.023165997117757797,0.027027053758502007,-0.02,-0.026000000000000002,ambiguous_stop_loss,1,1,27,2024-07-01
2024-07-08,3511,30.649999618530273,0.5764251072606209,0,0.011419261805713177,0.014681917615234852,-0.07830341160297394,-0.05383359268307686,-0.02,-0.026000000000000002,stop_loss,0,1,27,2024-07-01
2024-07-08,6584,227.2713165283203,0.5748715253972886,1,0.015317300334572792,0.015317300334572792,-0.05032821372151375,0.0021881971042603254,-0.02,-0.026000000000000002,stop_loss,0,1,27,2024-07-01
2024-07-08,8937,28.399999618530273,0.57452337954077,1,0.09859158843755722,0.09859158843755722,0.09859158843755722,0.09859158843755722,0.03,0.024,gap_take_profit,1,0,27,2024-07-01
2024-07-08,1784,135.4420623779297,0.5731967280045779,0,0.020547974854707718,0.06849314272403717,-0.04109587520360947,-0.01712329126894474,-0.02,-0.026000000000000002,ambiguous_stop_loss,1,1,27,2024-07-01
2024-07-09,3029,112.0544204711914,0.6082340753702804,0,0.01293102651834488,0.025862060487270355,-0.02155173197388649,-0.004310352727770805,-0.02,-0.026000000000000002,stop_loss,0,1,27,2024-07-01
2024-07-09,4510,26.0,0.6036352837390833,1,0.04230770841240883,0.10000001639127731,0.0,0.10000001639127731,0.03,0.024,gap_take_profit,1,0,27,2024-07-01
2024-07-09,9902,18.04245948791504,0.6019336347545392,1,-0.01089929323643446,0.08174379169940948,-0.04632161185145378,0.06539496034383774,-0.02,-0.026000000000000002,ambiguous_stop_loss,1,1,27,2024-07-01
2024-07-09,6937,274.92364501953125,0.5884933556470902,1,0.03756706789135933,0.09838996827602386,0.03577815741300583,0.09481214731931686,0.03,0.024,gap_take_profit,1,0,27,2024-07-01
2024-07-09,3162,35.64149856567383,0.586961180924297,1,0.10000000894069672,0.10000000894069672,0.01944451592862606,0.02500009350478649,0.03,0.024,gap_take_profit,1,0,27,2024-07-01
2024-07-09,6806,162.4741668701172,0.5855662548772852,1,0.026865694671869278,0.08955226093530655,-0.008955201134085655,0.06268659234046936,0.03,0.024,take_profit,1,0,27,2024-07-01
2024-07-09,1616,24.574384689331055,0.5852595604343679,1,0.030303120613098145,0.05492432042956352,-0.01515145692974329,0.003787937806919217,0.03,0.024,gap_take_profit,1,0,27,2024-07-01
2024-07-09,6546,164.2903594970703,0.5845556237168642,1,-3.095898648552975e-08,0.06140347570180893,-0.05263160914182663,0.026315758004784584,-0.02,-0.026000000000000002,ambiguous_stop_loss,1,1,27,2024-07-01
2024-07-09,5426,36.21247482299805,0.583717212488965,1,0.017591258510947227,0.0392422191798687,0.0013531413860619068,0.014884940348565578,0.03,0.024,take_profit,1,0,27,2024-07-01
2024-07-09,6152,19.450000762939453,0.5814745542839479,0,-0.010282815434038639,-0.002570752752944827,-0.0642673522233963,-0.0411311611533165,-0.02,-0.026000000000000002,stop_loss,0,1,27,2024-07-01
2024-07-09,6231,383.4602355957031,0.5800587184942959,1,0.07886430621147156,0.09989482909440994,0.06414294242858887,0.09989482909440994,0.03,0.024,gap_take_profit,1,0,27,2024-07-01
2024-07-09,3625,14.75,0.5795886154180657,0,0.0,0.0,-0.07118645310401917,-0.033898305147886276,-0.02,-0.026000000000000002,stop_loss,0,1,27,2024-07-01
2024-07-09,6643,1404.62744140625,0.5777474968346747,0,0.017730578780174255,0.0283688772469759,-0.028368715196847916,-0.0035460186190903187,-0.02,-0.026000000000000002,stop_loss,0,1,27,2024-07-01
2024-07-09,8937,31.200000762939453,0.5766436025469146,1,0.0993589237332344,0.0993589237332344,-0.06410256028175354,0.0993589237332344,0.03,0.024,gap_take_profit,1,1,27,2024-07-01
2024-07-09,3555,40.150001525878906,0.5765613719356583,0,0.014943921938538551,0.021170571446418762,-0.048567887395620346,-0.0037360279820859432,-0.02,-0.026000000000000002,stop_loss,0,1,27,2024-07-01
2024-07-09,6133,22.950000762939453,0.5741619297090574,1,0.013071862049400806,0.05228753015398979,-0.07189548760652542,0.04575159773230553,-0.02,-0.026000000000000002,ambiguous_stop_loss,1,1,27,2024-07-01
2024-07-09,2006,66.5342025756836,0.5615451056654474,0,0.004273519851267338,0.004273519851267338,-0.009971494786441326,-0.0071225352585315704,-0.0071225352585315704,-0.01312253525853157,close,0,0,27,2024-07-01
2024-07-09,6218,36.39436340332031,0.5565637858837349,1,0.031123066321015358,0.08254394680261612,-0.04871446639299393,0.012178630568087101,0.03,0.024,gap_take_profit,1,1,27,2024-07-01
2024-07-09,2393,67.14175415039062,0.5542992997125741,1,0.007978764362633228,0.013297832570970058,-0.00265957391820848,0.00398936215788126,0.00398936215788126,-0.00201063784211874,close,0,0,27,2024-07-01
2024-07-09,2324,32.79205322265625,0.5531068757137901,1,0.010263985954225063,0.04545462504029274,0.008797732181847095,0.023460490629076958,0.03,0.024,take_profit,1,0,27,2024-07-01
2024-07-10,1513,228.0,0.5538942649648876,0,0.008771929889917374,0.030701754614710808,-0.02631578966975212,0.0,-0.02,-0.026000000000000002,ambiguous_stop_loss,1,1,27,2024-07-01
2024-07-10,3535,61.73466491699219,0.5535362149717044,1,0.09951844066381454,0.09951844066381454,0.09951844066381454,0.09951844066381454,0.03,0.024,gap_take_profit,1,0,27,2024-07-01
2024-07-10,8103,62.883399963378906,0.5457215697450696,1,0.042274147272109985,0.09329456090927124,0.0262391809374094,0.03790092468261719,0.03,0.024,gap_take_profit,1,0,27,2024-07-01
2024-07-10,6270,33.621524810791016,0.542323294594859,1,0.05681813508272171,0.06960225105285645,0.009943095967173576,0.03267034515738487,0.03,0.024,gap_take_profit,1,0,27,2024-07-01
2024-07-10,2477,23.36314582824707,0.5402891222481148,1,0.09898990392684937,0.09898990392684937,0.08080805093050003,0.09898990392684937,0.03,0.024,gap_take_profit,1,0,27,2024-07-01
2024-07-10,9906,119.2080307006836,0.5395772571708467,0,0.024000007659196854,0.036000028252601624,-0.03199996426701546,-0.003999978303909302,-0.02,-0.026000000000000002,ambiguous_stop_loss,1,1,27,2024-07-01
2024-07-10,6442,421.7060241699219,0.5395478451938605,1,0.08796290308237076,0.09953697770833969,0.055555496364831924,0.09953697770833969,0.03,0.024,gap_take_profit,1,0,27,2024-07-01
2024-07-10,1736,101.90876007080078,0.5358997212325466,1,-0.014218050986528397,0.04265398532152176,-0.03317539766430855,0.01895730383694172,-0.02,-0.026000000000000002,ambiguous_stop_loss,1,1,27,2024-07-01
2024-07-10,2316,60.34636688232422,0.5327220583892468,0,-0.050903186202049255,-0.03776691108942032,-0.09688018262386322,-0.09195408970117569,-0.050903186202049255,-0.056903186202049254,gap_stop,0,1,27,2024-07-01
2024-07-10,6118,26.600000381469727,0.5322956004073621,0,0.005639083217829466,0.030075158923864365,-0.02443607524037361,-0.011278238147497177,-0.02,-0.026000000000000002,ambiguous_stop_loss,1,1,27,2024-07-01
2024-07-10,3094,39.88646697998047,0.5315780578105779,0,-0.002490651560947299,-0.002490651560947299,-0.03362390398979187,-0.012453234754502773,-0.02,-0.026000000000000002,stop_loss,0,1,27,2024-07-01
2024-07-10,6937,300.98974609375,0.5310063911536432,1,0.09150316566228867,0.09803911298513412,-9.092461539239594e-08,0.013071803376078606,0.03,0.024,gap_take_profit,1,0,27,2024-07-01
2024-07-10,6231,421.76593017578125,0.5298068761607125,1,-0.01576927676796913,0.10076917707920074,-0.03076927550137043,0.10076917707920074,-0.02,-0.026000000000000002,ambiguous_stop_loss,1,1,27,2024-07-01
2024-07-10,4927,43.04999923706055,0.5296197705876957,1,0.09175379574298859,0.09988383948802948,0.05458774417638779,0.09988383948802948,0.03,0.024,gap_take_profit,1,0,27,2024-07-01
2024-07-10,8028,121.17162322998047,0.5292379648853276,1,0.02439022623002529,0.06097559258341789,-0.01219513826072216,0.016260145232081413,0.03,0.024,take_profit,1,0,27,2024-07-01
2024-07-10,3312,99.82184600830078,0.5281698871978784,1,0.023923441767692566,0.05741626396775246,-0.028708137571811676,0.03349281847476959,-0.02,-0.026000000000000002,ambiguous_stop_loss,1,1,27,2024-07-01
2024-07-10,6530,52.31169128417969,0.5277928675449183,1,0.09090908616781235,0.09090908616781235,0.001855299575254321,0.03710579127073288,0.03,0.024,gap_take_profit,1,0,27,2024-07-01
2024-07-10,3363,177.0,0.5277928675449183,1,0.025423727929592133,0.09887005388736725,0.0,0.09887005388736725,0.03,0.024,take_profit,1,0,27,2024-07-01
2024-07-10,3163,154.3539276123047,0.5270712846298448,1,0.03184716776013374,0.09554143249988556,0.006369458045810461,0.05095544829964638,0.03,0.024,gap_take_profit,1,0,27,2024-07-01
2024-07-10,8064,59.6748046875,0.5268589880365555,1,0.023102371022105217,0.052805330604314804,-0.006600588094443083,0.011551203206181526,0.03,0.024,take_profit,1,0,27,2024-07-01
2024-07-11,2312,25.08418083190918,0.6049602030611109,1,0.025145044550299644,0.09864599257707596,-0.009671187028288841,0.06576397269964218,0.03,0.024,take_profit,1,0,27,2024-07-01
2024-07-11,1540,23.694034576416016,0.6046592167886221,1,0.009633948095142841,0.09826590120792389,0.0077071222476661205,0.09826590120792389,0.03,0.024,take_profit,1,0,27,2024-07-01
2024-07-11,4927,47.349998474121094,0.5990784082528429,1,0.04540657997131348,0.09820489585399628,0.04540657997131348,0.09820489585399628,0.03,0.024,gap_take_profit,1,0,27,2024-07-01
2024-07-11,2477,25.675861358642578,0.5988288478749272,1,-0.02022058144211769,0.08823533356189728,-0.05330880358815193,0.04779413715004921,-0.02022058144211769,-0.02622058144211769,gap_stop,1,1,27,2024-07-01
2024-07-11,3019,86.16889190673828,0.5987350114195819,1,0.007882820442318916,0.04504501447081566,-0.019144222140312195,0.01463955920189619,0.03,0.024,take_profit,1,0,27,2024-07-01
2024-07-11,3607,20.355487823486328,0.5981558154256673,1,-0.01133786141872406,0.06575968116521835,-0.02947843447327614,0.029478535056114197,-0.02,-0.026000000000000002,ambiguous_stop_loss,1,1,27,2024-07-01
2024-07-11,1316,21.450000762939453,0.5938972260104802,0,0.0,0.011655011214315891,-0.07925411313772202,-0.07692314684391022,-0.02,-0.026000000000000002,stop_loss,0,1,27,2024-07-01
2024-07-11,6231,464.2669372558594,0.5937329711167167,0,-0.020964372903108597,-0.020964372903108597,-0.05660378560423851,-0.05660378560423851,-0.020964372903108597,-0.026964372903108595,gap_stop,0,1,27,2024-07-01
2024-07-11,3189,109.0,0.5932264285978118,1,0.01834862306714058,0.09633027762174606,0.00917431153357029,0.09633027762174606,0.03,0.024,take_profit,1,0,27,2024-07-01
2024-07-11,3374,228.318359375,0.5932264285978118,0,-0.03870971500873566,-0.025806492194533348,-0.07096777856349945,-0.07096777856349945,-0.03870971500873566,-0.044709715008735655,gap_stop,0,1,27,2024-07-01
2024-07-11,3047,46.45000076293945,0.5924319035686465,0,-0.02798706665635109,-0.02152852527797222,-0.0958019495010376,-0.0958019495010376,-0.02798706665635109,-0.03398706665635109,gap_stop,0,1,27,2024-07-01
2024-07-11,3073,67.4000015258789,0.5923868028035911,1,-0.010385824367403984,0.09940648078918457,-0.014836794696748257,0.09940648078918457,0.03,0.024,take_profit,1,0,27,2024-07-01
2024-07-11,3379,39.68540573120117,0.5922432963532106,1,-6.420047071742374e-08,0.0992555171251297,-0.03473946079611778,0.0992555171251297,-0.02,-0.026000000000000002,ambiguous_stop_loss,1,1,27,2024-07-01
2024-07-11,6151,28.995384216308594,0.5918379294440603,1,-1.515684289188357e-08,0.09852214902639389,-0.004926173482090235,0.09852214902639389,0.03,0.024,take_profit,1,0,27,2024-07-01
2024-07-11,3363,194.5,0.5916976409956098,0,0.0,0.0,-0.09254498779773712,-0.08226221054792404,-0.02,-0.026000000000000002,stop_loss,0,1,27,2024-07-01
2024-07-11,1529,36.75935363769531,0.5911708311526311,1,0.09803919494152069,0.09803919494152069,0.003921490628272295,0.01830059476196766,0.03,0.024,gap_take_profit,1,0,27,2024-07-01
2024-07-11,2243,23.0,0.5889460560281103,1,0.063043512403965,0.09999996423721313,-0.07826083898544312,0.09999996423721313,0.03,0.024,gap_take_profit,1,1,27,2024-07-01
2024-07-11,3712,59.86414337158203,0.5858602055386462,1,-0.00914628803730011,0.0655488595366478,-0.03201214224100113,0.021341517567634583,-0.02,-0.026000000000000002,ambiguous_stop_loss,1,1,27,2024-07-01
2024-07-11,6442,463.6813659667969,0.5824486809007923,0,-0.013684172183275223,0.0421053022146225,-0.04842101410031319,-0.001052592764608562,-0.02,-0.026000000000000002,ambiguous_stop_loss,1,1,27,2024-07-01
2024-07-11,3037,187.1795196533203,0.5821632845201586,1,-0.007915547117590904,0.04749342426657677,-0.01583111472427845,0.002638543024659157,0.03,0.024,take_profit,1,0,27,2024-07-01
2024-07-12,6492,47.29999923706055,0.6401472485456678,1,0.09936577081680298,0.09936577081680298,0.09936577081680298,0.09936577081680298,0.03,0.024,gap_take_profit,1,0,27,2024-07-01
2024-07-12,4927,52.0,0.6281519854401251,1,0.0884615108370781,0.09615384787321091,0.0,0.055769260972738266,0.03,0.024,gap_take_profit,1,0,27,2024-07-01
2024-07-12,1608,41.639198303222656,0.628142698225095,0,0.03121384233236313,0.04277453571557999,-0.04624276980757713,-0.027745677158236504,0.03,0.024,gap_take_profit,1,1,27,2024-07-01
2024-07-12,2404,319.6585998535156,0.6272816262352471,0,0.007518842816352844,0.007518842816352844,-0.01804506778717041,-0.003007473424077034,-0.003007473424077034,-0.009007473424077034,close,0,0,27,2024-07-01
2024-07-12,2489,24.91061019897461,0.6268325149767005,1,0.08775510638952255,0.10000001639127731,0.02244899794459343,0.061224546283483505,0.03,0.024,gap_take_profit,1,0,27,2024-07-01
2024-07-12,1540,26.022350311279297,0.6267581712230224,1,0.09999995678663254,0.09999995678663254,0.09473681449890137,0.09999995678663254,0.03,0.024,gap_take_profit,1,0,27,2024-07-01
2024-07-12,3189,119.5,0.6232974471435211,1,0.0041841003112494946,0.025104602798819542,-0.03765690326690674,0.0041841003112494946,-0.02,-0.026000000000000002,stop_loss,0,1,27,2024-07-01
2024-07-12,1727,33.6617431640625,0.6228222513407279,1,0.09275360405445099,0.09420286118984222,0.020289840176701546,0.039130352437496185,0.03,0.024,gap_take_profit,1,0,27,2024-07-01
2024-07-12,8103,71.77507781982422,0.6211072766810539,0,0.04725411534309387,0.06513408571481705,-0.07535122334957123,-0.05491701886057854,0.03,0.024,gap_take_profit,1,1,27,2024-07-01
2024-07-12,3073,74.0999984741211,0.621050446169857,1,0.09986507147550583,0.09986507147550583,0.09986507147550583,0.09986507147550583,0.03,0.024,gap_take_profit,1,0,27,2024-07-01
2024-07-12,3535,74.61669921875,0.619583597301067,1,0.04249671846628189,0.09827356785535812,0.001328077632933855,0.0053120809607207775,0.03,0.024,gap_take_profit,1,0,27,2024-07-01
2024-07-12,1590,959.84521484375,0.6192729290933882,1,0.017346927896142006,0.017346927896142006,-0.0020408276468515396,0.004081621300429106,0.004081621300429106,-0.0019183786995708944,close,0,0,27,2024-07-01
2024-07-12,1597,96.521484375,0.6189545411305343,0,0.011212991550564766,0.049949005246162415,-0.06014276668429375,-0.04892965778708458,-0.02,-0.026000000000000002,ambiguous_stop_loss,1,1,27,2024-07-01
2024-07-12,9955,38.599998474121094,0.6179052069955572,0,0.031088104471564293,0.03626947104930878,-0.09067358076572418,-0.08031084388494492,0.03,0.024,gap_take_profit,1,1,27,2024-07-01
2024-07-12,2243,25.299999237060547,0.6170353305759274,1,0.05928853899240494,0.0988142341375351,0.00790516845881939,0.06126486882567406,0.03,0.024,gap_take_profit,1,0,27,2024-07-01
2024-07-12,9914,217.61643981933594,0.6168699442079827,1,0.01948048174381256,0.021644985303282738,-0.008658044971525669,0.010822474025189877,0.010822474025189877,0.004822474025189876,close,0,0,27,2024-07-01
2024-07-12,1587,51.8282470703125,0.6157740871382114,0,0.005424945615231991,0.005424945615231991,-0.01808321103453636,-0.01627487502992153,-0.01627487502992153,-0.02227487502992153,close,0,0,27,2024-07-01
2024-07-12,1476,518.011962890625,0.6142626195132311,1,0.011111118830740452,0.020370379090309143,7.740379004417264e-09,0.014814822934567928,0.014814822934567928,0.008814822934567928,close,0,0,27,2024-07-01
2024-07-12,1721,16.600000381469727,0.6132793725314396,1,0.04819272458553314,0.08132532238960266,0.0,0.0030120022129267454,0.03,0.024,gap_take_profit,1,0,27,2024-07-01
2024-07-12,9921,207.55047607421875,0.6131814607790605,0,4.1811443196593245e-09,0.004618941806256771,-0.030023090541362762,-0.025404153391718864,-0.02,-0.026000000000000002,stop_loss,0,1,27,2024-07-01
2024-07-15,1540,28.624584197998047,0.6262002337258147,1,0.03349292278289795,0.08293468505144119,-0.027113189920783043,0.035087794065475464,0.03,0.024,gap_take_profit,1,1,27,2024-07-01
2024-07-15,6472,757.6400146484375,0.6155321892667709,0,0.004228375386446714,0.030655387789011,-0.014799132011830807,-0.009513682685792446,0.03,0.024,take_profit,1,0,27,2024-07-01
2024-07-15,3013,109.5944595336914,0.6127829487868677,1,0.027149347588419914,0.09954753518104553,0.022624459117650986,0.09954753518104553,0.03,0.024,take_profit,1,0,27,2024-07-01
2024-07-15,4729,19.075485229492188,0.6104073214426632,1,0.06649618595838547,0.09974424540996552,0.03836313262581825,0.09974424540996552,0.03,0.024,gap_take_profit,1,0,27,2024-07-01
2024-07-15,6449,178.43963623046875,0.6099644438761277,1,0.013550180941820145,0.08401089161634445,4.5088320632657997e-08,0.043360479176044464,0.03,0.024,take_profit,1,0,27,2024-07-01
2024-07-15,4956,30.350000381469727,0.6090203427697173,0,0.03294892981648445,0.0675453394651413,-0.028006602078676224,-0.024711696431040764,0.03,0.024,gap_take_profit,1,1,27,2024-07-01
2024-07-15,6695,76.0,0.6070905533922871,0,0.017105303704738617,0.03815791383385658,-0.019736841320991516,0.0,0.03,0.024,take_profit,1,0,27,2024-07-01
2024-07-15,2348,193.2615966796875,0.6062644193618452,1,0.0373002365231514,0.0994672030210495,0.024866858497262,0.0994672030210495,0.03,0.024,gap_take_profit,1,0,27,2024-07-01
2024-07-15,2537,25.0,0.6057983898037754,1,0.02400001510977745,0.10000000149011612,0.015999983996152878,0.10000000149011612,0.03,0.024,take_profit,1,0,27,2024-07-01
2024-07-15,8936,82.07511901855469,0.6051720022507683,0,0.0011890280293300748,0.019024938344955444,-0.024970270693302155,-0.002378099597990513,-0.02,-0.026000000000000002,stop_loss,0,1,27,2024-07-01
2024-07-15,5225,127.56787109375,0.6044014819736521,1,-0.007246398366987705,0.047101426869630814,-0.007246398366987705,0.028985485434532166,0.03,0.024,take_profit,1,0,27,2024-07-01
2024-07-15,2540,136.9765167236328,0.6027298130496054,1,-0.016393523663282394,0.09601861983537674,-0.016393523663282394,0.03044494427740574,0.03,0.024,take_profit,1,0,27,2024-07-01
2024-07-15,8054,165.5,0.601902670916498,1,0.024169184267520905,0.08459214866161346,-0.01812688820064068,0.03625377640128136,0.03,0.024,take_profit,1,0,27,2024-07-01
2024-07-15,2465,123.5,0.5954499227064384,1,0.028340080752968788,0.044534411281347275,0.012145749293267727,0.012145749293267727,0.03,0.024,take_profit,1,0,27,2024-07-01
2024-07-15,3073,81.5,0.5950181277462404,0,0.044171761721372604,0.09938648343086243,-0.07239265739917755,-0.05766867473721504,0.03,0.024,gap_take_profit,1,1,27,2024-07-01
2024-07-15,6492,52.0,0.586544919770986,1,0.09615384787321091,0.10000001639127731,0.06730769574642181,0.10000001639127731,0.03,0.024,gap_take_profit,1,0,27,2024-07-01
2024-07-15,2308,407.7465515136719,0.580874234013348,0,-0.01686745695769787,0.006024110596626997,-0.01686745695769787,-0.006024082191288471,-0.006024082191288471,-0.012024082191288471,close,0,0,27,2024-07-01
2024-07-15,8111,24.57061195373535,0.5787576809018969,0,-5.736643871045999e-08,0.007999972440302372,-0.006000041961669922,-0.006000041961669922,-0.006000041961669922,-0.012000041961669922,close,0,0,27,2024-07-01
2024-07-15,5274,4364.4873046875,0.5787576809018969,1,0.01812005415558815,0.05096263810992241,0.01245754025876522,0.05096263810992241,0.03,0.024,take_profit,1,0,27,2024-07-01
2024-07-15,3580,78.53521728515625,0.5776014454378551,0,0.0012194141745567322,0.029268229380249977,-0.0036586527712643147,-0.0012195728486403823,-0.0012195728486403823,-0.007219572848640382,close,0,0,27,2024-07-01
2024-07-16,3013,120.50431823730469,0.5660668610086067,1,0.045267459005117416,0.09876539558172226,0.03703700751066208,0.09876539558172226,0.03,0.024,gap_take_profit,1,0,27,2024-07-01
2024-07-16,6151,34.70875930786133,0.5629297506675742,0,-0.008230475708842278,0.024691248312592506,-0.03429359570145607,-0.013717465102672577,-0.02,-0.026000000000000002,stop_loss,0,1,27,2024-07-01
2024-07-16,6155,30.318737030029297,0.5589852870891824,1,0.04100945219397545,0.09936902672052383,0.014195620082318783,0.04100945219397545,0.03,0.024,gap_take_profit,1,0,27,2024-07-01
2024-07-16,2538,20.35308074951172,0.5585116622221474,0,0.022173035889863968,0.03104221820831299,-0.053215015679597855,-0.03991115465760231,-0.02,-0.026000000000000002,ambiguous_stop_loss,1,1,27,2024-07-01
2024-07-16,2348,212.4847869873047,0.5565624775248574,0,0.09854606539011002,0.09854606539011002,-0.03392566740512848,-0.016155080869793892,0.03,0.024,gap_take_profit,1,1,27,2024-07-01
2024-07-16,6492,57.20000076293945,0.551554018498941,1,0.005244741681963205,0.06643354892730713,-0.07167836278676987,0.02972029335796833,-0.02,-0.026000000000000002,ambiguous_stop_loss,1,1,27,2024-07-01
2024-07-16,3379,45.495426177978516,0.5477085865698254,1,0.01839824952185154,0.07900429517030716,0.00974029116332531,0.028138525784015656,0.03,0.024,take_profit,1,0,27,2024-07-01
2024-07-16,6442,501.7520751953125,0.5472366562076241,1,0.03696489706635475,0.0856030210852623,0.0019454434514045715,0.025291744619607925,0.03,0.024,gap_take_profit,1,0,27,2024-07-01
2024-07-16,2537,27.5,0.5468655046759048,0,0.036363635212183,0.08181817829608917,-0.030909104272723198,-0.007272754795849323,0.03,0.024,gap_take_profit,1,1,27,2024-07-01
2024-07-16,3673,52.50453186035156,0.546496525059298,0,0.016697533428668976,0.03339514881372452,-0.022263474762439728,-0.011131779290735722,-0.02,-0.026000000000000002,ambiguous_stop_loss,1,1,27,2024-07-01
2024-07-16,4906,43.167816162109375,0.5442780168280869,0,0.0032751241233199835,0.008733639493584633,-0.05349348485469818,-0.05021834373474121,-0.02,-0.026000000000000002,stop_loss,0,1,27,2024-07-01
2024-07-16,2402,40.172943115234375,0.5419567603708014,1,0.040284331887960434,0.09004732966423035,0.003554405178874731,0.04265396669507027,0.03,0.024,gap_take_profit,1,0,27,2024-07-01
2024-07-16,4513,47.97377014160156,0.5404314104633146,1,0.011673144064843655,0.04085605591535568,-0.023346319794654846,0.01556420512497425,-0.02,-0.026000000000000002,ambiguous_stop_loss,1,1,27,2024-07-01
2024-07-16,8105,20.98112678527832,0.5402135769144661,1,0.042653996497392654,0.0995260700583458,0.023696670308709145,0.0995260700583458,0.03,0.024,gap_take_profit,1,0,27,2024-07-01
2024-07-16,8927,53.95392990112305,0.5392240489486173,1,0.008287269622087479,0.08149171620607376,-0.022099489346146584,0.05939224362373352,-0.02,-0.026000000000000002,ambiguous_stop_loss,1,1,27,2024-07-01
2024-07-16,9906,133.51300048828125,0.5381455021772235,1,0.08214271068572998,0.08928558230400085,0.04285704717040062,0.07142852246761322,0.03,0.024,gap_take_profit,1,0,27,2024-07-01
2024-07-16,6231,465.7268981933594,0.5367889063296077,1,0.006269598379731178,0.07628004997968674,0.006269598379731178,0.06792058795690536,0.03,0.024,take_profit,1,0,27,2024-07-01
2024-07-16,4113,56.29999923706055,0.5363046643251603,1,0.03019539639353752,0.08348136395215988,-0.007104755379259586,0.015985818579792976,0.03,0.024,gap_take_profit,1,0,27,2024-07-01
2024-07-16,3294,41.27229309082031,0.5359666993805726,1,0.023923441767692566,0.05980860814452171,-0.009569327346980572,0.04545458033680916,0.03,0.024,take_profit,1,0,27,2024-07-01
2024-07-16,6834,49.7170524597168,0.5315021032955815,0,0.031683191657066345,0.04950500279664993,-0.069306880235672,-0.043564323335886,0.03,0.024,gap_take_profit,1,1,27,2024-07-01
2024-07-17,2365,63.67100524902344,0.4795583612987041,1,0.018433231860399246,0.07219666987657547,-0.043010760098695755,0.02764979749917984,-0.02,-0.026000000000000002,ambiguous_stop_loss,1,1,27,2024-07-01
2024-07-17,5508,233.7391357421875,0.47178714817977996,1,-0.028409089893102646,0.0416666679084301,-0.04734848439693451,0.003787880763411522,-0.028409089893102646,-0.034409089893102644,gap_stop,1,1,27,2024-07-01
2024-07-17,3013,132.40597534179688,0.47127240358001504,0,-0.011235952377319336,0.018726594746112823,-0.06367041170597076,-0.056179773062467575,-0.02,-0.026000000000000002,stop_loss,0,1,27,2024-07-01
2024-07-17,3189,132.0,0.4706897258725154,0,-0.02651515230536461,-0.018939394503831863,-0.07575757801532745,-0.05303030461072922,-0.02651515230536461,-0.03251515230536461,gap_stop,0,1,27,2024-07-01
2024-07-17,1709,24.667499542236328,0.46503162211926496,1,-0.011857659555971622,0.02766803465783596,-0.051383353769779205,0.01778661087155342,-0.02,-0.026000000000000002,stop_loss,0,1,27,2024-07-01
2024-07-17,2419,35.20000076293945,0.46463204449118056,1,0.014204544946551323,0.09943181276321411,0.005681839771568775,0.09943181276321411,0.03,0.024,take_profit,1,0,27,2024-07-01
2024-07-17,8054,188.5,0.4641141787729118,0,-0.007957560010254383,0.007957560010254383,-0.08222811669111252,-0.07161803543567657,-0.02,-0.026000000000000002,stop_loss,0,1,27,2024-07-01
2024-07-17,3073,84.4000015258789,0.46378095132594604,1,0.0071089863777160645,0.09952608495950699,0.0071089863777160645,0.09952608495950699,0.03,0.024,take_profit,1,0,27,2024-07-01
2024-07-17,2362,57.1727409362793,0.46123579110169066,0,-0.011570260860025883,0.03471072018146515,-0.028099186718463898,0.0,-0.02,-0.026000000000000002,ambiguous_stop_loss,1,1,27,2024-07-01
2024-07-17,3163,174.5084228515625,0.4600154951620136,0,-0.022535208612680435,0.07042253762483597,-0.039436616003513336,-0.030985914170742035,-0.022535208612680435,-0.028535208612680434,gap_stop,1,1,27,2024-07-01
2024-07-17,2444,16.600000381469727,0.45957533428470126,1,-0.036144599318504333,0.04819272458553314,-0.036144599318504333,0.01204812340438366,-0.036144599318504333,-0.04214459931850433,gap_stop,1,1,27,2024-07-01
2024-07-17,3230,19.713245391845703,0.4592401652130584,1,0.025188960134983063,0.09823676198720932,-0.025188876315951347,0.09823676198720932,-0.02,-0.026000000000000002,ambiguous_stop_loss,1,1,27,2024-07-01
2024-07-17,1611,20.260974884033203,0.4589689600973929,0,-0.014084520749747753,0.011737039312720299,-0.05164317041635513,-0.023474227637052536,-0.02,-0.026000000000000002,stop_loss,0,1,27,2024-07-01
2024-07-17,4903,29.299999237060547,0.45828372606992873,1,0.00853242352604866,0.09897616505622864,-0.027303729206323624,0.09897616505622864,-0.02,-0.026000000000000002,ambiguous_stop_loss,1,1,27,2024-07-01
2024-07-17,4909,123.300537109375,0.4569218259278531,0,0.011111060157418251,0.03333327919244766,-0.08148153126239777,-0.040740787982940674,-0.02,-0.026000000000000002,ambiguous_stop_loss,1,1,27,2024-07-01
2024-07-17,6270,35.770626068115234,0.4563950724258125,0,-0.03204275667667389,-0.00801067240536213,-0.07877172529697418,-0.06275040656328201,-0.03204275667667389,-0.03804275667667389,gap_stop,0,1,27,2024-07-01
2024-07-17,3518,32.45000076293945,0.4555709870935912,1,-0.027735022827982903,0.09861326962709427,-0.043143343180418015,0.09861326962709427,-0.027735022827982903,-0.0337350228279829,gap_stop,1,1,27,2024-07-01
2024-07-17,6640,701.8181762695312,0.4546832948490482,0,-0.034722182899713516,0.027777820825576782,-0.06527774035930634,-0.04999995976686478,-0.034722182899713516,-0.040722182899713515,gap_stop,0,1,27,2024-07-01
2024-07-17,3040,33.75984191894531,0.453773320983758,0,-0.008746287785470486,0.0349854938685894,-0.029154473915696144,-0.02332354709506035,-0.02,-0.026000000000000002,ambiguous_stop_loss,1,1,27,2024-07-01
2024-07-17,6125,107.87628936767578,0.4517079883286543,1,-0.03669726476073265,0.036697231233119965,-0.04128441959619522,0.027522919699549675,-0.03669726476073265,-0.04269726476073265,gap_stop,1,1,27,2024-07-01
2024-07-18,4303,48.5518684387207,0.5783447227739035,0,0.013065357692539692,0.02512562833726406,-0.015075377188622952,0.0,0.0,-0.006,close,0,0,27,2024-07-01
2024-07-18,4916,34.1247673034668,0.5689426664174727,1,0.021707741543650627,0.09696107357740402,0.01881342940032482,0.039073944091796875,0.03,0.024,take_profit,1,0,27,2024-07-01
2024-07-18,6419,161.68617248535156,0.5593396912799318,0,0.02245868742465973,0.02245868742465973,-0.048463303595781326,-0.048463303595781326,-0.02,-0.026000000000000002,stop_loss,0,1,27,2024-07-01
2024-07-18,3230,21.649810791015625,0.5586458500158035,1,0.022935768589377403,0.09862391650676727,0.022935768589377403,0.09862391650676727,0.03,0.024,take_profit,1,0,27,2024-07-01
2024-07-18,6841,100.61200714111328,0.5413407197545822,0,-6.233946248102029e-09,0.00980391539633274,-0.03431373089551926,-0.027451016008853912,-0.02,-0.026000000000000002,stop_loss,0,1,27,2024-07-01
2024-07-18,3653,1109.06396484375,0.5398488586119906,1,-2.3171804031107968e-08,0.03571426123380661,-0.01785716600716114,0.01785711944103241,0.03,0.024,take_profit,1,0,27,2024-07-01
2024-07-18,8111,23.489503860473633,0.5390108468167133,0,0.00209212233312428,0.00209212233312428,-0.023012496531009674,-0.023012496531009674,-0.02,-0.026000000000000002,stop_loss,0,1,27,2024-07-01
2024-07-18,1402,31.272798538208008,0.5374135511346483,1,0.0015197675675153732,0.007598817814141512,-0.009118599817156792,0.004559234715998173,0.004559234715998173,-0.0014407652840018274,close,0,0,27,2024-07-01
2024-07-18,3594,50.27574157714844,0.5373980917364576,0,0.0019607103895395994,0.0019607103895395994,-0.05490198731422424,-0.05392161011695862,-0.02,-0.026000000000000002,stop_loss,0,1,27,2024-07-01
2024-07-18,3498,49.900001525878906,0.5370521311778842,1,0.01603204756975174,0.06212421506643295,0.006012008525431156,0.020040079951286316,0.03,0.024,take_profit,1,0,27,2024-07-01
2024-07-18,3455,110.55347442626953,0.5360321119713398,0,0.004184139426797628,0.025104641914367676,-0.00836816243827343,-0.004184061661362648,-0.004184061661362648,-0.010184061661362648,close,0,0,27,2024-07-01
2024-07-18,6877,45.79030990600586,0.5360321119713398,0,-0.0036035499069839716,-0.0036035499069839716,-0.0270269513130188,-0.01621614396572113,-0.02,-0.026000000000000002,stop_loss,0,1,27,2024-07-01
2024-07-18,3675,334.3536071777344,0.5356330609514287,0,0.013005797751247883,0.015895970165729523,-0.023121370002627373,-0.020231196656823158,-0.02,-0.026000000000000002,stop_loss,0,1,27,2024-07-01
2024-07-18,6134,22.718181610107422,0.5338404896620597,0,-0.008714585565030575,-0.0065359692089259624,-0.041394323110580444,-0.03703700751066208,-0.02,-0.026000000000000002,stop_loss,0,1,27,2024-07-01
2024-07-18,6517,71.47896575927734,0.5337576385131785,0,0.006702431943267584,0.006702431943267584,-0.0214476827532053,-0.0214476827532053,-0.02,-0.026000000000000002,stop_loss,0,1,27,2024-07-01
2024-07-18,2455,168.3996124267578,0.5333590672966315,0,0.005780315026640892,0.005780315026640892,-0.043352629989385605,-0.03468210995197296,-0.02,-0.026000000000000002,stop_loss,0,1,27,2024-07-01
2024-07-18,6188,102.33222198486328,0.5330212930826835,0,-2.1250020409979697e-08,0.014150922186672688,-0.02358492650091648,-0.02358492650091648,-0.02,-0.026000000000000002,stop_loss,0,1,27,2024-07-01
2024-07-18,1325,30.04497528076172,0.532550338170938,0,1.517958914121209e-08,1.517958914121209e-08,-0.03459639847278595,-0.03130149096250534,-0.02,-0.026000000000000002,stop_loss,0,1,27,2024-07-01
2024-07-18,4571,129.8809051513672,0.5315298301410075,0,0.0,0.018656715750694275,-0.007462686393409967,0.0,0.0,-0.006,close,0,0,27,2024-07-01
2024-07-18,5381,33.95000076293945,0.5311643615949051,0,0.013254808261990547,0.013254808261990547,-0.010309345088899136,-0.010309345088899136,-0.010309345088899136,-0.016309345088899134,close,0,0,27,2024-07-01
2024-07-19,3583,414.6610107421875,0.6729972588567327,0,-0.004761884454637766,0.02142859250307083,-0.09404759854078293,-0.06904760003089905,-0.02,-0.026000000000000002,stop_loss,0,1,27,2024-07-01
2024-07-19,3131,1374.2821044921875,0.6678425068978657,1,0.0035460630897432566,0.02482265792787075,-0.04255322739481926,0.0035460630897432566,-0.02,-0.026000000000000002,stop_loss,0,1,27,2024-07-01
2024-07-19,6640,733.0101318359375,0.6660736242451296,0,0.025265930220484734,0.042553164064884186,-0.04920215159654617,-0.043883003294467926,-0.02,-0.026000000000000002,ambiguous_stop_loss,1,1,27,2024-07-01
2024-07-19,1529,37.91258239746094,0.6653022822865425,0,0.05703432857990265,0.096324622631073,-0.021546155214309692,-0.011406687088310719,0.03,0.024,gap_take_profit,1,1,27,2024-07-01
2024-07-19,1721,15.949999809265137,0.6644004614677149,0,-0.0031348082702606916,0.0031348082702606916,-0.04388713464140892,-0.021943537518382072,-0.02,-0.026000000000000002,stop_loss,0,1,27,2024-07-01
2024-07-19,8935,20.200000762939453,0.664392963153005,1,-0.037128712981939316,0.01980196125805378,-0.05693076550960541,0.004950419533997774,-0.037128712981939316,-0.043128712981939314,gap_stop,0,1,27,2024-07-01
2024-07-19,4566,109.06809997558594,0.6637218343737397,0,0.008928511291742325,0.026785653084516525,-0.09821433573961258,-0.09821433573961258,-0.02,-0.026000000000000002,stop_loss,0,1,27,2024-07-01
2024-07-19,3622,62.02592849731445,0.6625228733491751,0,-2.311904889751304e-09,0.0059171803295612335,-0.039940785616636276,-0.02958580106496811,-0.02,-0.026000000000000002,stop_loss,0,1,27,2024-07-01
2024-07-19,2613,33.373138427734375,0.6623931768902706,0,-0.008721113204956055,-0.0014536726521328092,-0.027616392821073532,-0.010174578987061977,-0.02,-0.026000000000000002,stop_loss,0,1,27,2024-07-01
2024-07-19,6789,318.7911376953125,0.6623658268984496,0,-0.003095956752076745,-0.0015479691792279482,-0.049535587430000305,-0.03715168684720993,-0.02,-0.026000000000000002,stop_loss,0,1,27,2024-07-01
2024-07-19,2615,68.54244232177734,0.6622361008545034,0,-0.021096989512443542,0.008438856340944767,-0.04360048472881317,-0.0014063898706808686,-0.021096989512443542,-0.02709698951244354,gap_stop,0,1,27,2024-07-01
2024-07-19,2329,50.95566177368164,0.6621351039792163,0,-0.0038314666599035263,0.003831397509202361,-0.04022996127605438,-0.02873566560447216,-0.02,-0.026000000000000002,stop_loss,0,1,27,2024-07-01
2024-07-19,2368,200.9248504638672,0.6614846645566429,0,0.0024331030435860157,0.0024331030435860157,-0.04622869938611984,-0.026763977482914925,-0.02,-0.026000000000000002,stop_loss,0,1,27,2024-07-01
2024-07-19,4746,100.00184631347656,0.6612262523480021,0,0.009345830418169498,0.03271031752228737,-0.01869155466556549,-0.009345759637653828,0.03,0.024,take_profit,1,0,27,2024-07-01
2024-07-19,6435,97.68585968017578,0.660997119060623,0,-0.004761869087815285,0.023809559643268585,-0.028571393340826035,-0.019047584384679794,-0.02,-0.026000000000000002,stop_loss,0,1,27,2024-07-01
2024-07-19,6588,37.70000076293945,0.6608371415098164,1,0.07029171288013458,0.08488065749406815,0.029177676886320114,0.05039781704545021,0.03,0.024,gap_take_profit,1,0,27,2024-07-01
2024-07-19,2489,23.893850326538086,0.6604737212508703,0,0.010638264007866383,0.023404240608215332,-0.05531911179423332,-0.04680848494172096,-0.02,-0.026000000000000002,stop_loss,0,1,27,2024-07-01
2024-07-19,4974,72.24052429199219,0.6604664013261361,0,0.00260410294868052,0.005208229646086693,-0.02734385058283806,-0.02734385058283806,-0.02,-0.026000000000000002,stop_loss,0,1,27,2024-07-01
2024-07-19,5498,15.75,0.6599566255838148,0,0.0,0.01587301678955555,-0.044444430619478226,-0.028571415692567825,-0.02,-0.026000000000000002,stop_loss,0,1,27,2024-07-01
2024-07-19,2383,423.91864013671875,0.6599566255838148,0,-1.7630016557745876e-08,0.003460190026089549,-0.047289520502090454,-0.039215702563524246,-0.02,-0.026000000000000002,stop_loss,0,1,27,2024-07-01
2024-07-22,2241,37.349998474121094,0.6289685430217372,0,0.009370878338813782,0.02008032239973545,-0.017402883619070053,-0.016064217314124107,-0.016064217314124107,-0.022064217314124106,close,0,0,27,2024-07-01
2024-07-22,2367,34.29999923706055,0.6252490377152111,1,0.017492778599262238,0.042274076491594315,0.014577260240912437,0.03352774307131767,0.03,0.024,take_profit,1,0,27,2024-07-01
2024-07-22,3055,75.92469787597656,0.6252490377152111,0,0.028534431010484695,0.028534431010484695,0.0,0.0,0.0,-0.006,close,0,0,27,2024-07-01
2024-07-22,3229,25.100000381469727,0.6249231756696068,1,0.007968082092702389,0.09960158914327621,0.007968082092702389,0.09960158914327621,0.03,0.024,take_profit,1,0,27,2024-07-01
2024-07-22,6716,102.6446533203125,0.6246526905129298,1,0.004587192554026842,0.08715600520372391,-0.022935744374990463,0.05045875534415245,-0.02,-0.026000000000000002,ambiguous_stop_loss,1,1,27,2024-07-01
2024-07-22,6558,23.939332962036133,0.6243531458725731,1,0.006224054377526045,0.022821549326181412,3.9454595146537486e-09,0.008298711851239204,0.008298711851239204,0.0022987118512392043,close,0,0,27,2024-07-01
2024-07-22,3234,41.0,0.6243420471534706,0,0.003658573841676116,0.024390242993831635,-0.03658536449074745,-0.03414637967944145,-0.02,-0.026000000000000002,stop_loss,0,1,27,2024-07-01
2024-07-22,1785,63.20000076293945,0.6238651313655303,1,0.0348101370036602,0.03955690190196037,0.015822723507881165,0.026898745447397232,0.03,0.024,gap_take_profit,1,0,27,2024-07-01
2024-07-22,3078,63.869014739990234,0.6236504932659392,0,0.001459818915463984,0.008759088814258575,-0.005839451216161251,-0.001459844526834786,-0.001459844526834786,-0.007459844526834786,close,0,0,27,2024-07-01
2024-07-22,2201,56.70895767211914,0.6236504932659392,1,0.008264478296041489,0.038016531616449356,0.008264478296041489,0.0314050018787384,0.03,0.024,take_profit,1,0,27,2024-07-01
2024-07-22,6451,225.4947967529297,0.6231406670834697,1,0.019693715497851372,0.04814010486006737,5.9283081554895034e-08,0.006564611103385687,0.03,0.024,take_profit,1,0,27,2024-07-01
2024-07-22,3701,45.54999923706055,0.622614090030905,1,0.019758541136980057,0.041712436825037,0.00768391415476799,0.012074626982212067,0.03,0.024,take_profit,1,0,27,2024-07-01
2024-07-22,2308,366.9718933105469,0.6225992026349304,1,0.017402995377779007,0.046854134649038315,0.013386930339038372,0.042838070541620255,0.03,0.024,take_profit,1,0,27,2024-07-01
2024-07-22,6223,531.0,0.6225992026349304,1,0.0075329565443098545,0.05461393669247627,-0.016949152573943138,0.0451977401971817,0.03,0.024,take_profit,1,0,27,2024-07-01
2024-07-22,3030,140.46969604492188,0.6225420885119652,1,0.027397243306040764,0.027397243306040764,-1.6147243542263823e-08,0.013698614202439785,0.013698614202439785,0.007698614202439785,close,0,0,27,2024-07-01
2024-07-22,2329,49.491416931152344,0.6222190806821077,1,0.01577913574874401,0.025641070678830147,0.009861991740763187,0.023668713867664337,0.023668713867664337,0.01766871386766434,close,0,0,27,2024-07-01
2024-07-22,4973,37.41140365600586,0.6218708201888191,1,0.0051282234489917755,0.024358993396162987,0.0051282234489917755,0.012820511125028133,0.012820511125028133,0.006820511125028133,close,0,0,27,2024-07-01
2024-07-22,3356,68.11920166015625,0.6218105798290924,1,0.01234558504074812,0.02469131164252758,0.004629531409591436,0.009259205311536789,0.009259205311536789,0.003259205311536789,close,0,0,27,2024-07-01
2024-07-22,8071,20.149999618530273,0.6218099434657444,1,0.014888394623994827,0.049627792090177536,0.0024814463686197996,0.009925596415996552,0.03,0.024,take_profit,1,0,27,2024-07-01
2024-07-22,1617,22.328821182250977,0.6218017611544775,1,0.02569594979286194,0.027837244793772697,0.006423968356102705,0.01927190087735653,0.01927190087735653,0.013271900877356529,close,0,0,27,2024-07-01
2024-07-23,6021,21.148605346679688,0.6386755094533959,0,-0.017021259292960167,0.0489361546933651,-0.051063861697912216,-0.014893632382154465,-0.02,-0.026000000000000002,ambiguous_stop_loss,1,1,27,2024-07-01
2024-07-23,9902,19.517318725585938,0.636694508982086,0,6.293235088605798e-08,0.06045340746641159,-0.03274551033973694,-0.0025188864674419165,-0.02,-0.026000000000000002,ambiguous_stop_loss,1,1,27,2024-07-01
2024-07-23,3188,43.192073822021484,0.6351509842796512,1,-0.037199173122644424,0.06783363223075867,-0.048140089958906174,0.042669568210840225,-0.037199173122644424,-0.04319917312264442,gap_stop,1,1,27,2024-07-01
2024-07-23,9906,157.35459899902344,0.6351509842796512,1,8.347967650479404e-09,0.09999998658895493,-0.015151532366871834,0.09999998658895493,0.03,0.024,take_profit,1,0,27,2024-07-01
2024-07-23,2348,250.2445831298828,0.6345250175810129,0,0.004115290939807892,0.06995893269777298,-0.023319507017731667,-0.017832590267062187,-0.02,-0.026000000000000002,ambiguous_stop_loss,1,1,27,2024-07-01
2024-07-23,3167,70.5,0.6344368292007436,0,-0.03546099364757538,0.022695014253258705,-0.07517734915018082,-0.012765979394316673,-0.03546099364757538,-0.04146099364757538,gap_stop,0,1,27,2024-07-01
2024-07-23,8043,25.762781143188477,0.630634242797913,1,0.045028142631053925,0.09943710267543793,-0.016885535791516304,0.035647280514240265,0.03,0.024,gap_take_profit,1,0,27,2024-07-01
2024-07-23,1449,18.94340705871582,0.6277427972076662,1,0.05128205195069313,0.09999998658895493,0.02564096637070179,0.09999998658895493,0.03,0.024,gap_take_profit,1,0,27,2024-07-01
2024-07-23,6177,58.08170700073242,0.6235053033303719,0,-0.02728511579334736,0.012278387323021889,-0.049113206565380096,-0.03547064960002899,-0.02728511579334736,-0.03328511579334736,gap_stop,0,1,27,2024-07-01
2024-07-23,6130,34.650001525878906,0.6166978929677188,1,-0.07647911459207535,0.03896099328994751,-0.07647911459207535,0.03896099328994751,-0.07647911459207535,-0.08247911459207535,gap_stop,1,1,27,2024-07-01
2024-07-23,3229,27.600000381469727,0.6149192146943273,1,0.005434768740087748,0.09963767975568771,-0.027173912152647972,0.09963767975568771,-0.02,-0.026000000000000002,ambiguous_stop_loss,1,1,27,2024-07-01
2024-07-23,6515,1020.076904296875,0.6144488002981008,1,-0.03846157714724541,0.03846149519085884,-0.03942311555147171,0.01923072710633278,-0.03846157714724541,-0.044461577147245405,gap_stop,1,1,27,2024-07-01
2024-07-23,3131,1510.735595703125,0.6114784198297998,1,-0.048387084156274796,0.10000001639127731,-0.051612887531518936,0.006451628170907497,-0.048387084156274796,-0.054387084156274794,gap_stop,1,1,27,2024-07-01
2024-07-23,6431,18.399999618530273,0.611325064267942,0,-0.04891302436590195,-0.02717391401529312,-0.0978260487318039,-0.03260871767997742,-0.04891302436590195,-0.054913024365901945,gap_stop,0,1,27,2024-07-01
2024-07-23,2612,42.196048736572266,0.6062846188386707,0,-0.023782609030604362,-0.010192523710429668,-0.02604757994413376,-0.010192523710429668,-0.023782609030604362,-0.02978260903060436,gap_stop,0,1,27,2024-07-01
2024-07-23,4541,27.86288833618164,0.6062846188386707,0,4.898871530656379e-09,4.898871530656379e-09,-0.01587303727865219,-0.012345687486231327,-0.012345687486231327,-0.018345687486231325,close,0,0,27,2024-07-01
2024-07-23,2614,19.370710372924805,0.6042018277371896,0,-0.00932406634092331,-0.00932406634092331,-0.030303167179226875,-0.011655077338218689,-0.02,-0.026000000000000002,stop_loss,0,1,27,2024-07-01
2024-07-23,6026,12.971616744995117,0.6013456880425645,0,-0.021126754581928253,-0.014084474183619022,-0.03521125018596649,-0.024647828191518784,-0.021126754581928253,-0.02712675458192825,gap_stop,0,1,27,2024-07-01
2024-07-23,6179,30.353511810302734,0.600448706828139,0,-0.01971684955060482,-0.006775768473744392,-0.02618732862174511,-0.011628705076873302,-0.02,-0.026000000000000002,stop_loss,0,1,27,2024-07-01
2024-07-23,9907,14.281658172607422,0.5995355883155885,0,-0.0066445195116102695,0.0033222960773855448,-0.013288999907672405,-0.0033222476486116648,-0.0033222476486116648,-0.009322247648611665,close,0,0,27,2024-07-01
2024-07-26,2360,275.9640808105469,0.7498845970891754,1,0.014134352095425129,0.03180219605565071,0.005300429183989763,0.008833997882902622,0.03,0.024,take_profit,1,0,27,2024-07-01
2024-07-26,9958,227.78152465820312,0.7485323231222083,0,0.023809542879462242,0.023809542879462242,-0.08225106447935104,-0.05411253869533539,-0.02,-0.026000000000000002,stop_loss,0,1,27,2024-07-01
2024-07-26,3325,26.25,0.7477290618691927,0,0.009523809887468815,0.02857142873108387,-0.01142854243516922,-0.0019047328969463706,-0.0019047328969463706,-0.00790473289694637,close,0,0,27,2024-07-01
2024-07-26,2439,120.21414947509766,0.7466092494193698,0,0.03225809708237648,0.036290355026721954,-0.01612900197505951,-0.01612900197505951,0.03,0.024,gap_take_profit,1,0,27,2024-07-01
2024-07-26,2903,28.132810592651367,0.7456891320550677,1,0.0016694092191755772,0.018363898620009422,-0.001669501536525786,0.015024988912045956,0.015024988912045956,0.009024988912045956,close,0,0,27,2024-07-01
2024-07-26,3443,1315.4931640625,0.7453799910160219,0,-0.08988764137029648,-0.08614232391119003,-0.09737828373908997,-0.09737828373908997,-0.08988764137029648,-0.09588764137029648,gap_stop,0,1,27,2024-07-01
2024-07-26,3033,33.900001525878906,0.7448051156930005,0,0.005899614654481411,0.01179934199899435,-0.025073813274502754,-0.023598909378051758,-0.02,-0.026000000000000002,stop_loss,0,1,27,2024-07-01
2024-07-26,3324,691.215087890625,0.744613530891613,0,0.0338982455432415,0.0338982455432415,-0.07203394919633865,-0.07203394919633865,0.03,0.024,gap_take_profit,1,1,27,2024-07-01
2024-07-26,3017,600.6016845703125,0.744613530891613,0,0.024469856172800064,0.024469856172800064,-0.040782999247312546,-0.037520356476306915,-0.02,-0.026000000000000002,stop_loss,0,1,27,2024-07-01
2024-07-26,6550,66.0999984741211,0.744613530891613,0,0.0060514602810144424,0.0060514602810144424,-0.04084715619683266,-0.04084715619683266,-0.02,-0.026000000000000002,stop_loss,0,1,27,2024-07-01
2024-07-26,6781,548.329345703125,0.744613530891613,0,0.02342340536415577,0.02342340536415577,-0.01981983706355095,-0.01981983706355095,-0.01981983706355095,-0.025819837063550947,close,0,0,27,2024-07-01
2024-07-26,6139,226.27774047851562,0.7444299393613423,0,0.021276602521538734,0.02978724054992199,-0.0382978655397892,-0.0382978655397892,-0.02,-0.026000000000000002,stop_loss,0,1,27,2024-07-01
2024-07-26,5425,62.63661193847656,0.744080922313077,0,0.012251116335391998,0.01837671361863613,-0.042879026383161545,-0.0398162305355072,-0.02,-0.026000000000000002,stop_loss,0,1,27,2024-07-01
2024-07-26,6438,111.5411605834961,0.7440770110958628,0,0.017467238008975983,0.021834049373865128,-0.02183407172560692,-0.017467260360717773,-0.02,-0.026000000000000002,stop_loss,0,1,27,2024-07-01
2024-07-26,3257,50.903778076171875,0.7437514591857332,0,0.013232439756393433,0.02646496705710888,-0.01890360750257969,-0.01890360750257969,-0.01890360750257969,-0.024903607502579687,close,0,0,27,2024-07-01
2024-07-26,6167,14.094244956970215,0.7435544397427486,0,0.01048947498202324,0.024475475773215294,-0.010489558801054955,-0.010489558801054955,-0.010489558801054955,-0.016489558801054953,close,0,0,27,2024-07-01
2024-07-26,6113,25.7905216217041,0.742491140876001,0,0.028469739481806755,0.028469739481806755,-0.046263355761766434,-0.040925297886133194,-0.02,-0.026000000000000002,stop_loss,0,1,27,2024-07-01
2024-07-26,2356,47.58749771118164,0.7424631101240932,0,0.020202040672302246,0.02424246072769165,-0.050505030900239944,-0.050505030900239944,-0.02,-0.026000000000000002,stop_loss,0,1,27,2024-07-01
2024-07-26,2460,29.100000381469727,0.7418727953353405,0,0.017182130366563797,0.017182130366563797,-0.03951888531446457,-0.03780069947242737,-0.02,-0.026000000000000002,stop_loss,0,1,27,2024-07-01
2024-07-26,1528,13.301106452941895,0.7418356568168423,0,0.018656743690371513,0.018656743690371513,-0.018656691536307335,-0.018656691536307335,-0.018656691536307335,-0.024656691536307333,close,0,0,27,2024-07-01
2024-07-29,3188,49.524391174316406,0.5571040781222776,0,0.05152662470936775,0.05916023999452591,-0.04580158367753029,-0.007633647881448269,0.03,0.024,gap_take_profit,1,1,27,2024-07-01
2024-07-29,2442,36.31435775756836,0.5509479602407352,0,0.018791908398270607,0.025503316894173622,-0.0469798818230629,-0.029530154541134834,-0.02,-0.026000000000000002,stop_loss,0,1,27,2024-07-01
2024-07-29,2349,16.049999237060547,0.5425588879453223,1,0.028037432581186295,0.09968850016593933,0.0,0.06853584945201874,0.03,0.024,take_profit,1,0,27,2024-07-01
2024-07-29,3321,25.350000381469727,0.5395755980932503,0,-0.08875739574432373,-0.06311638653278351,-0.09861932694911957,-0.08284024894237518,-0.08875739574432373,-0.09475739574432374,gap_stop,0,1,27,2024-07-01
2024-07-29,6219,52.0,0.5371704761219918,1,-0.007326052524149418,0.023809505626559258,-0.047619085758924484,0.005494484677910805,-0.02,-0.026000000000000002,stop_loss,0,1,27,2024-07-01
2024-07-29,6213,87.66514587402344,0.5298100462605277,1,-0.005586545914411545,0.025698406621813774,-0.013407740741968155,0.02122911438345909,0.02122911438345909,0.015229114383459091,close,0,0,27,2024-07-01
2024-07-29,6781,537.4615478515625,0.5293887522289966,1,0.009191193617880344,0.02022060565650463,-0.020220572128891945,0.02022060565650463,-0.02,-0.026000000000000002,stop_loss,0,1,27,2024-07-01
2024-07-29,4952,53.37857437133789,0.5289735452721855,1,-0.007092245854437351,0.010638250038027763,-0.024822741746902466,0.008865226991474628,-0.02,-0.026000000000000002,stop_loss,0,1,27,2024-07-01
2024-07-29,6237,45.30693817138672,0.5281781719913533,1,-0.020833224058151245,0.039473798125982285,-0.020833224058151245,0.039473798125982285,-0.020833224058151245,-0.026833224058151244,gap_stop,1,1,27,2024-07-01
2024-07-29,4979,100.7620849609375,0.5281781719913533,1,0.004854362923651934,0.00970873236656189,-0.0339805893599987,0.004854362923651934,-0.02,-0.026000000000000002,stop_loss,0,1,27,2024-07-01
2024-07-29,8027,102.0,0.5273413578284172,1,0.0,0.04901960864663124,-0.009803921915590763,0.04411764815449715,0.03,0.024,take_profit,1,0,27,2024-07-01
2024-07-29,4561,44.858245849609375,0.5273413578284172,1,0.0097614461556077,0.02928425744175911,-0.020607270300388336,0.02819967456161976,-0.02,-0.026000000000000002,stop_loss,0,1,27,2024-07-01
2024-07-29,3294,30.806114196777344,0.5273413578284172,1,-0.00801282562315464,0.04647437483072281,-0.022435925900936127,0.03205127641558647,-0.02,-0.026000000000000002,ambiguous_stop_loss,1,1,27,2024-07-01
2024-07-29,3483,155.1298828125,0.5273413578284172,1,-0.006211123429238796,0.03416154906153679,-0.006211123429238796,0.02795036882162094,0.03,0.024,take_profit,1,0,27,2024-07-01
2024-07-29,2460,28.0,0.5253912400042631,1,0.005357129033654928,0.032142844051122665,-0.01250001322478056,0.02857140079140663,0.03,0.024,take_profit,1,0,27,2024-07-01
2024-07-29,5245,32.599998474121094,0.5253487554050691,1,0.0,0.012269985862076283,0.0,0.012269985862076283,0.012269985862076283,0.006269985862076282,close,0,0,27,2024-07-01
2024-07-29,8996,339.3206481933594,0.5251591975523399,1,0.01015965174883604,0.056603774428367615,-0.01306240912526846,0.04934687912464142,0.03,0.024,take_profit,1,0,27,2024-07-01
2024-07-29,3036,97.70272064208984,0.5250798017501861,0,0.004807692486792803,0.014423076994717121,-0.028846153989434242,0.0,-0.02,-0.026000000000000002,stop_loss,0,1,27,2024-07-01
2024-07-29,6643,1120.71337890625,0.5248425917750212,1,-0.004444414284080267,0.017777808010578156,-0.022222192957997322,0.017777808010578156,-0.02,-0.026000000000000002,stop_loss,0,1,27,2024-07-01
2024-07-29,1815,22.299999237060547,0.5248425917750212,1,0.006726526189595461,0.044843051582574844,0.002242203801870346,0.035874493420124054,0.03,0.024,take_profit,1,0,27,2024-07-01
2024-07-30,6442,443.3772888183594,0.5602926867849662,1,-0.01216813549399376,0.05088496208190918,-0.01216813549399376,0.012168148532509804,0.03,0.024,take_profit,1,0,27,2024-07-01
2024-07-30,6449,153.29367065429688,0.5548313925473367,0,-0.03470023348927498,0.02208210714161396,-0.04100938141345978,-0.03785480558872223,-0.03470023348927498,-0.04070023348927498,gap_stop,0,1,27,2024-07-01
2024-07-30,3663,75.8948745727539,0.5533379888712515,1,0.010471156798303127,0.09947643429040909,-0.015706853941082954,0.09947643429040909,0.03,0.024,take_profit,1,0,27,2024-07-01
2024-07-30,4513,55.8138427734375,0.5525370978829606,1,0.010033410042524338,0.09866221994161606,9.05475960877311e-09,0.09866221994161606,0.03,0.024,take_profit,1,0,27,2024-07-01
2024-07-30,6199,36.29999923706055,0.551537808926392,1,0.01928376778960228,0.09917362034320831,0.01928376778960228,0.09917362034320831,0.03,0.024,take_profit,1,0,27,2024-07-01
2024-07-30,5443,103.52625274658203,0.5490433334344255,0,-0.009433952160179615,0.08490566909313202,-0.018867913633584976,-0.009433952160179615,0.03,0.024,take_profit,1,0,27,2024-07-01
2024-07-30,3715,54.805789947509766,0.5490125621664964,1,2.8448258859725684e-08,0.07231041043996811,-0.0035273218527436256,0.033509690314531326,0.03,0.024,take_profit,1,0,27,2024-07-01
2024-07-30,5508,273.1383361816406,0.5474611850555426,0,0.02269040048122406,0.043760091066360474,-0.06320910900831223,-0.05996761843562126,-0.02,-0.026000000000000002,ambiguous_stop_loss,1,1,27,2024-07-01
2024-07-30,2429,33.95000076293945,0.5471139812140534,1,0.030927812680602074,0.098674476146698,0.030927812680602074,0.098674476146698,0.03,0.024,gap_take_profit,1,0,27,2024-07-01
2024-07-30,4729,19.70970916748047,0.5464229124808664,1,0.02475247159600258,0.09900989383459091,0.017326654866337776,0.08168314397335052,0.03,0.024,take_profit,1,0,27,2024-07-01
2024-07-30,6640,851.9293212890625,0.545205647652678,0,0.018306583166122437,0.030892394483089447,-0.058352451771497726,-0.04919913411140442,-0.02,-0.026000000000000002,ambiguous_stop_loss,1,1,27,2024-07-01
2024-07-30,3167,74.80000305175781,0.5443789233691706,0,-0.012032105587422848,0.04278070479631424,-0.03342245891690254,-0.026737967506051064,-0.02,-0.026000000000000002,ambiguous_stop_loss,1,1,27,2024-07-01
2024-07-30,3686,29.0,0.5443421177697924,1,-0.017241379246115685,0.09827587753534317,-0.02241377905011177,0.08275860548019409,-0.02,-0.026000000000000002,ambiguous_stop_loss,1,1,27,2024-07-01
2024-07-30,3374,225.372314453125,0.5368847049100334,1,-0.0065359799191355705,0.028322406113147736,-0.0217865239828825,0.021786458790302277,-0.02,-0.026000000000000002,stop_loss,0,1,27,2024-07-01
2024-07-30,6291,118.72836303710938,0.5356387090267837,1,0.011904720216989517,0.015872973948717117,-4.149021748389714e-08,0.007936466485261917,0.007936466485261917,0.001936466485261917,close,0,0,27,2024-07-01
2024-07-30,8489,26.200000762939453,0.5276131971161546,1,0.02290070429444313,0.02480914443731308,0.011450352147221565,0.017175529152154922,0.017175529152154922,0.011175529152154922,close,0,0,27,2024-07-01
2024-07-30,1449,19.817716598510742,0.5211251328321647,0,0.024509813636541367,0.024509813636541367,-0.02941172942519188,-0.014705793000757694,-0.02,-0.026000000000000002,stop_loss,0,1,27,2024-07-01
2024-07-30,4164,44.874794006347656,0.5193466716571451,1,0.00865792203694582,0.01948043331503868,-0.0032468223944306374,0.015151494182646275,0.015151494182646275,0.009151494182646274,close,0,0,27,2024-07-01
2024-07-30,3322,19.832584381103516,0.512289003970959,1,-0.0074812984094023705,0.017456358298659325,-0.012468848377466202,0.007481352426111698,0.007481352426111698,0.001481352426111698,close,0,0,27,2024-07-01
2024-07-30,8476,56.5090446472168,0.5115623711850475,1,-0.006756799295544624,0.011824320070445538,-0.006756799295544624,0.005067537538707256,0.005067537538707256,-0.0009324624612927438,close,0,0,27,2024-07-01
2024-07-31,1319,88.28771209716797,0.7178422042236916,1,0.010775822214782238,0.04202575236558914,0.010775822214782238,0.04202575236558914,0.03,0.024,take_profit,1,0,27,2024-07-01
2024-07-31,6239,148.6186981201172,0.7150379148419981,0,-0.0031949018593877554,0.006389762740582228,-0.03194889426231384,-0.019169341772794724,-0.02,-0.026000000000000002,stop_loss,0,1,27,2024-07-01
2024-07-31,2458,130.9881134033203,0.7144479800429308,1,0.021739227697253227,0.025362417101860046,0.007246473338454962,0.018116040155291557,0.018116040155291557,0.012116040155291557,close,0,0,27,2024-07-01
2024-07-31,2353,41.732242584228516,0.71395390233903,1,0.014823360368609428,0.046750422567129135,0.014823360368609428,0.044469866901636124,0.03,0.024,take_profit,1,0,27,2024-07-01
2024-07-31,2379,496.439208984375,0.7131856854503676,1,0.01757815293967724,0.02734377793967724,0.001953152706846595,0.009765652939677238,0.009765652939677238,0.0037656529396772383,close,0,0,27,2024-07-01
2024-07-31,6138,165.19241333007812,0.7094559643564958,1,0.025757137686014175,0.03440115973353386,0.01423177681863308,0.019994458183646202,0.03,0.024,take_profit,1,0,27,2024-07-01
2024-07-31,5272,30.299999237060547,0.7092847877398476,1,0.03630364313721657,0.0676567405462265,0.02970302104949951,0.051155153661966324,0.03,0.024,gap_take_profit,1,0,27,2024-07-01
2024-07-31,6691,260.6717529296875,0.7081121374170516,1,0.012820445001125336,0.022435858845710754,0.0016025746008381248,0.004807712510228157,0.004807712510228157,-0.001192287489771843,close,0,0,27,2024-07-01
2024-07-31,2201,57.17762756347656,0.7080900124585693,1,0.006557396613061428,0.006557396613061428,-0.004918025806546211,0.004918014630675316,0.004918014630675316,-0.0010819853693246843,close,0,0,27,2024-07-01
2024-07-31,8271,53.79999923706055,0.7079470946321736,1,0.013011166825890541,0.027881041169166565,0.00929368007928133,0.027881041169166565,0.027881041169166565,0.021881041169166567,close,0,0,27,2024-07-01
2024-07-31,3017,623.136474609375,0.7077377421391438,1,0.050314582884311676,0.050314582884311676,0.018868038430809975,0.029874328523874283,0.03,0.024,gap_take_profit,1,0,27,2024-07-01
2024-07-31,3044,190.40277099609375,0.7076623113218936,1,0.02267001010477543,0.052896708250045776,0.02015111781656742,0.040302250534296036,0.03,0.024,take_profit,1,0,27,2024-07-01
2024-07-31,6205,66.50579833984375,0.7076275852255508,1,0.026124784722924232,0.027576250955462456,0.0159651767462492,0.026124784722924232,0.026124784722924232,0.020124784722924234,close,0,0,27,2024-07-01
2024-07-31,8150,37.71086120605469,0.707070246691816,1,0.007604478392750025,0.02661588415503502,-6.458299850464755e-08,0.02661588415503502,0.02661588415503502,0.02061588415503502,close,0,0,27,2024-07-01
2024-07-31,2049,198.16407775878906,0.7068520955593927,1,0.019950127229094505,0.057356610894203186,0.019950127229094505,0.05236908048391342,0.03,0.024,take_profit,1,0,27,2024-07-01
2024-07-31,2331,28.369022369384766,0.7068212253022813,1,0.020905837416648865,0.04529610648751259,0.017421571537852287,0.04181177169084549,0.03,0.024,take_profit,1,0,27,2024-07-01
2024-07-31,8163,52.421504974365234,0.7067152984803257,1,0.007220222149044275,0.03429603576660156,0.007220222149044275,0.027075858786702156,0.03,0.024,take_profit,1,0,27,2024-07-01
2024-07-31,6235,72.94940185546875,0.7060434805598701,1,0.014765119180083275,0.0483221672475338,0.01073833554983139,0.045637644827365875,0.03,0.024,take_profit,1,0,27,2024-07-01
2024-07-31,3530,92.5,0.7046243162775224,1,0.010810811072587967,0.0324324332177639,0.010810811072587967,0.025945963338017464,0.03,0.024,take_profit,1,0,27,2024-07-01
2024-07-31,6108,17.992183685302734,0.7043413552113035,1,0.005420060362666845,0.0298103466629982,0.002710074419155717,0.021680286154150963,0.021680286154150963,0.015680286154150964,close,0,0,27,2024-07-01
2024-08-01,9958,217.42782592773438,0.45468371164499727,0,-0.01587299257516861,0.011337892152369022,-0.03401358425617218,-0.03174601122736931,-0.02,-0.026000000000000002,stop_loss,0,1,28,2024-08-01
2024-08-01,9955,36.70000076293945,0.45468371164499727,1,0.029972709715366364,0.0544959120452404,-0.0027248580008745193,0.04904630035161972,0.03,0.024,take_profit,1,0,28,2024-08-01
2024-08-01,9946,41.95724105834961,0.45468371164499727,0,8.459116429548885e-08,8.459116429548885e-08,-0.04205597564578056,-0.04088776931166649,-0.02,-0.026000000000000002,stop_loss,0,1,28,2024-08-01
2024-08-01,9945,50.94736862182617,0.45468371164499727,0,-0.020833326503634453,-0.009469719603657722,-0.07007579505443573,-0.06439391523599625,-0.020833326503634453,-0.02683332650363445,gap_stop,0,1,28,2024-08-01
2024-08-01,9941,147.7581329345703,0.45468371164499727,0,-0.009740213863551617,-0.0032467071432620287,-0.019480474293231964,-0.012986967340111732,-0.012986967340111732,-0.01898696734011173,close,0,0,28,2024-08-01
2024-08-01,9940,33.49856948852539,0.45468371164499727,0,-0.013966451399028301,-0.013966451399028301,-0.03631279990077019,-0.03631279990077019,-0.02,-0.026000000000000002,stop_loss,0,1,28,2024-08-01
2024-08-01,9939,156.1031951904297,0.45468371164499727,0,-0.009230857715010643,0.027692215517163277,-0.018461626023054123,-0.0030770120210945606,-0.0030770120210945606,-0.00907701202109456,close,0,0,28,2024-08-01
2024-08-01,9938,66.19999694824219,0.45468371164499727,0,-0.018126843497157097,-0.004531653132289648,-0.019637394696474075,-0.01208452321588993,-0.01208452321588993,-0.01808452321588993,close,0,0,28,2024-08-01
2024-08-01,9933,48.6280403137207,0.45468371164499727,0,-0.013084162026643753,0.005607430823147297,-0.033644899725914,-0.033644899725914,-0.02,-0.026000000000000002,stop_loss,0,1,28,2024-08-01
2024-08-01,9921,231.0377197265625,0.45468371164499727,0,-0.022821614518761635,-0.006224105600267649,-0.06016601249575615,-0.05601663514971733,-0.022821614518761635,-0.028821614518761633,gap_stop,0,1,28,2024-08-01
2024-08-01,9919,20.65907859802246,0.45468371164499727,0,-0.00956935714930296,-0.00956935714930296,-0.035885199904441833,-0.031100494787096977,-0.02,-0.026000000000000002,stop_loss,0,1,28,2024-08-01
2024-08-01,8271,55.29999923706055,0.45468371164499727,0,-0.018083183094859123,-0.01446653250604868,-0.03254971653223038,-0.03254971653223038,-0.02,-0.026000000000000002,stop_loss,0,1,28,2024-08-01
2024-08-01,8289,27.87550163269043,0.45468371164499727,0,-0.02047778107225895,-0.017064863815903664,-0.034129709005355835,-0.025597287341952324,-0.02047778107225895,-0.026477781072258948,gap_stop,0,1,28,2024-08-01
2024-08-01,8299,498.37847900390625,0.45468371164499727,0,-0.024809103459119797,-0.019083911553025246,-0.06106864660978317,-0.06011444702744484,-0.024809103459119797,-0.030809103459119795,gap_stop,0,1,28,2024-08-01
2024-08-01,8341,94.82962799072266,0.45468371164499727,0,-0.003006032668054104,-0.003006032668054104,-0.02705414406955242,-0.019038081169128418,-0.02,-0.026000000000000002,stop_loss,0,1,28,2024-08-01
2024-08-01,8358,65.99344635009766,0.45468371164499727,0,-0.02083328738808632,-0.007440520916134119,-0.03869049623608589,-0.03720242530107498,-0.02083328738808632,-0.026833287388086317,gap_stop,0,1,28,2024-08-01
2024-08-01,8374,110.45230102539062,0.45468371164499727,1,7.926537648472731e-09,0.09909910708665848,-0.040540531277656555,0.09909910708665848,-0.02,-0.026000000000000002,ambiguous_stop_loss,1,1,28,2024-08-01
2024-08-01,8383,39.98222732543945,0.45468371164499727,0,-0.015294136479496956,-0.0047058830969035625,-0.032941196113824844,-0.032941196113824844,-0.02,-0.026000000000000002,stop_loss,0,1,28,2024-08-01
2024-08-01,8390,70.07879638671875,0.45468371164499727,1,0.001371743273921311,0.02194787561893463,-0.00960223563015461,0.012345721945166588,0.012345721945166588,0.006345721945166588,close,0,0,28,2024-08-01
2024-08-01,8215,31.522796630859375,0.45468371164499727,0,-0.012345749884843826,-0.012345749884843826,-0.04166675731539726,-0.03858032822608948,-0.02,-0.026000000000000002,stop_loss,0,1,28,2024-08-01
2024-08-02,1101,32.98833465576172,0.4482178873145412,0,-0.017492616549134254,-0.016034912317991257,-0.052478063851594925,-0.03498539701104164,-0.02,-0.026000000000000002,stop_loss,0,1,28,2024-08-01
2024-08-02,1102,39.170249938964844,0.4482178873145412,0,-0.014475301839411259,-0.013268955051898956,-0.041013263165950775,-0.026538027450442314,-0.02,-0.026000000000000002,stop_loss,0,1,28,2024-08-01
2024-08-02,1103,17.274765014648438,0.4482178873145412,0,-0.005571032874286175,-0.005571032874286175,-0.05292481184005737,-0.04178271070122719,-0.02,-0.026000000000000002,stop_loss,0,1,28,2024-08-01
2024-08-02,1104,30.919391632080078,0.4482178873145412,0,-0.02286585047841072,-0.02286585047841072,-0.08536583185195923,-0.0823170393705368,-0.02286585047841072,-0.02886585047841072,gap_stop,0,1,28,2024-08-01
2024-08-02,1110,23.221391677856445,0.4482178873145412,0,-0.03177965059876442,-0.03177965059876442,-0.09957627952098846,-0.09957627952098846,-0.03177965059876442,-0.03777965059876442,gap_stop,0,1,28,2024-08-01
2024-08-02,1201,17.631250381469727,0.4482178873145412,0,-0.00549455126747489,-0.0027473403606563807,-0.041208814829587936,-0.03021986596286297,-0.02,-0.026000000000000002,stop_loss,0,1,28,2024-08-01
2024-08-02,1210,51.69096755981445,0.4482178873145412,0,-0.00922510027885437,-0.00922510027885437,-0.06642071157693863,-0.05350556969642639,-0.02,-0.026000000000000002,stop_loss,0,1,28,2024-08-01
2024-08-02,1215,96.49778747558594,0.4482178873145412,0,-0.014925392344594002,-0.011940287426114082,-0.0616915300488472,-0.02388063073158264,-0.02,-0.026000000000000002,stop_loss,0,1,28,2024-08-01
2024-08-02,1216,76.32696533203125,0.4482178873145412,0,-0.018939439207315445,-0.015151522122323513,-0.04671717807650566,-0.02525257132947445,-0.02,-0.026000000000000002,stop_loss,0,1,28,2024-08-01
2024-08-02,1217,12.056281089782715,0.4482178873145412,0,-0.004016008693724871,-0.004016008693724871,-0.08835330605506897,-0.08433730155229568,-0.02,-0.026000000000000002,stop_loss,0,1,28,2024-08-01
2024-08-02,1218,19.549884796142578,0.4482178873145412,0,-0.011990336701273918,-0.00959229189902544,-0.09112701565027237,-0.07913660258054733,-0.02,-0.026000000000000002,stop_loss,0,1,28,2024-08-01
2024-08-02,1219,17.359540939331055,0.4482178873145412,0,-0.0027856200467795134,-0.0027856200467795134,-0.04735381901264191,-0.04735381901264191,-0.02,-0.026000000000000002,stop_loss,0,1,28,2024-08-01
2024-08-02,1225,134.3217315673828,0.4482178873145412,0,-0.07749070227146149,-0.07749070227146149,-0.0996309295296669,-0.0996309295296669,-0.07749070227146149,-0.08349070227146149,gap_stop,0,1,28,2024-08-01
2024-08-02,1227,38.00030517578125,0.4482178873145412,0,-0.01637277565896511,-0.012594399973750114,-0.051637202501297,-0.04911835119128227,-0.02,-0.026000000000000002,stop_loss,0,1,28,2024-08-01
2024-08-02,1229,57.481746673583984,0.4482178873145412,0,-0.020934009924530983,-0.020934009924530983,-0.06119169667363167,-0.05958139896392822,-0.020934009924530983,-0.02693400992453098,gap_stop,0,1,28,2024-08-01
2024-08-02,1231,94.38307189941406,0.4482178873145412,0,-0.043387316167354584,-0.02910947985947132,-0.07575028389692307,-0.06242432817816734,-0.043387316167354584,-0.04938731616735458,gap_stop,0,1,28,2024-08-01
2024-08-02,1301,56.49747848510742,0.4482178873145412,0,-0.02094240114092827,-0.02094240114092827,-0.06457242369651794,-0.043630000203847885,-0.02094240114092827,-0.026942401140928267,gap_stop,0,1,28,2024-08-01
2024-08-02,1303,47.311912536621094,0.4482178873145412,0,-0.02476784773170948,-0.022703897207975388,-0.07327142357826233,-0.051599618047475815,-0.02476784773170948,-0.03076784773170948,gap_stop,0,1,28,2024-08-01
2024-08-02,1304,15.556482315063477,0.4482178873145412,0,-0.028391212224960327,-0.01577286794781685,-0.09779180586338043,-0.09779180586338043,-0.028391212224960327,-0.034391212224960326,gap_stop,0,1,28,2024-08-01
2024-08-02,1305,17.767240524291992,0.4482178873145412,0,-0.02222212217748165,-0.02222212217748165,-0.09999988228082657,-0.09722214937210083,-0.02222212217748165,-0.02822212217748165,gap_stop,0,1,28,2024-08-01
2024-08-05,1101,31.834224700927734,0.4322951041465906,1,0.01661643572151661,0.024169307202100754,-0.007552842143923044,0.021148089319467545,0.021148089319467545,0.015148089319467544,close,0,0,28,2024-08-01
2024-08-05,1102,38.1307487487793,0.4322951041465906,1,0.014869967475533485,0.033457327634096146,0.003717531682923436,0.033457327634096146,0.03,0.024,take_profit,1,0,28,2024-08-01
2024-08-05,1103,16.552978515625,0.4322951041465906,1,0.00872084591537714,0.02034868486225605,-0.01453494280576706,0.01162777841091156,0.01162777841091156,0.00562777841091156,close,0,0,28,2024-08-01
2024-08-05,1104,28.37419891357422,0.4322951041465906,1,0.02491694875061512,0.03156143054366112,-0.019933560863137245,0.009966758079826832,0.03,0.024,take_profit,1,0,28,2024-08-01
2024-08-05,1110,20.90909194946289,0.4322951041465906,1,0.030588172376155853,0.03294116631150246,-0.04941176995635033,0.02352936752140522,0.03,0.024,gap_take_profit,1,1,28,2024-08-01
2024-08-05,1201,17.09843635559082,0.4322951041465906,0,0.014164398424327374,0.014164398424327374,-0.014164216816425323,-0.0028327275067567825,-0.0028327275067567825,-0.008832727506756783,close,0,0,28,2024-08-01
2024-08-05,1210,48.92521286010742,0.4322951041465906,1,0.01949315518140793,0.021442517638206482,-0.003898672992363572,0.017543867230415344,0.017543867230415344,0.011543867230415344,close,0,0,28,2024-08-01
2024-08-05,1215,94.193359375,0.4322951041465906,0,-0.016309848055243492,-0.003058031667023897,-0.03873591125011444,-0.010193654336035252,-0.02,-0.026000000000000002,stop_loss,0,1,28,2024-08-01
2024-08-05,1216,74.3995132446289,0.4322951041465906,1,0.012953374534845352,0.02331610955297947,-0.002590628108009696,0.022020792588591576,0.022020792588591576,0.016020792588591577,close,0,0,28,2024-08-01
2024-08-05,1217,11.0394868850708,0.4322951041465906,1,0.01754392869770527,0.026315808296203613,-0.02631572261452675,0.0043859826400876045,-0.02,-0.026000000000000002,stop_loss,0,1,28,2024-08-01
2024-08-05,1218,18.00277328491211,0.4322951041465906,1,0.010416528210043907,0.026041585952043533,-0.013020909391343594,0.018229007720947266,0.018229007720947266,0.012229007720947266,close,0,0,28,2024-08-01
2024-08-05,1219,16.537500381469727,0.4322951041465906,0,0.005848017521202564,0.00877194944769144,-0.020467817783355713,-0.005847933702170849,-0.02,-0.026000000000000002,stop_loss,0,1,28,2024-08-01
2024-08-05,1225,120.93913269042969,0.4322951041465906,1,0.008196665905416012,0.09836059808731079,-0.0409836582839489,0.09836059808731079,-0.02,-0.026000000000000002,ambiguous_stop_loss,1,1,28,2024-08-01
2024-08-05,1227,36.133792877197266,0.4322951041465906,1,-0.0013245386071503162,0.025165526196360588,-0.015894053503870964,0.019867492839694023,0.019867492839694023,0.013867492839694023,close,0,0,28,2024-08-01
2024-08-05,1229,54.05690383911133,0.4322951041465906,1,0.02226036600768566,0.03082197904586792,-0.011986218392848969,0.029109656810760498,0.03,0.024,take_profit,1,0,28,2024-08-01
2024-08-05,1231,88.49127197265625,0.4322951041465906,0,3.8138921354402555e-08,0.014213244430720806,-0.03553301841020584,-0.02030455321073532,-0.02,-0.026000000000000002,stop_loss,0,1,28,2024-08-01
2024-08-05,1301,54.032493591308594,0.4322951041465906,1,0.00364962057210505,0.018248146399855614,-0.03102193959057331,0.007299269549548626,-0.02,-0.026000000000000002,stop_loss,0,1,28,2024-08-01
2024-08-05,1303,44.870635986328125,0.4322951041465906,1,0.001088129822164774,0.02937973476946354,-0.022850900888442993,0.018498340621590614,-0.02,-0.026000000000000002,stop_loss,0,1,28,2024-08-01
2024-08-05,1304,14.035185813903809,0.4322951041465906,0,0.01748253032565117,0.024475498124957085,-0.07692308723926544,-0.006993020884692669,-0.02,-0.026000000000000002,stop_loss,0,1,28,2024-08-01
2024-08-05,1305,16.039871215820312,0.4322951041465906,1,0.027692344039678574,0.027692344039678574,-0.039999984204769135,0.012307729572057724,-0.02,-0.026000000000000002,stop_loss,0,1,28,2024-08-01
2024-08-06,2611,21.949951171875,0.5473930900379415,1,0.016736343502998352,0.0711296945810318,0.012552306987345219,0.06485356390476227,0.03,0.024,take_profit,1,0,28,2024-08-01
2024-08-06,1477,322.6798400878906,0.5473930900379415,1,0.032531820237636566,0.05799147114157677,0.029702920466661453,0.03677508234977722,0.03,0.024,gap_take_profit,1,0,28,2024-08-01
2024-08-06,1449,15.591879844665527,0.5473930900379415,1,0.021806975826621056,0.08411230146884918,0.021806975826621056,0.06230534613132477,0.03,0.024,take_profit,1,0,28,2024-08-01
2024-08-06,2613,30.99627113342285,0.5473930900379415,1,0.01564943604171276,0.0641627088189125,-0.009389722719788551,0.06259778887033463,0.03,0.024,take_profit,1,0,28,2024-08-01
2024-08-06,5608,17.0,0.5473930900379415,1,0.008823506534099579,0.07352941483259201,0.002941131591796875,0.0676470398902893,0.03,0.024,take_profit,1,0,28,2024-08-01
2024-08-06,2605,23.445167541503906,0.5473930900379415,1,0.008032158017158508,0.062249042093753815,0.0020080767571926117,0.05421688035130501,0.03,0.024,take_profit,1,0,28,2024-08-01
2024-08-06,2617,29.880687713623047,0.5473930900379415,1,7.349367336928481e-09,0.04437406733632088,7.349367336928481e-09,0.03961965814232826,0.03,0.024,take_profit,1,0,28,2024-08-01
2024-08-06,2637,58.745033264160156,0.5440832338521754,1,0.014150992035865784,0.07704407721757889,0.011006385087966919,0.06761013716459274,0.03,0.024,take_profit,1,0,28,2024-08-01
2024-08-06,6757,50.29999923706055,0.5440832338521754,1,0.005964199546724558,0.055665988475084305,0.003976158332079649,0.03379723057150841,0.03,0.024,take_profit,1,0,28,2024-08-01
2024-08-06,1476,464.2922058105469,0.5440832338521754,1,-0.004132177215069532,0.0475207194685936,-0.004132177215069532,0.04545460268855095,0.03,0.024,take_profit,1,0,28,2024-08-01
2024-08-06,2636,80.7835693359375,0.5429729710570759,1,0.012629140168428421,0.07003442198038101,0.005740523803979158,0.06544207036495209,0.03,0.024,take_profit,1,0,28,2024-08-01
2024-08-06,2606,46.12144088745117,0.5429729710570759,1,0.01946721412241459,0.06967214494943619,0.018442640081048012,0.06557377427816391,0.03,0.024,take_profit,1,0,28,2024-08-01
2024-08-06,2603,143.6795196533203,0.5426948103634938,1,0.0120845353230834,0.0694863423705101,-0.00302120391279459,0.0694863423705101,0.03,0.024,take_profit,1,0,28,2024-08-01
2024-08-06,2609,54.74424362182617,0.5426948103634938,1,0.011456639505922794,0.05237323418259621,-0.0049099731259047985,0.040916528552770615,0.03,0.024,take_profit,1,0,28,2024-08-01
2024-08-06,1419,44.80208206176758,0.5423347053373596,1,-0.01847819983959198,0.011956533417105675,-0.01847819983959198,0.010869594290852547,0.010869594290852547,0.004869594290852547,close,0,0,28,2024-08-01
2024-08-06,1231,86.69449615478516,0.5423347053373596,1,4.218745530693013e-08,0.05699486285448074,4.218745530693013e-08,0.046632200479507446,0.03,0.024,take_profit,1,0,28,2024-08-01
2024-08-06,3141,70.77461242675781,0.5407576188398016,1,0.006993029732257128,0.06153850629925728,0.006993029732257128,0.04615391418337822,0.03,0.024,take_profit,1,0,28,2024-08-01
2024-08-06,2440,13.699999809265137,0.5407576188398016,1,0.010948946699500084,0.0802920013666153,0.010948946699500084,0.0583941750228405,0.03,0.024,take_profit,1,0,28,2024-08-01
2024-08-06,3138,95.38858795166016,0.5407576188398016,1,0.011178833432495594,0.09756094217300415,0.011178833432495594,0.0924796462059021,0.03,0.024,take_profit,1,0,28,2024-08-01
2024-08-06,3189,90.80000305175781,0.5407576188398016,1,0.017621127888560295,0.09911894053220749,0.014317129738628864,0.09911894053220749,0.03,0.024,take_profit,1,0,28,2024-08-01
2024-08-07,9958,191.7900848388672,0.37890493195991354,0,-0.028277644887566566,0.017994849011301994,-0.04884319752454758,-0.03341903164982796,-0.028277644887566566,-0.034277644887566565,gap_stop,0,1,28,2024-08-01
2024-08-07,9955,36.70000076293945,0.37890493195991354,0,0.0,0.002724753925576806,-0.03405994549393654,-0.010899224318563938,-0.02,-0.026000000000000002,stop_loss,0,1,28,2024-08-01
2024-08-07,9946,36.76160430908203,0.37890493195991354,0,-0.014666658826172352,-0.010666719637811184,-0.047999992966651917,-0.03200003132224083,-0.02,-0.026000000000000002,stop_loss,0,1,28,2024-08-01
2024-08-07,9945,44.48245620727539,0.37890493195991354,1,-0.010845986194908619,0.026030387729406357,-0.021691974252462387,0.010845988057553768,-0.02,-0.026000000000000002,stop_loss,0,1,28,2024-08-01
2024-08-07,9941,142.96080017089844,0.37890493195991354,0,-0.016778504475951195,-0.010067095048725605,-0.026845619082450867,-0.020134208723902702,-0.02,-0.026000000000000002,stop_loss,0,1,28,2024-08-01
2024-08-07,9940,30.691429138183594,0.37890493195991354,0,-0.021341493353247643,-0.001524373539723456,-0.02439022809267044,-0.015243909321725368,-0.021341493353247643,-0.02734149335324764,gap_stop,0,1,28,2024-08-01
2024-08-07,1201,17.34062385559082,0.37890493195991354,1,-0.002793229417875409,0.005586637649685144,-0.013966456986963749,0.002793384250253439,0.002793384250253439,-0.003206615749746561,close,0,0,28,2024-08-01
2024-08-07,1210,50.54651641845703,0.37890493195991354,0,-0.009433925151824951,0.005660400725901127,-0.009433925151824951,-0.0018867261242121458,-0.0018867261242121458,-0.007886726124212146,close,0,0,28,2024-08-01
2024-08-07,1215,95.53761291503906,0.37890493195991354,0,-0.007035139016807079,-0.0010050033451989293,-0.0140703609213233,-0.002010013209655881,-0.002010013209655881,-0.008010013209655881,close,0,0,28,2024-08-01
2024-08-07,1216,75.4596176147461,0.37890493195991354,1,-0.0063856737688183784,0.02426558919250965,-0.010217130184173584,0.011494196951389313,0.011494196951389313,0.005494196951389313,close,0,0,28,2024-08-01
2024-08-07,1217,11.329999923706055,0.37890493195991354,0,-0.008546960540115833,-0.004273521713912487,-0.021367521956562996,-0.017094001173973083,-0.02,-0.026000000000000002,stop_loss,0,1,28,2024-08-01
2024-08-07,1218,18.706005096435547,0.37890493195991354,0,3.5379379426103696e-08,0.0075188130140304565,-0.005012515000998974,-0.0025062875356525183,-0.0025062875356525183,-0.008506287535652518,close,0,0,28,2024-08-01
2024-08-07,1219,16.730920791625977,0.37890493195991354,0,-0.02023119106888771,-0.011560693383216858,-0.02023119106888771,-0.01445093285292387,-0.02023119106888771,-0.02623119106888771,gap_stop,0,1,28,2024-08-01
2024-08-07,1225,145.72174072265625,0.37890493195991354,0,-0.03401363268494606,0.013605413027107716,-0.040816355496644974,-0.040816355496644974,-0.03401363268494606,-0.04001363268494606,gap_stop,0,1,28,2024-08-01
2024-08-07,1227,36.995262145996094,0.37890493195991354,0,-0.011643053032457829,-0.0012938251020386815,-0.014230433851480484,-0.0064683896489441395,-0.0064683896489441395,-0.01246838964894414,close,0,0,28,2024-08-01
2024-08-07,1229,57.94456100463867,0.37890493195991354,0,-0.02076675184071064,-0.011182059533894062,-0.025559065863490105,-0.022364189848303795,-0.02076675184071064,-0.02676675184071064,gap_stop,0,1,28,2024-08-01
2024-08-07,1231,90.73725128173828,0.37890493195991354,0,-0.015841716900467873,-6.621768733339195e-08,-0.015841716900467873,-0.009901108220219612,-0.009901108220219612,-0.01590110822021961,close,0,0,28,2024-08-01
2024-08-07,1301,54.22969055175781,0.37890493195991354,0,-0.012727253139019012,-0.010909030213952065,-0.03272722661495209,-0.03090907260775566,-0.02,-0.026000000000000002,stop_loss,0,1,28,2024-08-01
2024-08-07,1303,46.38422775268555,0.37890493195991354,0,-0.02105267345905304,-0.0021052740048617125,-0.024210600182414055,-0.02315790392458439,-0.02105267345905304,-0.027052673459053038,gap_stop,0,1,28,2024-08-01
2024-08-07,1304,14.427777290344238,0.37890493195991354,0,-0.01020402368158102,-0.003401341615244746,-0.02721082791686058,-0.01700677163898945,-0.02,-0.026000000000000002,stop_loss,0,1,28,2024-08-01
2024-08-08,5263,161.8631591796875,0.6252326241720098,1,0.01829264685511589,0.09756093472242355,0.015243865549564362,0.08841459453105927,0.03,0.024,take_profit,1,0,28,2024-08-01
2024-08-08,5478,117.70427703857422,0.6252326241720098,1,0.008000011555850506,0.02000001259148121,0.004000011365860701,0.012000011280179024,0.012000011280179024,0.006000011280179024,close,0,0,28,2024-08-01
2024-08-08,4543,43.28751754760742,0.6231392582854929,1,0.024948066100478172,0.06029105186462402,0.02286907285451889,0.023908570408821106,0.03,0.024,take_profit,1,0,28,2024-08-01
2024-08-08,4545,44.37654113769531,0.6231392582854929,1,0.09732610732316971,0.09946519881486893,0.026737894862890244,0.09946519881486893,0.03,0.024,gap_take_profit,1,0,28,2024-08-01
2024-08-08,4560,33.130680084228516,0.6231392582854929,0,0.005830926354974508,0.005830926354974508,-0.008746333420276642,0.0,0.0,-0.006,close,0,0,28,2024-08-01
2024-08-08,4532,24.072683334350586,0.6231392582854929,1,0.015624972991645336,0.031249957159161568,0.0058593484573066235,0.007812443654984236,0.03,0.024,take_profit,1,0,28,2024-08-01
2024-08-08,4714,18.850000381469727,0.6231392582854929,1,0.029177676886320114,0.058355458080768585,0.010610018856823444,0.013262598775327206,0.03,0.024,take_profit,1,0,28,2024-08-01
2024-08-08,4721,65.1437759399414,0.6231392582854929,1,0.014836766757071018,0.03560830280184746,0.001483628642745316,0.001483628642745316,0.03,0.024,take_profit,1,0,28,2024-08-01
2024-08-08,4722,42.6223030090332,0.6231392582854929,1,0.0034482909832149744,0.02988502010703087,0.0034482909832149744,0.006896513979882002,0.006896513979882002,0.0008965139798820018,close,0,0,28,2024-08-01
2024-08-08,4726,48.20000076293945,0.6231392582854929,1,0.045643169432878494,0.07883815467357635,0.045643169432878494,0.05809126794338226,0.03,0.024,gap_take_profit,1,0,28,2024-08-01
2024-08-08,4739,55.31118392944336,0.6231392582854929,1,0.01238944474607706,0.03008856065571308,4.985875179386312e-08,0.005309771280735731,0.03,0.024,take_profit,1,0,28,2024-08-01
2024-08-08,4908,77.08853912353516,0.6231392582854929,0,0.024691371247172356,0.03703705221414566,-0.00864192470908165,-0.0024690846912562847,0.03,0.024,take_profit,1,0,28,2024-08-01
2024-08-08,4744,21.403636932373047,0.6231392582854929,1,0.029816515743732452,0.029816515743732452,-0.0022936093155294657,0.0045871068723499775,0.0045871068723499775,-0.0014128931276500226,close,0,0,28,2024-08-01
2024-08-08,3219,41.70497512817383,0.6231392582854929,1,0.027413515374064445,0.059594735503196716,0.0059594581834971905,0.016686532646417618,0.03,0.024,take_profit,1,0,28,2024-08-01
2024-08-08,1519,531.8876953125,0.6231392582854929,1,0.04208767041563988,0.09932667016983032,0.03535357117652893,0.06397318840026855,0.03,0.024,gap_take_profit,1,0,28,2024-08-01
2024-08-08,4303,41.79999923706055,0.6231392582854929,1,0.05023929104208946,0.09928233176469803,0.04784689098596573,0.09928233176469803,0.03,0.024,gap_take_profit,1,0,28,2024-08-01
2024-08-08,1342,87.6096420288086,0.6231392582854929,1,0.004357158672064543,0.013071788474917412,-7.268922530556665e-08,0.004357158672064543,0.004357158672064543,-0.0016428413279354574,close,0,0,28,2024-08-01
2024-08-08,4770,351.76739501953125,0.6231392582854929,1,0.0301369596272707,0.04794517904520035,0.019178055226802826,0.021917780861258507,0.03,0.024,gap_take_profit,1,0,28,2024-08-01
2024-08-08,8183,33.39101028442383,0.6231392582854929,0,0.014244995079934597,0.021367503330111504,-0.0014244989724829793,-0.0014244989724829793,-0.0014244989724829793,-0.007424498972482979,close,0,0,28,2024-08-01
2024-08-08,4746,87.29133605957031,0.6231392582854929,1,0.02462519332766533,0.031049242243170738,0.003211918054148555,0.003211918054148555,0.03,0.024,take_profit,1,0,28,2024-08-01
2024-08-09,9938,58.20000076293945,0.5719558958894163,0,0.010309251956641674,0.018900318071246147,-0.010309317149221897,0.0,0.0,-0.006,close,0,0,28,2024-08-01
2024-08-09,1312,13.25,0.5719558958894163,1,0.007547198794782162,0.030188649892807007,0.007547198794782162,0.015094324946403503,0.03,0.024,take_profit,1,0,28,2024-08-01
2024-08-09,9958,189.8179473876953,0.5719558958894163,1,0.007792189717292786,0.09350647032260895,-0.0025974204763770103,0.04155842214822769,0.03,0.024,take_profit,1,0,28,2024-08-01
2024-08-09,1304,14.18240737915039,0.5719558958894163,1,0.010380635969340801,0.02768167480826378,0.0069204154424369335,0.013840790838003159,0.013840790838003159,0.007840790838003158,close,0,0,28,2024-08-01
2024-08-09,9946,37.00667953491211,0.5719558958894163,1,0.021192066371440887,0.05430465191602707,0.006622550077736378,0.019867584109306335,0.03,0.024,take_profit,1,0,28,2024-08-01
2024-08-09,1409,14.798396110534668,0.5719558958894163,1,0.012578652240335941,0.022012589499354362,0.006289319600909948,0.012578652240335941,0.012578652240335941,0.006578652240335941,close,0,0,28,2024-08-01
2024-08-09,3360,14.300000190734863,0.5719558958894163,1,0.017482517287135124,0.041958000510931015,0.013986000791192055,0.013986000791192055,0.03,0.024,take_profit,1,0,28,2024-08-01
2024-08-09,3490,31.201536178588867,0.5719558958894163,0,3.724282748862606e-08,0.007633625529706478,-0.01374044455587864,-0.00458016199991107,-0.00458016199991107,-0.01058016199991107,close,0,0,28,2024-08-01
2024-08-09,3437,22.899999618530273,0.5719558958894163,1,0.0021834562066942453,0.05676861107349396,0.0021834562066942453,0.030567718669772148,0.03,0.024,take_profit,1,0,28,2024-08-01
2024-08-09,3443,1019.876708984375,0.5719558958894163,1,-0.004830974619835615,0.033816367387771606,-0.004830974619835615,0.024154530838131905,0.03,0.024,take_profit,1,0,28,2024-08-01
2024-08-09,3444,88.25909423828125,0.5719558958894163,1,0.017448291182518005,0.025081846863031387,0.005452586803585291,0.010905149392783642,0.010905149392783642,0.004905149392783642,close,0,0,28,2024-08-01
2024-08-09,3234,33.95000076293945,0.5719558958894163,1,0.0117819644510746,0.030927812680602074,0.0014727315865457058,0.013254808261990547,0.03,0.024,take_profit,1,0,28,2024-08-01
2024-08-09,3236,19.09573745727539,0.5719558958894163,1,-4.477422876902892e-08,0.027918696403503418,-4.477422876902892e-08,0.017766373232007027,0.017766373232007027,0.011766373232007027,close,0,0,28,2024-08-01
2024-08-09,3257,47.295284271240234,0.5719558958894163,1,0.004069179762154818,0.03153616562485695,0.004069179762154818,0.02136322483420372,0.03,0.024,take_profit,1,0,28,2024-08-01
2024-08-09,3372,18.450000762939453,0.5719558958894163,1,0.0054199714213609695,0.02439018152654171,0.0054199714213609695,0.0054199714213609695,0.0054199714213609695,-0.0005800285786390306,close,0,0,28,2024-08-01
2024-08-09,3563,302.9835205078125,0.5719558958894163,1,0.02120710350573063,0.05220220610499382,0.019575782120227814,0.047308243811130524,0.03,0.024,take_profit,1,0,28,2024-08-01
2024-08-09,3576,11.199999809265137,0.5719558958894163,1,0.008928605355322361,0.031250033527612686,0.0044643026776611805,0.008928605355322361,0.03,0.024,take_profit,1,0,28,2024-08-01
2024-08-09,3380,29.1638240814209,0.5719558958894163,1,0.013223125599324703,0.02809918485581875,0.008264460600912571,0.01818179152905941,0.01818179152905941,0.01218179152905941,close,0,0,28,2024-08-01
2024-08-09,3402,90.01695251464844,0.5719558958894163,1,0.024261562153697014,0.052742622792720795,0.009493613615632057,0.0443037711083889,0.03,0.024,take_profit,1,0,28,2024-08-01
2024-08-09,3406,475.39129638671875,0.5719558958894163,1,0.00804833136498928,0.0281690564006567,0.005030222702771425,0.022132838144898415,0.022132838144898415,0.016132838144898416,close,0,0,28,2024-08-01
2024-08-12,3219,46.62606430053711,0.48137561878926194,1,0.09808093309402466,0.09808093309402466,0.09808093309402466,0.09808093309402466,0.03,0.024,gap_take_profit,1,0,28,2024-08-01
2024-08-12,2429,27.0,0.48137561878926194,1,-0.0018518236465752125,0.0555555559694767,-0.03518521413207054,0.009259259328246117,-0.02,-0.026000000000000002,ambiguous_stop_loss,1,1,28,2024-08-01
2024-08-12,4979,97.82726287841797,0.48137561878926194,0,0.030000055208802223,0.05000005662441254,-0.03699991852045059,-0.030999932438135147,0.03,0.024,gap_take_profit,1,1,28,2024-08-01
2024-08-12,6442,369.3175964355469,0.48137561878926194,0,0.01062421128153801,0.033200573176145554,-0.05444883182644844,-0.025232363492250443,-0.02,-0.026000000000000002,ambiguous_stop_loss,1,1,28,2024-08-01
2024-08-12,3324,576.7032470703125,0.48137561878926194,0,0.039316240698099136,0.054700855165719986,-0.006837606895714998,0.0,0.03,0.024,gap_take_profit,1,0,28,2024-08-01
2024-08-12,9933,43.765235900878906,0.4764011666283602,0,-0.003115283092483878,-0.0020768262911587954,-0.013499501161277294,-0.007268935441970825,-0.007268935441970825,-0.013268935441970825,close,0,0,28,2024-08-01
2024-08-12,9919,19.423486709594727,0.4764011666283602,1,0.010178147815167904,0.017811715602874756,-0.002544498536735773,0.012722638435661793,0.012722638435661793,0.006722638435661793,close,0,0,28,2024-08-01
2024-08-12,8215,27.971616744995117,0.4764011666283602,0,0.008695602416992188,0.008695602416992188,-0.006956597324460745,-0.0017391531728208065,-0.0017391531728208065,-0.007739153172820807,close,0,0,28,2024-08-01
2024-08-12,8222,34.09593963623047,0.4764011666283602,1,-2.281999478270791e-08,0.008670586161315441,-0.008670520968735218,0.005780346225947142,0.005780346225947142,-0.00021965377405285848,close,0,0,28,2024-08-01
2024-08-12,1313,11.229287147521973,0.4764011666283602,0,0.004366860259324312,0.008733689785003662,-0.008733543567359447,-0.004366797860711813,-0.004366797860711813,-0.010366797860711813,close,0,0,28,2024-08-01
2024-08-12,8255,163.5,0.4764011666283602,1,0.006116208154708147,0.015290520153939724,-0.00917431153357029,0.0030581040773540735,0.0030581040773540735,-0.0029418959226459266,close,0,0,28,2024-08-01
2024-08-12,8163,49.29892349243164,0.4764011666283602,0,-0.003838722361251712,0.0019194205524399877,-0.013435651548206806,-0.00575815187767148,-0.00575815187767148,-0.01175815187767148,close,0,0,28,2024-08-01
2024-08-12,8935,16.200000762939453,0.4764011666283602,1,0.018518470227718353,0.0864197239279747,-0.006172862835228443,0.0679011344909668,0.03,0.024,take_profit,1,0,28,2024-08-01
2024-08-12,1342,86.94158935546875,0.4764011666283602,1,0.007683895528316498,0.009879251942038536,-0.005488492548465729,0.006586133968085051,0.006586133968085051,0.0005861339680850505,close,0,0,28,2024-08-01
2024-08-12,6179,28.036510467529297,0.4764011666283602,0,-0.012259133160114288,8.075175195187967e-09,-0.02977226860821247,-0.010507846251130104,-0.02,-0.026000000000000002,stop_loss,0,1,28,2024-08-01
2024-08-12,8105,17.699716567993164,0.4764011666283602,0,0.011236066929996014,0.016854066401720047,-0.016853824257850647,-0.005617824383080006,-0.005617824383080006,-0.011617824383080006,close,0,0,28,2024-08-01
2024-08-12,8996,326.51611328125,0.4764011666283602,1,-0.021116172894835472,0.007541441824287176,-0.02865765243768692,0.007541441824287176,-0.021116172894835472,-0.02711617289483547,gap_stop,0,1,28,2024-08-01
2024-08-12,8085,44.54999923706055,0.4764011666283602,1,0.038159389048814774,0.07407405972480774,0.002244720235466957,0.03703707084059715,0.03,0.024,gap_take_profit,1,0,28,2024-08-01
2024-08-12,8927,46.12911605834961,0.4764011666283602,1,6.957098008797402e-08,0.02907920628786087,-0.004846453201025724,0.012924157083034515,0.012924157083034515,0.006924157083034515,close,0,0,28,2024-08-01
2024-08-12,3038,25.35677146911621,0.4764011666283602,0,9.293568137280772e-10,9.293568137280772e-10,-0.014953255653381348,-0.005607461556792259,-0.005607461556792259,-0.01160746155679226,close,0,0,28,2024-08-01
2024-08-13,8289,25.592182159423828,0.5731754701391012,1,0.0018588410457596183,0.02230491116642952,0.0018588410457596183,0.018587423488497734,0.018587423488497734,0.012587423488497734,close,0,0,28,2024-08-01
2024-08-13,1303,44.77298355102539,0.5731754701391012,1,0.003271623281762004,0.05125419422984123,0.003271623281762004,0.03271543234586716,0.03,0.024,take_profit,1,0,28,2024-08-01
2024-08-13,1301,52.06050491333008,0.5731754701391012,1,-7.621930642187635e-09,0.02462119050323963,-7.621930642187635e-09,0.011363672092556953,0.011363672092556953,0.005363672092556953,close,0,0,28,2024-08-01
2024-08-13,9946,37.69289779663086,0.5731754701391012,1,0.009102728217840195,0.03641090169548988,0.00130040745716542,0.03511052951216698,0.03,0.024,take_profit,1,0,28,2024-08-01
2024-08-13,9938,58.0,0.5731754701391012,1,0.017241379246115685,0.06034482643008232,0.017241379246115685,0.05689653754234314,0.03,0.024,take_profit,1,0,28,2024-08-01
2024-08-13,1325,26.629648208618164,0.5731754701391012,0,0.011152464896440506,0.011152464896440506,-0.0037174809258431196,-0.0037174809258431196,-0.0037174809258431196,-0.00971748092584312,close,0,0,28,2024-08-01
2024-08-13,1319,85.62385559082031,0.5731754701391012,1,0.028888793662190437,0.03888880833983421,0.017777683213353157,0.021111050620675087,0.03,0.024,take_profit,1,0,28,2024-08-01
2024-08-13,1313,11.180251121520996,0.5731754701391012,1,0.008771943859755993,0.03508774936199188,0.004385962150990963,0.026315787807106972,0.03,0.024,take_profit,1,0,28,2024-08-01
2024-08-13,1218,18.752887725830078,0.5731754701391012,1,0.03999997675418854,0.07500001788139343,0.025000015273690224,0.025000015273690224,0.03,0.024,gap_take_profit,1,0,28,2024-08-01
2024-08-13,1409,14.891468048095703,0.5731754701391012,1,0.006250017788261175,0.015624993480741978,0.003124946029856801,0.006250017788261175,0.006250017788261175,0.00025001778826117503,close,0,0,28,2024-08-01
2024-08-13,4949,23.111499786376953,0.5731754701391012,1,0.014736777171492577,0.027368323877453804,-0.006315852515399456,0.008421004749834538,0.008421004749834538,0.0024210047498345374,close,0,0,28,2024-08-01
2024-08-13,8155,110.99113464355469,0.5731754701391012,1,0.008733605034649372,0.02183404192328453,-1.9342079937700873e-08,0.008733605034649372,0.008733605034649372,0.002733605034649372,close,0,0,28,2024-08-01
2024-08-13,4953,107.11682891845703,0.5731754701391012,1,0.013452904298901558,0.026905817911028862,0.008968599140644073,0.013452904298901558,0.013452904298901558,0.007452904298901558,close,0,0,28,2024-08-01
2024-08-13,4908,76.99337005615234,0.5731754701391012,0,0.02224957011640072,0.023485738784074783,-0.008652775548398495,-0.008652775548398495,-0.008652775548398495,-0.014652775548398495,close,0,0,28,2024-08-01
2024-08-13,4912,95.16908264160156,0.5731754701391012,1,0.00995021965354681,0.039801012724637985,0.004975114017724991,0.01990051008760929,0.03,0.024,take_profit,1,0,28,2024-08-01
2024-08-13,4915,80.29017639160156,0.5731754701391012,1,0.01415088027715683,0.01415088027715683,-2.6687532184155316e-08,0.012971652671694756,0.012971652671694756,0.006971652671694755,close,0,0,28,2024-08-01
2024-08-13,6235,69.52224731445312,0.5731754701391012,1,0.015492967329919338,0.02253522165119648,-0.002816827967762947,0.019718362018465996,0.019718362018465996,0.013718362018465996,close,0,0,28,2024-08-01
2024-08-13,3017,575.1275634765625,0.5731754701391012,1,0.032367948442697525,0.05110729858279228,0.010221440345048904,0.017035750672221184,0.03,0.024,gap_take_profit,1,0,28,2024-08-01
2024-08-13,3002,13.944419860839844,0.5731754701391012,1,2.0379191667529994e-08,0.0070175910368561745,-0.0035087650176137686,0.003508805762976408,0.003508805762976408,-0.002491194237023592,close,0,0,28,2024-08-01
2024-08-13,6239,134.3740997314453,0.5731754701391012,1,0.01766781508922577,0.031802091747522354,-2.8091889703318884e-08,0.014134246855974197,0.03,0.024,take_profit,1,0,28,2024-08-01
2024-08-14,3050,20.26573371887207,0.5138113587287462,1,3.415603799794553e-08,0.030952397733926773,-0.009523811750113964,0.009523880667984486,0.03,0.024,take_profit,1,0,28,2024-08-01
2024-08-14,3051,27.127967834472656,0.5138113587287462,0,0.008680583909153938,0.013888970948755741,-0.01736108399927616,-0.008680528029799461,-0.008680528029799461,-0.014680528029799461,close,0,0,28,2024-08-01
2024-08-14,3055,70.31158447265625,0.5138113587287462,1,0.005602286662906408,0.018207242712378502,-0.011204500682651997,0.005602286662906408,0.005602286662906408,-0.0003977133370935918,close,0,0,28,2024-08-01
2024-08-14,3265,98.28557586669922,0.5138113587287462,0,-0.004854419734328985,0.004854317754507065,-0.014563157223165035,-0.004854419734328985,-0.004854419734328985,-0.010854419734328985,close,0,0,28,2024-08-01
2024-08-14,3294,29.47315788269043,0.5138113587287462,1,0.018425405025482178,0.023450518026947975,-0.008375237695872784,0.013400292955338955,0.013400292955338955,0.007400292955338955,close,0,0,28,2024-08-01
2024-08-14,3305,62.787437438964844,0.5138113587287462,0,0.009188381023705006,0.009188381023705006,-0.015313892625272274,-0.012251151725649834,-0.012251151725649834,-0.018251151725649832,close,0,0,28,2024-08-01
2024-08-14,3088,84.69999694824219,0.5138113587287462,0,0.001180709688924253,0.003541948739439249,-0.008264427073299885,0.0,0.0,-0.006,close,0,0,28,2024-08-01
2024-08-14,3092,27.850000381469727,0.5138113587287462,0,-0.008976660668849945,0.005385982804000378,-0.008976660668849945,-0.007181355729699135,-0.007181355729699135,-0.013181355729699135,close,0,0,28,2024-08-01
2024-08-14,3093,24.984447479248047,0.5138113587287462,1,0.0019230303587391973,0.005769198760390282,-1.7233343641009924e-08,0.005769198760390282,0.005769198760390282,-0.00023080123960971845,close,0,0,28,2024-08-01
2024-08-14,3094,30.399150848388672,0.5138113587287462,1,0.001633923384360969,0.019607815891504288,-0.006536010652780533,0.009803857654333115,0.009803857654333115,0.0038038576543331145,close,0,0,28,2024-08-01
2024-08-14,3105,129.51136779785156,0.5138113587287462,0,0.003816793905571103,0.003816793905571103,-0.015267175622284412,0.0,0.0,-0.006,close,0,0,28,2024-08-01
2024-08-14,3057,12.449999809265137,0.5138113587287462,1,0.0,0.008032158948481083,-0.008032082580029964,0.008032158948481083,0.008032158948481083,0.002032158948481083,close,0,0,28,2024-08-01
2024-08-14,3059,34.165374755859375,0.5138113587287462,0,0.0014348655240610242,0.008608466945588589,-0.008608242496848106,-0.00143464095890522,-0.00143464095890522,-0.00743464095890522,close,0,0,28,2024-08-01
2024-08-14,3060,26.980195999145508,0.5138113587287462,1,0.010928931646049023,0.018214933574199677,-0.009107469581067562,0.005464464426040649,0.005464464426040649,-0.0005355355739593507,close,0,0,28,2024-08-01
2024-08-14,3313,19.799999237060547,0.5138113587287462,0,0.0,0.015151573345065117,0.0,0.0,0.0,-0.006,close,0,0,28,2024-08-01
2024-08-14,3321,19.649999618530273,0.5138113587287462,1,0.0,0.017811724916100502,0.0,0.010178156197071075,0.010178156197071075,0.004178156197071075,close,0,0,28,2024-08-01
2024-08-14,3323,23.346281051635742,0.5138113587287462,0,0.0,0.012658195570111275,-0.00421942537650466,0.0,0.0,-0.006,close,0,0,28,2024-08-01
2024-08-14,3122,40.099998474121094,0.5138113587287462,1,0.0,0.02743147872388363,-0.012468828819692135,0.02493765763938427,0.02493765763938427,0.01893765763938427,close,0,0,28,2024-08-01
2024-08-14,3138,105.17948150634766,0.5138113587287462,1,0.00921658705919981,0.01843317784368992,-0.004608297720551491,0.013824881985783577,0.013824881985783577,0.007824881985783577,close,0,0,28,2024-08-01
2024-08-14,3141,73.24925231933594,0.5138113587287462,1,0.02027026377618313,0.02027026377618313,-0.009459423832595348,0.0027026559691876173,0.0027026559691876173,-0.003297344030812383,close,0,0,28,2024-08-01
2024-08-15,1301,51.764705657958984,0.5731754701391012,0,0.011428531259298325,0.01523806992918253,-0.0038095489144325256,-0.001904743374325335,-0.001904743374325335,-0.007904743374325335,close,0,0,28,2024-08-01
2024-08-15,9958,203.12985229492188,0.5731754701391012,0,0.014563065022230148,0.03155335411429405,-0.004854409955441952,-0.002427225699648261,0.03,0.024,take_profit,1,0,28,2024-08-01
2024-08-15,1303,45.11476516723633,0.5731754701391012,1,0.01948048733174801,0.03138531371951103,0.00757574150338769,0.00757574150338769,0.03,0.024,take_profit,1,0,28,2024-08-01
2024-08-15,1326,44.066375732421875,0.5731754701391012,0,0.015538307838141918,0.0188679751008749,0.0,0.0,0.0,-0.006,close,0,0,28,2024-08-01
2024-08-15,1325,27.37211036682129,0.5731754701391012,1,0.007233279291540384,0.02350810170173645,-2.1500307312294353e-08,0.014466511085629463,0.014466511085629463,0.008466511085629463,close,0,0,28,2024-08-01
2024-08-15,3362,224.5,0.5731754701391012,1,0.01781737245619297,0.031180400401353836,0.00668151443824172,0.028953230008482933,0.03,0.024,take_profit,1,0,28,2024-08-01
2024-08-15,3363,146.0,0.5731754701391012,1,0.030821917578577995,0.051369864493608475,0.0034246575087308884,0.04794520512223244,0.03,0.024,gap_take_profit,1,0,28,2024-08-01
2024-08-15,3323,23.346281051635742,0.5731754701391012,1,0.025316383689641953,0.08016874641180038,0.016877613961696625,0.059071704745292664,0.03,0.024,take_profit,1,0,28,2024-08-01
2024-08-15,3324,591.490478515625,0.5731754701391012,1,0.028333356603980064,0.04333335906267166,0.01666668988764286,0.028333356603980064,0.03,0.024,take_profit,1,0,28,2024-08-01
2024-08-15,3338,72.6138687133789,0.5731754701391012,1,0.011920603923499584,0.02251657098531723,0.009271536953747272,0.014569570310413837,0.014569570310413837,0.008569570310413837,close,0,0,28,2024-08-01
2024-08-15,3346,36.061397552490234,0.5731754701391012,1,0.010680845938622952,0.02269688807427883,0.009345753118395805,0.014686226844787598,0.014686226844787598,0.008686226844787598,close,0,0,28,2024-08-01
2024-08-15,3306,50.47179412841797,0.5731754701391012,1,0.020676707848906517,0.04135344177484512,0.015037624165415764,0.03195494785904884,0.03,0.024,take_profit,1,0,28,2024-08-01
2024-08-15,3033,32.849998474121094,0.5731754701391012,1,0.010654560290277004,0.013698654249310493,0.003044209908694029,0.003044209908694029,0.003044209908694029,-0.0029557900913059713,close,0,0,28,2024-08-01
2024-08-15,3016,56.095237731933594,0.5731754701391012,1,0.01052627619355917,0.02456141635775566,0.01052627619355917,0.014035061933100224,0.014035061933100224,0.008035061933100223,close,0,0,28,2024-08-01
2024-08-15,3444,91.24278259277344,0.5731754701391012,0,0.014767825603485107,0.03902946040034294,-0.003164630616083741,-0.003164630616083741,0.03,0.024,take_profit,1,0,28,2024-08-01
2024-08-15,3380,29.694074630737305,0.5731754701391012,1,0.014610395766794682,0.027597397565841675,0.00811686459928751,0.016233747825026512,0.016233747825026512,0.010233747825026512,close,0,0,28,2024-08-01
2024-08-15,3406,490.6956481933594,0.5731754701391012,1,0.01559455320239067,0.02339182421565056,0.009746599942445755,0.011695917695760727,0.011695917695760727,0.005695917695760727,close,0,0,28,2024-08-01
2024-08-15,3419,16.700000762939453,0.5731754701391012,1,0.00898201297968626,0.038922131061553955,0.00898201297968626,0.026946038007736206,0.03,0.024,take_profit,1,0,28,2024-08-01
2024-08-15,3051,26.89248275756836,0.5731754701391012,0,0.015761848539114,0.015761848539114,-0.0017512867925688624,0.0,0.0,-0.006,close,0,0,28,2024-08-01
2024-08-15,3037,155.07748413085938,0.5731754701391012,1,0.025477733463048935,0.041401300579309464,0.012738880701363087,0.015923593193292618,0.03,0.024,take_profit,1,0,28,2024-08-01
2024-08-16,1303,45.45654296875,0.5094558768227688,0,-5.4519976089295596e-08,0.005370514467358589,-0.004296526312828064,-0.0032223467715084553,-0.0032223467715084553,-0.009222346771508455,close,0,0,28,2024-08-01
2024-08-16,9958,202.63681030273438,0.5094558768227688,1,0.009732401929795742,0.03163021430373192,4.1305980857941904e-08,0.0024331314489245415,0.03,0.024,take_profit,1,0,28,2024-08-01
2024-08-16,1301,51.666107177734375,0.5094558768227688,0,0.0038167876191437244,0.005725228227674961,-0.005725197494029999,-0.0038167566526681185,-0.0038167566526681185,-0.009816756652668119,close,0,0,28,2024-08-01
2024-08-16,1319,86.48009490966797,0.5094558768227688,0,0.006600616499781609,0.008800802752375603,-0.0044004833325743675,-0.0044004833325743675,-0.0044004833325743675,-0.010400483332574368,close,0,0,28,2024-08-01
2024-08-16,1312,13.300000190734863,0.5094558768227688,1,0.003759412793442607,0.015037579461932182,-0.003759412793442607,0.003759412793442607,0.003759412793442607,-0.002240587206557393,close,0,0,28,2024-08-01
2024-08-16,1342,88.1822509765625,0.5094558768227688,1,0.001082216389477253,0.012986961752176285,0.001082216389477253,0.006493471562862396,0.006493471562862396,0.0004934715628623961,close,0,0,28,2024-08-01
2024-08-16,8222,34.68720245361328,0.5094558768227688,1,0.0014204040635377169,0.01420451607555151,-0.004261435475200415,0.007102243602275848,0.007102243602275848,0.0011022436022758483,close,0,0,28,2024-08-01
2024-08-16,8227,196.87733459472656,0.5094558768227688,1,0.010050213895738125,0.020100465044379234,-0.002512599341571331,0.00251252599991858,0.00251252599991858,-0.00348747400008142,close,0,0,28,2024-08-01
2024-08-16,3138,107.11827850341797,0.5094558768227688,1,0.009049735032022,0.08144792169332504,0.00452484842389822,0.07239814847707748,0.03,0.024,take_profit,1,0,28,2024-08-01
2024-08-16,3141,73.8431625366211,0.5094558768227688,1,0.010723867453634739,0.018766742199659348,-3.404873183399104e-08,0.018766742199659348,0.018766742199659348,0.012766742199659347,close,0,0,28,2024-08-01
2024-08-16,3149,22.450000762939453,0.5094558768227688,1,0.002227137330919504,0.00668149720877409,-0.015590216964483261,0.002227137330919504,0.002227137330919504,-0.003772862669080496,close,0,0,28,2024-08-01
2024-08-16,3162,30.097267150878906,0.5094558768227688,1,-4.683075971456674e-08,0.026315778493881226,-4.683075971456674e-08,0.008223637007176876,0.008223637007176876,0.002223637007176876,close,0,0,28,2024-08-01
2024-08-16,3321,20.25,0.5094558768227688,1,0.029629647731781006,0.029629647731781006,0.0024690981954336166,0.009876580908894539,0.009876580908894539,0.0038765809088945388,close,0,0,28,2024-08-01
2024-08-16,3324,608.2493896484375,0.5094558768227688,1,0.004862283356487751,0.00810377486050129,-0.01458666380494833,0.006483028642833233,0.006483028642833233,0.00048302864283323275,close,0,0,28,2024-08-01
2024-08-16,3325,24.299999237060547,0.5094558768227688,0,0.0020576603710651398,0.008230484090745449,-0.01646088995039463,-0.01440322957932949,-0.01440322957932949,-0.02040322957932949,close,0,0,28,2024-08-01
2024-08-16,3338,73.67182159423828,0.5094558768227688,1,0.01044386625289917,0.023498695343732834,-3.804542814123124e-08,0.016971280798316002,0.016971280798316002,0.010971280798316002,close,0,0,28,2024-08-01
2024-08-16,3294,30.065582275390625,0.5094558768227688,1,0.018062369897961617,0.06075528264045715,-0.009852256625890732,0.031198645010590553,0.03,0.024,take_profit,1,0,28,2024-08-01
2024-08-16,3311,34.913753509521484,0.5094558768227688,1,0.001418420928530395,0.005673783365637064,0.001418420928530395,0.001418420928530395,0.001418420928530395,-0.004581579071469605,close,0,0,28,2024-08-01
2024-08-16,3236,19.483469009399414,0.5094558768227688,1,0.009950220584869385,0.03482584282755852,0.007462696637958288,0.009950220584869385,0.03,0.024,take_profit,1,0,28,2024-08-01
2024-08-16,3437,23.799999237060547,0.5094558768227688,1,-0.0021008083131164312,0.012605090625584126,-0.008403313346207142,0.004201696719974279,0.004201696719974279,-0.0017983032800257207,close,0,0,28,2024-08-01
2024-08-19,9931,32.584999084472656,0.4828567895253234,1,-0.0014577676774933934,0.008746269159018993,-0.0014577676774933934,0.0058308616280555725,0.0058308616280555725,-0.00016913837194442762,close,0,0,28,2024-08-01
2024-08-19,1307,29.01926612854004,0.4828567895253234,0,0.004566285293549299,0.015220729634165764,-0.009132369421422482,-0.009132369421422482,-0.009132369421422482,-0.015132369421422482,close,0,0,28,2024-08-01
2024-08-19,1219,16.63421058654785,0.4828567895253234,0,0.0029069322627037764,0.005813864525407553,0.0,0.0,0.0,-0.006,close,0,0,28,2024-08-01
2024-08-19,9958,203.12985229492188,0.4828567895253234,1,0.012135891243815422,0.07281550019979477,-3.047255603405574e-08,0.029126182198524475,0.03,0.024,take_profit,1,0,28,2024-08-01
2024-08-19,1101,31.44952392578125,0.4828567895253234,1,0.007645253092050552,0.007645253092050552,-6.4751120021355746e-09,0.003058050759136677,0.003058050759136677,-0.0029419492408633233,close,0,0,28,2024-08-01
2024-08-19,1326,43.91965103149414,0.4828567895253234,0,-2.7999858431826397e-08,0.0011135407257825136,-0.02115817368030548,-0.020044604316353798,-0.02,-0.026000000000000002,stop_loss,0,1,28,2024-08-01
2024-08-19,1308,17.344579696655273,0.4828567895253234,0,-0.0028249446768313646,-2.1511947778662943e-08,-0.014124314300715923,-0.00847468338906765,-0.00847468338906765,-0.01447468338906765,close,0,0,28,2024-08-01
2024-08-19,1310,13.100000381469727,0.4828567895253234,0,0.003816735465079546,0.003816735465079546,-0.011450424790382385,-0.007633616682142019,-0.007633616682142019,-0.01363361668214202,close,0,0,28,2024-08-01
2024-08-19,8908,46.05290985107422,0.4828567895253234,1,-1.1050482751073787e-10,0.005859393160790205,-0.0019530775025486946,0.003906235098838806,0.003906235098838806,-0.002093764901161194,close,0,0,28,2024-08-01
2024-08-19,1227,36.66024398803711,0.4828567895253234,0,-4.8870401059275537e-08,-4.8870401059275537e-08,-0.005222000647336245,-0.003916438203305006,-0.003916438203305006,-0.009916438203305006,close,0,0,28,2024-08-01
2024-08-19,1229,56.46355056762695,0.4828567895253234,1,0.0032786778174340725,0.016393447294831276,0.0032786778174340725,0.008196691982448101,0.008196691982448101,0.002196691982448101,close,0,0,28,2024-08-01
2024-08-19,1231,99.27193450927734,0.4828567895253234,0,0.004524907562881708,0.004524907562881708,-0.018099535256624222,-0.018099535256624222,-0.018099535256624222,-0.02409953525662422,close,0,0,28,2024-08-01
2024-08-19,1301,51.468910217285156,0.4828567895253234,0,0.005747056100517511,0.007662735879421234,-0.01915714144706726,-0.009578598663210869,-0.009578598663210869,-0.015578598663210869,close,0,0,28,2024-08-01
2024-08-19,1303,45.31006622314453,0.4828567895253234,0,0.0021551577374339104,0.0021551577374339104,-0.0215517058968544,-0.011853495612740517,-0.02,-0.026000000000000002,stop_loss,0,1,28,2024-08-01
2024-08-19,1305,16.97758674621582,0.4828567895253234,0,0.00581388222053647,0.00581388222053647,-0.02616281621158123,-0.023255884647369385,-0.02,-0.026000000000000002,stop_loss,0,1,28,2024-08-01
2024-08-19,1313,11.621577262878418,0.4828567895253234,0,0.008438748307526112,0.01687759906053543,-0.012658297084271908,-0.008438872173428535,-0.008438872173428535,-0.014438872173428536,close,0,0,28,2024-08-01
2024-08-19,8926,42.40705490112305,0.4828567895253234,1,0.003370857797563076,0.015730392187833786,-0.0011235416168347,0.003370857797563076,0.003370857797563076,-0.002629142202436924,close,0,0,28,2024-08-01
2024-08-19,2014,18.799999237060547,0.4828567895253234,0,0.0026596353854984045,0.010638338513672352,-0.007978703826665878,-0.00531906820833683,-0.00531906820833683,-0.01131906820833683,close,0,0,28,2024-08-01
2024-08-19,1903,56.0,0.4828567895253234,0,0.0017856870545074344,0.0035714420955628157,-0.010714258067309856,-0.008928571827709675,-0.008928571827709675,-0.014928571827709675,close,0,0,28,2024-08-01
2024-08-19,1904,25.233999252319336,0.4828567895253234,0,0.003861070377752185,0.003861070377752185,-0.011582931503653526,-0.007721912581473589,-0.007721912581473589,-0.013721912581473589,close,0,0,28,2024-08-01
2024-08-20,1304,14.378703117370605,0.45841775325064354,0,-0.010238874703645706,0.003412989666685462,-0.013651857152581215,-0.0034129100386053324,-0.0034129100386053324,-0.009412910038605332,close,0,0,28,2024-08-01
2024-08-20,2101,51.88089370727539,0.45841775325064354,1,-0.009523770771920681,0.009523849003016949,-0.024761851876974106,0.007619116455316544,-0.02,-0.026000000000000002,stop_loss,0,1,28,2024-08-01
2024-08-20,1702,52.411869049072266,0.45841775325064354,0,-0.005415250547230244,0.0018049930222332478,-0.02166069485247135,-0.01624554768204689,-0.02,-0.026000000000000002,stop_loss,0,1,28,2024-08-01
2024-08-20,2903,26.4420223236084,0.45841775325064354,1,4.284720489522442e-08,0.014209621585905552,-0.005328540690243244,0.005328626371920109,0.005328626371920109,-0.0006713736280798913,close,0,0,28,2024-08-01
2024-08-20,1907,28.64063835144043,0.45841775325064354,1,-1.2194202980708724e-08,0.005058996845036745,-0.005059021059423685,0.003372682025656104,0.003372682025656104,-0.002627317974343896,close,0,0,28,2024-08-01
2024-08-20,1903,55.5,0.45841775325064354,1,0.01261262595653534,0.01261262595653534,-0.005405391566455364,0.01261262595653534,0.01261262595653534,0.006612625956535339,close,0,0,28,2024-08-01
2024-08-20,1904,25.03914451599121,0.45841775325064354,1,-5.7119848406728124e-08,0.005836503580212593,-0.007782187312841415,0.005836503580212593,0.005836503580212593,-0.00016349641978740705,close,0,0,28,2024-08-01
2024-08-20,1905,19.0,0.45841775325064354,1,0.0,0.01578943431377411,-0.010526356287300587,0.005263178143650293,0.005263178143650293,-0.0007368218563497068,close,0,0,28,2024-08-01
2024-08-20,2905,20.891605377197266,0.45841775325064354,0,0.002369615947827697,0.002369615947827697,-0.02606642059981823,-0.0213270653039217,-0.02,-0.026000000000000002,stop_loss,0,1,28,2024-08-01
2024-08-20,2102,21.799999237060547,0.45841775325064354,1,0.0,0.01834869384765625,0.0,0.01834869384765625,0.01834869384765625,0.01234869384765625,close,0,0,28,2024-08-01
2024-08-20,2104,16.25,0.45841775325064354,1,0.006153869442641735,0.01230773888528347,-0.0030768760479986668,0.0030768760479986668,0.0030768760479986668,-0.0029231239520013334,close,0,0,28,2024-08-01
2024-08-20,2106,29.576200485229492,0.45841775325064354,1,1.5905705641472423e-09,0.009677396155893803,-0.001612877007573843,0.006451639346778393,0.006451639346778393,0.00045163934677839267,close,0,0,28,2024-08-01
2024-08-20,6505,57.42218017578125,0.45841775325064354,0,0.0,0.005110719706863165,-0.008517887443304062,0.0,0.0,-0.006,close,0,0,28,2024-08-01
2024-08-20,4306,20.0,0.45841775325064354,0,0.0,0.0,-0.02500000037252903,-0.014999961480498314,-0.02,-0.026000000000000002,stop_loss,0,1,28,2024-08-01
2024-08-20,1210,49.497440338134766,0.45841775325064354,1,0.007707084994763136,0.011560664512217045,2.5775492851209947e-10,0.0038535059429705143,0.0038535059429705143,-0.002146494057029486,close,0,0,28,2024-08-01
2024-08-20,1305,16.5827579498291,0.45841775325064354,1,-0.002976146759465337,0.008928661234676838,-0.005952291656285524,0.0029762571211904287,0.0029762571211904287,-0.0030237428788095714,close,0,0,28,2024-08-01
2024-08-20,1307,28.75425148010254,0.45841775325064354,0,0.001536111463792622,0.006144453771412373,-0.012288680300116539,-0.010752605274319649,-0.010752605274319649,-0.016752605274319647,close,0,0,28,2024-08-01
2024-08-20,1308,17.197589874267578,0.45841775325064354,0,0.005698027554899454,0.011396055109798908,-0.008546987548470497,0.0,0.0,-0.006,close,0,0,28,2024-08-01
2024-08-20,1309,16.855579376220703,0.45841775325064354,1,7.604416651929569e-09,0.014577267691493034,-0.008746325969696045,0.005830933805555105,0.005830933805555105,-0.00016906619444489492,close,0,0,28,2024-08-01
2024-08-20,1310,13.0,0.45841775325064354,1,0.0,0.0076923370361328125,-0.011538431979715824,0.0038461685180664062,0.0038461685180664062,-0.002153831481933594,close,0,0,28,2024-08-01
2024-08-21,9946,38.82025146484375,0.5160423922341936,0,0.00757580203935504,0.00757580203935504,-0.04040403291583061,-0.0189394261687994,-0.02,-0.026000000000000002,stop_loss,0,1,28,2024-08-01
2024-08-21,5508,234.18182373046875,0.5160423922341936,1,-0.0018903532763943076,0.01701323874294758,-0.06049148738384247,0.01134216133505106,-0.02,-0.026000000000000002,stop_loss,0,1,28,2024-08-01
2024-08-21,5515,26.48580551147461,0.5160423922341936,0,-0.002173924120143056,-1.1079075434849983e-08,-0.01739131473004818,-0.010869576595723629,-0.010869576595723629,-0.016869576595723627,close,0,0,28,2024-08-01
2024-08-21,5521,11.149999618530273,0.5160423922341936,0,0.004484322387725115,0.004484322387725115,-0.013452881015837193,-0.008968559093773365,-0.008968559093773365,-0.014968559093773365,close,0,0,28,2024-08-01
2024-08-21,5519,41.9251823425293,0.5160423922341936,0,-0.009793233126401901,-0.006528782192617655,-0.0533188059926033,-0.036996714770793915,-0.02,-0.026000000000000002,stop_loss,0,1,28,2024-08-01
2024-08-21,5014,15.899999618530273,0.5160423922341936,0,0.006289332173764706,0.006289332173764706,-0.015723271295428276,-0.00628927256911993,-0.00628927256911993,-0.01228927256911993,close,0,0,28,2024-08-01
2024-08-21,1702,51.56040954589844,0.5160423922341936,1,-2.286809319684835e-08,0.02201833948493004,-0.0018348571611568332,0.009174289181828499,0.009174289181828499,0.0031742891818284987,close,0,0,28,2024-08-01
2024-08-21,2912,268.951416015625,0.5160423922341936,1,-5.461062269063177e-09,0.008976655080914497,-0.005386001896113157,0.007181323133409023,0.007181323133409023,0.0011813231334090232,close,0,0,28,2024-08-01
2024-08-21,2905,20.446048736572266,0.5160423922341936,0,9.808035272840243e-09,9.808035272840243e-09,-0.03631960228085518,-0.029055699706077576,-0.02,-0.026000000000000002,stop_loss,0,1,28,2024-08-01
2024-08-21,3703,32.248409271240234,0.5160423922341936,1,1.7847531452730436e-08,0.0014814767055213451,-0.02814815379679203,0.0014814767055213451,-0.02,-0.026000000000000002,stop_loss,0,1,28,2024-08-01
2024-08-21,6248,29.116363525390625,0.5160423922341936,1,0.007961753755807877,0.01751592941582203,0.0031846959609538317,0.014331204816699028,0.014331204816699028,0.008331204816699028,close,0,0,28,2024-08-01
2024-08-21,3052,12.68823528289795,0.5160423922341936,0,0.0074905953370034695,0.0074905953370034695,-0.0037453342229127884,0.0,0.0,-0.006,close,0,0,28,2024-08-01
2024-08-21,6015,10.970046043395996,0.5160423922341936,1,7.1955392755285175e-09,0.008695692755281925,-0.0043478356674313545,0.004347850102931261,0.004347850102931261,-0.001652149897068739,close,0,0,28,2024-08-01
2024-08-21,4207,15.766026496887207,0.5160423922341936,1,1.875404365137001e-08,0.01690138317644596,-0.00563376909121871,0.0084506431594491,0.0084506431594491,0.0024506431594491004,close,0,0,28,2024-08-01
2024-08-21,4303,45.20000076293945,0.5160423922341936,1,0.0033185333013534546,0.06637167930603027,0.0033185333013534546,0.027654867619276047,0.03,0.024,take_profit,1,0,28,2024-08-01
2024-08-21,4306,19.700000762939453,0.5160423922341936,1,0.017766419798135757,0.017766419798135757,0.005076064262539148,0.007614193484187126,0.007614193484187126,0.001614193484187126,close,0,0,28,2024-08-01
2024-08-21,6177,59.20278549194336,0.5160423922341936,0,0.010293999686837196,0.010293999686837196,-0.0691177174448967,-0.06764712184667587,-0.02,-0.026000000000000002,stop_loss,0,1,28,2024-08-01
2024-08-21,5876,39.02499771118164,0.5160423922341936,0,0.0036946379113942385,0.0036946379113942385,-0.009852142073214054,-0.0073891254141926765,-0.0073891254141926765,-0.013389125414192677,close,0,0,28,2024-08-01
2024-08-21,6026,12.240821838378906,0.5160423922341936,1,-4.556644483955097e-08,0.011194027028977871,-4.556644483955097e-08,0.003731311997398734,0.003731311997398734,-0.002268688002601266,close,0,0,28,2024-08-01
2024-08-21,6016,12.825166702270508,0.5160423922341936,1,0.006451536435633898,0.006451536435633898,-0.0032258329447358847,0.0032257940620183945,0.0032257940620183945,-0.0027742059379816057,close,0,0,28,2024-08-01
2024-08-22,1219,16.8276309967041,0.4822983162667452,0,-0.005747182760387659,-0.0028735536616295576,-0.011494221165776253,-0.0028735536616295576,-0.0028735536616295576,-0.008873553661629558,close,0,0,28,2024-08-01
2024-08-22,1225,164.0608673095703,0.4822983162667452,0,2.852971725531006e-08,2.852971725531006e-08,-0.015105712227523327,-0.015105712227523327,-0.015105712227523327,-0.021105712227523325,close,0,0,28,2024-08-01
2024-08-22,1227,36.899539947509766,0.4822983162667452,0,1.8349005870277324e-08,1.8349005870277324e-08,-0.0077820634469389915,-0.0064850663766264915,-0.0064850663766264915,-0.012485066376626492,close,0,0,28,2024-08-01
2024-08-22,1229,57.481746673583984,0.4822983162667452,0,-0.0016102998051792383,0.004830899648368359,-0.006441199220716953,0.0,0.0,-0.006,close,0,0,28,2024-08-01
2024-08-22,1231,95.22918701171875,0.4822983162667452,0,6.284194498107354e-09,6.284194498107354e-09,-0.03773580864071846,-0.023584827780723572,-0.02,-0.026000000000000002,stop_loss,0,1,28,2024-08-01
2024-08-22,3056,25.34113121032715,0.4822983162667452,0,-0.024725250899791718,-0.001373620005324483,-0.024725250899791718,-0.013736210763454437,-0.024725250899791718,-0.030725250899791716,gap_stop,0,1,28,2024-08-01
2024-08-22,3188,40.64024353027344,0.4822983162667452,0,-0.02093028649687767,0.0023255269043147564,-0.031395331025123596,-0.00465119956061244,-0.02093028649687767,-0.02693028649687767,gap_stop,0,1,28,2024-08-01
2024-08-22,3052,12.68823528289795,0.4822983162667452,0,-0.010894745588302612,-0.006954072043299675,-0.022716766223311424,-0.010894745588302612,-0.02,-0.026000000000000002,stop_loss,0,1,28,2024-08-01
2024-08-22,3054,20.700000762939453,0.4822983162667452,1,0.0,0.004830843769013882,-0.02415458858013153,0.004830843769013882,-0.02,-0.026000000000000002,stop_loss,0,1,28,2024-08-01
2024-08-22,3346,37.89094543457031,0.4822983162667452,1,0.002541355788707733,0.01016522478312254,-0.017788993194699287,0.01016522478312254,0.01016522478312254,0.004165224783122539,close,0,0,28,2024-08-01
2024-08-22,2497,61.44878005981445,0.4822983162667452,1,-0.00928792916238308,0.009287875145673752,-0.012383916415274143,0.0030960189178586006,0.0030960189178586006,-0.0029039810821413995,close,0,0,28,2024-08-01
2024-08-22,2903,26.53595542907715,0.4822983162667452,0,-6.109771799600594e-09,-6.109771799600594e-09,-0.01415928453207016,-0.003539842553436756,-0.003539842553436756,-0.009539842553436756,close,0,0,28,2024-08-01
2024-08-22,2501,26.173643112182617,0.4822983162667452,0,-0.012681172229349613,-0.00905796978622675,-0.02355070970952511,-0.014492738991975784,-0.02,-0.026000000000000002,stop_loss,0,1,28,2024-08-01
2024-08-22,2504,46.994529724121094,0.4822983162667452,1,-0.003984131384640932,0.011952106840908527,-0.017928369343280792,0.011952106840908527,0.011952106840908527,0.005952106840908527,close,0,0,28,2024-08-01
2024-08-22,2505,26.649999618530273,0.4822983162667452,0,-0.003696811618283391,-0.003696811618283391,-0.03142324462532997,-0.01478742714971304,-0.02,-0.026000000000000002,stop_loss,0,1,28,2024-08-01
2024-08-22,2515,13.600000381469727,0.4822983162667452,0,0.0,0.0036764144897460938,-0.018382351845502853,-0.014705938287079334,-0.014705938287079334,-0.020705938287079333,close,0,0,28,2024-08-01
2024-08-22,2516,11.850000381469727,0.4822983162667452,1,0.0,0.004219344817101955,-0.012658275663852692,0.004219344817101955,0.004219344817101955,-0.0017806551828980447,close,0,0,28,2024-08-01
2024-08-22,2520,49.35050964355469,0.4822983162667452,0,-0.01030920259654522,-0.01030920259654522,-0.027491353452205658,-0.027491353452205658,-0.02,-0.026000000000000002,stop_loss,0,1,28,2024-08-01
2024-08-22,2527,34.545318603515625,0.4822983162667452,0,-0.0012902750167995691,-0.0012902750167995691,-0.02064511366188526,-0.0038709791842848063,-0.02,-0.026000000000000002,stop_loss,0,1,28,2024-08-01
2024-08-22,2528,40.238094329833984,0.4822983162667452,1,-0.007100564893335104,0.020118361338973045,-0.04378700628876686,0.013017796911299229,-0.02,-0.026000000000000002,stop_loss,0,1,28,2024-08-01
2024-08-23,8088,30.751724243164062,0.5292552640632572,1,0.0016025834484025836,0.04166668653488159,0.0016025834484025836,0.019230764359235764,0.03,0.024,take_profit,1,0,28,2024-08-01
2024-08-23,5426,29.49920082092285,0.5292552640632572,1,0.013289021328091621,0.021594667807221413,-0.004983378574252129,0.006644477602094412,0.006644477602094412,0.0006444776020944117,close,0,0,28,2024-08-01
2024-08-23,3508,25.0,0.5292552640632572,1,0.019999999552965164,0.044000014662742615,0.014000015333294868,0.014000015333294868,0.03,0.024,take_profit,1,0,28,2024-08-01
2024-08-23,6949,102.0,0.5292552640632572,0,-0.014705882407724857,-0.014705882407724857,-0.029411764815449715,-0.02058822102844715,-0.02,-0.026000000000000002,stop_loss,0,1,28,2024-08-01
2024-08-23,2530,43.93828582763672,0.5292552640632572,1,0.0162160973995924,0.02054043672978878,-0.005405522417277098,0.02054043672978878,0.02054043672978878,0.01454043672978878,close,0,0,28,2024-08-01
2024-08-23,6226,9.920000076293945,0.5292552640632572,1,0.013104850426316261,0.02822577953338623,0.006048333365470171,0.008064508438110352,0.008064508438110352,0.0020645084381103514,close,0,0,28,2024-08-01
2024-08-23,6244,25.242053985595703,0.5292552640632572,1,0.005825216881930828,0.025242691859602928,0.005825216881930828,0.015533954836428165,0.015533954836428165,0.009533954836428165,close,0,0,28,2024-08-01
2024-08-23,1303,44.67533493041992,0.5285641639436147,1,0.0032787283416837454,0.021857930347323418,0.0021857654210180044,0.018579207360744476,0.018579207360744476,0.012579207360744476,close,0,0,28,2024-08-01
2024-08-23,4714,18.399999618530273,0.5285641639436147,0,0.008152153342962265,0.010869607329368591,-0.010869503021240234,-0.010869503021240234,-0.010869503021240234,-0.016869503021240233,close,0,0,28,2024-08-01
2024-08-23,4113,45.95000076293945,0.5285641639436147,0,0.0010881226044148207,0.035908546298742294,-0.023939114063978195,-0.023939114063978195,-0.02,-0.026000000000000002,ambiguous_stop_loss,1,1,28,2024-08-01
2024-08-23,1702,51.65501403808594,0.5285641639436147,0,1.2423647888226697e-08,0.007326047867536545,-0.007325953338295221,-0.003662935458123684,-0.003662935458123684,-0.009662935458123684,close,0,0,28,2024-08-01
2024-08-23,4121,19.100000381469727,0.5285641639436147,0,0.0,0.0026177610270678997,-0.005235622171312571,-0.005235622171312571,-0.005235622171312571,-0.01123562217131257,close,0,0,28,2024-08-01
2024-08-23,4541,26.192096710205078,0.5285641639436147,0,0.0037523596547544003,0.022514086216688156,0.0,0.0,0.0,-0.006,close,0,0,28,2024-08-01
2024-08-23,4147,81.0,0.5285641639436147,0,0.006172839552164078,0.012345679104328156,-0.009876580908894539,-0.007407388649880886,-0.007407388649880886,-0.013407388649880886,close,0,0,28,2024-08-01
2024-08-23,1325,27.619598388671875,0.5285641639436147,0,1.1387901288628655e-08,0.0071684978902339935,-0.01075264997780323,-0.007168406620621681,-0.007168406620621681,-0.013168406620621681,close,0,0,28,2024-08-01
2024-08-23,9946,37.15372848510742,0.5285641639436147,1,0.0065963598899543285,0.029023760929703712,-0.0013192881597205997,0.007915601134300232,0.007915601134300232,0.0019156011343002318,close,0,0,28,2024-08-01
2024-08-23,8048,52.87093734741211,0.5285641639436147,0,0.003577764378860593,0.003577764378860593,-0.010733491741120815,-0.003577829571440816,-0.003577829571440816,-0.009577829571440816,close,0,0,28,2024-08-01
2024-08-23,8045,109.19086456298828,0.5285641639436147,1,0.008888906799256802,0.031111130490899086,0.004444462712854147,0.026666685938835144,0.03,0.024,take_profit,1,0,28,2024-08-01
2024-08-23,3576,11.399999618530273,0.5285641639436147,1,0.00877196341753006,0.030701788142323494,0.00438598170876503,0.01315794512629509,0.03,0.024,take_profit,1,0,28,2024-08-01
2024-08-23,3630,27.399999618530273,0.5285641639436147,1,0.007299297954887152,0.018248176202178,0.0018248592969030142,0.009124088101089,0.009124088101089,0.0031240881010890006,close,0,0,28,2024-08-01
2024-08-26,9946,37.44782257080078,0.49995111616147325,0,-7.302973870082496e-08,0.006544428877532482,-0.018324699252843857,-0.010471316054463387,-0.010471316054463387,-0.016471316054463385,close,0,0,28,2024-08-01
2024-08-26,9945,46.26754379272461,0.49995111616147325,1,0.00521380640566349,0.007299280259758234,-0.004170985892415047,0.00521380640566349,0.00521380640566349,-0.0007861935943365098,close,0,0,28,2024-08-01
2024-08-26,9940,30.73821258544922,0.49995111616147325,0,-0.0030440432019531727,5.059106555904691e-08,-0.010654394514858723,-0.00152199633885175,-0.00152199633885175,-0.00752199633885175,close,0,0,28,2024-08-01
2024-08-26,9939,151.30001831054688,0.49995111616147325,1,0.0031745589803904295,0.01587297022342682,-0.0031746472232043743,0.01587297022342682,0.01587297022342682,0.009872970223426819,close,0,0,28,2024-08-01
2024-08-26,1104,28.656997680664062,0.49995111616147325,0,-0.0032894862815737724,0.0016447744565084577,-0.006578909698873758,0.0,0.0,-0.006,close,0,0,28,2024-08-01
2024-08-26,9935,27.402841567993164,0.49995111616147325,1,3.954208338541321e-08,0.018549825996160507,-0.010117978788912296,0.018549825996160507,0.018549825996160507,0.012549825996160507,close,0,0,28,2024-08-01
2024-08-26,9933,43.765235900878906,0.49995111616147325,1,-0.003115283092483878,0.012461044825613499,-0.0051921093836426735,0.011422588489949703,0.011422588489949703,0.005422588489949703,close,0,0,28,2024-08-01
2024-08-26,1210,49.497440338134766,0.49995111616147325,1,-0.0019268260803073645,0.0038535059429705143,-0.007707158103585243,0.0038535059429705143,0.0038535059429705143,-0.002146494057029486,close,0,0,28,2024-08-01
2024-08-26,9917,138.6371307373047,0.49995111616147325,0,-0.010344801470637321,2.646108754333909e-08,-0.02413790486752987,-0.010344801470637321,-0.02,-0.026000000000000002,stop_loss,0,1,28,2024-08-01
2024-08-26,1216,78.54353332519531,0.49995111616147325,1,-0.0036810205783694983,0.023312900215387344,-0.006134971044957638,0.023312900215387344,0.023312900215387344,0.017312900215387346,close,0,0,28,2024-08-01
2024-08-26,8255,172.0,0.49995111616147325,0,-0.011627906933426857,-0.0029069767333567142,-0.01744186133146286,-0.0058139534667134285,-0.0058139534667134285,-0.011813953466713429,close,0,0,28,2024-08-01
2024-08-26,8289,27.87550163269043,0.49995111616147325,0,0.010600678622722626,0.010600678622722626,-0.008833990432322025,-6.842383015737141e-08,-6.842383015737141e-08,-0.0060000684238301575,close,0,0,28,2024-08-01
2024-08-26,8299,504.0851135253906,0.49995111616147325,1,2.0782568554977843e-08,0.018867945298552513,-0.003773564239963889,0.011320775374770164,0.011320775374770164,0.005320775374770164,close,0,0,28,2024-08-01
2024-08-26,8341,90.2686767578125,0.49995111616147325,0,0.0,0.0,-0.006315773352980614,0.0,0.0,-0.006,close,0,0,28,2024-08-01
2024-08-26,8374,134.33387756347656,0.49995111616147325,1,-0.011111060157418251,0.1000000536441803,-0.011111060157418251,0.1000000536441803,0.03,0.024,take_profit,1,0,28,2024-08-01
2024-08-26,8227,196.87733459472656,0.49995111616147325,1,0.00251257442869246,0.025125639513134956,-0.007537676952779293,0.015075388364493847,0.015075388364493847,0.009075388364493847,close,0,0,28,2024-08-01
2024-08-26,8234,56.29090881347656,0.49995111616147325,1,-0.008680569939315319,0.015625013038516045,-0.01041665393859148,0.0017361369682475924,0.0017361369682475924,-0.004263863031752408,close,0,0,28,2024-08-01
2024-08-26,8240,32.5130729675293,0.49995111616147325,1,-0.0029196988325566053,0.018978111445903778,-0.007299305405467749,0.0014597963308915496,0.0014597963308915496,-0.0045402036691084505,close,0,0,28,2024-08-01
2024-08-26,8103,66.07514953613281,0.49995111616147325,1,0.0028368360362946987,0.01985817775130272,-0.009929034858942032,0.004255362320691347,0.004255362320691347,-0.001744637679308653,close,0,0,28,2024-08-01
2024-08-26,8104,41.79999923706055,0.49995111616147325,1,0.0,0.02870815247297287,-0.007177015300840139,0.020334983244538307,0.020334983244538307,0.014334983244538307,close,0,0,28,2024-08-01
2024-08-27,1225,159.59999084472656,0.5075376909272616,0,-0.010025005787611008,0.0025063231587409973,-0.010025005787611008,-0.003759341314435005,-0.003759341314435005,-0.009759341314435005,close,0,0,28,2024-08-01
2024-08-27,1432,17.600000381469727,0.5075376909272616,0,0.0,0.005681839771568775,-0.002840974135324359,0.0,0.0,-0.006,close,0,0,28,2024-08-01
2024-08-27,1409,15.63291072845459,0.5075376909272616,0,5.725388163568823e-09,0.00615387549623847,-0.012307733297348022,-0.012307733297348022,-0.012307733297348022,-0.01830773329734802,close,0,0,28,2024-08-01
2024-08-27,9946,37.055694580078125,0.5075376909272616,0,-0.005290959496051073,0.014550312422215939,-0.007936421781778336,-0.005290959496051073,-0.005290959496051073,-0.011290959496051073,close,0,0,28,2024-08-01
2024-08-27,9955,37.54999923706055,0.5075376909272616,0,0.009320966899394989,0.013315579853951931,-0.014647116884589195,-0.013315579853951931,-0.013315579853951931,-0.01931557985395193,close,0,0,28,2024-08-01
2024-08-27,8454,357.0068359375,0.5075376909272616,0,0.002547771669924259,0.005095573607832193,-0.0012738493969663978,-0.0012738493969663978,-0.0012738493969663978,-0.007273849396966398,close,0,0,28,2024-08-01
2024-08-27,8086,102.5,0.5075376909272616,1,0.009756097570061684,0.014634146355092525,-0.004878048785030842,0.004878048785030842,0.004878048785030842,-0.0011219512149691583,close,0,0,28,2024-08-01
2024-08-27,8048,51.7359619140625,0.5075376909272616,1,0.010968922637403011,0.014625243842601776,0.0036563503090292215,0.012797118164598942,0.012797118164598942,0.006797118164598942,close,0,0,28,2024-08-01
2024-08-27,8390,72.09752655029297,0.5075376909272616,0,0.019999951124191284,0.019999951124191284,-0.008000028319656849,-0.008000028319656849,-0.008000028319656849,-0.014000028319656849,close,0,0,28,2024-08-01
2024-08-27,8383,40.54668045043945,0.5075376909272616,1,-7.888997899385686e-09,0.01624131016433239,-7.888997899385686e-09,0.01624131016433239,0.01624131016433239,0.01024131016433239,close,0,0,28,2024-08-01
2024-08-27,8932,83.6520004272461,0.5075376909272616,0,0.0029498629737645388,0.00884958915412426,-0.032448310405015945,0.0,-0.02,-0.026000000000000002,stop_loss,0,1,28,2024-08-01
2024-08-27,8234,56.38863754272461,0.5075376909272616,0,0.012131729163229465,0.012131729163229465,-0.006932435557246208,0.0,0.0,-0.006,close,0,0,28,2024-08-01
2024-08-27,8289,27.875499725341797,0.5075376909272616,0,-0.005300368648022413,0.001766796107403934,-0.005300368648022413,-0.003533543786033988,-0.003533543786033988,-0.009533543786033988,close,0,0,28,2024-08-01
2024-08-27,1436,127.55197143554688,0.5075376909272616,0,0.006024107802659273,0.012048215605318546,-0.006024107802659273,-0.006024107802659273,-0.006024107802659273,-0.012024107802659273,close,0,0,28,2024-08-01
2024-08-27,8415,31.9307918548584,0.5075376909272616,0,4.800384090231091e-08,0.004490997642278671,-0.0029940325766801834,-0.0014970493502914906,-0.0014970493502914906,-0.007497049350291491,close,0,0,28,2024-08-01
2024-08-27,8431,60.207088470458984,0.5075376909272616,0,-6.113476302971321e-08,-6.113476302971321e-08,-0.01658380776643753,-0.008291934616863728,-0.008291934616863728,-0.014291934616863728,close,0,0,28,2024-08-01
2024-08-27,8240,32.5605354309082,0.5075376909272616,1,0.001457713544368744,0.02040819637477398,0.001457713544368744,0.014577269554138184,0.014577269554138184,0.008577269554138183,close,0,0,28,2024-08-01
2024-08-27,2753,144.42774963378906,0.5075376909272616,1,-0.0033002966083586216,0.006600693799555302,-0.0033002966083586216,0.006600693799555302,0.006600693799555302,0.0006006937995553015,close,0,0,28,2024-08-01
2024-08-27,2538,18.593059539794922,0.5075376909272616,0,-0.0025126119144260883,0.005025077611207962,-0.007537738420069218,-0.005025174934417009,-0.005025174934417009,-0.01102517493441701,close,0,0,28,2024-08-01
2024-08-27,3321,19.5,0.5075376909272616,1,0.0,0.017948737367987633,-0.007692288141697645,0.010256449691951275,0.010256449691951275,0.004256449691951275,close,0,0,28,2024-08-01
2024-08-28,8936,65.77720642089844,0.4820492523997199,0,0.0014836456393823028,0.004450959153473377,-0.017804233357310295,-0.01038583554327488,-0.01038583554327488,-0.016385835543274878,close,0,0,28,2024-08-01
2024-08-28,8926,42.88353729248047,0.4820492523997199,0,0.0011111466446891427,0.003333419794216752,-0.005555503536015749,-0.003333315020427108,-0.003333315020427108,-0.009333315020427108,close,0,0,28,2024-08-01
2024-08-28,1409,15.440505027770996,0.4820492523997199,1,-0.003115216502919793,0.012461108155548573,-0.009345769882202148,0.003115337109193206,0.003115337109193206,-0.0028846628908067943,close,0,0,28,2024-08-01
2024-08-28,8935,16.899999618530273,0.4820492523997199,0,-0.002958534751087427,0.0029586476739495993,-0.008875717408955097,0.0,0.0,-0.006,close,0,0,28,2024-08-01
2024-08-28,1101,31.641876220703125,0.4820492523997199,1,0.003039433853700757,0.009118483401834965,-3.3304115021337566e-08,0.0015197002794593573,0.0015197002794593573,-0.004480299720540643,close,0,0,28,2024-08-01
2024-08-28,1102,42.43050003051758,0.4820492523997199,0,0.0,0.008908635005354881,-0.005567928310483694,0.0,0.0,-0.006,close,0,0,28,2024-08-01
2024-08-28,8932,83.6520004272461,0.4820492523997199,0,0.0,0.0,0.0,0.0,0.0,-0.006,close,0,0,28,2024-08-01
2024-08-28,1104,28.656997680664062,0.4820492523997199,1,-0.00164470833260566,0.0032894897740334272,-0.0032894827891141176,0.0016447779489681125,0.0016447779489681125,-0.004355222051031888,close,0,0,28,2024-08-01
2024-08-28,1110,22.680213928222656,0.4820492523997199,0,-0.004338392522186041,-0.0021692283917218447,-0.026030365377664566,-0.010846050456166267,-0.02,-0.026000000000000002,stop_loss,0,1,28,2024-08-01
2024-08-28,1201,17.77656364440918,0.4820492523997199,1,-6.359777415809731e-08,0.00817430205643177,-0.002724921330809593,0.005449547898024321,0.005449547898024321,-0.0005504521019756795,close,0,0,28,2024-08-01
2024-08-28,9908,29.665361404418945,0.4820492523997199,1,0.0016206740401685238,0.0032414565794169903,-0.001620829221792519,0.0032414565794169903,0.0032414565794169903,-0.00275854342058301,close,0,0,28,2024-08-01
2024-08-28,9907,15.420394897460938,0.4820492523997199,1,0.006153852678835392,0.024615343660116196,-0.00307689281180501,0.018461475148797035,0.018461475148797035,0.012461475148797035,close,0,0,28,2024-08-01
2024-08-28,9906,189.7791748046875,0.4820492523997199,0,0.015075416304171085,0.032663386315107346,-0.0075376881286501884,-0.0075376881286501884,0.03,0.024,take_profit,1,0,28,2024-08-01
2024-08-28,8415,31.88298988342285,0.4820492523997199,1,0.0014993665972724557,0.004497821908444166,-0.0014992030337452888,0.004497821908444166,0.004497821908444166,-0.001502178091555834,close,0,0,28,2024-08-01
2024-08-28,8431,59.707855224609375,0.4820492523997199,1,-0.006688904948532581,0.020066922530531883,-0.010033398866653442,0.01839470863342285,0.01839470863342285,0.012394708633422851,close,0,0,28,2024-08-01
2024-08-28,8436,141.5,0.4820492523997199,1,-0.0035335689317435026,0.0035335689317435026,-0.007067137863487005,0.0035335689317435026,0.0035335689317435026,-0.0024664310682564975,close,0,0,28,2024-08-01
2024-08-28,8255,171.0,0.4820492523997199,1,0.0,0.011695906519889832,-0.008771929889917374,0.002923976629972458,0.002923976629972458,-0.0030760233700275422,close,0,0,28,2024-08-01
2024-08-28,8476,56.22268295288086,0.4820492523997199,0,-6.671588614892698e-09,-6.671588614892698e-09,-0.015280167572200298,-0.011884569190442562,-0.011884569190442562,-0.01788456919044256,close,0,0,28,2024-08-01
2024-08-28,8489,28.850000381469727,0.4820492523997199,0,0.0,0.003466217778623104,-0.012131729163229465,-0.005199293605983257,-0.005199293605983257,-0.011199293605983257,close,0,0,28,2024-08-01
2024-08-28,1309,17.740127563476562,0.4820492523997199,1,-0.008310203440487385,0.036011192947626114,-0.01385039184242487,0.01939062960445881,0.03,0.024,take_profit,1,0,28,2024-08-01
2024-08-29,5244,42.79999923706055,0.48269884969572524,0,0.0011682064505293965,0.004672915209084749,-0.0011682064505293965,-0.0011682064505293965,-0.0011682064505293965,-0.007168206450529397,close,0,0,28,2024-08-01
2024-08-29,1795,274.6430358886719,0.48269884969572524,1,0.003546136897057295,0.02482273429632187,0.003546136897057295,0.017730534076690674,0.017730534076690674,0.011730534076690674,close,0,0,28,2024-08-01
2024-08-29,8932,83.6520004272461,0.48269884969572524,0,0.0,0.0,0.0,0.0,0.0,-0.006,close,0,0,28,2024-08-01
2024-08-29,5285,62.390323638916016,0.48269884969572524,1,0.012288791127502918,0.012288791127502918,-0.004608266521245241,0.0030722247902303934,0.0030722247902303934,-0.0029277752097696067,close,0,0,28,2024-08-01
2024-08-29,5371,78.12581634521484,0.48269884969572524,1,0.0037359213456511497,0.011207882314920425,-0.0012454173993319273,0.0012452994706109166,0.0012452994706109166,-0.0047547005293890835,close,0,0,28,2024-08-01
2024-08-29,5351,38.900001525878906,0.48269884969572524,1,0.0064267348498106,0.016709452494978905,0.0012853273656219244,0.01028271671384573,0.01028271671384573,0.00428271671384573,close,0,0,28,2024-08-01
2024-08-29,9955,37.0,0.48269884969572524,0,0.01081085205078125,0.024324364960193634,-0.01081085205078125,-0.01081085205078125,-0.01081085205078125,-0.01681085205078125,close,0,0,28,2024-08-01
2024-08-29,9940,30.597858428955078,0.48269884969572524,1,3.3931439880063863e-09,0.007645263336598873,-0.003058170434087515,0.007645263336598873,0.007645263336598873,0.001645263336598873,close,0,0,28,2024-08-01
2024-08-29,5228,21.649999618530273,0.48269884969572524,1,-0.011547344736754894,0.004618955310434103,-0.011547344736754894,0.004618955310434103,0.004618955310434103,-0.0013810446895658971,close,0,0,28,2024-08-01
2024-08-29,1563,61.17440414428711,0.48269884969572524,0,0.0015624761581420898,0.01406252384185791,-0.0015624761581420898,0.0,0.0,-0.006,close,0,0,28,2024-08-01
2024-08-29,1584,39.401161193847656,0.48269884969572524,0,0.002469081897288561,0.009876564145088196,-0.041975341737270355,-0.041975341737270355,-0.02,-0.026000000000000002,stop_loss,0,1,28,2024-08-01
2024-08-29,1785,62.900001525878906,0.48269884969572524,1,0.009538926184177399,0.08426065742969513,0.0015898008132353425,0.05246415361762047,0.03,0.024,take_profit,1,0,28,2024-08-01
2024-08-29,4949,24.181926727294922,0.48269884969572524,1,-0.01207250077277422,0.002012021606788039,-0.01207250077277422,0.002012021606788039,0.002012021606788039,-0.003987978393211961,close,0,0,28,2024-08-01
2024-08-29,4952,52.621429443359375,0.48269884969572524,1,0.007194249890744686,0.01618705503642559,0.0035971140023320913,0.0035971140023320913,0.0035971140023320913,-0.002402885997667909,close,0,0,28,2024-08-01
2024-08-29,4956,26.75,0.48269884969572524,1,0.005607462488114834,0.09906540811061859,0.001869130413979292,0.0691588893532753,0.03,0.024,take_profit,1,0,28,2024-08-01
2024-08-29,4916,27.399999618530273,0.48269884969572524,1,0.003649648977443576,0.009124088101089,-0.003649648977443576,0.007299297954887152,0.007299297954887152,0.0012992979548871516,close,0,0,28,2024-08-01
2024-08-29,4919,87.29971313476562,0.48269884969572524,1,0.005694839637726545,0.018223296850919724,0.004555817693471909,0.014806404709815979,0.014806404709815979,0.008806404709815979,close,0,0,28,2024-08-01
2024-08-29,8072,26.874528884887695,0.48269884969572524,1,-0.0018215267919003963,0.009107476100325584,-0.007285993546247482,0.0036429399624466896,0.0036429399624466896,-0.0023570600375533105,close,0,0,28,2024-08-01
2024-08-29,8046,145.7105255126953,0.48269884969572524,0,0.010204081423580647,0.017006803303956985,0.0,0.0,0.0,-0.006,close,0,0,28,2024-08-01
2024-08-29,8050,68.16915130615234,0.48269884969572524,1,0.0013869184767827392,0.012482660822570324,0.0013869184767827392,0.011095719411969185,0.011095719411969185,0.005095719411969185,close,0,0,28,2024-08-01
2024-08-30,1305,16.730819702148438,0.5321094616549643,0,8.938868312213799e-09,8.938868312213799e-09,-0.011799445375800133,-0.011799445375800133,-0.011799445375800133,-0.01779944537580013,close,0,0,28,2024-08-01
2024-08-30,9955,36.599998474121094,0.5321094616549643,0,-0.010928899981081486,-0.008196700364351273,-0.023224003612995148,-0.019125601276755333,-0.02,-0.026000000000000002,stop_loss,0,1,28,2024-08-01
2024-08-30,1101,31.68996238708496,0.5321094616549643,0,-0.001517419470474124,8.084541036623705e-09,-0.00758724519982934,-0.006069817580282688,-0.006069817580282688,-0.012069817580282688,close,0,0,28,2024-08-01
2024-08-30,9935,27.864948272705078,0.5321094616549643,1,0.004975099582225084,0.013266973197460175,-0.011608648113906384,0.001658400404267013,0.001658400404267013,-0.004341599595732987,close,0,0,28,2024-08-01
2024-08-30,1304,14.722222328186035,0.5321094616549643,0,0.01333334669470787,0.01333334669470787,-0.01666664145886898,-0.013333295471966267,-0.013333295471966267,-0.019333295471966265,close,0,0,28,2024-08-01
2024-08-30,1303,44.235904693603516,0.5321094616549643,0,0.004415031522512436,0.005518767517060041,-0.02649007923901081,-0.01986749656498432,-0.02,-0.026000000000000002,stop_loss,0,1,28,2024-08-01
2024-08-30,1110,22.335830688476562,0.5321094616549643,0,0.00660785473883152,0.013215767219662666,-0.017621267586946487,-0.006608053110539913,-0.006608053110539913,-0.012608053110539913,close,0,0,28,2024-08-01
2024-08-30,8227,196.87733459472656,0.5321094616549643,0,0.020100461319088936,0.05276377499103546,-0.0075377291068434715,-0.002512603532522917,0.03,0.024,take_profit,1,0,28,2024-08-01
2024-08-30,8234,54.82500076293945,0.5321094616549643,1,0.0106952004134655,0.03743316978216171,0.008912628516554832,0.01960785686969757,0.03,0.024,take_profit,1,0,28,2024-08-01
2024-08-30,1301,50.8773078918457,0.5321094616549643,0,0.005814041011035442,0.005814041011035442,-0.021317772567272186,-0.021317772567272186,-0.02,-0.026000000000000002,stop_loss,0,1,28,2024-08-01
2024-08-30,8271,54.5,0.5321094616549643,0,0.00366973876953125,0.0073394775390625,-0.00366973876953125,0.0,0.0,-0.006,close,0,0,28,2024-08-01
2024-08-30,8289,27.333749771118164,0.5321094616549643,1,0.005405382718890905,0.012612617574632168,0.005405382718890905,0.007207225542515516,0.007207225542515516,0.0012072255425155162,close,0,0,28,2024-08-01
2024-08-30,8210,288.1591796875,0.5321094616549643,0,0.008547037839889526,0.015384645201265812,-0.008546979166567326,-0.008546979166567326,-0.008546979166567326,-0.014546979166567326,close,0,0,28,2024-08-01
2024-08-30,1326,42.843666076660156,0.5321094616549643,0,-1.9584559751706365e-08,-1.9584559751706365e-08,-0.02739729732275009,-0.02625567466020584,-0.02,-0.026000000000000002,stop_loss,0,1,28,2024-08-01
2024-08-30,1310,13.100000381469727,0.5321094616549643,1,0.003816735465079546,0.003816735465079546,-0.007633616682142019,0.003816735465079546,0.003816735465079546,-0.002183264534920454,close,0,0,28,2024-08-01
2024-08-30,8096,50.88323211669922,0.5321094616549643,1,0.011650451458990574,0.023300981149077415,-0.0019417223520576954,0.0019417135044932365,0.0019417135044932365,-0.004058286495506764,close,0,0,28,2024-08-01
2024-08-30,8103,63.26344299316406,0.5321094616549643,1,1.7959347786700164e-08,0.06814814358949661,1.7959347786700164e-08,0.03407413884997368,0.03,0.024,take_profit,1,0,28,2024-08-01
2024-08-30,1540,39.51588439941406,0.5321094616549643,0,0.0023951702751219273,0.02994011715054512,-0.037125732749700546,-0.021556925028562546,-0.02,-0.026000000000000002,stop_loss,0,1,28,2024-08-01
2024-08-30,1563,61.17440414428711,0.5321094616549643,0,0.007812470197677612,0.007812470197677612,-0.007812529802322388,-0.0062500531785190105,-0.0062500531785190105,-0.01225005317851901,close,0,0,28,2024-08-01
2024-08-30,1569,27.700000762939453,0.5321094616549643,1,0.0,0.04873640462756157,0.0,0.010830297134816647,0.03,0.024,take_profit,1,0,28,2024-08-01
2024-09-02,6285,117.07846069335938,0.6616764333771492,0,-0.004098379053175449,-0.004098379053175449,-0.03278690204024315,-0.028688542544841766,-0.02,-0.026000000000000002,stop_loss,0,1,29,2024-09-01
2024-09-02,6757,53.0,0.6590690710302511,1,0.009433962404727936,0.09999998658895493,0.009433962404727936,0.06415097415447235,0.03,0.024,take_profit,1,0,29,2024-09-01
2024-09-02,6805,767.1104736328125,0.6587327188811741,0,0.009055688045918941,0.014230332337319851,-0.028460485860705376,-0.028460485860705376,-0.02,-0.026000000000000002,stop_loss,0,1,29,2024-09-01
2024-09-02,6442,391.38836669921875,0.6579214014882517,0,0.02130330540239811,0.02130330540239811,-0.03258140757679939,-0.021303212270140648,-0.02,-0.026000000000000002,stop_loss,0,1,29,2024-09-01
2024-09-02,6205,66.89189910888672,0.6577464004535765,1,-0.015873052179813385,0.007215058896690607,-0.015873052179813385,0.0014430312439799309,0.0014430312439799309,-0.004556968756020069,close,0,0,29,2024-09-01
2024-09-02,2061,23.450000762939453,0.6570714447312467,0,0.006396572105586529,0.014925307594239712,-0.010660980828106403,-0.010660980828106403,-0.010660980828106403,-0.016660980828106402,close,0,0,29,2024-09-01
2024-09-02,3324,589.5188598632812,0.6548762320493549,1,-0.010033472441136837,0.02842806465923786,-0.015050194226205349,0.0033444538712501526,0.0033444538712501526,-0.0026555461287498475,close,0,0,29,2024-09-01
2024-09-02,3231,96.69628143310547,0.6529471696879238,0,-1.8439925142388347e-08,0.00999998115003109,-0.015000018291175365,-0.009000033140182495,-0.009000033140182495,-0.015000033140182495,close,0,0,29,2024-09-01
2024-09-02,6584,172.5,0.6529048030670102,0,0.008695651777088642,0.0260869562625885,-0.011594203300774097,-0.008695651777088642,-0.008695651777088642,-0.014695651777088642,close,0,0,29,2024-09-01
2024-09-02,2353,41.399147033691406,0.652772771974923,1,8.036540322109431e-10,0.006896534934639931,-0.0022988147102296352,0.0011494085192680359,0.0011494085192680359,-0.004850591480731964,close,0,0,29,2024-09-01
2024-09-02,2356,43.69397735595703,0.6514593039280605,0,-0.0022002768237143755,-0.0011000997619703412,-0.01870192587375641,-0.01870192587375641,-0.01870192587375641,-0.024701925873756407,close,0,0,29,2024-09-01
2024-09-02,3014,133.6058349609375,0.651221465072749,0,4.0874265749835104e-08,0.017482558265328407,-0.0034964627120643854,-0.0034964627120643854,-0.0034964627120643854,-0.009496462712064386,close,0,0,29,2024-09-01
2024-09-02,2308,387.6048583984375,0.651107729086474,0,4.352922289285743e-08,0.006337179336696863,-0.006337092258036137,-0.005069665145128965,-0.005069665145128965,-0.011069665145128966,close,0,0,29,2024-09-01
2024-09-02,6005,20.320362091064453,0.649840995526158,0,0.0,0.006880803965032101,-0.009174259379506111,0.0,0.0,-0.006,close,0,0,29,2024-09-01
2024-09-02,1735,22.775293350219727,0.649658503540381,1,0.08786613494157791,0.09832638502120972,8.764048153864223e-09,0.09832638502120972,0.03,0.024,gap_take_profit,1,0,29,2024-09-01
2024-09-02,5876,38.44827651977539,0.6494566616825935,0,0.00375006184913218,0.00375006184913218,-0.010000014677643776,-0.010000014677643776,-0.010000014677643776,-0.016000014677643774,close,0,0,29,2024-09-01
2024-09-02,2855,22.62900161743164,0.6489945716815355,0,-0.0019011000404134393,-0.0019011000404134393,-0.01140685472637415,-0.0057034180499613285,-0.0057034180499613285,-0.011703418049961329,close,0,0,29,2024-09-01
2024-09-02,2365,57.38582229614258,0.6480089793257493,1,-0.001712406170554459,0.07020541280508041,-0.015411022119224072,0.017123248428106308,0.03,0.024,take_profit,1,0,29,2024-09-01
2024-09-02,1722,59.099998474121094,0.6476848595016755,0,0.0,0.0016920861089602113,-0.015228387899696827,-0.015228387899696827,-0.015228387899696827,-0.021228387899696825,close,0,0,29,2024-09-01
2024-09-02,2887,17.635801315307617,0.6474591179409686,0,-0.0026809447444975376,-0.0026809447444975376,-0.021447721868753433,-0.010723819956183434,-0.02,-0.026000000000000002,stop_loss,0,1,29,2024-09-01
2024-09-03,1735,25.014705657958984,0.4446067451940832,1,0.022857194766402245,0.09904767572879791,-0.01142850611358881,0.07238097488880157,0.03,0.024,take_profit,1,0,29,2024-09-01
2024-09-03,6405,34.26212692260742,0.43026327968138445,1,-0.02034883201122284,0.09883716702461243,-0.04796513170003891,0.09883716702461243,-0.02034883201122284,-0.026348832011222838,gap_stop,1,1,29,2024-09-01
2024-09-03,5245,41.5,0.43026327968138445,0,0.019277090206742287,0.1000000387430191,-0.0602409653365612,-0.0602409653365612,-0.02,-0.026000000000000002,ambiguous_stop_loss,1,1,29,2024-09-01
2024-09-03,4583,588.7644653320312,0.4296215725284881,0,-0.046822745352983475,0.035117052495479584,-0.06020067259669304,-0.0016722443979233503,-0.046822745352983475,-0.05282274535298347,gap_stop,1,1,29,2024-09-01
2024-09-03,6739,169.8430633544922,0.4209577709505861,1,-0.0635838657617569,0.040462374687194824,-0.0838150754570961,0.040462374687194824,-0.0635838657617569,-0.0695838657617569,gap_stop,1,1,29,2024-09-01
2024-09-03,4563,83.85026550292969,0.42031659481015565,1,-0.025988804176449776,0.05536717548966408,-0.06666675209999084,0.005649646744132042,-0.025988804176449776,-0.031988804176449774,gap_stop,1,1,29,2024-09-01
2024-09-03,5536,288.3406982421875,0.41754107201758167,0,-0.03171952813863754,0.0033389022573828697,-0.05676126480102539,-0.02504173293709755,-0.03171952813863754,-0.03771952813863754,gap_stop,0,1,29,2024-09-01
2024-09-03,1540,42.4973258972168,0.41687681637269625,1,-0.0089087700471282,0.03897544741630554,-0.05011140555143356,0.03563465550541878,-0.02,-0.026000000000000002,ambiguous_stop_loss,1,1,29,2024-09-01
2024-09-03,3066,31.75,0.41661941489753435,0,-0.0535433329641819,0.08661417663097382,-0.08661417663097382,-0.051968492567539215,-0.0535433329641819,-0.0595433329641819,gap_stop,1,1,29,2024-09-01
2024-09-03,6113,29.469884872436523,0.4113257857345905,0,-0.001663891482166946,-0.001663891482166946,-0.09151417016983032,-0.08153076469898224,-0.02,-0.026000000000000002,stop_loss,0,1,29,2024-09-01
2024-09-03,4576,101.31793212890625,0.4113257857345905,0,-0.03940886631608009,0.07389162480831146,-0.08669953793287277,0.0,-0.03940886631608009,-0.04540886631608009,gap_stop,1,1,29,2024-09-01
2024-09-03,4562,77.5999984741211,0.4049613990214906,0,-0.03608241677284241,-0.009020579047501087,-0.06958764791488647,-0.04896901547908783,-0.03608241677284241,-0.042082416772842406,gap_stop,0,1,29,2024-09-01
2024-09-03,4971,61.099998474121094,0.36628896124596316,1,0.008183306083083153,0.0998363122344017,-0.011456578969955444,0.0998363122344017,0.03,0.024,take_profit,1,0,29,2024-09-01
2024-09-03,4510,55.29999923706055,0.3601506879454201,0,-0.039783015847206116,0.037974726408720016,-0.07233273237943649,-0.03254971653223038,-0.039783015847206116,-0.045783015847206114,gap_stop,1,1,29,2024-09-01
2024-09-03,8070,57.14482116699219,0.3573352598765095,0,-0.055829305201768875,-0.001642128569073975,-0.0804598405957222,-0.03448284789919853,-0.055829305201768875,-0.061829305201768874,gap_stop,0,1,29,2024-09-01
2024-09-03,1711,25.189220428466797,0.3557399643653346,0,-0.035087648779153824,-0.015594471246004105,-0.099415123462677,-0.040935587137937546,-0.035087648779153824,-0.04108764877915382,gap_stop,0,1,29,2024-09-01
2024-09-03,4908,97.23841094970703,0.35563300533680975,0,-0.04233865439891815,-0.008064442314207554,-0.07258059084415436,-0.04233865439891815,-0.04233865439891815,-0.04833865439891815,gap_stop,0,1,29,2024-09-01
2024-09-03,3550,25.049999237060547,0.3540089471930074,0,-0.09980040043592453,-0.06387219578027725,-0.09980040043592453,-0.06586825102567673,-0.09980040043592453,-0.10580040043592454,gap_stop,0,1,29,2024-09-01
2024-09-03,2425,41.06960678100586,0.3538737707210135,0,-0.05454549565911293,-0.03757578134536743,-0.0763637125492096,-0.050909094512462616,-0.05454549565911293,-0.06054549565911293,gap_stop,0,1,29,2024-09-01
2024-09-03,8111,27.71565055847168,0.35334857901319144,0,-0.04964549094438553,-0.007092274259775877,-0.060283757746219635,-0.0336880162358284,-0.04964549094438553,-0.05564549094438553,gap_stop,0,1,29,2024-09-01
2024-09-04,1103,16.841691970825195,0.6442521226072764,1,0.0028570438735187054,0.014285658486187458,-0.020000075921416283,0.011428559198975563,-0.02,-0.026000000000000002,stop_loss,0,1,29,2024-09-01
2024-09-04,1227,36.18164825439453,0.6442521226072764,1,0.005291110370308161,0.014550330117344856,0.002645647618919611,0.014550330117344856,0.014550330117344856,0.008550330117344856,close,0,0,29,2024-09-01
2024-09-04,6781,454.4711608886719,0.6442521226072764,1,0.017391294240951538,0.03369564190506935,0.010869554243981838,0.016304336488246918,0.03,0.024,take_profit,1,0,29,2024-09-01
2024-09-04,2049,197.17572021484375,0.6442521226072764,1,0.0200501661747694,0.0375940278172493,0.005012572277337313,0.005012572277337313,0.03,0.024,take_profit,1,0,29,2024-09-01
2024-09-04,2032,13.774999618530273,0.6442521226072764,0,7.262931589480104e-09,0.014134337194263935,-0.0070670903660357,-0.0070670903660357,-0.0070670903660357,-0.0130670903660357,close,0,0,29,2024-09-01
2024-09-04,3419,15.899999618530273,0.6442521226072764,1,0.003144666086882353,0.03144654259085655,0.003144666086882353,0.009433938190340996,0.03,0.024,take_profit,1,0,29,2024-09-01
2024-09-04,2454,1090.2763671875,0.6442521226072764,0,-0.013215853832662106,-0.0044052815064787865,-0.02643171325325966,-0.022026427090168,-0.02,-0.026000000000000002,stop_loss,0,1,29,2024-09-01
2024-09-04,4142,27.5,0.6442521226072764,1,0.005454531405121088,0.019999971613287926,0.0,0.00909090880304575,0.00909090880304575,0.0030909088030457495,close,0,0,29,2024-09-01
2024-09-04,4164,40.89239501953125,0.6442521226072764,0,0.013064220547676086,0.014251851476728916,-0.007125858683139086,-0.005938228219747543,-0.005938228219747543,-0.011938228219747543,close,0,0,29,2024-09-01
2024-09-04,1789,23.7593936920166,0.6442521226072764,0,0.010309302248060703,0.016494853422045708,-0.010309254750609398,-0.004123703110963106,-0.004123703110963106,-0.010123703110963106,close,0,0,29,2024-09-01
2024-09-04,3055,70.2131118774414,0.6442521226072764,1,0.009817615151405334,0.05890597030520439,0.009817615151405334,0.022440357133746147,0.03,0.024,take_profit,1,0,29,2024-09-01
2024-09-04,6243,44.733943939208984,0.6442521226072764,0,0.01739128679037094,0.026086973026394844,-0.009782625362277031,-0.004347842652350664,-0.004347842652350664,-0.010347842652350664,close,0,0,29,2024-09-01
2024-09-04,2460,26.649999618530273,0.6442521226072764,1,0.016885582357645035,0.028142590075731277,-0.0018761439714580774,0.005628503393381834,0.005628503393381834,-0.0003714966066181661,close,0,0,29,2024-09-01
2024-09-04,2385,146.73855590820312,0.6439236161476799,1,0.01273889560252428,0.04458602890372276,4.1462861588570377e-08,0.006369468290358782,0.03,0.024,take_profit,1,0,29,2024-09-01
2024-09-04,1342,88.0868148803711,0.6439236161476799,0,-2.9583455685155968e-08,0.015167834237217903,-0.014084569178521633,-0.011917755007743835,-0.011917755007743835,-0.017917755007743834,close,0,0,29,2024-09-01
2024-09-04,2330,873.867431640625,0.6436308737657888,1,0.02024736814200878,0.029246240854263306,0.01237335242331028,0.014623071067035198,0.014623071067035198,0.008623071067035198,close,0,0,29,2024-09-01
2024-09-04,2395,315.9433288574219,0.6430063921820016,0,0.012345639057457447,0.023148108273744583,-0.0030864591244608164,-0.0015432493528351188,-0.0015432493528351188,-0.007543249352835119,close,0,0,29,2024-09-01
2024-09-04,3588,64.29774475097656,0.6429756267357757,1,0.006051432806998491,0.03328294679522514,-2.75928364601441e-08,0.0030257601756602526,0.03,0.024,take_profit,1,0,29,2024-09-01
2024-09-04,2616,20.43020248413086,0.6429756267357757,0,0.007194243371486664,0.01678660698235035,-0.002398119308054447,-0.002398119308054447,-0.002398119308054447,-0.008398119308054447,close,0,0,29,2024-09-01
2024-09-04,2030,15.955416679382324,0.6429756267357757,0,0.0029850753489881754,0.020895592868328094,-0.011940298601984978,-0.0059701260179281235,-0.0059701260179281235,-0.011970126017928124,close,0,0,29,2024-09-01
2024-09-05,3071,28.590864181518555,0.5735473832241902,1,0.003344537690281868,0.028428150340914726,4.324062530258743e-08,0.016722451895475388,0.016722451895475388,0.010722451895475387,close,0,0,29,2024-09-01
2024-09-05,4513,66.9000015258789,0.5722832576077987,0,-0.0029896050691604614,-0.0014947454910725355,-0.044843047857284546,-0.044843047857284546,-0.02,-0.026000000000000002,stop_loss,0,1,29,2024-09-01
2024-09-05,6231,495.4127197265625,0.5709683682036734,0,0.017681749537587166,0.04911593720316887,-0.05304516851902008,-0.029469527304172516,-0.02,-0.026000000000000002,ambiguous_stop_loss,1,1,29,2024-09-01
2024-09-05,3675,261.87811279296875,0.5709369598637997,0,0.014760147780179977,0.03136531263589859,-0.012915128841996193,0.0,0.03,0.024,take_profit,1,0,29,2024-09-01
2024-09-05,8069,277.4388732910156,0.5708377470185779,1,0.01936626248061657,0.024647952988743782,0.007042317651212215,0.012324008159339428,0.012324008159339428,0.006324008159339428,close,0,0,29,2024-09-01
2024-09-05,3663,88.90826416015625,0.5708176411037359,0,0.005586540326476097,0.01787702552974224,-0.025698408484458923,-0.01117323525249958,-0.02,-0.026000000000000002,stop_loss,0,1,29,2024-09-01
2024-09-05,6532,61.14591979980469,0.5706652958288407,1,0.05015673488378525,0.09874605387449265,0.05015673488378525,0.09874605387449265,0.03,0.024,gap_take_profit,1,0,29,2024-09-01
2024-09-05,4551,123.21600341796875,0.569255150837016,0,0.011764703318476677,0.03529411554336548,-0.027450982481241226,-0.019607845693826675,-0.02,-0.026000000000000002,ambiguous_stop_loss,1,1,29,2024-09-01
2024-09-05,3131,1576.688720703125,0.56920784940069,1,0.012500056996941566,0.06250005960464478,-0.006249943748116493,0.043750058859586716,0.03,0.024,take_profit,1,0,29,2024-09-01
2024-09-05,3372,17.25,0.5690553641047449,1,0.008695630356669426,0.03188401460647583,0.0,0.011594247072935104,0.03,0.024,take_profit,1,0,29,2024-09-01
2024-09-05,8227,176.10133361816406,0.569024353583883,1,0.011235917918384075,0.028089849278330803,-0.00561801390722394,0.008426929824054241,0.008426929824054241,0.002426929824054241,close,0,0,29,2024-09-01
2024-09-05,2049,198.16407775878906,0.5685624852661183,0,0.004987549502402544,0.004987549502402544,-0.004987513180822134,-0.002493747277185321,-0.002493747277185321,-0.008493747277185321,close,0,0,29,2024-09-01
2024-09-05,5452,32.95579528808594,0.5685400371126563,0,0.006006120704114437,0.010510671883821487,-0.02252243459224701,-0.02252243459224701,-0.02,-0.026000000000000002,stop_loss,0,1,29,2024-09-01
2024-09-05,1809,19.785938262939453,0.5684939098297763,0,0.0049751633778214455,0.009950211271643639,-0.007462647743523121,-0.007462647743523121,-0.007462647743523121,-0.013462647743523121,close,0,0,29,2024-09-01
2024-09-05,1603,37.70000076293945,0.5683430245669879,0,0.007957539521157742,0.007957539521157742,-0.006631299387663603,0.0,0.0,-0.006,close,0,0,29,2024-09-01
2024-09-05,6877,61.656097412109375,0.5683109600596039,0,0.00589101854711771,0.01620030216872692,-0.010309276171028614,-0.008836538530886173,-0.008836538530886173,-0.014836538530886173,close,0,0,29,2024-09-01
2024-09-05,3048,40.849998474121094,0.5681273720688252,0,0.013463967479765415,0.022031862288713455,-0.009791865944862366,-0.009791865944862366,-0.009791865944862366,-0.015791865944862364,close,0,0,29,2024-09-01
2024-09-05,1815,23.100000381469727,0.5678219572817619,0,0.012986979447305202,0.02813851088285446,-0.04545459523797035,-0.043290041387081146,-0.02,-0.026000000000000002,stop_loss,0,1,29,2024-09-01
2024-09-05,6166,65.40423583984375,0.5676123119205897,0,0.006024155765771866,0.01204815972596407,-0.009036085568368435,-0.004518081899732351,-0.004518081899732351,-0.010518081899732351,close,0,0,29,2024-09-01
2024-09-05,4523,40.5,0.5671647146223068,1,0.01728396862745285,0.019753066822886467,0.0,0.013580228202044964,0.013580228202044964,0.007580228202044964,close,0,0,29,2024-09-01
2024-09-06,8249,37.20924377441406,0.4562413671432238,1,-8.667671380635511e-08,0.09913790971040726,-0.017241399735212326,0.09913790971040726,0.03,0.024,take_profit,1,0,29,2024-09-01
2024-09-06,3511,28.049999237060547,0.4536433108862114,1,0.03386811912059784,0.0998217910528183,0.03386811912059784,0.0998217910528183,0.03,0.024,gap_take_profit,1,0,29,2024-09-01
2024-09-06,4729,29.223058700561523,0.4514477126873222,0,-0.001669462537392974,0.056761253625154495,-0.055091846734285355,-0.04674459993839264,-0.02,-0.026000000000000002,ambiguous_stop_loss,1,1,29,2024-09-01
2024-09-06,3413,328.5484313964844,0.44793412170212465,1,-0.008695662021636963,0.05797100439667702,-0.013043487444519997,0.05072462931275368,0.03,0.024,take_profit,1,0,29,2024-09-01
2024-09-06,6187,386.5,0.44515132235441296,1,-0.016817593947052956,0.02975420467555523,-0.023285899311304092,0.015523932874202728,-0.02,-0.026000000000000002,stop_loss,0,1,29,2024-09-01
2024-09-06,8068,29.700000762939453,0.4446132846444272,0,-0.03030308149755001,0.0,-0.043771080672740936,-0.03703704848885536,-0.03030308149755001,-0.03630308149755001,gap_stop,0,1,29,2024-09-01
2024-09-06,6532,67.183837890625,0.43783385003157116,0,-0.002853022888302803,0.012838824652135372,-0.04422251880168915,-0.03851636126637459,-0.02,-0.026000000000000002,stop_loss,0,1,29,2024-09-01
2024-09-06,6127,26.329166412353516,0.43783385003157116,0,-0.007490610703825951,0.02621724084019661,-0.04494379460811615,-0.026217203587293625,-0.02,-0.026000000000000002,stop_loss,0,1,29,2024-09-01
2024-09-06,4956,32.29999923706055,0.4031994784509485,0,-0.0015479640569537878,0.03250771760940552,-0.08204333484172821,-0.0340556800365448,-0.02,-0.026000000000000002,ambiguous_stop_loss,1,1,29,2024-09-01
2024-09-06,8088,28.58333396911621,0.4002507725424415,0,-0.10000000894069672,-0.10000000894069672,-0.10000000894069672,-0.10000000894069672,-0.10000000894069672,-0.10600000894069672,gap_stop,0,1,29,2024-09-01
2024-09-06,8046,126.38157653808594,0.39861990583675433,0,-0.043137285858392715,-0.011764736846089363,-0.04705885425209999,-0.01568630523979664,-0.043137285858392715,-0.049137285858392714,gap_stop,0,1,29,2024-09-01
2024-09-06,8027,96.30000305175781,0.3985902368609039,1,-0.038421645760536194,0.013499433174729347,-0.040498457849025726,0.005192107986658812,-0.038421645760536194,-0.04442164576053619,gap_stop,0,1,29,2024-09-01
2024-09-06,3374,225.372314453125,0.39738974772467706,1,-0.015250537544488907,0.019607849419116974,-0.01960783638060093,0.013071902096271515,0.013071902096271515,0.007071902096271515,close,0,0,29,2024-09-01
2024-09-06,6151,38.27962112426758,0.39422452385488765,0,-0.03109452687203884,0.018656715750694275,-0.03233828768134117,-0.008706524968147278,-0.03109452687203884,-0.03709452687203884,gap_stop,0,1,29,2024-09-01
2024-09-06,6469,150.6198272705078,0.3934530354481565,0,-0.02578802965581417,-0.017192041501402855,-0.037249282002449036,-0.017192041501402855,-0.02578802965581417,-0.03178802965581417,gap_stop,0,1,29,2024-09-01
2024-09-06,8131,33.16243362426758,0.3929866877486315,1,-0.010014329105615616,0.004291823133826256,-0.010014329105615616,0.0014306365046650171,0.0014306365046650171,-0.004569363495334983,close,0,0,29,2024-09-01
2024-09-06,2371,40.18728256225586,0.3914639034844355,1,-0.04415282607078552,0.04057272896170616,-0.04415282607078552,0.034606076776981354,-0.04415282607078552,-0.05015282607078552,gap_stop,1,1,29,2024-09-01
2024-09-06,4513,63.900001525878906,0.39082786341172765,0,-0.026604080572724342,-0.015649452805519104,-0.05946796387434006,-0.04538343474268913,-0.026604080572724342,-0.03260408057272434,gap_stop,0,1,29,2024-09-01
2024-09-06,3663,87.91487121582031,0.3907115859650036,1,-0.028248583897948265,0.08926555514335632,-0.028248583897948265,0.04632767289876938,-0.028248583897948265,-0.03424858389794826,gap_stop,1,1,29,2024-09-01
2024-09-06,1784,97.87080383300781,0.389495981303111,0,-0.009478632360696793,0.009478709660470486,-0.03791468217968941,0.0,-0.02,-0.026000000000000002,stop_loss,0,1,29,2024-09-01
2024-09-09,2539,61.5,0.6152689015669591,0,0.0048780362121760845,0.006504090037196875,-0.03577236831188202,-0.0260162353515625,-0.02,-0.026000000000000002,stop_loss,0,1,29,2024-09-01
2024-09-09,2615,72.49496459960938,0.6065954408970077,0,-3.078361032748944e-08,0.014627709984779358,-0.021276606246829033,-0.01462766993790865,-0.02,-0.026000000000000002,stop_loss,0,1,29,2024-09-01
2024-09-09,2881,81.81328582763672,0.6064190976280763,1,0.009302397258579731,0.025581397116184235,-0.0011627371422946453,0.0046512167900800705,0.0046512167900800705,-0.0013487832099199296,close,0,0,29,2024-09-01
2024-09-09,3715,60.50868606567383,0.6017207183345145,1,0.01597442664206028,0.04472846910357475,-0.0031948534306138754,0.0015974667621776462,0.03,0.024,take_profit,1,0,29,2024-09-01
2024-09-09,9958,213.0,0.5980381387328795,0,0.009389671497046947,0.009389671497046947,-0.05399060994386673,-0.039906103163957596,-0.02,-0.026000000000000002,stop_loss,0,1,29,2024-09-01
2024-09-09,1326,36.53449630737305,0.5941396290125872,0,-2.0396981881276588e-08,0.0013387494254857302,-0.017402904108166695,-0.01606423780322075,-0.01606423780322075,-0.022064237803220747,close,0,0,29,2024-09-01
2024-09-09,2317,165.97222900390625,0.5915150146731218,0,0.008720914833247662,0.011627892032265663,-0.026162805035710335,-0.017441876232624054,-0.02,-0.026000000000000002,stop_loss,0,1,29,2024-09-01
2024-09-09,6505,47.444217681884766,0.5910775551545043,0,-1.4889445232313392e-08,0.005154624115675688,-0.02268039621412754,-0.02268039621412754,-0.02,-0.026000000000000002,stop_loss,0,1,29,2024-09-01
2024-09-09,6442,354.603759765625,0.590972927566249,0,0.02074684388935566,0.029045598581433296,-0.07883821427822113,-0.05117569863796234,-0.02,-0.026000000000000002,stop_loss,0,1,29,2024-09-01
2024-09-09,6239,127.25180053710938,0.5907618458556662,0,0.003731298027560115,0.014925327152013779,-0.014925417490303516,-0.007462731096893549,-0.007462731096893549,-0.013462731096893549,close,0,0,29,2024-09-01
2024-09-09,2616,19.59731674194336,0.59044914486723,0,0.0024999016895890236,0.009999977424740791,-0.005000079050660133,-0.005000079050660133,-0.005000079050660133,-0.011000079050660133,close,0,0,29,2024-09-01
2024-09-09,2243,21.399999618530273,0.5892677565331874,1,0.09345794469118118,0.09813085943460464,0.0747663751244545,0.09813085943460464,0.03,0.024,gap_take_profit,1,0,29,2024-09-01
2024-09-09,9914,226.96580505371094,0.5880667619216697,0,0.0021276772022247314,0.01914895325899124,-0.02765955775976181,-0.021276578307151794,-0.02,-0.026000000000000002,stop_loss,0,1,29,2024-09-01
2024-09-09,9921,224.7142333984375,0.5862813700677242,1,0.017429189756512642,0.032679732888936996,-0.008714601397514343,0.006535943131893873,0.03,0.024,take_profit,1,0,29,2024-09-01
2024-09-09,6667,205.5,0.5860209966220362,0,0.029197080060839653,0.029197080060839653,-0.024330900982022285,-0.009732360020279884,-0.02,-0.026000000000000002,stop_loss,0,1,29,2024-09-01
2024-09-09,3529,2229.63232421875,0.5858498515763012,0,0.019999995827674866,0.022222217172384262,-0.04222222790122032,-0.04000000283122063,-0.02,-0.026000000000000002,stop_loss,0,1,29,2024-09-01
2024-09-09,2231,93.180419921875,0.5843990846718827,0,0.013541625812649727,0.013541625812649727,-0.017708372324705124,-0.004166753962635994,-0.004166753962635994,-0.010166753962635994,close,0,0,29,2024-09-01
2024-09-09,1598,26.845375061035156,0.5842085024164565,1,-0.003643014933913946,0.034608323127031326,-0.003643014933913946,0.003642917377874255,0.03,0.024,take_profit,1,0,29,2024-09-01
2024-09-09,3008,2607.986572265625,0.584049147047595,0,0.02222222089767456,0.025925923138856888,-0.03518518805503845,-0.029629630967974663,-0.02,-0.026000000000000002,stop_loss,0,1,29,2024-09-01
2024-09-09,3406,473.9565124511719,0.5834331031572944,0,0.01109990756958723,0.02119072526693344,-0.04742683470249176,-0.037336017936468124,-0.02,-0.026000000000000002,stop_loss,0,1,29,2024-09-01
2024-09-10,3008,2530.712890625,0.7695793489653975,1,0.015267184004187584,0.034351151436567307,0.0038168018218129873,0.028625961393117905,0.03,0.024,take_profit,1,0,29,2024-09-01
2024-09-10,3406,456.2608642578125,0.7692768041904443,1,0.003144660033285618,0.02306080237030983,0.003144660033285618,0.006289314012974501,0.006289314012974501,0.00028931401297450053,close,0,0,29,2024-09-01
2024-09-10,3702,71.30276489257812,0.7688902364281363,0,0.014745295979082584,0.014745295979082584,-0.010723792016506195,-0.008042867295444012,-0.008042867295444012,-0.014042867295444012,close,0,0,29,2024-09-01
2024-09-10,1301,43.58095169067383,0.7673299164187167,1,2.6265794872415427e-08,0.018099557608366013,-0.0011311782291159034,0.004524930380284786,0.004524930380284786,-0.001475069619715214,close,0,0,29,2024-09-01
2024-09-10,6451,203.49351501464844,0.7670500737471914,0,-0.0024510070215910673,0.0098038949072361,-0.0122549282386899,-0.0024510070215910673,-0.0024510070215910673,-0.008451007021591067,close,0,0,29,2024-09-01
2024-09-10,4958,111.2738265991211,0.7658115088525663,0,0.008583690971136093,0.017167381942272186,-0.004291845485568047,0.0,0.0,-0.006,close,0,0,29,2024-09-01
2024-09-10,2002,20.063400268554688,0.7657925653456292,0,-1.3171358226315988e-08,-1.3171358226315988e-08,-0.014705858193337917,-0.00980387907475233,-0.00980387907475233,-0.01580387907475233,close,0,0,29,2024-09-01
2024-09-10,3037,137.79177856445312,0.765519003660866,0,0.007168485317379236,0.007168485317379236,-0.01433689147233963,-0.0107526620849967,-0.0107526620849967,-0.0167526620849967,close,0,0,29,2024-09-01
2024-09-10,5871,127.24131774902344,0.7645978178993396,1,2.8015916697654575e-08,0.018314994871616364,-0.003663033712655306,0.007326037622988224,0.007326037622988224,0.001326037622988224,close,0,0,29,2024-09-01
2024-09-10,2313,67.22314453125,0.7644872642365038,1,0.007142825052142143,0.018571440130472183,-0.005714339204132557,0.008571375161409378,0.008571375161409378,0.002571375161409378,close,0,0,29,2024-09-01
2024-09-10,3027,33.70000076293945,0.7642937496744678,0,-0.008902054280042648,0.005934740416705608,-0.02373884990811348,-0.019287878647446632,-0.02,-0.026000000000000002,stop_loss,0,1,29,2024-09-01
2024-09-10,2345,488.6091613769531,0.7634445886985227,0,0.008080837316811085,0.018181847408413887,-0.0020201727747917175,-0.0010100717190653086,-0.0010100717190653086,-0.007010071719065309,close,0,0,29,2024-09-01
2024-09-10,2376,230.53982543945312,0.7632501568838063,1,0.01255226880311966,0.03556482121348381,0.010460218414664268,0.014644318260252476,0.03,0.024,take_profit,1,0,29,2024-09-01
2024-09-10,6789,270.9231262207031,0.7625614060471768,1,0.018214933574199677,0.025500908493995667,0.003642985364422202,0.003642985364422202,0.003642985364422202,-0.002357014635577798,close,0,0,29,2024-09-01
2024-09-10,6239,126.30215454101562,0.7625475123852437,1,0.048872221261262894,0.048872221261262894,-0.003759361570701003,0.026315826922655106,0.03,0.024,gap_take_profit,1,0,29,2024-09-01
2024-09-10,8088,23.507328033447266,0.7624818525256146,1,0.01886788196861744,0.05660379305481911,0.006289298180490732,0.023060770705342293,0.03,0.024,take_profit,1,0,29,2024-09-01
2024-09-10,4720,17.581775665283203,0.7624818525256146,1,6.522672890696413e-08,0.021333379670977592,-0.005333288572728634,0.005333419423550367,0.005333419423550367,-0.0006665805764496328,close,0,0,29,2024-09-01
2024-09-10,5426,25.530038833618164,0.7624818525256146,0,0.00575821939855814,0.0191938616335392,-0.011516282334923744,-0.0076774959452450275,-0.0076774959452450275,-0.013677495945245028,close,0,0,29,2024-09-01
2024-09-10,6285,106.04237365722656,0.762454965597767,1,0.004524941090494394,0.013574715703725815,-0.01357460767030716,0.004524941090494394,0.004524941090494394,-0.0014750589095056058,close,0,0,29,2024-09-01
2024-09-10,2436,49.28809356689453,0.7623164099894664,1,0.00393705302849412,0.015748046338558197,0.001968578901141882,0.00393705302849412,0.00393705302849412,-0.0020629469715058805,close,0,0,29,2024-09-01
2024-09-11,3056,23.531051635742188,0.7679490482529724,1,0.001479287981055677,0.039940834045410156,-0.002958641154691577,0.014792922884225845,0.03,0.024,take_profit,1,0,29,2024-09-01
2024-09-11,2367,32.04999923706055,0.7665799154065356,1,0.02184089832007885,0.04680187255144119,0.014040585607290268,0.04680187255144119,0.03,0.024,take_profit,1,0,29,2024-09-01
2024-09-11,2539,55.70000076293945,0.7660437808257669,0,0.014362643472850323,0.028725286945700645,-0.01795332133769989,-0.012567338533699512,-0.012567338533699512,-0.01856733853369951,close,0,0,29,2024-09-01
2024-09-11,1618,40.68476104736328,0.7660034778988094,1,0.011904770508408546,0.029761914163827896,0.011904770508408546,0.023809533566236496,0.023809533566236496,0.017809533566236498,close,0,0,29,2024-09-01
2024-09-11,1528,12.800000190734863,0.7659287211526276,1,0.023437514901161194,0.023437514901161194,0.0078124552965164185,0.023437514901161194,0.023437514901161194,0.017437514901161195,close,0,0,29,2024-09-01
2024-09-11,2230,128.741943359375,0.7654803912895394,1,0.012820463627576828,0.019230680540204048,0.003205079585313797,0.003205079585313797,0.003205079585313797,-0.002794920414686203,close,0,0,29,2024-09-01
2024-09-11,2351,117.16117095947266,0.7652351760965758,1,0.02066112868487835,0.028925590217113495,0.008264434523880482,0.012396665289998055,0.012396665289998055,0.006396665289998054,close,0,0,29,2024-09-01
2024-09-11,6284,79.90383911132812,0.7651143636840524,1,0.015643851831555367,0.03489774465560913,0.008423653431236744,0.010830354876816273,0.03,0.024,take_profit,1,0,29,2024-09-01
2024-09-11,5425,56.497650146484375,0.7651143636840524,1,0.01018667034804821,0.027164597064256668,0.01018667034804821,0.025466829538345337,0.025466829538345337,0.01946682953834534,close,0,0,29,2024-09-01
2024-09-11,1713,45.69945526123047,0.7650180062889617,0,0.005671062972396612,0.013232456520199776,-0.0018904024036601186,0.0,0.0,-0.006,close,0,0,29,2024-09-01
2024-09-11,1603,36.45000076293945,0.7647314755095337,1,0.006858710199594498,0.01783258467912674,0.006858710199594498,0.009602152742445469,0.009602152742445469,0.0036021527424454688,close,0,0,29,2024-09-01
2024-09-11,3037,136.31015014648438,0.7646385272540093,1,0.03623189032077789,0.06521739810705185,0.03260870277881622,0.05797101929783821,0.03,0.024,gap_take_profit,1,0,29,2024-09-01
2024-09-11,5222,120.01331329345703,0.7646385272540093,1,0.01470594946295023,0.025735391303896904,0.0036765707191079855,0.007353030610829592,0.007353030610829592,0.0013530306108295916,close,0,0,29,2024-09-01
2024-09-11,5309,33.494110107421875,0.7646385272540093,1,0.008771952241659164,0.02631576731801033,0.008771952241659164,0.017543859779834747,0.017543859779834747,0.011543859779834747,close,0,0,29,2024-09-01
2024-09-11,2338,55.20000076293945,0.7646385272540093,1,0.025362277403473854,0.030797114595770836,0.01630430668592453,0.028985479846596718,0.03,0.024,take_profit,1,0,29,2024-09-01
2024-09-11,6182,30.950000762939453,0.7645949278029924,1,0.011308512650430202,0.027463601902127266,0.011308512650430202,0.024232633411884308,0.024232633411884308,0.01823263341188431,close,0,0,29,2024-09-01
2024-09-11,2323,11.399999618530273,0.7645634684657944,1,0.021929824724793434,0.026315806433558464,0.0,0.00877196341753006,0.00877196341753006,0.0027719634175300597,close,0,0,29,2024-09-01
2024-09-11,3339,39.79999923706055,0.7641742136622408,1,0.01633169688284397,0.027638249099254608,0.0,0.00251262029632926,0.00251262029632926,-0.0034873797036707403,close,0,0,29,2024-09-01
2024-09-11,5388,96.4478759765625,0.7641561599465071,1,0.0150000536814332,0.020000053569674492,0.005000052973628044,0.020000053569674492,0.020000053569674492,0.014000053569674492,close,0,0,29,2024-09-01
2024-09-11,6122,48.349998474121094,0.7641317905639561,1,0.009307151660323143,0.012409561313688755,0.0,0.009307151660323143,0.009307151660323143,0.003307151660323143,close,0,0,29,2024-09-01
2024-09-12,5534,103.0,0.7270055065162715,1,0.0,0.029126213863492012,-0.004854368977248669,0.004854368977248669,0.004854368977248669,-0.0011456310227513315,close,0,0,29,2024-09-01
2024-09-12,4113,41.349998474121094,0.7241257364852349,1,0.0,0.01451033353805542,-0.014510241337120533,0.010882727801799774,0.010882727801799774,0.004882727801799774,close,0,0,29,2024-09-01
2024-09-12,9946,31.450000762939453,0.7179309210214972,1,0.011128727346658707,0.030206700786948204,0.0,0.02384737692773342,0.03,0.024,take_profit,1,0,29,2024-09-01
2024-09-12,5508,225.32806396484375,0.7121318980223197,0,-0.009823184460401535,0.037328090518713,-0.009823184460401535,-0.0039292750880122185,0.03,0.024,take_profit,1,0,29,2024-09-01
2024-09-12,2527,32.09275436401367,0.7099290158856945,1,-4.501388772837345e-08,0.021676255390048027,-4.501388772837345e-08,0.010115628130733967,0.010115628130733967,0.004115628130733967,close,0,0,29,2024-09-01
2024-09-12,2548,119.47388458251953,0.7080159194619138,0,0.0,0.030188685283064842,0.0,0.0,0.03,0.024,take_profit,1,0,29,2024-09-01
2024-09-12,5371,71.41263580322266,0.7077871271400493,1,0.006811998318880796,0.024523107334971428,0.002724763471633196,0.023160729557275772,0.023160729557275772,0.017160729557275774,close,0,0,29,2024-09-01
2024-09-12,6164,14.141719818115234,0.7073612108628257,1,0.00751882279291749,0.01503761950880289,0.003759424202144146,0.011278221383690834,0.011278221383690834,0.005278221383690834,close,0,0,29,2024-09-01
2024-09-12,6712,156.58709716796875,0.7065774208995452,0,-5.606749198250327e-08,0.01126760896295309,-0.00563384173437953,-0.00563384173437953,-0.00563384173437953,-0.01163384173437953,close,0,0,29,2024-09-01
2024-09-12,6477,32.862945556640625,0.7065126394961355,1,9.323752436785071e-09,0.024096371605992317,9.323752436785071e-09,0.024096371605992317,0.024096371605992317,0.01809637160599232,close,0,0,29,2024-09-01
2024-09-12,2020,25.481372833251953,0.7058835903945886,1,0.009041602723300457,0.012658253312110901,0.0054249526001513,0.007233312353491783,0.007233312353491783,0.001233312353491783,close,0,0,29,2024-09-01
2024-09-12,4147,79.80000305175781,0.7049372489808129,0,0.001253113616257906,0.007518777623772621,-0.006265664007514715,-0.006265664007514715,-0.006265664007514715,-0.012265664007514715,close,0,0,29,2024-09-01
2024-09-12,3060,24.52298355102539,0.7046680395834636,1,0.004007919691503048,0.03006008267402649,0.004007919691503048,0.026052052155137062,0.03,0.024,take_profit,1,0,29,2024-09-01
2024-09-12,1342,87.51419830322266,0.7039997140192106,1,-0.0032714949920773506,0.018538756296038628,-0.0032714949920773506,0.014176690019667149,0.014176690019667149,0.008176690019667148,close,0,0,29,2024-09-01
2024-09-12,6227,69.69999694824219,0.7037835269476612,1,0.018651407212018967,0.03586800768971443,0.00573890283703804,0.03586800768971443,0.03,0.024,take_profit,1,0,29,2024-09-01
2024-09-12,3050,17.949649810791016,0.703261034099288,1,0.005376411601901054,0.09139783680438995,4.707438705509048e-08,0.07526884227991104,0.03,0.024,take_profit,1,0,29,2024-09-01
2024-09-12,5222,120.8957748413086,0.7027941377716181,1,0.018248148262500763,0.025547396391630173,-3.12950021452707e-08,0.014598463661968708,0.014598463661968708,0.008598463661968708,close,0,0,29,2024-09-01
2024-09-12,6548,35.56348419189453,0.7027212693007489,1,0.009358260780572891,0.029411736875772476,0.0026737693697214127,0.028074858710169792,0.028074858710169792,0.022074858710169794,close,0,0,29,2024-09-01
2024-09-12,6233,30.169437408447266,0.7018982291293377,1,0.0016286702593788505,0.029315980151295662,0.0016286702593788505,0.019543955102562904,0.019543955102562904,0.013543955102562904,close,0,0,29,2024-09-01
2024-09-12,2606,48.38970947265625,0.7018269524266706,1,-0.0039062302093952894,0.01367192529141903,-0.005859325639903545,0.0078124902211129665,0.0078124902211129665,0.0018124902211129664,close,0,0,29,2024-09-01
2024-09-13,2387,52.476192474365234,0.714353316412117,1,-3.350238841903774e-08,0.014035040512681007,-0.0017543926369398832,0.008771896362304688,0.008771896362304688,0.0027718963623046874,close,0,0,29,2024-09-01
2024-09-13,2347,66.15625762939453,0.7134693797713065,0,0.004279671236872673,0.004279671236872673,-0.005706129129976034,-0.002852996811270714,-0.002852996811270714,-0.008852996811270714,close,0,0,29,2024-09-01
2024-09-13,6257,70.19573974609375,0.7122146512021147,1,0.005412741098552942,0.01488495897501707,0.005412741098552942,0.008119059726595879,0.008119059726595879,0.0021190597265958785,close,0,0,29,2024-09-01
2024-09-13,3444,84.40918731689453,0.7121140007906662,1,2.23058460591119e-08,0.09920190274715424,-0.0011402112431824207,0.08437860757112503,0.03,0.024,take_profit,1,0,29,2024-09-01
2024-09-13,9919,19.522335052490234,0.7103906748147721,1,0.010126638226211071,0.010126638226211071,1.7314436107085385e-08,0.002531624399125576,0.002531624399125576,-0.003468375600874424,close,0,0,29,2024-09-01
2024-09-13,2883,15.01318359375,0.7095225776095146,1,0.00315453065559268,0.009463702328503132,4.6137378362232084e-09,0.009463702328503132,0.009463702328503132,0.0034637023285031317,close,0,0,29,2024-09-01
2024-09-13,2454,1080.6705322265625,0.7095031489634991,1,-0.004444557707756758,0.004444329999387264,-0.022222334519028664,0.004444329999387264,-0.02,-0.026000000000000002,stop_loss,0,1,29,2024-09-01
2024-09-13,6284,80.38461303710938,0.708551891649556,1,0.004784645978361368,0.02990424446761608,0.004784645978361368,0.013157814741134644,0.013157814741134644,0.007157814741134643,close,0,0,29,2024-09-01
2024-09-13,3702,70.92044067382812,0.7081981568272684,1,0.010781751945614815,0.010781751945614815,-0.004043026827275753,0.001347829820588231,0.001347829820588231,-0.004652170179411769,close,0,0,29,2024-09-01
2024-09-13,4716,22.649999618530273,0.7081300770698767,1,0.013245084322988987,0.017660027369856834,-0.0022074717562645674,0.0044150277972221375,0.0044150277972221375,-0.0015849722027778627,close,0,0,29,2024-09-01
2024-09-13,6121,324.7491149902344,0.7080673525788819,0,-0.0014577327528968453,0.010204074904322624,-0.014577265828847885,-0.013119540177285671,-0.013119540177285671,-0.01911954017728567,close,0,0,29,2024-09-01
2024-09-13,2206,69.35586547851562,0.7075206686035049,1,-2.822073952302162e-08,0.016483444720506668,-2.822073952302162e-08,0.01098891906440258,0.01098891906440258,0.00498891906440258,close,0,0,29,2024-09-01
2024-09-13,3308,23.200000762939453,0.7074134700226631,1,0.01724136248230934,0.01724136248230934,0.006465500686317682,0.006465500686317682,0.006465500686317682,0.00046550068631768214,close,0,0,29,2024-09-01
2024-09-13,6715,144.86524963378906,0.7071875728620733,1,5.352882581632912e-08,0.023333387449383736,5.352882581632912e-08,0.016666721552610397,0.016666721552610397,0.010666721552610397,close,0,0,29,2024-09-01
2024-09-13,6150,68.5,0.706530996674597,1,0.018978146836161613,0.018978146836161613,0.0,0.001459831721149385,0.001459831721149385,-0.004540168278850615,close,0,0,29,2024-09-01
2024-09-13,1515,35.083919525146484,0.706482941458929,1,0.002754855202510953,0.01239668671041727,-2.8682363151233403e-08,0.009641907177865505,0.009641907177865505,0.003641907177865505,close,0,0,29,2024-09-01
2024-09-13,4513,56.0,0.7064395968593907,1,0.005357129033654928,0.06964288651943207,-0.02500002644956112,0.06964288651943207,-0.02,-0.026000000000000002,ambiguous_stop_loss,1,1,29,2024-09-01
2024-09-13,2404,316.77447509765625,0.706200196219758,0,0.001517479307949543,0.001517479307949543,-0.03186643496155739,-0.0273140836507082,-0.02,-0.026000000000000002,stop_loss,0,1,29,2024-09-01
2024-09-13,2731,123.90625,0.7060482089412116,1,0.003846153849735856,0.007692307699471712,0.0,0.007692307699471712,0.007692307699471712,0.001692307699471712,close,0,0,29,2024-09-01
2024-09-13,4966,726.464111328125,0.7058433516817967,0,0.006729398388415575,0.017496557906270027,-0.006729551125317812,-0.004037761129438877,-0.004037761129438877,-0.010037761129438877,close,0,0,29,2024-09-01
2024-09-16,4977,102.40288543701172,0.5731378892020133,1,0.004761904012411833,0.095238097012043,-0.004761905409395695,0.00952380895614624,0.03,0.024,take_profit,1,0,29,2024-09-01
2024-09-16,2477,33.274784088134766,0.5665756679841703,0,-0.004255381412804127,0.01843973994255066,-0.08794323354959488,-0.05815602466464043,-0.02,-0.026000000000000002,stop_loss,0,1,29,2024-09-01
2024-09-16,6517,76.93238830566406,0.5529283493185596,1,0.043257009238004684,0.06997454911470413,-0.01399490050971508,0.041984762996435165,0.03,0.024,gap_take_profit,1,0,29,2024-09-01
2024-09-16,5234,220.5673065185547,0.5519481450388566,1,0.022123904898762703,0.0995575338602066,0.01769912615418434,0.0995575338602066,0.03,0.024,take_profit,1,0,29,2024-09-01
2024-09-16,4542,90.69999694824219,0.5512937715006726,0,0.03528119996190071,0.09151051193475723,-0.03087095357477665,-0.03087095357477665,0.03,0.024,gap_take_profit,1,1,29,2024-09-01
2024-09-16,8249,59.02156066894531,0.5492946719391079,1,0.06340577453374863,0.07065212726593018,-0.016304373741149902,0.03079708106815815,0.03,0.024,gap_take_profit,1,0,29,2024-09-01
2024-09-16,3049,10.449999809265137,0.548466351301371,1,0.04784689098596573,0.09569378197193146,0.033492859452962875,0.09569378197193146,0.03,0.024,gap_take_profit,1,0,29,2024-09-01
2024-09-16,1721,18.25,0.547665215879025,1,0.09863009303808212,0.09863009303808212,0.09863009303808212,0.09863009303808212,0.03,0.024,gap_take_profit,1,0,29,2024-09-01
2024-09-16,4903,30.350000381469727,0.5455279104920943,1,0.021416790783405304,0.09719929844141006,0.021416790783405304,0.03459635004401207,0.03,0.024,take_profit,1,0,29,2024-09-01
2024-09-16,3230,45.33549880981445,0.545204544920548,1,0.04819270968437195,0.09967140108346939,0.03176335617899895,0.0876232236623764,0.03,0.024,gap_take_profit,1,0,29,2024-09-01
2024-09-16,9935,30.314105987548828,0.5444236202002516,0,-0.0076219746842980385,0.012195144779980183,-0.03963414579629898,-0.038109779357910156,-0.02,-0.026000000000000002,stop_loss,0,1,29,2024-09-01
2024-09-16,6412,136.471435546875,0.5436089364105579,0,0.0034842572640627623,0.0174215380102396,-0.04878054931759834,-0.041811905801296234,-0.02,-0.026000000000000002,stop_loss,0,1,29,2024-09-01
2024-09-16,5314,9.774999618530273,0.5425391545462653,1,0.058823611587285995,0.0997442901134491,0.023017942905426025,0.023017942905426025,0.03,0.024,gap_take_profit,1,0,29,2024-09-01
2024-09-16,3550,27.399999618530273,0.5424282095664834,0,0.02554747276008129,0.06934305280447006,-0.06934305280447006,-0.06934305280447006,-0.02,-0.026000000000000002,ambiguous_stop_loss,1,1,29,2024-09-01
2024-09-16,4768,211.42857360839844,0.5410208798758558,1,-0.0135135343298316,0.08558554947376251,-0.01576574146747589,0.047297295182943344,0.03,0.024,take_profit,1,0,29,2024-09-01
2024-09-16,8937,58.900001525878906,0.5398745993447659,1,0.03904922306537628,0.08658740669488907,0.008488964289426804,0.035653624683618546,0.03,0.024,gap_take_profit,1,0,29,2024-09-01
2024-09-16,3581,54.04621887207031,0.5387957786729444,1,0.0036496128886938095,0.09854013472795486,0.0018248233245685697,0.09854013472795486,0.03,0.024,take_profit,1,0,29,2024-09-01
2024-09-16,6108,17.450000762939453,0.5360540445732692,0,0.025787899270653725,0.03151857852935791,-0.02578800730407238,-0.02578800730407238,-0.02,-0.026000000000000002,ambiguous_stop_loss,1,1,29,2024-09-01
2024-09-16,2429,31.450000762939453,0.5298874609407385,0,0.01589825004339218,0.06359300017356873,-0.027027038857340813,-0.027027038857340813,-0.02,-0.026000000000000002,ambiguous_stop_loss,1,1,29,2024-09-01
2024-09-16,6823,61.29999923706055,0.52610119308874,1,0.04241439327597618,0.07667211443185806,0.027732476592063904,0.044045690447092056,0.03,0.024,gap_take_profit,1,0,29,2024-09-01
2024-09-18,3354,28.303775787353516,0.5779375873209877,1,0.01570683717727661,0.09947645664215088,0.01047124806791544,0.09947645664215088,0.03,0.024,take_profit,1,0,29,2024-09-01
2024-09-18,4563,102.79947662353516,0.5678142050217703,1,0.018433155491948128,0.09677416831254959,-0.0230414979159832,0.09677416831254959,-0.02,-0.026000000000000002,ambiguous_stop_loss,1,1,29,2024-09-01
2024-09-18,5481,23.899999618530273,0.5651043245614525,1,0.09205023944377899,0.09832637757062912,0.07949789613485336,0.09832637757062912,0.03,0.024,gap_take_profit,1,0,29,2024-09-01
2024-09-18,3073,84.0999984741211,0.5601045464395152,0,0.02497025579214096,0.07491085678339005,-0.04756242781877518,-0.02972651645541191,-0.02,-0.026000000000000002,ambiguous_stop_loss,1,1,29,2024-09-01
2024-09-18,1784,108.0753402709961,0.5592481397533056,0,0.0224349033087492,0.04556691274046898,-0.05621393769979477,-0.051587533205747604,-0.02,-0.026000000000000002,ambiguous_stop_loss,1,1,29,2024-09-01
2024-09-18,1442,66.3409652709961,0.5561106120786953,1,-0.01823289319872856,0.09396906197071075,-0.01823289319872856,0.08415143191814423,0.03,0.024,take_profit,1,0,29,2024-09-01
2024-09-18,3176,38.599998474121094,0.5553575411103142,1,0.010362734086811543,0.04792752116918564,0.005181367043405771,0.024611419066786766,0.03,0.024,take_profit,1,0,29,2024-09-01
2024-09-18,4513,65.80000305175781,0.5545134323340435,1,0.0030394671484827995,0.0987841933965683,0.0030394671484827995,0.05623095482587814,0.03,0.024,take_profit,1,0,29,2024-09-01
2024-09-18,6492,52.29999923706055,0.5539023628510271,1,0.07265772670507431,0.08795415610074997,0.017208442091941833,0.017208442091941833,0.03,0.024,gap_take_profit,1,0,29,2024-09-01
2024-09-18,1721,20.049999237060547,0.5535843786079405,1,0.09975063055753708,0.09975063055753708,0.09975063055753708,0.09975063055753708,0.03,0.024,gap_take_profit,1,0,29,2024-09-01
2024-09-18,5234,242.5264434814453,0.5529212836030285,0,0.04225357249379158,0.07444673031568527,-0.06036212667822838,-0.018108602613210678,0.03,0.024,gap_take_profit,1,1,29,2024-09-01
2024-09-18,5438,27.01263427734375,0.5518593697316334,0,0.034172702580690384,0.034172702580690384,-0.05035968869924545,-0.02697840705513954,0.03,0.024,gap_take_profit,1,1,29,2024-09-01
2024-09-18,6869,215.99130249023438,0.5486874685320605,0,0.0223214291036129,0.0357142873108387,-0.0066964286379516125,0.0,0.03,0.024,take_profit,1,0,29,2024-09-01
2024-09-18,3583,421.078369140625,0.5446105966270061,1,0.010550995357334614,0.05275497958064079,0.009378662332892418,0.02579132281243801,0.03,0.024,take_profit,1,0,29,2024-09-01
2024-09-18,2399,28.450000762939453,0.5423709827591151,1,0.03690682724118233,0.09841825067996979,0.007029836531728506,0.09841825067996979,0.03,0.024,gap_take_profit,1,0,29,2024-09-01
2024-09-18,6151,38.850955963134766,0.538620030427535,1,0.017156848683953285,0.05882353335618973,0.0061274184845387936,0.023284299299120903,0.03,0.024,take_profit,1,0,29,2024-09-01
2024-09-18,3363,177.0,0.538620030427535,1,0.005649717524647713,0.033898305147886276,-0.016949152573943138,0.025423727929592133,0.03,0.024,take_profit,1,0,29,2024-09-01
2024-09-18,3430,69.0130386352539,0.51300044788716,1,0.026170870289206505,0.09917367249727249,0.012396764010190964,0.09917367249727249,0.03,0.024,take_profit,1,0,29,2024-09-01
2024-09-18,2027,32.15494155883789,0.5004438998587051,1,0.003007398219779134,0.010526195168495178,-0.001503810752183199,0.0075187222100794315,0.0075187222100794315,0.0015187222100794314,close,0,0,29,2024-09-01
2024-09-18,9938,66.0,0.49859867707228794,1,0.01515151560306549,0.01818177103996277,-0.01515151560306549,0.0030302568338811398,0.0030302568338811398,-0.0029697431661188604,close,0,0,29,2024-09-01
2024-09-19,1721,22.049999237060547,0.6605206450419375,1,0.08616787195205688,0.09977328032255173,0.07029484212398529,0.09977328032255173,0.03,0.024,gap_take_profit,1,0,29,2024-09-01
2024-09-19,6414,275.02117919921875,0.654969664143005,1,0.012216391041874886,0.029668398201465607,0.0034903872292488813,0.0034903872292488813,0.0034903872292488813,-0.002509612770751119,close,0,0,29,2024-09-01
2024-09-19,4770,337.3111877441406,0.6531664018767314,1,0.017142822965979576,0.06857138872146606,0.017142822965979576,0.02999996393918991,0.03,0.024,take_profit,1,0,29,2024-09-01
2024-09-19,3023,278.9458923339844,0.6531416175795858,1,0.01029162760823965,0.03259008377790451,0.006861095782369375,0.012006893754005432,0.03,0.024,take_profit,1,0,29,2024-09-01
2024-09-19,2458,137.63243103027344,0.6501825271794157,1,0.013793212361633778,0.03793114423751831,0.0034483831841498613,0.0034483831841498613,0.03,0.024,take_profit,1,0,29,2024-09-01
2024-09-19,2491,13.399999618530273,0.6499964643421887,1,0.014925430528819561,0.04477614909410477,0.011194072663784027,0.04104479029774666,0.03,0.024,take_profit,1,0,29,2024-09-01
2024-09-19,2466,33.95000076293945,0.6480340267759802,1,0.010309233330190182,0.017673002555966377,-0.013254808261990547,0.005891038570553064,0.005891038570553064,-0.00010896142944693578,close,0,0,29,2024-09-01
2024-09-19,2404,311.0061950683594,0.6479772530070754,0,0.013910350389778614,0.018547136336565018,-0.006182385142892599,-0.006182385142892599,-0.006182385142892599,-0.0121823851428926,close,0,0,29,2024-09-01
2024-09-19,6806,126.88674926757812,0.6477000361304671,0,0.011583011597394943,0.0154440151527524,-0.011583011597394943,0.0,0.0,-0.006,close,0,0,29,2024-09-01
2024-09-19,6239,130.10072326660156,0.6475307213212774,1,0.014598444104194641,0.029196983203291893,0.0036495395470410585,0.0036495395470410585,0.0036495395470410585,-0.0023504604529589416,close,0,0,29,2024-09-01
2024-09-19,3518,29.899999618530273,0.647308768442472,1,0.021739117801189423,0.07859533280134201,0.011705698445439339,0.04682273045182228,0.03,0.024,take_profit,1,0,29,2024-09-01
2024-09-19,5483,171.39366149902344,0.6450392508373691,0,0.00826450064778328,0.013774142600595951,-0.016528889536857605,-0.016528889536857605,-0.016528889536857605,-0.022528889536857603,close,0,0,29,2024-09-01
2024-09-19,2028,22.920991897583008,0.6438971594615995,1,-5.200878305799961e-08,0.06666658073663712,-5.200878305799961e-08,0.032258011400699615,0.03,0.024,take_profit,1,0,29,2024-09-01
2024-09-19,4961,239.98008728027344,0.6437398910212666,1,0.015686288475990295,0.049019623547792435,0.013725505210459232,0.02745099551975727,0.03,0.024,take_profit,1,0,29,2024-09-01
2024-09-19,5388,101.27027130126953,0.6420967710468035,0,0.019047638401389122,0.019047638401389122,-0.014285695739090443,-0.014285695739090443,-0.014285695739090443,-0.02028569573909044,close,0,0,29,2024-09-01
2024-09-19,2413,20.200000762939453,0.6408703236707309,1,0.022277170792222023,0.022277170792222023,0.0,0.007425723597407341,0.007425723597407341,0.0014257235974073409,close,0,0,29,2024-09-01
2024-09-19,6278,103.31086730957031,0.6407287555374622,0,0.0138248847797513,0.018433179706335068,0.0,0.0,0.0,-0.006,close,0,0,29,2024-09-01
2024-09-19,1471,13.25,0.6405710911135745,1,0.015094324946403503,0.015094324946403503,-0.003773599397391081,0.003773599397391081,0.003773599397391081,-0.0022264006026089193,close,0,0,29,2024-09-01
2024-09-19,6568,120.1566162109375,0.6405356288887937,0,0.01224489789456129,0.01224489789456129,-0.004081632476300001,0.0,0.0,-0.006,close,0,0,29,2024-09-01
2024-09-19,3466,61.20000076293945,0.6400723329920232,0,-0.014705907553434372,0.0,-0.02941175177693367,-0.01960785500705242,-0.02,-0.026000000000000002,stop_loss,0,1,29,2024-09-01
2024-09-20,4716,30.100000381469727,0.591057924755588,1,0.02325577475130558,0.05647836625576019,-0.06644517928361893,0.00996675156056881,-0.02,-0.026000000000000002,ambiguous_stop_loss,1,1,29,2024-09-01
2024-09-20,2425,48.984840393066406,0.5879095513248213,0,0.020325174555182457,0.030487775802612305,-0.09451224654912949,-0.07723578065633774,-0.02,-0.026000000000000002,ambiguous_stop_loss,1,1,29,2024-09-01
2024-09-20,6552,49.849998474121094,0.5867471150118998,1,0.061183612793684006,0.08926782011985779,0.0070211091078817844,0.055165499448776245,0.03,0.024,gap_take_profit,1,0,29,2024-09-01
2024-09-20,1727,40.91468048095703,0.5851919108299081,0,0.04332120344042778,0.0589650422334671,-0.04332135617733002,-0.03128766268491745,0.03,0.024,gap_take_profit,1,1,29,2024-09-01
2024-09-20,2495,32.49296569824219,0.5850869999950715,0,0.024709254503250122,0.04505811259150505,-0.031976811587810516,-0.011627953499555588,-0.02,-0.026000000000000002,ambiguous_stop_loss,1,1,29,2024-09-01
2024-09-20,3615,31.021137237548828,0.5841031154420994,1,0.011128755286335945,0.09697933495044708,-0.022257547825574875,0.07631155848503113,-0.02,-0.026000000000000002,ambiguous_stop_loss,1,1,29,2024-09-01
2024-09-20,3167,116.5,0.5833250771418658,1,0.04721030220389366,0.09871244430541992,-0.017167381942272186,0.09871244430541992,0.03,0.024,gap_take_profit,1,0,29,2024-09-01
2024-09-20,4707,16.350000381469727,0.5827666612926027,0,0.033639095723629,0.08868494629859924,-0.02140675112605095,-0.02140675112605095,0.03,0.024,gap_take_profit,1,1,29,2024-09-01
2024-09-20,5481,28.799999237060547,0.5821127160299573,0,-0.0086805559694767,0.03298613801598549,-0.07638885080814362,-0.041666626930236816,-0.02,-0.026000000000000002,ambiguous_stop_loss,1,1,29,2024-09-01
2024-09-20,6664,317.8564453125,0.5813487617825093,1,0.019578276202082634,0.04066261276602745,-0.01656630076467991,0.024096349254250526,0.03,0.024,take_profit,1,0,29,2024-09-01
2024-09-20,4542,106.0,0.5798888967535046,0,0.04245283082127571,0.08018867671489716,-0.03773584961891174,-0.009433962404727936,0.03,0.024,gap_take_profit,1,1,29,2024-09-01
2024-09-20,5245,40.29999923706055,0.5783361954120022,1,0.039702292531728745,0.08064516633749008,0.017369747161865234,0.023573219776153564,0.03,0.024,gap_take_profit,1,0,29,2024-09-01
2024-09-20,6405,38.594688415527344,0.5783361954120022,1,0.034838683903217316,0.0993548110127449,0.03225807845592499,0.0993548110127449,0.03,0.024,gap_take_profit,1,0,29,2024-09-01
2024-09-20,1721,24.25,0.578057616751366,1,0.07216494530439377,0.09484533220529556,-0.010309278033673763,0.05979384481906891,0.03,0.024,gap_take_profit,1,0,29,2024-09-01
2024-09-20,5292,166.0,0.5780419852737889,0,0.0060240961611270905,0.09939759224653244,-0.012048192322254181,-0.0030120480805635452,0.03,0.024,take_profit,1,0,29,2024-09-01
2024-09-20,2351,161.21763610839844,0.5734816200350145,0,0.0030030030757188797,0.012012012302875519,-0.045045044273138046,0.0,-0.02,-0.026000000000000002,stop_loss,0,1,29,2024-09-01
2024-09-20,6431,22.850000381469727,0.5677022905599024,1,0.06783366203308105,0.07658643275499344,-0.035010989755392075,0.006564534734934568,0.03,0.024,gap_take_profit,1,1,29,2024-09-01
2024-09-20,5340,52.25581359863281,0.5645421911192208,0,-0.009523856453597546,-0.0019047801615670323,-0.05523816868662834,-0.03619055077433586,-0.02,-0.026000000000000002,stop_loss,0,1,29,2024-09-01
2024-09-20,2886,37.88581466674805,0.5485768605946775,1,0.005082610063254833,0.010165221989154816,0.0012707242276519537,0.008894593454897404,0.008894593454897404,0.0028945934548974036,close,0,0,29,2024-09-01
2024-09-20,4989,24.850000381469727,0.548078394934162,0,-0.03420524671673775,-0.012072480283677578,-0.058350130915641785,-0.03621728718280792,-0.03420524671673775,-0.040205246716737746,gap_stop,0,1,29,2024-09-01
2024-09-23,2539,49.650001525878906,0.5832058507198538,1,0.002014067955315113,0.01711980812251568,-0.013091672211885452,0.011077526956796646,0.011077526956796646,0.005077526956796646,close,0,0,29,2024-09-01
2024-09-23,8249,66.29232788085938,0.5818586925363197,0,0.009677503257989883,0.025806473568081856,-0.05645155906677246,-0.024193502962589264,-0.02,-0.026000000000000002,stop_loss,0,1,29,2024-09-01
2024-09-23,9946,28.700000762939453,0.5815604956393721,0,-0.0034843338653445244,0.0243902038782835,-0.008710801601409912,-0.0034843338653445244,-0.0034843338653445244,-0.009484333865344525,close,0,0,29,2024-09-01
2024-09-23,3167,128.0,0.581112294572414,0,0.0078125,0.03515625,-0.02734375,-0.0078125,-0.02,-0.026000000000000002,ambiguous_stop_loss,1,1,29,2024-09-01
2024-09-23,4113,35.95000076293945,0.5785786359016243,0,0.0013907992979511619,0.037552110850811005,-0.006954102776944637,-0.00417250394821167,0.03,0.024,take_profit,1,0,29,2024-09-01
2024-09-23,6109,14.300000190734863,0.5780599126466569,1,0.03496503457427025,0.0839160680770874,-0.003496516728773713,0.003496516728773713,0.03,0.024,gap_take_profit,1,0,29,2024-09-01
2024-09-23,2505,23.049999237060547,0.577819135388068,0,0.002169247018173337,0.026030385866761208,-0.0086767403408885,-0.00650757597759366,-0.00650757597759366,-0.01250757597759366,close,0,0,29,2024-09-01
2024-09-23,6768,93.7032241821289,0.5721468079390978,1,0.010050259530544281,0.095477394759655,0.005025133956223726,0.08542714267969131,0.03,0.024,take_profit,1,0,29,2024-09-01
2024-09-23,2536,30.516494750976562,0.5721125910714004,0,-6.718630096713696e-10,0.004830966237932444,-0.019323622807860374,-0.019323622807860374,-0.019323622807860374,-0.025323622807860373,close,0,0,29,2024-09-01
2024-09-23,6517,86.1329574584961,0.5718260413175977,0,0.07954547554254532,0.07954547554254532,-0.037500012665987015,-0.022727251052856445,0.03,0.024,gap_take_profit,1,1,29,2024-09-01
2024-09-23,6873,250.41925048828125,0.5709074136535458,0,0.0,0.02447555586695671,-0.017482522875070572,0.0,0.0,-0.006,close,0,0,29,2024-09-01
2024-09-23,6405,42.429256439208984,0.5702588642577016,0,0.023474201560020447,0.04107983782887459,-0.07629106193780899,-0.06103280931711197,-0.02,-0.026000000000000002,ambiguous_stop_loss,1,1,29,2024-09-01
2024-09-23,3013,129.36842346191406,0.569855365209302,0,0.01923072151839733,0.042307645082473755,-0.023076968267560005,-0.007692353799939156,-0.02,-0.026000000000000002,ambiguous_stop_loss,1,1,29,2024-09-01
2024-09-23,3685,20.200000762939453,0.5698407504255816,0,0.022277170792222023,0.02722768485546112,-0.0544554628431797,-0.05198025330901146,-0.02,-0.026000000000000002,stop_loss,0,1,29,2024-09-01
2024-09-23,3073,86.9000015258789,0.5698365139905514,0,0.021864229813218117,0.037974629551172256,-0.05063292756676674,-0.05063292756676674,-0.02,-0.026000000000000002,ambiguous_stop_loss,1,1,29,2024-09-01
2024-09-23,4903,36.349998474121094,0.5698023351146783,1,0.0811554566025734,0.09903720766305923,0.05089414864778519,0.09903720766305923,0.03,0.024,gap_take_profit,1,0,29,2024-09-01
2024-09-23,3141,81.36605834960938,0.5684515764318087,1,0.062043894082307816,0.09975676983594894,0.034063320606946945,0.0888078510761261,0.03,0.024,gap_take_profit,1,0,29,2024-09-01
2024-09-23,3581,63.81003952026367,0.5674309763706437,0,-0.0046367282047867775,0.06491505354642868,-0.05255021154880524,-0.05100458115339279,-0.02,-0.026000000000000002,ambiguous_stop_loss,1,1,29,2024-09-01
2024-09-23,3622,63.09556198120117,0.5673000608924423,1,0.09924805164337158,0.09924805164337158,0.05112779885530472,0.09924805164337158,0.03,0.024,gap_take_profit,1,0,29,2024-09-01
2024-09-23,2313,67.89537048339844,0.5666915125260596,0,0.008486675098538399,0.009901081211864948,-0.021216383203864098,-0.007072110660374165,-0.02,-0.026000000000000002,stop_loss,0,1,29,2024-09-01
2024-09-24,3622,69.35767364501953,0.5808325702790259,1,0.017783908173441887,0.03009583242237568,-0.015047850087285042,0.005471986252814531,0.03,0.024,take_profit,1,0,29,2024-09-01
2024-09-24,4903,39.95000076293945,0.5746142045996253,0,0.0012515453854575753,0.020025011152029037,-0.05006257817149162,-0.03254065662622452,-0.02,-0.026000000000000002,stop_loss,0,1,29,2024-09-01
2024-09-24,2615,87.43740844726562,0.5713716666348502,1,0.015435467474162579,0.09922817349433899,0.007717750500887632,0.09922817349433899,0.03,0.024,take_profit,1,0,29,2024-09-01
2024-09-24,8937,69.80000305175781,0.5708466133382311,1,0.054441191256046295,0.07020048052072525,-0.038682013750076294,0.0014326428063213825,0.03,0.024,gap_take_profit,1,1,29,2024-09-01
2024-09-24,4545,54.7706184387207,0.5692018942771488,0,0.02426339127123356,0.07972267270088196,-0.003466217778623104,0.0,0.03,0.024,take_profit,1,0,29,2024-09-01
2024-09-24,5452,35.03409194946289,0.5680511441399473,0,0.007062183227390051,0.021186476573348045,-0.03389829024672508,-0.02542373538017273,-0.02,-0.026000000000000002,stop_loss,0,1,29,2024-09-01
2024-09-24,4909,152.2430877685547,0.5679390836861474,1,0.024096403270959854,0.09939760714769363,0.015060258097946644,0.09939760714769363,0.03,0.024,take_profit,1,0,29,2024-09-01
2024-09-24,6546,227.2202911376953,0.5679390836861474,0,0.03594079241156578,0.03594079241156578,-0.02536999061703682,-0.014799166470766068,0.03,0.024,gap_take_profit,1,1,29,2024-09-01
2024-09-24,3550,29.25,0.5610196787888695,0,0.03931622579693794,0.09059827774763107,-0.05299142748117447,-0.03589741140604019,0.03,0.024,gap_take_profit,1,1,29,2024-09-01
2024-09-24,2455,157.20541381835938,0.5580863100929038,1,0.03405575081706047,0.08978330343961716,0.015479899011552334,0.06191952899098396,0.03,0.024,gap_take_profit,1,0,29,2024-09-01
2024-09-24,6834,37.213951110839844,0.5576543992723426,1,0.06481483578681946,0.0992063507437706,0.05291005223989487,0.0992063507437706,0.03,0.024,gap_take_profit,1,0,29,2024-09-01
2024-09-24,8150,35.034297943115234,0.5540042460044403,1,0.010914003476500511,0.024556567892432213,0.006821296643465757,0.006821296643465757,0.006821296643465757,0.0008212966434657572,close,0,0,29,2024-09-01
2024-09-24,6026,11.82974910736084,0.5533932556910224,1,0.007722070906311274,0.011583089828491211,0.00386105221696198,0.00386105221696198,0.00386105221696198,-0.0021389477830380203,close,0,0,29,2024-09-01
2024-09-24,2206,70.88016510009766,0.5531321241980665,0,0.012096794322133064,0.02016128972172737,0.0,0.0,0.0,-0.006,close,0,0,29,2024-09-01
2024-09-24,6275,47.599998474121094,0.5525016114792715,1,0.013655494898557663,0.021008403971791267,0.0031512926798313856,0.021008403971791267,0.021008403971791267,0.015008403971791267,close,0,0,29,2024-09-01
2024-09-24,2535,47.08114242553711,0.5516341862041434,1,0.009940405376255512,0.013916564173996449,-0.025844870135188103,0.001988164149224758,-0.02,-0.026000000000000002,stop_loss,0,1,29,2024-09-01
2024-09-24,1218,18.9872989654541,0.5508110005761594,1,-7.575982863272657e-08,0.012345602735877037,-7.575982863272657e-08,0.004938214085996151,0.004938214085996151,-0.0010617859140038492,close,0,0,29,2024-09-01
2024-09-24,5203,89.0965347290039,0.550571954181584,1,0.002155144000425935,0.01724136620759964,0.002155144000425935,0.01400857511907816,0.01400857511907816,0.00800857511907816,close,0,0,29,2024-09-01
2024-09-24,1582,104.46427917480469,0.5493455787224729,0,0.0133333969861269,0.01777784153819084,-0.03555549681186676,-0.03555549681186676,-0.02,-0.026000000000000002,stop_loss,0,1,29,2024-09-01
2024-09-24,6683,342.56744384765625,0.5491491308238982,1,0.011331464163959026,0.02549576945602894,0.0014164495514705777,0.0014164495514705777,0.0014164495514705777,-0.004583550448529422,close,0,0,29,2024-09-01
2024-09-25,3443,1152.904052734375,0.6466459015571652,0,0.04273509606719017,0.04273509606719017,-0.05128200352191925,-0.038461487740278244,0.03,0.024,gap_take_profit,1,1,29,2024-09-01
2024-09-25,3529,2373.319580078125,0.6386731895013678,1,0.09812112897634506,0.09812112897634506,0.09812112897634506,0.09812112897634506,0.03,0.024,gap_take_profit,1,0,29,2024-09-01
2024-09-25,4909,167.3756866455078,0.6298062227141218,1,0.01917809620499611,0.041095905005931854,-0.035616423934698105,0.005479466635733843,-0.02,-0.026000000000000002,ambiguous_stop_loss,1,1,29,2024-09-01
2024-09-25,6438,145.63671875,0.6296857623951554,0,5.857098983597098e-08,0.010033504106104374,-0.05351164937019348,-0.036789242178201675,-0.02,-0.026000000000000002,stop_loss,0,1,29,2024-09-01
2024-09-25,3588,83.46061706542969,0.6293536204582513,1,0.024475494399666786,0.07808852940797806,0.00233095558360219,0.024475494399666786,0.03,0.024,take_profit,1,0,29,2024-09-01
2024-09-25,2615,96.11366271972656,0.6278672452035581,1,0.00802411139011383,0.06318961083889008,0.0030090664513409138,0.023069247603416443,0.03,0.024,take_profit,1,0,29,2024-09-01
2024-09-25,6877,68.19400787353516,0.6256427770892977,0,0.01731017604470253,0.019973261281847954,-0.04660454019904137,-0.04394145309925079,-0.02,-0.026000000000000002,stop_loss,0,1,29,2024-09-01
2024-09-25,1540,47.2770881652832,0.624474278159855,0,0.037037018686532974,0.037037018686532974,-0.06906907260417938,-0.06906907260417938,0.03,0.024,gap_take_profit,1,1,29,2024-09-01
2024-09-25,6104,145.6701202392578,0.6243671760452632,0,0.010033444501459599,0.07692307978868484,0.0,0.0,0.03,0.024,take_profit,1,0,29,2024-09-01
2024-09-25,3013,140.8125457763672,0.6240194378855655,0,0.02120141312479973,0.02473498322069645,-0.010600706562399864,0.0,0.0,-0.006,close,0,0,29,2024-09-01
2024-09-25,3605,60.70000076293945,0.6216892927184842,0,0.013179559260606766,0.04118616133928299,-0.054365720599889755,-0.0444810651242733,-0.02,-0.026000000000000002,ambiguous_stop_loss,1,1,29,2024-09-01
2024-09-25,4968,198.0,0.6211259131350024,1,0.01515151560306549,0.03787878900766373,-0.007575757801532745,0.007575757801532745,0.03,0.024,take_profit,1,0,29,2024-09-01
2024-09-25,6237,49.877376556396484,0.6211259131350024,1,0.01593625172972679,0.08366536349058151,-0.003984066657721996,0.025896411389112473,0.03,0.024,take_profit,1,0,29,2024-09-01
2024-09-25,2362,55.75523376464844,0.6205787963020467,0,0.0389830619096756,0.04745763912796974,-0.030508438125252724,-0.023728815838694572,0.03,0.024,gap_take_profit,1,1,29,2024-09-01
2024-09-25,2613,35.41044998168945,0.620245477981798,1,0.002739674411714077,0.09589040279388428,0.002739674411714077,0.06301366537809372,0.03,0.024,take_profit,1,0,29,2024-09-01
2024-09-25,6695,59.599998474121094,0.6197948228761145,0,0.015100697055459023,0.021812131628394127,-0.031879156827926636,-0.02684561349451542,-0.02,-0.026000000000000002,stop_loss,0,1,29,2024-09-01
2024-09-25,6584,178.5,0.6183312725199028,1,0.02521008439362049,0.07563025504350662,0.016806723549962044,0.030812324956059456,0.03,0.024,take_profit,1,0,29,2024-09-01
2024-09-25,4534,25.75,0.6043218182182869,0,-0.001941717928275466,-0.001941717928275466,-0.054368916898965836,-0.052427198737859726,-0.02,-0.026000000000000002,stop_loss,0,1,29,2024-09-01
2024-09-25,3228,232.5,0.6040509410408381,0,0.0021505376789718866,0.01075268816202879,-0.01075268816202879,-0.008602150715887547,-0.008602150715887547,-0.014602150715887547,close,0,0,29,2024-09-01
2024-09-25,6133,22.25,0.6038991020538887,0,0.013483111746609211,0.04719097539782524,-0.01123595517128706,-0.01123595517128706,0.03,0.024,take_profit,1,0,29,2024-09-01
2024-09-26,3529,2606.1923828125,0.6071330877236025,1,0.030418260022997856,0.09315590560436249,8.342304624875396e-09,0.024714836850762367,0.03,0.024,gap_take_profit,1,0,29,2024-09-01
2024-09-26,3293,954.8592529296875,0.5912528452678691,0,0.007070720661431551,0.03535354882478714,-0.022222209721803665,-0.021212108433246613,-0.02,-0.026000000000000002,ambiguous_stop_loss,1,1,29,2024-09-01
2024-09-26,6243,55.333946228027344,0.5837846819903056,1,0.029876921325922012,0.06502630561590195,-0.03163450211286545,0.017574690282344818,-0.02,-0.026000000000000002,ambiguous_stop_loss,1,1,29,2024-09-01
2024-09-26,1736,143.21865844726562,0.5833388755479427,1,-0.017006851732730865,0.04081627354025841,-0.02380957268178463,0.017006751149892807,-0.02,-0.026000000000000002,ambiguous_stop_loss,1,1,29,2024-09-01
2024-09-26,6485,64.77237701416016,0.5768142451906787,0,0.03975537791848183,0.061162132769823074,-0.012232412584125996,-0.0030581241007894278,0.03,0.024,gap_take_profit,1,0,29,2024-09-01
2024-09-26,6202,52.5,0.5760884617462543,1,0.0,0.05523812398314476,-0.013333347626030445,0.05523812398314476,0.03,0.024,take_profit,1,0,29,2024-09-01
2024-09-26,6823,72.0,0.575077183471087,0,0.04305553436279297,0.0902777761220932,-0.0763888880610466,-0.0763888880610466,0.03,0.024,gap_take_profit,1,1,29,2024-09-01
2024-09-26,3041,36.5,0.5741261718347989,1,0.09817348420619965,0.09817348420619965,0.03652964532375336,0.07990860939025879,0.03,0.024,gap_take_profit,1,0,29,2024-09-01
2024-09-26,6573,16.25,0.5722588082338924,0,0.015384615398943424,0.02153848484158516,-0.027692295610904694,-0.027692295610904694,-0.02,-0.026000000000000002,stop_loss,0,1,29,2024-09-01
2024-09-26,2363,69.9651107788086,0.5451637312767159,1,0.007082096301019192,0.05524075776338577,-0.022662922739982605,0.005665687378495932,-0.02,-0.026000000000000002,ambiguous_stop_loss,1,1,29,2024-09-01
2024-09-26,2606,50.468955993652344,0.5324498137229674,1,0.016853895038366318,0.05430707708001137,0.013108561746776104,0.04119844734668732,0.03,0.024,take_profit,1,0,29,2024-09-01
2024-09-26,2855,23.016189575195312,0.5321640156701872,1,0.0018692051526159048,0.009345834143459797,0.0018692051526159048,0.00373834278434515,0.00373834278434515,-0.00226165721565485,close,0,0,29,2024-09-01
2024-09-26,8183,36.72060012817383,0.531960580719373,1,0.0038859574124217033,0.016839325428009033,0.0038859574124217033,0.007772007025778294,0.007772007025778294,0.0017720070257782935,close,0,0,29,2024-09-01
2024-09-26,9802,120.79473876953125,0.5318117017472335,0,0.0,0.01224489789456129,-0.008163264952600002,0.0,0.0,-0.006,close,0,0,29,2024-09-01
2024-09-26,6477,34.44670104980469,0.529961604088928,1,0.004310405347496271,0.03735631704330444,0.004310405347496271,0.02442537061870098,0.03,0.024,take_profit,1,0,29,2024-09-01
2024-09-26,5876,37.919612884521484,0.5289177550290378,0,0.010139323770999908,0.010139323770999908,-0.006337170023471117,-0.006337170023471117,-0.006337170023471117,-0.012337170023471117,close,0,0,29,2024-09-01
2024-09-26,6141,14.100000381469727,0.5287777401807356,0,0.00709215784445405,0.02127654105424881,-0.00709222536534071,0.0,0.0,-0.006,close,0,0,29,2024-09-01
2024-09-26,3416,140.68231201171875,0.5287032137976924,0,0.010238908231258392,0.010238908231258392,-0.0034129691775888205,0.0,0.0,-0.006,close,0,0,29,2024-09-01
2024-09-26,5328,15.350000381469727,0.5285454376216827,1,0.006514620501548052,0.029315948486328125,0.00325727928429842,0.006514620501548052,0.006514620501548052,0.0005146205015480517,close,0,0,29,2024-09-01
2024-09-26,2618,35.07036209106445,0.5282174932134818,1,0.004021487198770046,0.01072390004992485,-0.00402138801291585,0.005361949093639851,0.005361949093639851,-0.0006380509063601495,close,0,0,29,2024-09-01
2024-09-27,2014,21.450000762939453,0.5565258700234975,1,0.03263397887349129,0.08624701201915741,0.011655011214315891,0.05128197744488716,0.03,0.024,gap_take_profit,1,0,29,2024-09-01
2024-09-27,1309,21.229185104370117,0.5551161236211839,1,0.05555550754070282,0.060185156762599945,-0.03240743651986122,0.004629653412848711,0.03,0.024,gap_take_profit,1,1,29,2024-09-01
2024-09-27,3430,78.42391204833984,0.5549641060327843,1,0.01939394697546959,0.09939392656087875,0.006060631480067968,0.09939392656087875,0.03,0.024,take_profit,1,0,29,2024-09-01
2024-09-27,2030,17.95579719543457,0.553840238076444,1,0.029177723452448845,0.05039786174893379,-0.002652536379173398,0.02122018299996853,0.03,0.024,take_profit,1,0,29,2024-09-01
2024-09-27,2038,19.25,0.5533864025458688,1,0.08051943778991699,0.08831172436475754,0.007792187854647636,0.007792187854647636,0.03,0.024,gap_take_profit,1,0,29,2024-09-01
2024-09-27,2032,16.354768753051758,0.5476265528079263,1,0.04166676104068756,0.07142867147922516,-0.011904650367796421,0.017857257276773453,0.03,0.024,gap_take_profit,1,0,29,2024-09-01
2024-09-27,2028,26.322172164916992,0.5467843790421537,1,0.059924982488155365,0.08239690214395523,0.013108506798744202,0.029962467029690742,0.03,0.024,gap_take_profit,1,0,29,2024-09-01
2024-09-27,1595,45.20000076293945,0.5465468417662626,1,0.008849507197737694,0.04314161092042923,-0.042035430669784546,0.0011061778059229255,-0.02,-0.026000000000000002,ambiguous_stop_loss,1,1,29,2024-09-01
2024-09-27,1802,17.75,0.5461617543980268,1,0.039436664432287216,0.07887321710586548,0.0056338245049119,0.05352117121219635,0.03,0.024,gap_take_profit,1,0,29,2024-09-01
2024-09-27,3167,140.5,0.5360567893903965,1,0.017793593928217888,0.07473309338092804,-0.03202847018837929,0.024911031126976013,-0.02,-0.026000000000000002,ambiguous_stop_loss,1,1,29,2024-09-01
2024-09-27,6841,83.44877624511719,0.5292099944371942,1,6.651168860116741e-08,0.018912579864263535,-0.0070921145379543304,0.0023641870357096195,0.0023641870357096195,-0.0036358129642903806,close,0,0,29,2024-09-01
2024-09-27,3499,22.75,0.5291966530913246,1,0.09890110045671463,0.09890110045671463,-0.008791242726147175,0.010989011265337467,0.03,0.024,gap_take_profit,1,0,29,2024-09-01
2024-09-27,4128,41.0,0.5274273637985905,1,0.00731705455109477,0.01463410910218954,0.0012194935698062181,0.0012194935698062181,0.0012194935698062181,-0.004780506430193782,close,0,0,29,2024-09-01
2024-09-27,8936,63.239810943603516,0.527136088242272,0,0.0015431352658197284,0.0015431352658197284,-0.020061824470758438,-0.016975393518805504,-0.02,-0.026000000000000002,stop_loss,0,1,29,2024-09-01
2024-09-27,6753,129.0,0.5253979835297812,0,-0.0038759689778089523,0.0,-0.04651162773370743,-0.04651162773370743,-0.02,-0.026000000000000002,stop_loss,0,1,29,2024-09-01
2024-09-27,2520,41.08302688598633,0.5249716578250935,1,0.0010320496512576938,0.01547994278371334,-0.0020639337599277496,0.003096009837463498,0.003096009837463498,-0.002903990162536502,close,0,0,29,2024-09-01
2024-09-27,2607,29.933935165405273,0.5237602972743355,0,0.0032102353870868683,0.009630805812776089,-0.004815446212887764,-0.003210334572941065,-0.003210334572941065,-0.009210334572941065,close,0,0,29,2024-09-01
2024-09-27,5263,178.17874145507812,0.5229528329864925,1,7.140350533063611e-08,0.05277785286307335,7.140350533063611e-08,0.01944451779127121,0.03,0.024,take_profit,1,0,29,2024-09-01
2024-09-27,1342,93.24031829833984,0.522413769200479,0,0.004094133153557777,0.004094133153557777,-0.013306040316820145,-0.01228251401335001,-0.01228251401335001,-0.01828251401335001,close,0,0,29,2024-09-01
2024-09-27,9921,224.2246551513672,0.5221564216172957,0,0.008733616210520267,0.008733616210520267,-0.02183406986296177,-0.02183406986296177,-0.02,-0.026000000000000002,stop_loss,0,1,29,2024-09-01
2024-09-30,8404,21.742788314819336,0.645552191713682,1,0.1000000610947609,0.1000000610947609,0.1000000610947609,0.1000000610947609,0.03,0.024,gap_take_profit,1,0,29,2024-09-01
2024-09-30,3430,86.2187728881836,0.6328820865490341,1,0.05512676760554314,0.09922820329666138,0.01102533470839262,0.027563372626900673,0.03,0.024,gap_take_profit,1,0,29,2024-09-01
2024-09-30,8091,139.32127380371094,0.6272032791953567,1,0.006688965950161219,0.016722410917282104,-0.0033444787841290236,0.006688965950161219,0.006688965950161219,0.0006889659501612185,close,0,0,29,2024-09-01
2024-09-30,3617,301.8494567871094,0.6249124808480162,1,0.01097182184457779,0.0329153947532177,3.431619788329954e-08,0.02978060021996498,0.03,0.024,take_profit,1,0,29,2024-09-01
2024-09-30,3484,59.099998474121094,0.6249124808480162,1,-0.005076129455119371,0.013536430895328522,-0.005076129455119371,0.0033841077238321304,0.0033841077238321304,-0.0026158922761678697,close,0,0,29,2024-09-01
2024-09-30,5536,295.5612487792969,0.6247588353313858,0,0.0,0.0032573288772255182,-0.009771986864507198,0.0,0.0,-0.006,close,0,0,29,2024-09-01
2024-09-30,6143,126.29032135009766,0.6244821801830637,1,0.011111097410321236,0.02962961606681347,-0.007407420314848423,0.022222209721803665,0.022222209721803665,0.016222209721803667,close,0,0,29,2024-09-01
2024-09-30,8103,56.609066009521484,0.6238976672528113,0,2.870416970779388e-08,0.006622507236897945,-0.03476822003722191,-0.0132450545206666,-0.02,-0.026000000000000002,stop_loss,0,1,29,2024-09-01
2024-09-30,8255,175.0,0.6233151920108174,1,0.0057142856530845165,0.008571428246796131,-0.0057142856530845165,0.0057142856530845165,0.0057142856530845165,-0.0002857143469154836,close,0,0,29,2024-09-01
2024-09-30,3533,1345.689697265625,0.6230801491468752,1,0.010830292478203773,0.046931374818086624,0.010830292478203773,0.036101050674915314,0.03,0.024,take_profit,1,0,29,2024-09-01
2024-09-30,6670,271.5888366699219,0.623059514166863,1,-0.005172487813979387,0.013793027959764004,-0.005172487813979387,0.003448201110586524,0.003448201110586524,-0.002551798889413476,close,0,0,29,2024-09-01
2024-09-30,4561,70.83905792236328,0.6223487779959191,0,4.771633754785398e-08,0.015109917148947716,-0.013736216351389885,-0.013736216351389885,-0.013736216351389885,-0.019736216351389883,close,0,0,29,2024-09-01
2024-09-30,6515,1201.532958984375,0.6223487779959191,0,0.0,0.01224489789456129,-0.016326529905200005,0.0,0.0,-0.006,close,0,0,29,2024-09-01
2024-09-30,6788,237.45555114746094,0.6223487779959191,1,-0.0060362182557582855,0.03420523181557655,-0.02012072503566742,0.028169013559818268,-0.02,-0.026000000000000002,ambiguous_stop_loss,1,1,29,2024-09-01
2024-09-30,6274,162.5507049560547,0.6219978126812472,1,0.00879763625562191,0.0322580449283123,0.0029325338546186686,0.026392944157123566,0.03,0.024,take_profit,1,0,29,2024-09-01
2024-09-30,2385,153.2810516357422,0.6218200277245192,0,0.006097490433603525,0.0152438310906291,-0.033536653965711594,-0.033536653965711594,-0.02,-0.026000000000000002,stop_loss,0,1,29,2024-09-01
2024-09-30,3374,201.80397033691406,0.6213312312265887,1,0.009732341393828392,0.02189779095351696,-0.0072992886416614056,0.012165430933237076,0.012165430933237076,0.006165430933237076,close,0,0,29,2024-09-01
2024-09-30,2886,37.83767318725586,0.6211101401053384,1,0.002544602146372199,0.006361337844282389,-0.0025444759521633387,0.0038168474566191435,0.0038168474566191435,-0.0021831525433808566,close,0,0,29,2024-09-01
2024-09-30,4904,90.69999694824219,0.6207583077299986,1,0.0,0.00551267946138978,-0.006615198217332363,0.003307641251012683,0.003307641251012683,-0.002692358748987317,close,0,0,29,2024-09-01
2024-09-30,3055,64.5999984741211,0.6207558055670022,1,0.015243887901306152,0.05182927846908569,-0.0015243814559653401,0.02439020574092865,0.03,0.024,take_profit,1,0,29,2024-09-01
2024-10-01,1101,32.41128158569336,0.45806479664798266,1,-0.00593468826264143,0.008902107365429401,-0.00593468826264143,0.0029673664830625057,0.0029673664830625057,-0.0030326335169374944,close,0,0,30,2024-10-01
2024-10-01,1102,44.84025192260742,0.45806479664798266,1,0.009483648464083672,0.018967250362038612,-0.005268738139420748,0.004214944783598185,0.004214944783598185,-0.0017850552164018155,close,0,0,30,2024-10-01
2024-10-01,1103,17.467239379882812,0.45806479664798266,0,-0.002754736924543977,-0.002754736924543977,-0.019283726811408997,-0.013774063438177109,-0.013774063438177109,-0.019774063438177107,close,0,0,30,2024-10-01
2024-10-01,1104,28.845531463623047,0.45806479664798266,0,0.003267980180680752,0.003267980180680752,-0.008169940672814846,-0.008169940672814846,-0.008169940672814846,-0.014169940672814846,close,0,0,30,2024-10-01
2024-10-01,1110,21.450267791748047,0.45806479664798266,1,0.011467809788882732,0.011467809788882732,-0.006880795583128929,0.004587093833833933,0.004587093833833933,-0.0014129061661660672,close,0,0,30,2024-10-01
2024-10-01,1201,17.631250381469727,0.45806479664798266,1,0.002747210906818509,0.01373626384884119,-0.002747315214946866,0.01373626384884119,0.01373626384884119,0.00773626384884119,close,0,0,30,2024-10-01
2024-10-01,1210,49.306697845458984,0.45806479664798266,1,3.841218454425643e-09,0.0058026970364153385,-0.0038684827741235495,0.00386849045753479,0.00386849045753479,-0.00213150954246521,close,0,0,30,2024-10-01
2024-10-01,1215,93.42522430419922,0.45806479664798266,0,1.308294095281326e-08,1.308294095281326e-08,-0.005138732958585024,-0.005138732958585024,-0.005138732958585024,-0.011138732958585024,close,0,0,30,2024-10-01
2024-10-01,1216,85.7714614868164,0.45806479664798266,0,-0.007865133695304394,-0.0033708203118294477,-0.02247191034257412,-0.02134833112359047,-0.02,-0.026000000000000002,stop_loss,0,1,30,2024-10-01
2024-10-01,1217,12.104700088500977,0.45806479664798266,0,-2.2753747774828526e-09,-2.2753747774828526e-09,-0.01199997216463089,-0.008000032976269722,-0.008000032976269722,-0.014000032976269722,close,0,0,30,2024-10-01
2024-10-01,1218,19.268590927124023,0.45806479664798266,0,4.061535108235148e-08,4.061535108235148e-08,-0.0072992113418877125,-0.0024330124724656343,-0.0024330124724656343,-0.008433012472465634,close,0,0,30,2024-10-01
2024-10-01,1219,16.730920791625977,0.45806479664798266,0,-0.002890129340812564,0.002890239702537656,-0.008670498616993427,0.0,0.0,-0.006,close,0,0,30,2024-10-01
2024-10-01,1225,133.0,0.45806479664798266,0,0.033834587782621384,0.033834587782621384,-0.033834587782621384,-0.015037594363093376,0.03,0.024,gap_take_profit,1,1,30,2024-10-01
2024-10-01,1227,37.56957244873047,0.45806479664798266,0,-1.5836423727932925e-08,-1.5836423727932925e-08,-0.007643308490514755,-0.0012738817604258657,-0.0012738817604258657,-0.007273881760425866,close,0,0,30,2024-10-01
2024-10-01,1229,57.11149215698242,0.45806479664798266,0,3.746808729943041e-08,3.746808729943041e-08,-0.00810372456908226,-0.0032415061723440886,-0.0032415061723440886,-0.009241506172344089,close,0,0,30,2024-10-01
2024-10-01,1231,97.92435455322266,0.45806479664798266,1,0.004587201867252588,0.013761485926806927,5.987050144540262e-08,0.009174344129860401,0.009174344129860401,0.003174344129860401,close,0,0,30,2024-10-01
2024-10-01,1301,52.2577018737793,0.45806479664798266,0,0.0,0.03962261229753494,-0.003773599397391081,0.0,0.03,0.024,take_profit,1,0,30,2024-10-01
2024-10-01,1303,45.017112731933594,0.45806479664798266,0,-0.007592157926410437,0.0368763729929924,-0.0086767403408885,0.0,0.03,0.024,take_profit,1,0,30,2024-10-01
2024-10-01,1304,15.949073791503906,0.45806479664798266,0,-0.0030768471769988537,0.009230774827301502,-0.018461521714925766,-0.015384586527943611,-0.015384586527943611,-0.02138458652794361,close,0,0,30,2024-10-01
2024-10-01,1305,17.372413635253906,0.45806479664798266,0,0.005681839771568775,0.028409089893102646,-0.01136367954313755,0.0,0.0,-0.006,close,0,0,30,2024-10-01
2024-10-04,1101,32.5074577331543,0.45864129329666625,0,-4.4640671603701776e-08,0.001479222672060132,-0.014792943373322487,-0.008875761181116104,-0.008875761181116104,-0.014875761181116104,close,0,0,30,2024-10-01
2024-10-04,1102,45.02925109863281,0.45864129329666625,0,-0.005246625281870365,-0.001049417769536376,-0.01364120002835989,-0.006296006962656975,-0.006296006962656975,-0.012296006962656975,close,0,0,30,2024-10-01
2024-10-04,1103,17.22664451599121,0.45864129329666625,1,1.6064632291090675e-08,0.011173243634402752,-0.002793237566947937,0.002793376101180911,0.002793376101180911,-0.003206623898819089,close,0,0,30,2024-10-01
2024-10-04,1104,28.609865188598633,0.45864129329666625,1,0.004942276049405336,0.024711644276976585,0.004942276049405336,0.021416738629341125,0.021416738629341125,0.015416738629341125,close,0,0,30,2024-10-01
2024-10-04,1110,21.548662185668945,0.45864129329666625,1,0.002283221110701561,0.03196357190608978,-0.0068492344580590725,0.03196357190608978,0.03,0.024,take_profit,1,0,30,2024-10-01
2024-10-04,1201,17.873437881469727,0.45864129329666625,0,-2.346152783161415e-08,0.0027099621947854757,-0.01355015765875578,-0.0027101123705506325,-0.0027101123705506325,-0.008710112370550633,close,0,0,30,2024-10-01
2024-10-04,1210,49.497440338134766,0.45864129329666625,1,0.0038534749764949083,0.021194543689489365,0.0038534749764949083,0.009633880108594894,0.009633880108594894,0.0036338801085948943,close,0,0,30,2024-10-01
2024-10-04,1215,92.94513702392578,0.45864129329666625,1,2.2405876265452207e-08,0.02376030571758747,2.2405876265452207e-08,0.02272726409137249,0.02272726409137249,0.01672726409137249,close,0,0,30,2024-10-01
2024-10-04,1216,83.94038391113281,0.45864129329666625,1,0.004592482466250658,0.02411024458706379,-0.006888574454933405,0.0011481305118650198,0.0011481305118650198,-0.00485186948813498,close,0,0,30,2024-10-01
2024-10-04,1217,12.007862091064453,0.45864129329666625,0,0.004032273776829243,0.008064547553658485,0.0,0.0,0.0,-0.006,close,0,0,30,2024-10-01
2024-10-04,1218,19.221710205078125,0.45864129329666625,0,0.004878008272498846,0.004878008272498846,-0.007317112758755684,-0.0024390455801039934,-0.0024390455801039934,-0.008439045580103994,close,0,0,30,2024-10-01
2024-10-04,1219,16.730920791625977,0.45864129329666625,1,-7.561476422779378e-08,0.0028901637997478247,-0.0028902047779411077,0.0028901637997478247,0.0028901637997478247,-0.0031098362002521755,close,0,0,30,2024-10-01
2024-10-04,1225,131.0,0.45864129329666625,0,0.057251907885074615,0.057251907885074615,-0.06488549709320068,-0.057251907885074615,0.03,0.024,gap_take_profit,1,1,30,2024-10-01
2024-10-04,1227,37.52171325683594,0.45864129329666625,1,1.5836423727932925e-08,0.00765305757522583,1.5836423727932925e-08,0.0012755065690726042,0.0012755065690726042,-0.004724493430927396,close,0,0,30,2024-10-01
2024-10-04,1229,56.92636489868164,0.45864129329666625,0,-0.0048780301585793495,0.001626010169275105,-0.0048780301585793495,0.0,0.0,-0.006,close,0,0,30,2024-10-01
2024-10-04,1231,98.82274627685547,0.45864129329666625,1,0.013636256568133831,0.031818095594644547,0.009090816602110863,0.013636256568133831,0.03,0.024,take_profit,1,0,30,2024-10-01
2024-10-04,1301,52.2577018737793,0.45864129329666625,0,0.0018868237966671586,0.007547259330749512,-0.0320754274725914,-0.015094266273081303,-0.02,-0.026000000000000002,stop_loss,0,1,30,2024-10-01
2024-10-04,1303,45.017112731933594,0.45864129329666625,0,-0.006507620215415955,0.0021692023146897554,-0.03253800421953201,-0.014099777676165104,-0.02,-0.026000000000000002,stop_loss,0,1,30,2024-10-01
2024-10-04,1304,15.703703880310059,0.45864129329666625,0,0.009375005960464478,0.009375005960464478,-0.021874994039535522,-0.015624970197677612,-0.02,-0.026000000000000002,stop_loss,0,1,30,2024-10-01
2024-10-04,1305,17.372413635253906,0.45864129329666625,0,0.005681848153471947,0.005681848153471947,-0.019886376336216927,-0.011363671161234379,-0.011363671161234379,-0.017363671161234377,close,0,0,30,2024-10-01
2024-10-07,1101,32.218929290771484,0.46996827015855974,0,-0.0074626971036195755,-0.001492525334469974,-0.017910413444042206,-0.013432868756353855,-0.013432868756353855,-0.019432868756353854,close,0,0,30,2024-10-01
2024-10-07,1102,44.74574661254883,0.46996827015855974,0,-0.0010559501824900508,0.012671642936766148,-0.011615612544119358,0.0,0.0,-0.006,close,0,0,30,2024-10-01
2024-10-07,1103,17.274765014648438,0.46996827015855974,0,-0.0055710794404149055,0.0027854444924741983,-0.011142130941152573,-0.0055710794404149055,-0.0055710794404149055,-0.011571079440414906,close,0,0,30,2024-10-01
2024-10-07,1104,29.22259521484375,0.46996827015855974,0,-0.009677338413894176,-0.006451581139117479,-0.014516097493469715,-0.012903157621622086,-0.012903157621622086,-0.018903157621622084,close,0,0,30,2024-10-01
2024-10-07,1110,22.23743438720703,0.46996827015855974,0,-0.006637138780206442,-0.006637138780206442,-0.028761032968759537,-0.015486730262637138,-0.02,-0.026000000000000002,stop_loss,0,1,30,2024-10-01
2024-10-07,1201,17.82499885559082,0.46996827015855974,0,-0.008152090013027191,-0.0027172863483428955,-0.016304243355989456,-0.005434740334749222,-0.005434740334749222,-0.011434740334749222,close,0,0,30,2024-10-01
2024-10-07,1210,49.97429275512695,0.46996827015855974,0,-0.005725218448787928,0.0019083982333540916,-0.009541953913867474,-0.009541953913867474,-0.009541953913867474,-0.015541953913867474,close,0,0,30,2024-10-01
2024-10-07,1215,95.05752563476562,0.46996827015855974,0,-0.006060574669390917,-0.005050488747656345,-0.018181832507252693,-0.006060574669390917,-0.006060574669390917,-0.012060574669390917,close,0,0,30,2024-10-01
2024-10-07,1216,84.03675842285156,0.46996827015855974,1,-0.006880761589854956,0.0034403568133711815,-0.013761477544903755,0.0011468137381598353,0.0011468137381598353,-0.004853186261840165,close,0,0,30,2024-10-01
2024-10-07,1217,12.007862091064453,0.46996827015855974,0,1.3702667889248232e-09,1.3702667889248232e-09,-0.008064469322562218,-0.004032195080071688,-0.004032195080071688,-0.010032195080071688,close,0,0,30,2024-10-01
2024-10-07,1218,19.174827575683594,0.46996827015855974,0,-0.0024450335185974836,1.0209807221883693e-08,-0.0097799776121974,-0.007335027679800987,-0.007335027679800987,-0.013335027679800987,close,0,0,30,2024-10-01
2024-10-07,1219,16.77927589416504,0.46996827015855974,0,4.1096953395936e-08,0.0028818415012210608,-0.008645470254123211,-0.005763669963926077,-0.005763669963926077,-0.011763669963926077,close,0,0,30,2024-10-01
2024-10-07,1225,123.5,0.46996827015855974,0,0.012145749293267727,0.012145749293267727,-0.08097165822982788,-0.06477732956409454,-0.02,-0.026000000000000002,stop_loss,0,1,30,2024-10-01
2024-10-07,1227,37.56957244873047,0.46996827015855974,0,-1.5841257194892933e-08,-1.5841257194892933e-08,-0.02420385740697384,-0.016560563817620277,-0.02,-0.026000000000000002,stop_loss,0,1,30,2024-10-01
2024-10-07,1229,56.92636489868164,0.46996827015855974,0,-0.009756076149642467,0.0016259943367913365,-0.01138208620250225,-0.009756076149642467,-0.009756076149642467,-0.015756076149642466,close,0,0,30,2024-10-01
2024-10-07,1231,100.17031860351562,0.46996827015855974,0,0.008968657813966274,0.008968657813966274,-0.008968583308160305,0.0,0.0,-0.006,close,0,0,30,2024-10-01
2024-10-07,1301,51.468910217285156,0.46996827015855974,0,-0.009578549303114414,-0.0019157580099999905,-0.030651388689875603,-0.026819957420229912,-0.02,-0.026000000000000002,stop_loss,0,1,30,2024-10-01
2024-10-07,1303,44.382381439208984,0.46996827015855974,0,-0.012101210653781891,-1.7484120817812254e-08,-0.026402672752738,-0.01760176010429859,-0.02,-0.026000000000000002,stop_loss,0,1,30,2024-10-01
2024-10-07,1304,15.458333969116211,0.46996827015855974,0,-0.0031746281310915947,0.003174602286890149,-0.031746044754981995,-0.025396814569830894,-0.02,-0.026000000000000002,stop_loss,0,1,30,2024-10-01
2024-10-07,1305,17.174999237060547,0.46996827015855974,0,1.565887508547803e-08,0.0028736446984112263,-0.025861987844109535,-0.020114948973059654,-0.02,-0.026000000000000002,stop_loss,0,1,30,2024-10-01
2024-10-08,1101,31.786136627197266,0.47066990541426684,0,-0.0045384797267615795,-0.003025643527507782,-0.018154237419366837,-0.018154237419366837,-0.018154237419366837,-0.024154237419366835,close,0,0,30,2024-10-01
2024-10-08,1102,44.74574661254883,0.47066990541426684,0,0.001056078588590026,0.001056078588590026,-0.027455059811472893,-0.01583944633603096,-0.02,-0.026000000000000002,stop_loss,0,1,30,2024-10-01
2024-10-08,1103,17.178525924682617,0.47066990541426684,0,0.002801061375066638,0.002801061375066638,-0.002801200607791543,-0.002801200607791543,-0.002801200607791543,-0.008801200607791543,close,0,0,30,2024-10-01
2024-10-08,1104,28.845531463623047,0.47066990541426684,0,0.006535900756716728,0.006535900756716728,-0.009803968481719494,-0.009803968481719494,-0.009803968481719494,-0.015803968481719492,close,0,0,30,2024-10-01
2024-10-08,1110,21.893049240112305,0.47066990541426684,0,-0.008988863788545132,0.00224709021858871,-0.013483176939189434,-0.011236020363867283,-0.011236020363867283,-0.01723602036386728,close,0,0,30,2024-10-01
2024-10-08,1201,17.728124618530273,0.47066990541426684,0,0.0027323029935359955,0.00819680467247963,-0.005464397836476564,0.0,0.0,-0.006,close,0,0,30,2024-10-01
2024-10-08,1210,49.497440338134766,0.47066990541426684,1,0.0019267144380137324,0.007707046344876289,-0.0019268646137788892,0.0019267144380137324,0.0019267144380137324,-0.004073285561986268,close,0,0,30,2024-10-01
2024-10-08,1215,94.4814224243164,0.47066990541426684,0,-5.1792603983358276e-08,-5.1792603983358276e-08,-0.011178897693753242,-0.011178897693753242,-0.011178897693753242,-0.01717889769375324,close,0,0,30,2024-10-01
2024-10-08,1216,84.13313293457031,0.47066990541426684,1,-0.0068729342892766,0.006872822064906359,-0.0068729342892766,0.004581818822771311,0.004581818822771311,-0.0014181811772286893,close,0,0,30,2024-10-01
2024-10-08,1217,11.959444046020508,0.47066990541426684,0,0.004048517905175686,0.004048517905175686,-0.02024291828274727,-0.02024291828274727,-0.02,-0.026000000000000002,stop_loss,0,1,30,2024-10-01
2024-10-08,1218,19.0341796875,0.47066990541426684,0,0.009852254763245583,0.009852254763245583,-0.007389144040644169,0.0,0.0,-0.006,close,0,0,30,2024-10-01
2024-10-08,1219,16.682565689086914,0.47066990541426684,0,-0.002898541046306491,0.005797088611871004,-0.005797157995402813,-0.002898541046306491,-0.002898541046306491,-0.008898541046306491,close,0,0,30,2024-10-01
2024-10-08,1225,115.5,0.47066990541426684,0,0.012987012974917889,0.034632034599781036,-0.025974025949835777,-0.021645022556185722,-0.02,-0.026000000000000002,ambiguous_stop_loss,1,1,30,2024-10-01
2024-10-08,1227,36.9473991394043,0.47066990541426684,0,0.0025906681548804045,0.0025906681548804045,-0.006476748734712601,-0.0051813325844705105,-0.0051813325844705105,-0.01118133258447051,close,0,0,30,2024-10-01
2024-10-08,1229,56.37098693847656,0.47066990541426684,0,0.0032840457279235125,0.0049260756932199,-0.001642043818719685,-0.001642043818719685,-0.001642043818719685,-0.007642043818719685,close,0,0,30,2024-10-01
2024-10-08,1231,100.17031860351562,0.47066990541426684,1,0.008968718349933624,0.01345300953835249,0.0044844262301921844,0.008968718349933624,0.008968718349933624,0.002968718349933624,close,0,0,30,2024-10-01
2024-10-08,1301,50.08851623535156,0.47066990541426684,0,0.0059054698795080185,0.007874018512666225,-0.027559036388993263,-0.02460632659494877,-0.02,-0.026000000000000002,stop_loss,0,1,30,2024-10-01
2024-10-08,1303,43.601173400878906,0.47066990541426684,0,0.006718937773257494,0.006718937773257494,-0.02799549140036106,-0.023516274988651276,-0.02,-0.026000000000000002,stop_loss,0,1,30,2024-10-01
2024-10-08,1304,15.065741539001465,0.47066990541426684,0,4.692912725090537e-09,4.692912725090537e-09,-0.06840391457080841,-0.035830624401569366,-0.02,-0.026000000000000002,stop_loss,0,1,30,2024-10-01
2024-10-08,1305,16.829524993896484,0.47066990541426684,0,0.008797774091362953,0.008797774091362953,-0.03812311589717865,-0.03519050031900406,-0.02,-0.026000000000000002,stop_loss,0,1,30,2024-10-01
2024-10-09,1101,31.209083557128906,0.47066990541426684,1,0.009244934655725956,0.016949094831943512,-0.0015408422332257032,0.0015407747123390436,0.0015407747123390436,-0.0044592252876609565,close,0,0,30,2024-10-01
2024-10-09,1102,44.0369987487793,0.47066990541426684,0,-0.002145866397768259,-0.002145866397768259,-0.016094397753477097,-0.012875480577349663,-0.012875480577349663,-0.01887548057734966,close,0,0,30,2024-10-01
2024-10-09,1103,17.13040542602539,0.47066990541426684,0,0.0028090288396924734,0.005617974791675806,-0.005617916118353605,-0.005617916118353605,-0.005617916118353605,-0.011617916118353605,close,0,0,30,2024-10-01
2024-10-09,1104,28.56273078918457,0.47066990541426684,0,0.00990102905780077,0.00990102905780077,-0.004950481932610273,-0.0033002791460603476,-0.0033002791460603476,-0.009300279146060348,close,0,0,30,2024-10-01
2024-10-09,1110,21.647058486938477,0.47066990541426684,0,2.126822451486987e-08,0.006818186026066542,-0.011363615281879902,-0.011363615281879902,-0.011363615281879902,-0.0173636152818799,close,0,0,30,2024-10-01
2024-10-09,1201,17.728124618530273,0.47066990541426684,0,-0.005464437883347273,-4.045665846774682e-08,-0.008196741342544556,-0.005464437883347273,-0.005464437883347273,-0.011464437883347273,close,0,0,30,2024-10-01
2024-10-09,1210,49.59280776977539,0.47066990541426684,1,3.858881569840378e-08,0.0019230862380936742,-0.005769177805632353,0.0019230862380936742,0.0019230862380936742,-0.004076913761906326,close,0,0,30,2024-10-01
2024-10-09,1215,93.42522430419922,0.47066990541426684,0,1.308294095281326e-08,1.308294095281326e-08,-0.005138732958585024,-0.005138732958585024,-0.005138732958585024,-0.011138732958585024,close,0,0,30,2024-10-01
2024-10-09,1216,84.51861572265625,0.47066990541426684,0,0.011402582749724388,0.011402582749724388,-0.01482313685119152,-0.012542669661343098,-0.012542669661343098,-0.018542669661343096,close,0,0,30,2024-10-01
2024-10-09,1217,11.717350006103516,0.47066990541426684,0,-1.1880740835579218e-09,0.00826441403478384,-0.004132247995585203,-0.004132247995585203,-0.004132247995585203,-0.010132247995585203,close,0,0,30,2024-10-01
2024-10-09,1218,19.0341796875,0.47066990541426684,0,1.6656770185363712e-08,1.6656770185363712e-08,-0.009852143935859203,-0.007389127742499113,-0.007389127742499113,-0.013389127742499113,close,0,0,30,2024-10-01
2024-10-09,1219,16.63421058654785,0.47066990541426684,0,0.005813864525407553,0.008720907382667065,-0.0029070430900901556,0.0,0.0,-0.006,close,0,0,30,2024-10-01
2024-10-09,1225,113.0,0.47066990541426684,0,0.013274336233735085,0.013274336233735085,-0.05309734493494034,-0.05309734493494034,-0.02,-0.026000000000000002,stop_loss,0,1,30,2024-10-01
2024-10-09,1227,36.75596237182617,0.47066990541426684,0,0.0026041450910270214,0.0026041450910270214,-0.007812561467289925,-0.0065103983506560326,-0.0065103983506560326,-0.012510398350656033,close,0,0,30,2024-10-01
2024-10-09,1229,56.27842330932617,0.47066990541426684,0,0.0,0.006578922271728516,0.0,0.0,0.0,-0.006,close,0,0,30,2024-10-01
2024-10-09,1231,101.06871795654297,0.47066990541426684,0,0.00444440171122551,0.00444440171122551,-0.004444459918886423,-0.004444459918886423,-0.004444459918886423,-0.010444459918886423,close,0,0,30,2024-10-01
2024-10-09,1301,48.856021881103516,0.47066990541426684,1,0.008072650991380215,0.017154401168227196,-0.002018166007474065,0.001009032828733325,0.001009032828733325,-0.004990967171266675,close,0,0,30,2024-10-01
2024-10-09,1303,42.575836181640625,0.47066990541426684,0,0.006880836095660925,0.016055095940828323,-0.005733913742005825,-0.003440283238887787,-0.003440283238887787,-0.009440283238887787,close,0,0,30,2024-10-01
2024-10-09,1304,14.52592658996582,0.47066990541426684,0,-0.003378431312739849,0.016891850158572197,-0.013513539917767048,-0.013513539917767048,-0.013513539917767048,-0.019513539917767046,close,0,0,30,2024-10-01
2024-10-09,1305,16.237285614013672,0.47066990541426684,0,0.003039473434910178,0.012157990597188473,-0.012158093973994255,-0.009118626825511456,-0.009118626825511456,-0.015118626825511456,close,0,0,30,2024-10-01
2024-10-11,1101,31.257169723510742,0.465076318276688,1,0.0015384653815999627,0.006153896916657686,-0.0015384107828140259,0.0015384653815999627,0.0015384653815999627,-0.004461534618400037,close,0,0,30,2024-10-01
2024-10-11,1102,43.470001220703125,0.465076318276688,0,-0.004347842652350664,0.0,-0.008695685304701328,0.0,0.0,-0.006,close,0,0,30,2024-10-01
2024-10-11,1103,17.034168243408203,0.465076318276688,0,-1.648650105323668e-08,0.005649614613503218,-0.008474678732454777,-0.002824939787387848,-0.002824939787387848,-0.008824939787387848,close,0,0,30,2024-10-01
2024-10-11,1104,28.46846580505371,0.465076318276688,0,-3.214184474131798e-09,0.0016556006157770753,-0.0033112741075456142,-0.0033112741075456142,-0.0033112741075456142,-0.009311274107545614,close,0,0,30,2024-10-01
2024-10-11,1110,21.40106964111328,0.465076318276688,1,3.593211062025148e-08,0.025287358090281487,3.593211062025148e-08,0.018390823155641556,0.018390823155641556,0.012390823155641556,close,0,0,30,2024-10-01
2024-10-11,1201,17.631250381469727,0.465076318276688,0,0.0,0.0027472106739878654,-0.008241841569542885,0.0,0.0,-0.006,close,0,0,30,2024-10-01
2024-10-11,1210,49.68817901611328,0.465076318276688,0,-0.0038387554232031107,-0.0038387554232031107,-0.0115163279697299,-0.005758185405284166,-0.005758185405284166,-0.011758185405284166,close,0,0,30,2024-10-01
2024-10-11,1215,92.94513702392578,0.465076318276688,1,-6.554212284015648e-09,0.003099119523540139,-0.002066169399768114,0.002066077431663871,0.002066077431663871,-0.003933922568336129,close,0,0,30,2024-10-01
2024-10-11,1216,83.45852661132812,0.465076318276688,1,-0.002309467876330018,0.016166264191269875,-0.0046189893037080765,0.016166264191269875,0.016166264191269875,0.010166264191269874,close,0,0,30,2024-10-01
2024-10-11,1217,11.668931007385254,0.465076318276688,1,1.1880740835579218e-09,0.004149394575506449,-0.004149392247200012,0.004149394575506449,0.004149394575506449,-0.0018506054244935514,close,0,0,30,2024-10-01
2024-10-11,1218,18.89353370666504,0.465076318276688,1,-1.6656770185363712e-08,0.007444133050739765,-0.007444166578352451,0.007444133050739765,0.007444133050739765,0.001444133050739765,close,0,0,30,2024-10-01
2024-10-11,1219,16.63421058654785,0.465076318276688,1,3.471850362757323e-08,0.005813899450004101,-0.002907008631154895,0.0029069671873003244,0.0029069671873003244,-0.0030930328126996757,close,0,0,30,2024-10-01
2024-10-11,1225,107.0,0.465076318276688,0,-0.014018691144883633,0.0,-0.05140186846256256,-0.032710280269384384,-0.02,-0.026000000000000002,stop_loss,0,1,30,2024-10-01
2024-10-11,1227,36.516666412353516,0.465076318276688,1,-0.002621259307488799,0.0026212246157228947,-0.006553047336637974,0.0026212246157228947,0.0026212246157228947,-0.0033787753842771055,close,0,0,30,2024-10-01
2024-10-11,1229,56.27842330932617,0.465076318276688,0,0.0,0.003289461135864258,-0.001644730567932129,0.0,0.0,-0.006,close,0,0,30,2024-10-01
2024-10-11,1231,100.61952209472656,0.465076318276688,0,0.008928513154387474,0.008928513154387474,-0.00446437718346715,-0.00446437718346715,-0.00446437718346715,-0.01046437718346715,close,0,0,30,2024-10-01
2024-10-11,1301,48.90531921386719,0.465076318276688,1,4.661398023131369e-08,0.0161291416734457,-0.02318539284169674,0.008064594119787216,-0.02,-0.026000000000000002,stop_loss,0,1,30,2024-10-01
2024-10-11,1303,42.42936325073242,0.465076318276688,0,-0.005753760226070881,-0.0034522993955761194,-0.026467258110642433,-0.0080553088337183,-0.02,-0.026000000000000002,stop_loss,0,1,30,2024-10-01
2024-10-11,1304,14.329629898071289,0.465076318276688,0,0.010273952037096024,0.010273952037096024,-0.006849335040897131,-0.0034246642608195543,-0.0034246642608195543,-0.009424664260819554,close,0,0,30,2024-10-01
2024-10-11,1305,16.089223861694336,0.465076318276688,0,0.006134992931038141,0.006134992931038141,-0.006134876050055027,0.0,0.0,-0.006,close,0,0,30,2024-10-01
2024-10-14,1101,31.30525779724121,0.46238824456452277,0,0.001536047551780939,0.004608314484357834,-0.0030721770599484444,-0.001536102150566876,-0.001536102150566876,-0.007536102150566876,close,0,0,30,2024-10-01
2024-10-14,1102,43.470001220703125,0.46238824456452277,1,-0.004347856156527996,0.011956491507589817,-0.007608676329255104,0.011956491507589817,0.011956491507589817,0.005956491507589817,close,0,0,30,2024-10-01
2024-10-14,1103,16.986047744750977,0.46238824456452277,0,0.008498646318912506,0.008498646318912506,-0.008498478680849075,-0.005665660835802555,-0.005665660835802555,-0.011665660835802555,close,0,0,30,2024-10-01
2024-10-14,1104,28.37419891357422,0.46238824456452277,0,0.0016611006576567888,0.006644476670771837,-0.0033222753554582596,-0.0016611710889264941,-0.0016611710889264941,-0.007661171088926494,close,0,0,30,2024-10-01
2024-10-14,1110,21.794652938842773,0.46238824456452277,1,0.002257349668070674,0.011286643333733082,-0.002257340122014284,0.002257349668070674,0.002257349668070674,-0.003742650331929326,close,0,0,30,2024-10-01
2024-10-14,1201,17.631250381469727,0.46238824456452277,0,-0.005494485609233379,-0.002747274935245514,-0.010989012196660042,-0.008241801522672176,-0.008241801522672176,-0.014241801522672176,close,0,0,30,2024-10-01
2024-10-14,1210,49.40206527709961,0.46238824456452277,1,4.231286254707811e-08,0.0038610610645264387,-0.00579144898802042,0.0019305885070934892,0.0019305885070934892,-0.004069411492906511,close,0,0,30,2024-10-01
2024-10-14,1215,93.13716888427734,0.46238824456452277,0,6.569237598341715e-09,6.569237598341715e-09,-0.0041237203404307365,-0.0030928084161132574,-0.0030928084161132574,-0.009092808416113258,close,0,0,30,2024-10-01
2024-10-14,1216,84.8077392578125,0.46238824456452277,1,-0.0034090932458639145,0.01136366929858923,-0.006818132009357214,0.0056818509474396706,0.0056818509474396706,-0.00031814905256032956,close,0,0,30,2024-10-01
2024-10-14,1217,11.717350006103516,0.46238824456452277,0,0.004132166039198637,0.004132166039198637,-0.008264495991170406,-0.008264495991170406,-0.008264495991170406,-0.014264495991170406,close,0,0,30,2024-10-01
2024-10-14,1218,19.0341796875,0.46238824456452277,0,0.0024631519336253405,0.0024631519336253405,-0.004925992339849472,-0.0024629756808280945,-0.0024629756808280945,-0.008462975680828095,close,0,0,30,2024-10-01
2024-10-14,1219,16.682565689086914,0.46238824456452277,0,-0.002898541046306491,0.002898471662774682,-0.008695664815604687,-0.002898541046306491,-0.002898541046306491,-0.008898541046306491,close,0,0,30,2024-10-01
2024-10-14,1225,103.5,0.46238824456452277,0,0.0,0.004830917809158564,-0.03381642326712608,0.0,-0.02,-0.026000000000000002,stop_loss,0,1,30,2024-10-01
2024-10-14,1227,36.61238479614258,0.46238824456452277,0,3.4837668749787554e-08,3.4837668749787554e-08,-0.005228743422776461,-0.005228743422776461,-0.005228743422776461,-0.01122874342277646,close,0,0,30,2024-10-01
2024-10-14,1229,56.27842330932617,0.46238824456452277,1,1.3953973976299494e-08,0.008223666809499264,1.3953973976299494e-08,0.0016447445377707481,0.0016447445377707481,-0.004355255462229252,close,0,0,30,2024-10-01
2024-10-14,1231,100.17031860351562,0.46238824456452277,1,3.031416895282746e-08,0.008968688547611237,-0.0044842613860964775,0.004484397359192371,0.004484397359192371,-0.0015156026408076288,close,0,0,30,2024-10-01
2024-10-14,1301,49.299720764160156,0.46238824456452277,0,0.004000019282102585,0.004000019282102585,-0.033000025898218155,-0.033000025898218155,-0.02,-0.026000000000000002,stop_loss,0,1,30,2024-10-01
2024-10-14,1303,42.087581634521484,0.46238824456452277,0,0.003480316838249564,0.0069606308825314045,-0.011600925587117672,-0.010440762154757977,-0.010440762154757977,-0.016440762154757975,close,0,0,30,2024-10-01
2024-10-14,1304,14.280555725097656,0.46238824456452277,0,0.006872831843793392,0.006872831843793392,-0.01374567300081253,-0.01030929945409298,-0.01030929945409298,-0.016309299454092978,close,0,0,30,2024-10-01
2024-10-14,1305,16.089223861694336,0.46238824456452277,0,-0.0030674911104142666,0.006134939379990101,-0.012269921600818634,-0.00613492913544178,-0.00613492913544178,-0.01213492913544178,close,0,0,30,2024-10-01
2024-10-15,1101,31.257169723510742,0.462891378663762,0,4.8673175712110606e-08,4.8673175712110606e-08,-0.010769135318696499,-0.010769135318696499,-0.010769135318696499,-0.016769135318696497,close,0,0,30,2024-10-01
2024-10-15,1102,43.989749908447266,0.462891378663762,0,-0.016111725941300392,-0.009667059406638145,-0.02040819823741913,-0.018259920179843903,-0.02,-0.026000000000000002,stop_loss,0,1,30,2024-10-01
2024-10-15,1103,16.88981056213379,0.462891378663762,0,0.005698015447705984,0.005698015447705984,-0.008546999655663967,-0.0028489716351032257,-0.0028489716351032257,-0.008848971635103226,close,0,0,30,2024-10-01
2024-10-15,1104,28.327064514160156,0.462891378663762,1,-0.0016638935776427388,0.05158071219921112,-0.004991693422198296,0.05158071219921112,0.03,0.024,take_profit,1,0,30,2024-10-01
2024-10-15,1110,21.84385108947754,0.462891378663762,1,-0.009008996188640594,0.00900900550186634,-0.015765735879540443,0.0022522653453052044,0.0022522653453052044,-0.0037477346546947957,close,0,0,30,2024-10-01
2024-10-15,1201,17.485937118530273,0.462891378663762,0,0.00554018747061491,0.00554018747061491,-0.0027700408827513456,0.0,0.0,-0.006,close,0,0,30,2024-10-01
2024-10-15,1210,49.497440338134766,0.462891378663762,0,-0.0038536028005182743,-0.0038536028005182743,-0.026975004002451897,-0.026975004002451897,-0.02,-0.026000000000000002,stop_loss,0,1,30,2024-10-01
2024-10-15,1215,92.84911346435547,0.462891378663762,1,-0.0010340730659663677,0.04963812977075577,-0.00206818338483572,0.04963812977075577,0.03,0.024,take_profit,1,0,30,2024-10-01
2024-10-15,1216,85.28960418701172,0.462891378663762,0,-0.007909563370049,0.0033898712135851383,-0.01581921987235546,-0.0022598463110625744,-0.0022598463110625744,-0.008259846311062575,close,0,0,30,2024-10-01
2024-10-15,1217,11.620512008666992,0.462891378663762,0,0.0,0.0,-0.008333365432918072,0.0,0.0,-0.006,close,0,0,30,2024-10-01
2024-10-15,1218,18.9872989654541,0.462891378663762,0,-0.0049383495934307575,0.0024690385907888412,-0.007407447323203087,-0.0024691573344171047,-0.0024691573344171047,-0.008469157334417105,close,0,0,30,2024-10-01
2024-10-15,1219,16.63421058654785,0.462891378663762,1,-0.002907008631154895,0.0029069671873003244,-0.005813940893858671,0.0029069671873003244,0.0029069671873003244,-0.0030930328126996757,close,0,0,30,2024-10-01
2024-10-15,1225,103.5,0.462891378663762,0,-0.004830917809158564,-0.004830917809158564,-0.07439610362052917,-0.06376810371875763,-0.02,-0.026000000000000002,stop_loss,0,1,30,2024-10-01
2024-10-15,1227,36.42094802856445,0.462891378663762,0,-0.0013140521477907896,-0.0013140521477907896,-0.017082737758755684,-0.017082737758755684,-0.017082737758755684,-0.023082737758755682,close,0,0,30,2024-10-01
2024-10-15,1229,56.37098693847656,0.462891378663762,1,1.390822390590074e-08,0.001642043818719685,-0.006568171549588442,0.001642043818719685,0.001642043818719685,-0.004357956181280315,close,0,0,30,2024-10-01
2024-10-15,1231,100.61952209472656,0.462891378663762,1,-1.7099145210863753e-08,0.008928527124226093,-0.004464364144951105,0.008928527124226093,0.008928527124226093,0.002928527124226093,close,0,0,30,2024-10-01
2024-10-15,1301,47.672828674316406,0.462891378663762,0,-0.007238898426294327,0.0020682525355368853,-0.01551193930208683,-0.008273009210824966,-0.008273009210824966,-0.014273009210824967,close,0,0,30,2024-10-01
2024-10-15,1303,41.648155212402344,0.462891378663762,0,-0.01758500374853611,-0.0023447296116501093,-0.01875740848481655,-0.009378708899021149,-0.009378708899021149,-0.015378708899021149,close,0,0,30,2024-10-01
2024-10-15,1304,14.133333206176758,0.462891378663762,0,7.584516126257768e-09,0.01041671447455883,-0.013888868503272533,-0.0034721617121249437,-0.0034721617121249437,-0.009472161712124944,close,0,0,30,2024-10-01
2024-10-15,1305,15.990517616271973,0.462891378663762,1,3.160643302635435e-08,0.033950600773096085,-0.009259321726858616,0.033950600773096085,0.03,0.024,take_profit,1,0,30,2024-10-01
2024-10-16,1101,30.920557022094727,0.472474303891312,1,0.0015551374526694417,0.013996744528412819,0.0015551374526694417,0.010886372067034245,0.010886372067034245,0.004886372067034244,close,0,0,30,2024-10-01
2024-10-16,1102,43.186500549316406,0.472474303891312,1,0.006564559414982796,0.028446396812796593,0.004376409109681845,0.028446396812796593,0.028446396812796593,0.022446396812796594,close,0,0,30,2024-10-01
2024-10-16,1103,16.841691970825195,0.472474303891312,1,-0.0028570708818733692,0.008571435697376728,-0.0028570708818733692,0.005714336410164833,0.005714336410164833,-0.00028566358983516706,close,0,0,30,2024-10-01
2024-10-16,1104,29.78819465637207,0.472474303891312,0,-0.01582280360162258,-0.01582280360162258,-0.02848101779818535,-0.02373419515788555,-0.02,-0.026000000000000002,stop_loss,0,1,30,2024-10-01
2024-10-16,1110,21.893049240112305,0.472474303891312,0,-0.0067416029050946236,0.017977463081479073,-0.01123600173741579,-0.0022472040727734566,-0.0022472040727734566,-0.008247204072773457,close,0,0,30,2024-10-01
2024-10-16,1201,17.485937118530273,0.472474303891312,1,-6.452150813629487e-08,0.008310269564390182,-6.452150813629487e-08,0.005540122743695974,0.005540122743695974,-0.0004598772563040258,close,0,0,30,2024-10-01
2024-10-16,1210,48.16224670410156,0.472474303891312,1,0.009901042096316814,0.01980203203856945,0.003960462287068367,0.013861453160643578,0.013861453160643578,0.007861453160643577,close,0,0,30,2024-10-01
2024-10-16,1215,97.45796966552734,0.472474303891312,0,-0.02955665811896324,-0.019704442471265793,-0.04334977641701698,-0.02758624590933323,-0.02955665811896324,-0.03555665811896324,gap_stop,0,1,30,2024-10-01
2024-10-16,1216,85.09686279296875,0.472474303891312,1,0.004529905039817095,0.016987504437565804,-0.0033975797705352306,0.015854932367801666,0.015854932367801666,0.009854932367801666,close,0,0,30,2024-10-01
2024-10-16,1217,11.620512008666992,0.472474303891312,0,0.0,0.008333365432918072,-0.004166682716459036,0.0,0.0,-0.006,close,0,0,30,2024-10-01
2024-10-16,1218,18.94041633605957,0.472474303891312,1,0.0024752176832407713,0.017326664179563522,0.0024752176832407713,0.012376245111227036,0.012376245111227036,0.006376245111227035,close,0,0,30,2024-10-01
2024-10-16,1219,16.682565689086914,0.472474303891312,0,-0.00289850658737123,0.0,-0.005797123536467552,0.0,0.0,-0.006,close,0,0,30,2024-10-01
2024-10-16,1225,96.9000015258789,0.472474303891312,1,0.0,0.029927775263786316,-0.008255965076386929,0.024767817929387093,0.024767817929387093,0.018767817929387094,close,0,0,30,2024-10-01
2024-10-16,1227,35.79877853393555,0.472474303891312,1,0.004010596312582493,0.01871645636856556,0.0026737183798104525,0.013368945568799973,0.013368945568799973,0.007368945568799972,close,0,0,30,2024-10-01
2024-10-16,1229,56.46355056762695,0.472474303891312,0,-0.0049180020578205585,1.2097990165216288e-08,-0.00983608141541481,-0.006557340268045664,-0.006557340268045664,-0.012557340268045664,close,0,0,30,2024-10-01
2024-10-16,1231,101.51790618896484,0.472474303891312,0,4.625517746603691e-08,4.625517746603691e-08,-0.017699090763926506,-0.004424719139933586,-0.004424719139933586,-0.010424719139933586,close,0,0,30,2024-10-01
2024-10-16,1301,47.2784309387207,0.472474303891312,1,0.001042750896885991,0.026068836450576782,1.3891713557256935e-08,0.009384805336594582,0.009384805336594582,0.0033848053365945815,close,0,0,30,2024-10-01
2024-10-16,1303,41.25754928588867,0.472474303891312,1,-0.004733696114271879,0.03313618153333664,-0.004733696114271879,0.015384702011942863,0.03,0.024,take_profit,1,0,30,2024-10-01
2024-10-16,1304,14.084259986877441,0.472474303891312,1,0.003484227228909731,0.038327429443597794,-3.9817535935071646e-08,0.02090582810342312,0.03,0.024,take_profit,1,0,30,2024-10-01
2024-10-16,1305,16.533405303955078,0.472474303891312,0,-0.014925369992852211,0.005970174912363291,-0.017910398542881012,-0.0029850259888917208,-0.0029850259888917208,-0.008985025988891721,close,0,0,30,2024-10-01
2024-10-17,1101,31.257169723510742,0.46238824456452277,1,0.00307689537294209,0.007692326791584492,-0.009230726398527622,0.007692326791584492,0.007692326791584492,0.0016923267915844916,close,0,0,30,2024-10-01
2024-10-17,1102,44.415000915527344,0.46238824456452277,1,-0.0021276501938700676,0.012765901163220406,-0.007446798961609602,0.012765901163220406,0.012765901163220406,0.0067659011632204055,close,0,0,30,2024-10-01
2024-10-17,1103,16.937931060791016,0.46238824456452277,1,0.008522645570337772,0.01704535074532032,0.005681780166924,0.011363510973751545,0.011363510973751545,0.005363510973751545,close,0,0,30,2024-10-01
2024-10-17,1104,29.081195831298828,0.46238824456452277,0,5.937020119972658e-08,0.00324156298302114,-0.006482947617769241,-0.006482947617769241,-0.006482947617769241,-0.012482947617769241,close,0,0,30,2024-10-01
2024-10-17,1110,21.84385108947754,0.46238824456452277,1,0.004504483193159103,0.013513526879251003,-0.006756777875125408,0.0022522653453052044,0.0022522653453052044,-0.0037477346546947957,close,0,0,30,2024-10-01
2024-10-17,1201,17.58281135559082,0.46238824456452277,0,8.826012987128706e-08,8.826012987128706e-08,-0.005509575363248587,-0.002754691056907177,-0.002754691056907177,-0.008754691056907177,close,0,0,30,2024-10-01
2024-10-17,1210,48.8298454284668,0.46238824456452277,1,0.003906229743734002,0.007812419906258583,-0.0019532046280801296,0.005859324708580971,0.005859324708580971,-0.00014067529141902936,close,0,0,30,2024-10-01
2024-10-17,1215,94.76947021484375,0.46238824456452277,0,9.77964198511927e-09,0.006079099141061306,-0.0030394576024264097,-0.0030394576024264097,-0.0030394576024264097,-0.00903945760242641,close,0,0,30,2024-10-01
2024-10-17,1216,86.4460678100586,0.46238824456452277,0,0.0033445158042013645,0.0078038414940238,-0.004459240939468145,0.0,0.0,-0.006,close,0,0,30,2024-10-01
2024-10-17,1217,11.620512008666992,0.46238824456452277,0,8.120356653762428e-08,0.004166764207184315,-0.004166601691395044,-0.004166601691395044,-0.004166601691395044,-0.010166601691395044,close,0,0,30,2024-10-01
2024-10-17,1218,19.174827575683594,0.46238824456452277,0,3.4552414263089304e-08,0.0024449850898236036,-0.007335003465414047,-0.0024450090713799,-0.0024450090713799,-0.0084450090713799,close,0,0,30,2024-10-01
2024-10-17,1219,16.682565689086914,0.46238824456452277,0,-0.00289850658737123,0.0,-0.005797123536467552,0.0,0.0,-0.006,close,0,0,30,2024-10-01
2024-10-17,1225,99.30000305175781,0.46238824456452277,1,0.0010070339776575565,0.05740178003907204,0.0010070339776575565,0.0070493146777153015,0.03,0.024,take_profit,1,0,30,2024-10-01
2024-10-17,1227,36.27737045288086,0.46238824456452277,1,0.001319273840636015,0.007915579713881016,-0.005277032032608986,0.0026385148521512747,0.0026385148521512747,-0.0033614851478487254,close,0,0,30,2024-10-01
2024-10-17,1229,56.093299865722656,0.46238824456452277,1,0.0049504381604492664,0.014851389452815056,-3.787529934129452e-08,0.01155107282102108,0.01155107282102108,0.00555107282102108,close,0,0,30,2024-10-01
2024-10-17,1231,101.06871795654297,0.46238824456452277,0,0.00444443104788661,0.00444443104788661,-0.00444443104788661,0.0,0.0,-0.006,close,0,0,30,2024-10-01
2024-10-17,1301,47.722129821777344,0.46238824456452277,0,0.007231349125504494,0.013429679907858372,-0.006198433693498373,-0.004132270812988281,-0.004132270812988281,-0.010132270812988281,close,0,0,30,2024-10-01
2024-10-17,1303,41.89228439331055,0.46238824456452277,1,0.008158399723470211,0.016316870227456093,-0.003496611025184393,0.008158399723470211,0.008158399723470211,0.002158399723470211,close,0,0,30,2024-10-01
2024-10-17,1304,14.378703117370605,0.46238824456452277,0,7.344259866925995e-09,0.006825972348451614,-0.010238874703645706,-0.0034129100386053324,-0.0034129100386053324,-0.009412910038605332,close,0,0,30,2024-10-01
2024-10-17,1305,16.484052658081055,0.46238824456452277,0,-0.00299407122656703,9.219217389500045e-09,-0.014970050193369389,-0.011976083740592003,-0.011976083740592003,-0.017976083740592,close,0,0,30,2024-10-01
2024-10-18,1101,31.497610092163086,0.46238824456452277,0,0.004580188076943159,0.004580188076943159,-0.013740492053329945,-0.013740492053329945,-0.013740492053329945,-0.019740492053329943,close,0,0,30,2024-10-01
2024-10-18,1102,44.981998443603516,0.46238824456452277,0,0.004201720003038645,0.004201720003038645,-0.025209998711943626,-0.012604987248778343,-0.02,-0.026000000000000002,stop_loss,0,1,30,2024-10-01
2024-10-18,1103,17.13040542602539,0.46238824456452277,0,0.011235998012125492,0.011235998012125492,-0.005617891903966665,0.0,0.0,-0.006,close,0,0,30,2024-10-01
2024-10-18,1104,28.892663955688477,0.46238824456452277,0,0.011419262737035751,0.011419262737035751,-0.0016312961233779788,-0.0016312961233779788,-0.0016312961233779788,-0.007631296123377979,close,0,0,30,2024-10-01
2024-10-18,1110,21.893049240112305,0.46238824456452277,1,0.00224711699411273,0.0089887585490942,-0.006741595454514027,0.00224711699411273,0.00224711699411273,-0.00375288300588727,close,0,0,30,2024-10-01
2024-10-18,1201,17.53437614440918,0.46238824456452277,0,-4.419093002638874e-08,-4.419093002638874e-08,-0.005524926818907261,-0.005524926818907261,-0.005524926818907261,-0.011524926818907261,close,0,0,30,2024-10-01
2024-10-18,1210,49.1159553527832,0.46238824456452277,0,0.001941717928275466,0.0058252280578017235,-0.003883509896695614,0.0,0.0,-0.006,close,0,0,30,2024-10-01
2024-10-18,1215,94.4814224243164,0.46238824456452277,1,0.0010162413818761706,0.010162598453462124,-0.005081303883343935,0.0010162413818761706,0.0010162413818761706,-0.0049837586181238295,close,0,0,30,2024-10-01
2024-10-18,1216,86.4460678100586,0.46238824456452277,0,0.007803848013281822,0.007803848013281822,-0.015607506968080997,-0.0022296144161373377,-0.0022296144161373377,-0.008229614416137338,close,0,0,30,2024-10-01
2024-10-18,1217,11.572093963623047,0.46238824456452277,1,0.0041840351186692715,0.008368151262402534,-8.120355943219693e-08,0.0041840351186692715,0.0041840351186692715,-0.0018159648813307287,close,0,0,30,2024-10-01
2024-10-18,1218,19.127944946289062,0.46238824456452277,1,0.007352887652814388,0.007352887652814388,-0.0024509774520993233,0.002451001899316907,0.002451001899316907,-0.003548998100683093,close,0,0,30,2024-10-01
2024-10-18,1219,16.682565689086914,0.46238824456452277,0,0.005797123536467552,0.005797123536467552,-0.005797123536467552,0.0,0.0,-0.006,close,0,0,30,2024-10-01
2024-10-18,1225,100.0,0.46238824456452277,1,0.07000000029802322,0.10000000149011612,0.004999999888241291,0.06499999761581421,0.03,0.024,gap_take_profit,1,0,30,2024-10-01
2024-10-18,1227,36.37308883666992,0.46238824456452277,0,0.009210431948304176,0.009210431948304176,-0.005263231229037046,-0.0039474619552493095,-0.0039474619552493095,-0.00994746195524931,close,0,0,30,2024-10-01
2024-10-18,1229,56.74123764038086,0.46238824456452277,0,0.011419272050261497,0.011419272050261497,-0.0016313152154907584,0.0,0.0,-0.006,close,0,0,30,2024-10-01
2024-10-18,1231,101.06871795654297,0.46238824456452277,0,0.00888886209577322,0.00888886209577322,-0.00444443104788661,0.0,0.0,-0.006,close,0,0,30,2024-10-01
2024-10-18,1301,47.52492904663086,0.46238824456452277,0,0.008298761211335659,0.009336168877780437,-0.01867217756807804,-0.01867217756807804,-0.01867217756807804,-0.02467217756807804,close,0,0,30,2024-10-01
2024-10-18,1303,42.23405838012695,0.46238824456452277,0,0.01271675806492567,0.01734105311334133,-0.033526018261909485,-0.03236996755003929,-0.02,-0.026000000000000002,stop_loss,0,1,30,2024-10-01
2024-10-18,1304,14.329629898071289,0.46238824456452277,0,-0.0034246519207954407,0.0034246237482875586,-0.01369866356253624,-0.010273993015289307,-0.010273993015289307,-0.016273993015289305,close,0,0,30,2024-10-01
2024-10-18,1305,16.286638259887695,0.46238824456452277,0,-0.012121292762458324,-0.012121292762458324,-0.030303064733743668,-0.030303064733743668,-0.02,-0.026000000000000002,stop_loss,0,1,30,2024-10-01
2024-10-21,1101,31.064817428588867,0.46665001734247985,0,-0.00309588760137558,-0.001547923544421792,-0.009287862107157707,-0.004643851891160011,-0.004643851891160011,-0.010643851891160011,close,0,0,30,2024-10-01
2024-10-21,1102,44.415000915527344,0.46665001734247985,0,-0.00425532553344965,9.909542519892511e-09,-0.011702101677656174,-0.0010638036765158176,-0.0010638036765158176,-0.007063803676515818,close,0,0,30,2024-10-01
2024-10-21,1103,17.13040542602539,0.46665001734247985,0,-2.4318223879049583e-08,-2.4318223879049583e-08,-0.008426968939602375,-0.005617916118353605,-0.005617916118353605,-0.011617916118353605,close,0,0,30,2024-10-01
2024-10-21,1104,28.845531463623047,0.46665001734247985,1,0.00490188505500555,0.00490188505500555,-6.278494169009718e-08,0.0032679233700037003,0.0032679233700037003,-0.0027320766299963,close,0,0,30,2024-10-01
2024-10-21,1110,21.942245483398438,0.46665001734247985,0,-2.6705297528906158e-08,-2.6705297528906158e-08,-0.015695026144385338,-0.013452907092869282,-0.013452907092869282,-0.01945290709286928,close,0,0,30,2024-10-01
2024-10-21,1201,17.4375,0.46665001734247985,0,0.005555576644837856,0.005555576644837856,-0.0027777354698628187,0.0,0.0,-0.006,close,0,0,30,2024-10-01
2024-10-21,1210,49.1159553527832,0.46665001734247985,0,0.0,0.001941717928275466,-0.0058252280578017235,0.0,0.0,-0.006,close,0,0,30,2024-10-01
2024-10-21,1215,94.57743835449219,0.46665001734247985,0,-0.0040609873831272125,-0.003045774297788739,-0.012182767502963543,-0.009137129411101341,-0.009137129411101341,-0.015137129411101341,close,0,0,30,2024-10-01
2024-10-21,1216,86.25332641601562,0.46665001734247985,0,-0.006703919731080532,-0.002234628889709711,-0.015642501413822174,-0.0078212209045887,-0.0078212209045887,-0.0138212209045887,close,0,0,30,2024-10-01
2024-10-21,1217,11.620512008666992,0.46665001734247985,0,8.120356653762428e-08,8.120356653762428e-08,-0.00833328440785408,-0.004166601691395044,-0.004166601691395044,-0.010166601691395044,close,0,0,30,2024-10-01
2024-10-21,1218,19.174827575683594,0.46665001734247985,0,0.0024449850898236036,0.0024449850898236036,-0.00977995339781046,-0.0024450090713799,-0.0024450090713799,-0.0084450090713799,close,0,0,30,2024-10-01
2024-10-21,1219,16.682565689086914,0.46665001734247985,0,-0.00289850658737123,0.0,-0.008695630356669426,0.0,0.0,-0.006,close,0,0,30,2024-10-01
2024-10-21,1225,106.5,0.46665001734247985,0,0.004694835748523474,0.03286384791135788,-0.061032865196466446,-0.04694835841655731,-0.02,-0.026000000000000002,ambiguous_stop_loss,1,1,30,2024-10-01
2024-10-21,1227,36.22950744628906,0.46665001734247985,0,5.6052851249432933e-08,0.0013211407931521535,-0.006604964379221201,-0.003962895832955837,-0.003962895832955837,-0.009962895832955837,close,0,0,30,2024-10-01
2024-10-21,1229,56.74123764038086,0.46665001734247985,0,0.003262642305344343,0.003262642305344343,-0.006525248754769564,-0.006525248754769564,-0.006525248754769564,-0.012525248754769564,close,0,0,30,2024-10-01
2024-10-21,1231,101.06871795654297,0.46665001734247985,0,0.004444370977580547,0.004444370977580547,-0.00888899527490139,-0.00888899527490139,-0.00888899527490139,-0.01488899527490139,close,0,0,30,2024-10-01
2024-10-21,1301,46.637535095214844,0.46665001734247985,0,0.0042283558286726475,0.0042283558286726475,-0.019027426838874817,-0.012684947811067104,-0.012684947811067104,-0.018684947811067103,close,0,0,30,2024-10-01
2024-10-21,1303,40.866943359375,0.46665001734247985,0,-0.008363153785467148,-0.007168429438024759,-0.021505311131477356,-0.011947420425713062,-0.02,-0.026000000000000002,stop_loss,0,1,30,2024-10-01
2024-10-21,1304,14.18240737915039,0.46665001734247985,0,2.025054257615011e-08,2.025054257615011e-08,-0.01730101928114891,-0.010380576364696026,-0.010380576364696026,-0.016380576364696024,close,0,0,30,2024-10-01
2024-10-21,1305,15.793103218078613,0.46665001734247985,0,2.304191948354628e-09,2.304191948354628e-09,-0.012499986216425896,-0.0031250095926225185,-0.0031250095926225185,-0.009125009592622519,close,0,0,30,2024-10-01
2024-10-22,1101,30.920557022094727,0.4664749871097017,1,-3.408659310366602e-08,0.00155515200458467,-0.004665710963308811,0.00155515200458467,0.00155515200458467,-0.00444484799541533,close,0,0,30,2024-10-01
2024-10-22,1102,44.36775207519531,0.4664749871097017,0,-0.0031949784606695175,-0.0031949784606695175,-0.01703944429755211,-0.013844604603946209,-0.013844604603946209,-0.019844604603946207,close,0,0,30,2024-10-01
2024-10-22,1103,17.034168243408203,0.4664749871097017,0,-0.0056496718898415565,6.743575653445077e-08,-0.011299410834908485,-0.008474594913423061,-0.008474594913423061,-0.014474594913423061,close,0,0,30,2024-10-01
2024-10-22,1104,28.939796447753906,0.4664749871097017,0,-0.0032572823110967875,0.0032573386561125517,-0.004885984119027853,-0.004885984119027853,-0.004885984119027853,-0.010885984119027853,close,0,0,30,2024-10-01
2024-10-22,1110,21.647058486938477,0.4664749871097017,0,0.004545512143522501,0.004545512143522501,-0.006818124558776617,-0.0022726524621248245,-0.0022726524621248245,-0.008272652462124825,close,0,0,30,2024-10-01
2024-10-22,1201,17.4375,0.4664749871097017,0,-2.0566252700859877e-08,0.005555556155741215,-0.005555597133934498,-0.0027777559589594603,-0.0027777559589594603,-0.00877775595895946,close,0,0,30,2024-10-01
2024-10-22,1210,49.1159553527832,0.4664749871097017,0,-8.157924114016168e-09,0.001941709779202938,-0.011650463566184044,-0.011650463566184044,-0.011650463566184044,-0.017650463566184042,close,0,0,30,2024-10-01
2024-10-22,1215,93.71327209472656,0.4664749871097017,0,-0.0030737074557691813,0.007172194309532642,-0.006147509440779686,-0.006147509440779686,-0.006147509440779686,-0.012147509440779686,close,0,0,30,2024-10-01
2024-10-22,1216,85.57872009277344,0.4664749871097017,0,0.006756799761205912,0.006756799761205912,-0.01013509277254343,-0.007882874459028244,-0.007882874459028244,-0.013882874459028244,close,0,0,30,2024-10-01
2024-10-22,1217,11.572093963623047,0.4664749871097017,0,-8.718826771669796e-10,0.008368232287466526,-0.004184117540717125,-0.004184117540717125,-0.004184117540717125,-0.010184117540717125,close,0,0,30,2024-10-01
2024-10-22,1218,19.127944946289062,0.4664749871097017,0,0.0024510121438652277,0.0024510121438652277,-0.009803889319300652,-0.004902003798633814,-0.004902003798633814,-0.010902003798633814,close,0,0,30,2024-10-01
2024-10-22,1219,16.682565689086914,0.4664749871097017,0,-0.0028984651435166597,4.1576218023919864e-08,-0.008695588447153568,-0.005797082092612982,-0.005797082092612982,-0.011797082092612982,close,0,0,30,2024-10-01
2024-10-22,1225,101.5,0.4664749871097017,0,0.0,0.02463054098188877,-0.015763532370328903,-0.014778325334191322,-0.014778325334191322,-0.02077832533419132,close,0,0,30,2024-10-01
2024-10-22,1227,36.085933685302734,0.4664749871097017,0,-0.0026526511646807194,-7.081569464162385e-08,-0.006631370168179274,-0.005305130500346422,-0.005305130500346422,-0.011305130500346422,close,0,0,30,2024-10-01
2024-10-22,1229,56.37098693847656,0.4664749871097017,0,-0.0032840496860444546,1.0112821691166118e-08,-0.00656817527487874,-0.00656817527487874,-0.00656817527487874,-0.01256817527487874,close,0,0,30,2024-10-01
2024-10-22,1231,100.17031860351562,0.4664749871097017,1,3.031416895282746e-08,0.008968688547611237,3.031416895282746e-08,0.004484397359192371,0.004484397359192371,-0.0015156026408076288,close,0,0,30,2024-10-01
2024-10-22,1301,46.04594039916992,0.4664749871097017,0,0.0010705855675041676,0.009635928086936474,-0.010706699453294277,-0.010706699453294277,-0.010706699453294277,-0.016706699453294276,close,0,0,30,2024-10-01
2024-10-22,1303,40.37868881225586,0.4664749871097017,0,-0.00241835112683475,0.0024184267967939377,-0.013301078230142593,-0.009673471562564373,-0.009673471562564373,-0.01567347156256437,close,0,0,30,2024-10-01
2024-10-22,1304,14.035185813903809,0.4664749871097017,0,6.4240115449365476e-09,0.013986007310450077,-0.006993027403950691,-0.0034965104423463345,-0.0034965104423463345,-0.009496510442346335,close,0,0,30,2024-10-01
2024-10-22,1305,15.743749618530273,0.4664749871097017,0,0.0,0.012539173476397991,0.0,0.0,0.0,-0.006,close,0,0,30,2024-10-01
2024-10-23,1101,30.968643188476562,0.469725386829862,0,-0.0031056527514010668,8.296352937975371e-09,-0.007763966917991638,-0.006211195606738329,-0.006211195606738329,-0.012211195606738329,close,0,0,30,2024-10-01
2024-10-23,1102,43.75349807739258,0.469725386829862,1,-0.005399581044912338,0.017278587445616722,-0.009719251655042171,0.011879020370543003,0.011879020370543003,0.005879020370543003,close,0,0,30,2024-10-01
2024-10-23,1103,16.88981056213379,0.469725386829862,0,-0.005697919055819511,0.04558411240577698,-0.008546987548470497,0.0,0.03,0.024,take_profit,1,0,30,2024-10-01
2024-10-23,1104,28.798397064208984,0.469725386829862,0,-0.0016366387717425823,0.003273332491517067,-0.006546610035002232,-0.006546610035002232,-0.006546610035002232,-0.012546610035002232,close,0,0,30,2024-10-01
2024-10-23,1110,21.597862243652344,0.469725386829862,1,-0.004555847030133009,0.01138949953019619,-0.011389542371034622,0.01138949953019619,0.01138949953019619,0.00538949953019619,close,0,0,30,2024-10-01
2024-10-23,1201,17.389062881469727,0.469725386829862,1,2.0566252700859877e-08,0.0027854933869093657,-0.002785558346658945,0.0027854933869093657,0.0027854933869093657,-0.0032145066130906345,close,0,0,30,2024-10-01
2024-10-23,1210,48.543731689453125,0.469725386829862,0,0.0,0.005893894471228123,-0.003929288126528263,0.0,0.0,-0.006,close,0,0,30,2024-10-01
2024-10-23,1215,93.13716888427734,0.469725386829862,0,0.0,0.007216463331133127,0.0,0.0,0.0,-0.006,close,0,0,30,2024-10-01
2024-10-23,1216,84.90411376953125,0.469725386829862,1,0.0011350607965141535,0.0192963108420372,0.0011350607965141535,0.0192963108420372,0.0192963108420372,0.0132963108420372,close,0,0,30,2024-10-01
2024-10-23,1217,11.523674964904785,0.469725386829862,0,0.0,0.008403393439948559,0.0,0.0,0.0,-0.006,close,0,0,30,2024-10-01
2024-10-23,1218,19.0341796875,0.469725386829862,0,1.6656770185363712e-08,1.6656770185363712e-08,-0.007389127742499113,-0.007389127742499113,-0.007389127742499113,-0.013389127742499113,close,0,0,30,2024-10-01
2024-10-23,1219,16.58585548400879,0.469725386829862,0,-0.005830960813909769,-3.479996735222812e-08,-0.005830960813909769,-0.0029154422227293253,-0.0029154422227293253,-0.008915442222729325,close,0,0,30,2024-10-01
2024-10-23,1225,100.0,0.469725386829862,0,0.004999999888241291,0.004999999888241291,-0.02699996903538704,-0.02500000037252903,-0.02,-0.026000000000000002,stop_loss,0,1,30,2024-10-01
2024-10-23,1227,35.894493103027344,0.469725386829862,1,-0.001333298278041184,0.009333307854831219,-0.002666611224412918,0.009333307854831219,0.009333307854831219,0.0033333078548312186,close,0,0,30,2024-10-01
2024-10-23,1229,56.000732421875,0.469725386829862,0,0.0049587516114115715,0.0049587516114115715,-0.008264405652880669,-0.004958632867783308,-0.004958632867783308,-0.010958632867783308,close,0,0,30,2024-10-01
2024-10-23,1231,100.61952209472656,0.469725386829862,0,-0.004464346915483475,0.0,-0.004464346915483475,0.0,0.0,-0.006,close,0,0,30,2024-10-01
2024-10-23,1301,45.552940368652344,0.469725386829862,0,0.002164469100534916,0.014069214463233948,-0.00865804124623537,0.0,0.0,-0.006,close,0,0,30,2024-10-01
2024-10-23,1303,39.98808670043945,0.469725386829862,1,-0.007325989194214344,0.015872959047555923,-0.013430994935333729,0.010989028960466385,0.010989028960466385,0.004989028960466385,close,0,0,30,2024-10-01
2024-10-23,1304,13.986111640930176,0.469725386829862,0,0.0,0.010526289232075214,-0.010526289232075214,0.0,0.0,-0.006,close,0,0,30,2024-10-01
2024-10-23,1305,15.743749618530273,0.469725386829862,0,2.3186836894950602e-09,0.003134810598567128,-0.006269554141908884,-0.003134805941954255,-0.003134805941954255,-0.009134805941954255,close,0,0,30,2024-10-01
2024-10-24,1101,30.776290893554688,0.45767942110868076,1,0.0015625038649886847,0.0031249800231307745,-0.0015624485677108169,0.0015625038649886847,0.0015625038649886847,-0.0044374961350113155,close,0,0,30,2024-10-01
2024-10-24,1102,44.27324676513672,0.45767942110868076,0,1.9773160886416008e-08,0.008537939749658108,-0.004268858581781387,-0.00213441951200366,-0.00213441951200366,-0.00813441951200366,close,0,0,30,2024-10-01
2024-10-24,1103,16.88981056213379,0.45767942110868076,1,0.0028489839751273394,0.005697943270206451,-0.0056980024091899395,0.005697943270206451,0.005697943270206451,-0.0003020567297935487,close,0,0,30,2024-10-01
2024-10-24,1104,28.609865188598633,0.45767942110868076,0,0.0,0.004942326806485653,-0.0032949054148048162,0.0,0.0,-0.006,close,0,0,30,2024-10-01
2024-10-24,1110,21.84385108947754,0.45767942110868076,0,-2.835529500089251e-08,-2.835529500089251e-08,-0.02252255007624626,-0.013513593003153801,-0.02,-0.026000000000000002,stop_loss,0,1,30,2024-10-01
2024-10-24,1201,17.4375,0.45767942110868076,0,0.0,0.0027777354698628187,-0.0027777354698628187,0.0,0.0,-0.006,close,0,0,30,2024-10-01
2024-10-24,1210,48.543731689453125,0.45767942110868076,0,0.0,0.0039292131550610065,-0.003929288126528263,0.0,0.0,-0.006,close,0,0,30,2024-10-01
2024-10-24,1215,93.13716888427734,0.45767942110868076,0,6.554212284015648e-09,0.001030918676406145,-0.0020618175622075796,-0.0020618175622075796,-0.0020618175622075796,-0.00806181756220758,close,0,0,30,2024-10-01
2024-10-24,1216,86.54244995117188,0.45767942110868076,0,-2.284611788638813e-08,-2.284611788638813e-08,-0.01002231054008007,-0.01002231054008007,-0.01002231054008007,-0.01602231054008007,close,0,0,30,2024-10-01
2024-10-24,1217,11.523674964904785,0.45767942110868076,0,0.004201696719974279,0.008403393439948559,0.0,0.0,0.0,-0.006,close,0,0,30,2024-10-01
2024-10-24,1218,18.89353370666504,0.45767942110868076,1,0.0074441744945943356,0.0074441744945943356,2.4440666379632603e-08,0.004962822888046503,0.004962822888046503,-0.001037177111953497,close,0,0,30,2024-10-01
2024-10-24,1219,16.537500381469727,0.45767942110868076,1,3.479996735222812e-08,0.005848010536283255,3.479996735222812e-08,0.0029239668510854244,0.0029239668510854244,-0.0030760331489145757,close,0,0,30,2024-10-01
2024-10-24,1225,97.5,0.45767942110868076,1,0.0,0.015384615398943424,0.0,0.0010256253881379962,0.0010256253881379962,-0.004974374611862004,close,0,0,30,2024-10-01
2024-10-24,1227,36.22950744628906,0.45767942110868076,0,-0.0013209444005042315,3.955243244035955e-08,-0.005283895879983902,-0.005283895879983902,-0.005283895879983902,-0.011283895879983902,close,0,0,30,2024-10-01
2024-10-24,1229,55.723045349121094,0.45767942110868076,0,0.00498336972668767,0.006644559558480978,-0.0033222464844584465,0.0,0.0,-0.006,close,0,0,30,2024-10-01
2024-10-24,1231,100.61952209472656,0.45767942110868076,0,-3.031416895282746e-08,-3.031416895282746e-08,-0.00446437718346715,-0.00446437718346715,-0.00446437718346715,-0.01046437718346715,close,0,0,30,2024-10-01
2024-10-24,1301,45.552940368652344,0.45767942110868076,1,0.002164507284760475,0.01731603965163231,0.002164507284760475,0.014069252647459507,0.014069252647459507,0.008069252647459507,close,0,0,30,2024-10-01
2024-10-24,1303,40.42751693725586,0.45767942110868076,0,-0.0012077942956238985,0.0036231419071555138,-0.007246441673487425,-0.0012077942956238985,-0.0012077942956238985,-0.007207794295623899,close,0,0,30,2024-10-01
2024-10-24,1304,13.986111640930176,0.45767942110868076,0,0.0035087852738797665,0.007017570547759533,-0.0035087852738797665,0.0,0.0,-0.006,close,0,0,30,2024-10-01
2024-10-24,1305,15.694396018981934,0.45767942110868076,0,0.0,0.006289332173764706,-0.003144606249406934,0.0,0.0,-0.006,close,0,0,30,2024-10-01
2024-10-25,1101,30.824378967285156,0.4602927345783562,1,-1.881793387781272e-09,0.003120194422081113,-0.004680177196860313,0.003120194422081113,0.003120194422081113,-0.0028798055779188873,close,0,0,30,2024-10-01
2024-10-25,1102,44.178749084472656,0.4602927345783562,0,-0.008556182496249676,0.005347593687474728,-0.011764689348638058,0.0,0.0,-0.006,close,0,0,30,2024-10-01
2024-10-25,1103,16.986047744750977,0.4602927345783562,1,0.0028329426422715187,0.0028329426422715187,-0.005665727891027927,0.0028329426422715187,0.0028329426422715187,-0.0031670573577284814,close,0,0,30,2024-10-01
2024-10-25,1104,28.609865188598633,0.4602927345783562,1,0.004942332394421101,0.013179564848542213,0.0016474269796162844,0.009884659200906754,0.009884659200906754,0.0038846592009067534,close,0,0,30,2024-10-01
2024-10-25,1110,21.548662185668945,0.4602927345783562,1,4.964405420082585e-08,0.0022832071408629417,-0.006849248427897692,0.0022832071408629417,0.0022832071408629417,-0.0037167928591370584,close,0,0,30,2024-10-01
2024-10-25,1201,17.4375,0.4602927345783562,1,0.0027777559589594603,0.0027777559589594603,2.0452313620467066e-08,0.0027777559589594603,0.0027777559589594603,-0.00322224404104054,close,0,0,30,2024-10-01
2024-10-25,1210,48.543731689453125,0.4602927345783562,1,3.249123192716752e-10,0.011787788942456245,3.249123192716752e-10,0.0039292131550610065,0.0039292131550610065,-0.0020707868449389936,close,0,0,30,2024-10-01
2024-10-25,1215,92.94513702392578,0.4602927345783562,0,3.3057168113970192e-09,0.004132171627134085,-0.0020661596208810806,-0.0020661596208810806,-0.0020661596208810806,-0.00806615962088108,close,0,0,30,2024-10-01
2024-10-25,1216,85.67509460449219,0.4602927345783562,1,0.007874004542827606,0.017997756600379944,0.0044994777999818325,0.010123774409294128,0.010123774409294128,0.004123774409294128,close,0,0,30,2024-10-01
2024-10-25,1217,11.523674964904785,0.4602927345783562,0,0.0,0.004201696719974279,-0.0042016166262328625,0.0,0.0,-0.006,close,0,0,30,2024-10-01
2024-10-25,1218,18.9872989654541,0.4602927345783562,0,-2.4440664603275764e-08,-2.4440664603275764e-08,-0.007407412864267826,-0.0049383146688342094,-0.0049383146688342094,-0.01093831466883421,close,0,0,30,2024-10-01
2024-10-25,1219,16.58585548400879,0.4602927345783562,1,-7.629471809877941e-08,0.0029154422227293253,-0.008746408857405186,0.0029154422227293253,0.0029154422227293253,-0.003084557777270675,close,0,0,30,2024-10-01
2024-10-25,1225,97.5999984741211,0.4602927345783562,0,0.0,0.013319703750312328,-0.04713113233447075,-0.0420081801712513,-0.02,-0.026000000000000002,stop_loss,0,1,30,2024-10-01
2024-10-25,1227,36.0380744934082,0.4602927345783562,1,-5.606151631809553e-08,0.0066400496289134026,-5.606151631809553e-08,0.003983946517109871,0.003983946517109871,-0.002016053482890129,close,0,0,30,2024-10-01
2024-10-25,1229,55.723045349121094,0.4602927345783562,0,0.0016611232422292233,0.0016611232422292233,-0.00498336972668767,0.0,0.0,-0.006,close,0,0,30,2024-10-01
2024-10-25,1231,100.17031860351562,0.4602927345783562,0,0.004484366625547409,0.008968657813966274,0.0,0.0,0.0,-0.006,close,0,0,30,2024-10-01
2024-10-25,1301,46.1938362121582,0.4602927345783562,1,0.0032017023768275976,0.043756697326898575,-0.0032016965560615063,0.036285996437072754,0.03,0.024,take_profit,1,0,30,2024-10-01
2024-10-25,1303,40.37868881225586,0.4602927345783562,1,-1.2164937501779605e-08,0.022974614053964615,-0.008464304730296135,0.022974614053964615,0.022974614053964615,0.016974614053964616,close,0,0,30,2024-10-01
2024-10-25,1304,13.986111640930176,0.4602927345783562,1,0.0035087584983557463,0.01754383184015751,-0.0070175970904529095,0.01403504703193903,0.01403504703193903,0.00803504703193903,close,0,0,30,2024-10-01
2024-10-25,1305,15.694396018981934,0.4602927345783562,1,-0.003144618356600404,0.018867984414100647,-0.009433950297534466,0.01572325825691223,0.01572325825691223,0.009723258256912231,close,0,0,30,2024-10-01
2024-10-28,1101,30.920557022094727,0.46689937360388245,0,-0.001555337104946375,-3.2313920428350684e-08,-0.012441758066415787,-0.001555337104946375,-0.001555337104946375,-0.007555337104946375,close,0,0,30,2024-10-01
2024-10-28,1102,44.178749084472656,0.46689937360388245,0,-0.005347568541765213,2.5054493590914717e-08,-0.01283416710793972,-0.003208563895896077,-0.003208563895896077,-0.009208563895896077,close,0,0,30,2024-10-01
2024-10-28,1103,17.034168243408203,0.46689937360388245,0,0.00282488320954144,0.00282488320954144,-0.01412422675639391,-0.008474594913423061,-0.008474594913423061,-0.014474594913423061,close,0,0,30,2024-10-01
2024-10-28,1104,28.892663955688477,0.46689937360388245,0,-0.004893960431218147,-0.003262663958594203,-0.014681863598525524,-0.013050567358732224,-0.013050567358732224,-0.019050567358732222,close,0,0,30,2024-10-01
2024-10-28,1110,21.597862243652344,0.46689937360388245,0,-0.006833801046013832,-1.883813816050406e-08,-0.018223322927951813,-0.009111670777201653,-0.009111670777201653,-0.015111670777201653,close,0,0,30,2024-10-01
2024-10-28,1201,17.485937118530273,0.46689937360388245,0,0.0027700813952833414,0.0027700813952833414,-0.008310292847454548,-0.008310292847454548,-0.008310292847454548,-0.014310292847454548,close,0,0,30,2024-10-01
2024-10-28,1210,48.73447036743164,0.46689937360388245,1,-0.001956874504685402,0.0019570349249988794,-0.005870784167200327,0.0019570349249988794,0.0019570349249988794,-0.004042965075001121,close,0,0,30,2024-10-01
2024-10-28,1215,92.75309753417969,0.46689937360388245,0,0.0,0.003105621784925461,-0.004140802659094334,0.0,0.0,-0.006,close,0,0,30,2024-10-01
2024-10-28,1216,86.54244995117188,0.46689937360388245,0,-0.006681610830128193,0.0011135396780446172,-0.014476676471531391,-0.007795179728418589,-0.007795179728418589,-0.013795179728418589,close,0,0,30,2024-10-01
2024-10-28,1217,11.523674964904785,0.46689937360388245,0,8.733747058897734e-10,0.004201697651296854,-0.008403312414884567,-0.008403312414884567,-0.008403312414884567,-0.014403312414884567,close,0,0,30,2024-10-01
2024-10-28,1218,18.89353370666504,0.46689937360388245,0,1.6906621880252715e-08,1.6906621880252715e-08,-0.012406931258738041,-0.007444133050739765,-0.007444133050739765,-0.013444133050739765,close,0,0,30,2024-10-01
2024-10-28,1219,16.63421058654785,0.46689937360388245,0,2.6856414869769196e-09,2.6856414869769196e-09,-0.008721016347408295,-0.008721016347408295,-0.008721016347408295,-0.014721016347408295,close,0,0,30,2024-10-01
2024-10-28,1225,93.5,0.46689937360388245,0,0.0,0.0,-0.03743315488100052,-0.03101605921983719,-0.02,-0.026000000000000002,stop_loss,0,1,30,2024-10-01
2024-10-28,1227,36.18164825439453,0.46689937360388245,0,0.003968312870711088,0.003968312870711088,-0.01058193203061819,-0.006613738369196653,-0.006613738369196653,-0.012613738369196653,close,0,0,30,2024-10-01
2024-10-28,1229,55.723045349121094,0.46689937360388245,0,-0.003322288626804948,-0.003322288626804948,-0.011627971194684505,-0.004983412101864815,-0.004983412101864815,-0.010983412101864815,close,0,0,30,2024-10-01
2024-10-28,1231,100.17031860351562,0.46689937360388245,1,0.004484397359192371,0.004484397359192371,-0.008968552574515343,0.004484397359192371,0.004484397359192371,-0.0015156026408076288,close,0,0,30,2024-10-01
2024-10-28,1301,47.870025634765625,0.46689937360388245,0,-0.0020596818067133427,0.002059798687696457,-0.028836185112595558,-0.017507674172520638,-0.02,-0.026000000000000002,stop_loss,0,1,30,2024-10-01
2024-10-28,1303,41.306373596191406,0.46689937360388245,0,-0.007092180196195841,-0.001182014588266611,-0.02364066243171692,-0.010638315230607986,-0.02,-0.026000000000000002,stop_loss,0,1,30,2024-10-01
2024-10-28,1304,14.18240737915039,0.46689937360388245,0,-2.9010353230773944e-08,0.0034601916559040546,-0.02422144263982773,-0.020761286839842796,-0.02,-0.026000000000000002,stop_loss,0,1,30,2024-10-01
2024-10-28,1305,15.941163063049316,0.46689937360388245,0,4.532314967775619e-09,4.532314967775619e-09,-0.021671786904335022,-0.006191969849169254,-0.02,-0.026000000000000002,stop_loss,0,1,30,2024-10-01
2024-10-29,1101,30.872465133666992,0.472474303891312,0,-2.12349622330521e-08,0.0015577062731608748,-0.004672847222536802,-0.004672847222536802,-0.004672847222536802,-0.010672847222536802,close,0,0,30,2024-10-01
2024-10-29,1102,44.0369987487793,0.472474303891312,1,-0.004291785415261984,0.007510773837566376,-0.0064377570524811745,0.001073021674528718,0.001073021674528718,-0.004926978325471282,close,0,0,30,2024-10-01
2024-10-29,1103,16.88981056213379,0.472474303891312,1,0.011396071873605251,0.011396071873605251,-0.0028489432297647,0.002849084557965398,0.002849084557965398,-0.0031509154420346023,close,0,0,30,2024-10-01
2024-10-29,1104,28.51559829711914,0.472474303891312,0,0.011570260860025883,0.011570260860025883,-0.0033057976979762316,0.0,0.0,-0.006,close,0,0,30,2024-10-01
2024-10-29,1110,21.40106964111328,0.472474303891312,0,0.004597759339958429,0.006896574981510639,-0.0022987748961895704,-0.0022987748961895704,-0.0022987748961895704,-0.00829877489618957,close,0,0,30,2024-10-01
2024-10-29,1201,17.34062385559082,0.472474303891312,0,0.011173226870596409,0.011173226870596409,-0.002793253632262349,0.0,0.0,-0.006,close,0,0,30,2024-10-01
2024-10-29,1210,48.8298454284668,0.472474303891312,0,0.003906264901161194,0.005859360098838806,-0.003906264901161194,0.0,0.0,-0.006,close,0,0,30,2024-10-01
2024-10-29,1215,92.75309753417969,0.472474303891312,1,0.0020704178605228662,0.010351943783462048,0.0020704178605228662,0.009316762909293175,0.009316762909293175,0.0033167629092931746,close,0,0,30,2024-10-01
2024-10-29,1216,85.86783599853516,0.472474303891312,1,0.008978694677352905,0.014590366743505001,0.004489339888095856,0.006733974441885948,0.006733974441885948,0.0007339744418859481,close,0,0,30,2024-10-01
2024-10-29,1217,11.426837921142578,0.472474303891312,0,0.004237303510308266,0.008474526926875114,-0.004237304907292128,-0.004237304907292128,-0.004237304907292128,-0.010237304907292128,close,0,0,30,2024-10-01
2024-10-29,1218,18.752887725830078,0.472474303891312,0,0.007499980740249157,0.007499980740249157,-0.0024999617598950863,0.0,0.0,-0.006,close,0,0,30,2024-10-01
2024-10-29,1219,16.48914337158203,0.472474303891312,1,0.00879781786352396,0.00879781786352396,0.002932692412286997,0.005865199491381645,0.005865199491381645,-0.00013480050861835492,close,0,0,30,2024-10-01
2024-10-29,1225,90.5999984741211,0.472474303891312,0,-0.0011037358781322837,0.008830055594444275,-0.02097131870687008,-0.007726235780864954,-0.02,-0.026000000000000002,stop_loss,0,1,30,2024-10-01
2024-10-29,1227,35.942352294921875,0.472474303891312,1,0.0013315753312781453,0.007989365607500076,3.767662448694864e-08,0.0026632146909832954,0.0026632146909832954,-0.0033367853090167047,close,0,0,30,2024-10-01
2024-10-29,1229,55.44535446166992,0.472474303891312,0,0.010016641579568386,0.010016641579568386,-0.006677852012217045,-0.0016694569494575262,-0.0016694569494575262,-0.007669456949457526,close,0,0,30,2024-10-01
2024-10-29,1231,100.61952209472656,0.472474303891312,1,2.915603047881632e-08,0.004464301280677319,-0.004464318044483662,0.004464301280677319,0.004464301280677319,-0.0015356987193226816,close,0,0,30,2024-10-01
2024-10-29,1301,47.03193283081055,0.472474303891312,0,0.004192920867353678,0.005241123028099537,-0.009433945640921593,-0.008385743945837021,-0.008385743945837021,-0.014385743945837021,close,0,0,30,2024-10-01
2024-10-29,1303,40.866943359375,0.472474303891312,0,0.0035842990037053823,0.011947465129196644,-0.013142123818397522,-0.0035841420758515596,-0.0035841420758515596,-0.00958414207585156,close,0,0,30,2024-10-01
2024-10-29,1304,13.887962341308594,0.472474303891312,0,0.007067185360938311,0.007067185360938311,-0.010600659996271133,-0.010600659996271133,-0.010600659996271133,-0.016600659996271132,close,0,0,30,2024-10-01
2024-10-29,1305,15.842455863952637,0.472474303891312,0,0.0031153361778706312,0.006230553612112999,-0.0031152174342423677,0.0,0.0,-0.006,close,0,0,30,2024-10-01
2024-10-30,1101,30.72820281982422,0.46867274046268625,1,-0.007824704982340336,0.007824746891856194,-0.007824704982340336,0.0046947854571044445,0.0046947854571044445,-0.0013052145428955556,close,0,0,30,2024-10-01
2024-10-30,1102,44.084251403808594,0.46867274046268625,0,-0.0010719032725319266,0.0010717683471739292,-0.017149072140455246,-0.007502754684537649,-0.007502754684537649,-0.01350275468453765,close,0,0,30,2024-10-01
2024-10-30,1103,16.937931060791016,0.46867274046268625,1,-0.005681923124939203,0.0056817554868757725,-0.011363762430846691,0.0056817554868757725,0.0056817554868757725,-0.00031824451312422765,close,0,0,30,2024-10-01
2024-10-30,1104,28.51559829711914,0.46867274046268625,1,-4.0960777880627575e-08,0.03471067547798157,-4.0960777880627575e-08,0.03140494227409363,0.03,0.024,take_profit,1,0,30,2024-10-01
2024-10-30,1110,21.35187339782715,0.46867274046268625,0,-6.808350860865175e-08,-6.808350860865175e-08,-0.016129115596413612,-0.011520803906023502,-0.011520803906023502,-0.0175208039060235,close,0,0,30,2024-10-01
2024-10-30,1201,17.34062385559082,0.46867274046268625,0,0.0,0.005586613435298204,-0.005586613435298204,0.0,0.0,-0.006,close,0,0,30,2024-10-01
2024-10-30,1210,48.8298454284668,0.46867274046268625,1,3.897336675606766e-09,0.007812459021806717,-0.00781252607703209,0.007812459021806717,0.007812459021806717,0.0018124590218067168,close,0,0,30,2024-10-01
2024-10-30,1215,93.61725616455078,0.46867274046268625,0,0.0010256319073960185,0.0071794623509049416,-0.00205124425701797,-0.00205124425701797,-0.00205124425701797,-0.00805124425701797,close,0,0,30,2024-10-01
2024-10-30,1216,86.4460678100586,0.46867274046268625,0,-0.04682272672653198,0.005574118811637163,-0.04682272672653198,-0.012263099662959576,-0.04682272672653198,-0.05282272672653198,gap_stop,0,1,30,2024-10-01
2024-10-30,1217,11.378418922424316,0.46867274046268625,1,9.632072917042933e-12,0.012765925377607346,-0.008510670624673367,0.012765925377607346,0.012765925377607346,0.0067659253776073455,close,0,0,30,2024-10-01
2024-10-30,1218,18.752887725830078,0.46867274046268625,1,-0.0024999373126775026,0.005000043660402298,-0.004999994765967131,0.005000043660402298,0.005000043660402298,-0.0009999563395977022,close,0,0,30,2024-10-01
2024-10-30,1219,16.58585548400879,0.46867274046268625,1,-0.005830967333167791,0.005830884445458651,-0.005830967333167791,0.005830884445458651,0.005830884445458651,-0.00016911555454134954,close,0,0,30,2024-10-01
2024-10-30,1225,89.9000015258789,0.46867274046268625,0,-0.04783095791935921,0.012235800735652447,-0.04783095791935921,-0.020022280514240265,-0.04783095791935921,-0.053830957919359206,gap_stop,0,1,30,2024-10-01
2024-10-30,1227,36.0380744934082,0.46867274046268625,1,-5.606151631809553e-08,0.003983946517109871,-0.006640161853283644,0.003983946517109871,0.003983946517109871,-0.002016053482890129,close,0,0,30,2024-10-01
2024-10-30,1229,55.35279083251953,0.46867274046268625,1,0.0016722945729270577,0.015050237998366356,-0.005016710609197617,0.015050237998366356,0.015050237998366356,0.009050237998366356,close,0,0,30,2024-10-01
2024-10-30,1231,101.06871795654297,0.46867274046268625,1,-0.004444452468305826,0.03111106902360916,-0.004444452468305826,0.03111106902360916,0.03,0.024,take_profit,1,0,30,2024-10-01
2024-10-30,1301,46.637535095214844,0.46867274046268625,0,-0.011627915315330029,-0.001057090819813311,-0.02431287243962288,-0.004228370264172554,-0.02,-0.026000000000000002,stop_loss,0,1,30,2024-10-01
2024-10-30,1303,40.7204704284668,0.46867274046268625,0,-0.0047961813397705555,0.002398044802248478,-0.020383747294545174,0.0,-0.02,-0.026000000000000002,stop_loss,0,1,30,2024-10-01
2024-10-30,1304,13.740740776062012,0.46867274046268625,1,-0.003571439767256379,0.0357142873108387,-0.014285698533058167,0.0357142873108387,0.03,0.024,take_profit,1,0,30,2024-10-01
2024-10-30,1305,15.842455863952637,0.46867274046268625,1,-0.009345721453428268,0.015576375648379326,-0.03115254081785679,0.012461158446967602,-0.02,-0.026000000000000002,stop_loss,0,1,30,2024-10-01
2024-11-01,1215,93.42522430419922,0.6782650818182817,0,0.0020554671064019203,0.0030832006596028805,0.0,0.0,0.0,-0.006,close,0,0,31,2024-11-01
2024-11-01,8464,452.221435546875,0.676228361779145,1,-0.00425982428714633,0.05537809059023857,-0.00425982428714633,0.04792335256934166,0.03,0.024,take_profit,1,0,31,2024-11-01
2024-11-01,1476,495.9485168457031,0.6757217371522499,1,0.0019341865554451942,0.023210780695080757,0.0019341865554451942,0.023210780695080757,0.023210780695080757,0.01721078069508076,close,0,0,31,2024-11-01
2024-11-01,2886,37.21186447143555,0.6733954017532369,1,0.0012936306884512305,0.01811116375029087,-1.0579356057860423e-08,0.01811116375029087,0.01811116375029087,0.01211116375029087,close,0,0,31,2024-11-01
2024-11-01,4971,72.69999694824219,0.6710784782464569,1,0.0013755998807027936,0.08940853178501129,-0.02338372729718685,0.04539206624031067,-0.02,-0.026000000000000002,ambiguous_stop_loss,1,1,31,2024-11-01
2024-11-01,6415,499.2449035644531,0.6688860892684121,1,0.00796813890337944,0.019920330494642258,-0.0019920202903449535,0.009960170835256577,0.009960170835256577,0.003960170835256576,close,0,0,31,2024-11-01
2024-11-01,7714,101.2883529663086,0.6661260353266764,0,-0.014150877483189106,-0.009433896280825138,-0.0330188050866127,-0.014150877483189106,-0.02,-0.026000000000000002,stop_loss,0,1,31,2024-11-01
2024-11-01,6130,26.049999237060547,0.6657835411337226,0,-0.023032572120428085,-0.011516286060214043,-0.0441458597779274,-0.023032572120428085,-0.023032572120428085,-0.029032572120428084,gap_stop,0,1,31,2024-11-01
2024-11-01,6994,123.19210815429688,0.6647245410825511,0,-0.004016051534563303,-0.004016051534563303,-0.03212850168347359,-0.024096373468637466,-0.02,-0.026000000000000002,stop_loss,0,1,31,2024-11-01
2024-11-01,8996,300.4145202636719,0.664235666685481,1,-9.354343966094802e-09,0.019672121852636337,-0.009836074896156788,0.014754088595509529,0.014754088595509529,0.008754088595509529,close,0,0,31,2024-11-01
2024-11-01,3550,22.450000762939453,0.6625067014472379,0,0.004454274661839008,0.020044492557644844,-0.015590216964483261,-0.015590216964483261,-0.015590216964483261,-0.02159021696448326,close,0,0,31,2024-11-01
2024-11-01,2236,117.5,0.6624217849514705,1,0.008510638028383255,0.008510638028383255,-0.021276595070958138,0.0042553190141916275,-0.02,-0.026000000000000002,stop_loss,0,1,31,2024-11-01
2024-11-01,1727,35.69572067260742,0.6618478193536014,0,-0.00413802545517683,0.015172339044511318,-0.027586258947849274,-0.00827589351683855,-0.02,-0.026000000000000002,stop_loss,0,1,31,2024-11-01
2024-11-01,3324,604.30615234375,0.661069181506459,0,-0.03752046450972557,-0.00978800468146801,-0.042414430528879166,-0.021207254379987717,-0.03752046450972557,-0.04352046450972557,gap_stop,0,1,31,2024-11-01
2024-11-01,1477,297.9696044921875,0.6596134230877129,1,0.001592374756000936,0.057324860244989395,0.001592374756000936,0.04777071997523308,0.03,0.024,take_profit,1,0,31,2024-11-01
2024-11-01,6438,193.85755920410156,0.6585129154701354,0,0.01256281416863203,0.055276382714509964,-0.01256281416863203,0.0,0.03,0.024,take_profit,1,0,31,2024-11-01
2024-11-01,6937,324.6844787597656,0.6584074353058508,0,0.00914631225168705,0.015243873931467533,-0.01371954008936882,-0.010670759715139866,-0.010670759715139866,-0.016670759715139864,close,0,0,31,2024-11-01
2024-11-01,6231,507.0924072265625,0.6583471554528832,0,0.005758131854236126,0.015355060808360577,-0.02495204098522663,-0.003838796867057681,-0.02,-0.026000000000000002,stop_loss,0,1,31,2024-11-01
2024-11-01,3004,82.36744689941406,0.6581399733683428,1,-3.0435227671432585e-08,0.009411769919097424,-0.003529478097334504,0.0070587750524282455,0.0070587750524282455,0.0010587750524282454,close,0,0,31,2024-11-01
2024-11-01,2062,33.20000076293945,0.6580556684861226,0,0.00903612095862627,0.00903612095862627,-0.00903612095862627,-0.004518118221312761,-0.004518118221312761,-0.010518118221312761,close,0,0,31,2024-11-01
2024-11-04,8047,22.25,0.5252165780274273,0,0.06966288387775421,0.07415728271007538,-0.06516857445240021,-0.035955023020505905,0.03,0.024,gap_take_profit,1,1,31,2024-11-01
2024-11-04,3490,37.77529525756836,0.5077871056889395,0,0.03656995669007301,0.06179063767194748,-0.02395961992442608,-0.011349279433488846,0.03,0.024,gap_take_profit,1,1,31,2024-11-01
2024-11-04,6768,135.1398162841797,0.5062077150501619,0,-0.013937203213572502,0.010453042574226856,-0.045296091586351395,-0.031358808279037476,-0.02,-0.026000000000000002,stop_loss,0,1,31,2024-11-01
2024-11-04,5315,20.729801177978516,0.5037636195588218,0,0.03603603318333626,0.06981981545686722,-0.03378375247120857,-0.027027012780308723,0.03,0.024,gap_take_profit,1,1,31,2024-11-01
2024-11-04,1736,168.54983520507812,0.49680471084528416,0,0.0028902245685458183,0.028901787474751472,-0.034682031720876694,-0.017340989783406258,-0.02,-0.026000000000000002,stop_loss,0,1,31,2024-11-01
2024-11-04,3228,272.0,0.4934743517853969,0,0.09191176295280457,0.09191176295280457,-0.02389705926179886,-0.016544118523597717,0.03,0.024,gap_take_profit,1,1,31,2024-11-01
2024-11-04,4903,51.20000076293945,0.4827282972015861,1,0.03710933029651642,0.09570308029651642,-0.003906264901161194,0.009765625,0.03,0.024,gap_take_profit,1,0,31,2024-11-01
2024-11-04,3049,12.149999618530273,0.4774200536673364,0,0.024691374972462654,0.03703710064291954,-0.024691296741366386,-0.012345648370683193,-0.02,-0.026000000000000002,ambiguous_stop_loss,1,1,31,2024-11-01
2024-11-04,4991,81.0,0.4771548420474706,1,0.03086419776082039,0.06419749557971954,-0.01728396862745285,0.03086419776082039,0.03,0.024,gap_take_profit,1,0,31,2024-11-01
2024-11-04,6530,80.36007690429688,0.47606689521983336,0,0.03743957355618477,0.04710135608911514,-0.016908248886466026,-0.006038665771484375,0.03,0.024,gap_take_profit,1,0,31,2024-11-01
2024-11-04,6640,721.3131103515625,0.47558062721453337,0,0.027027027681469917,0.0972972959280014,0.0,0.0,0.03,0.024,take_profit,1,0,31,2024-11-01
2024-11-04,3032,60.81692123413086,0.46617975731418687,1,0.0016051309648901224,0.017656493932008743,0.0016051309648901224,0.011235924437642097,0.011235924437642097,0.005235924437642097,close,0,0,31,2024-11-01
2024-11-04,2393,76.15898895263672,0.46556472006643157,0,1.9883415802723903e-08,0.008557439781725407,-0.02444985695183277,-0.01344748679548502,-0.02,-0.026000000000000002,stop_loss,0,1,31,2024-11-01
2024-11-04,6431,17.049999237060547,0.4608771834809015,1,0.0,0.02639300748705864,-0.002932506613433361,0.02639300748705864,0.02639300748705864,0.02039300748705864,close,0,0,31,2024-11-01
2024-11-04,3479,93.55215454101562,0.45930108387214946,1,0.007092268206179142,0.011144968681037426,-0.004052600357681513,0.0020264119375497103,0.0020264119375497103,-0.00397358806245029,close,0,0,31,2024-11-01
2024-11-04,8215,31.328210830688477,0.4531840806294145,1,-0.004658452235162258,0.021739132702350616,-0.006211223546415567,0.007763954810798168,0.007763954810798168,0.001763954810798168,close,0,0,31,2024-11-01
2024-11-04,6862,193.43463134765625,0.45107347469312337,1,1.56345549839898e-08,0.0990099161863327,-0.06930691748857498,0.0990099161863327,-0.02,-0.026000000000000002,ambiguous_stop_loss,1,1,31,2024-11-01
2024-11-04,8213,35.914161682128906,0.4492956392263422,0,0.0013350837398320436,0.008010650984942913,-0.004005390219390392,-0.002670297399163246,-0.002670297399163246,-0.008670297399163246,close,0,0,31,2024-11-01
2024-11-04,8091,130.93405151367188,0.44927870616087007,1,1.0850087051039736e-08,0.03914592042565346,1.0850087051039736e-08,0.03202848136425018,0.03,0.024,take_profit,1,0,31,2024-11-01
2024-11-04,8155,135.70968627929688,0.44643258911725325,1,0.007142833899706602,0.06428568810224533,-2.3262826331915676e-08,0.03571426123380661,0.03,0.024,take_profit,1,0,31,2024-11-01
2024-11-05,5490,27.585662841796875,0.600944944625101,0,0.035778164863586426,0.04472270607948303,-0.03041147068142891,-0.03041147068142891,0.03,0.024,gap_take_profit,1,1,31,2024-11-01
2024-11-05,8261,87.7951889038086,0.581273946903781,1,0.012021826580166817,0.053551916033029556,-0.005464495159685612,0.004371587187051773,0.03,0.024,take_profit,1,0,31,2024-11-01
2024-11-05,2314,32.45000076293945,0.5795247645731787,0,-0.013867511413991451,0.016949128359556198,-0.027735022827982903,-0.01848999597132206,-0.02,-0.026000000000000002,stop_loss,0,1,31,2024-11-01
2024-11-05,2431,20.100000381469727,0.5782807396787978,0,0.03482581302523613,0.057213909924030304,-0.029850764200091362,-0.017412953078746796,0.03,0.024,gap_take_profit,1,1,31,2024-11-01
2024-11-05,6405,47.6582145690918,0.5597517157166509,0,0.013584192842245102,0.07836995273828506,-0.01776377111673355,-0.014628943987190723,0.03,0.024,take_profit,1,0,31,2024-11-01
2024-11-05,6862,212.58657836914062,0.5588350690954813,0,-0.03828825429081917,-0.022522488608956337,-0.07657654583454132,-0.07207204401493073,-0.03828825429081917,-0.044288254290819166,gap_stop,0,1,31,2024-11-01
2024-11-05,2419,34.25,0.5517457321603132,0,0.036496348679065704,0.042335789650678635,-0.021897809579968452,-0.00875910185277462,0.03,0.024,gap_take_profit,1,1,31,2024-11-01
2024-11-05,8374,137.31907653808594,0.5490796780398342,0,0.014492783695459366,0.03623191639780998,-0.02898547798395157,-0.014492725022137165,-0.02,-0.026000000000000002,ambiguous_stop_loss,1,1,31,2024-11-01
2024-11-05,5484,60.0,0.5489506731115045,0,-0.01666666753590107,-0.0066666919738054276,-0.05833333358168602,-0.04833335801959038,-0.02,-0.026000000000000002,stop_loss,0,1,31,2024-11-01
2024-11-05,4729,31.22330093383789,0.5478565445751442,0,0.004687560722231865,0.017187489196658134,-0.045312512665987015,-0.039062488824129105,-0.02,-0.026000000000000002,stop_loss,0,1,31,2024-11-01
2024-11-05,4510,44.099998474121094,0.5469973825501426,0,0.006802790332585573,0.03854877129197121,-0.0249432772397995,-0.018140573054552078,-0.02,-0.026000000000000002,ambiguous_stop_loss,1,1,31,2024-11-01
2024-11-05,2613,35.2164192199707,0.539504715897399,0,-0.008264468051493168,0.009641909971833229,-0.04958678036928177,-0.03856745734810829,-0.02,-0.026000000000000002,stop_loss,0,1,31,2024-11-01
2024-11-05,1308,16.413654327392578,0.5393084024771726,0,0.01492539793252945,0.020895570516586304,-0.005970147904008627,-0.005970147904008627,-0.005970147904008627,-0.011970147904008627,close,0,0,31,2024-11-01
2024-11-05,8271,48.04999923706055,0.5388324132083573,1,0.0,0.008324693888425827,0.0,0.005202913656830788,0.005202913656830788,-0.0007970863431692125,close,0,0,31,2024-11-01
2024-11-05,5871,138.89344787597656,0.5386847107553666,0,4.8589804180210194e-08,0.0033558066934347153,-0.02013418637216091,-0.016778428107500076,-0.02,-0.026000000000000002,stop_loss,0,1,31,2024-11-01
2024-11-05,4526,34.70000076293945,0.5367176029394903,0,0.001440900145098567,0.025936532765626907,-0.025936642661690712,-0.020172933116555214,-0.02,-0.026000000000000002,stop_loss,0,1,31,2024-11-01
2024-11-05,8213,35.818260192871094,0.5327052816295267,1,-0.0013386583887040615,0.012048223055899143,-0.0013386583887040615,0.0026774469297379255,0.0026774469297379255,-0.0033225530702620746,close,0,0,31,2024-11-01
2024-11-05,9940,28.258573532104492,0.5323985747205752,0,-0.004966941196471453,-3.4786420410881647e-09,-0.00827814918011427,-0.00827814918011427,-0.00827814918011427,-0.01427814918011427,close,0,0,31,2024-11-01
2024-11-05,2404,327.3496398925781,0.5320280967920905,1,4.491191418765084e-09,0.022026436403393745,-0.001468424336053431,0.005873719695955515,0.005873719695955515,-0.00012628030404448522,close,0,0,31,2024-11-01
2024-11-05,3078,61.0,0.5298034869237522,1,0.0016393192345276475,0.01147542241960764,-0.0016393192345276475,0.006557402200996876,0.006557402200996876,0.0005574022009968756,close,0,0,31,2024-11-01
2024-11-06,2017,12.0,0.7774295300467273,1,0.02083333395421505,0.03749998286366463,0.016666650772094727,0.016666650772094727,0.03,0.024,take_profit,1,0,31,2024-11-01
2024-11-06,3016,54.914283752441406,0.7770562802504101,1,-0.005376321263611317,0.02508964203298092,-0.005376321263611317,0.01971331238746643,0.01971331238746643,0.01371331238746643,close,0,0,31,2024-11-01
2024-11-06,6173,43.200035095214844,0.7767061951020545,1,0.003340710885822773,0.021158065646886826,0.002227142220363021,0.017817359417676926,0.017817359417676926,0.011817359417676926,close,0,0,31,2024-11-01
2024-11-06,3479,94.59478759765625,0.7757921286224612,1,-0.004007983021438122,0.02204410545527935,-0.005009972024708986,0.01703408546745777,0.01703408546745777,0.011034085467457771,close,0,0,31,2024-11-01
2024-11-06,2439,105.5,0.775405603210139,1,0.0,0.02369668334722519,0.0,0.02369668334722519,0.02369668334722519,0.01769668334722519,close,0,0,31,2024-11-01
2024-11-06,9940,28.02464485168457,0.7753798728352393,0,-0.005008414853364229,0.003338830079883337,-0.005008414853364229,-0.001669504214078188,-0.001669504214078188,-0.007669504214078188,close,0,0,31,2024-11-01
2024-11-06,2387,51.46349334716797,0.775223563801627,1,-0.0017889115260913968,0.01610017567873001,-0.0017889115260913968,0.01610017567873001,0.01610017567873001,0.01010017567873001,close,0,0,31,2024-11-01
2024-11-06,5439,85.23863220214844,0.7733022657602296,1,0.006976713892072439,0.06860465556383133,0.006976713892072439,0.05465111508965492,0.03,0.024,take_profit,1,0,31,2024-11-01
2024-11-06,3481,14.354254722595215,0.7728787678094977,1,0.012944983318448067,0.07119739055633545,0.009708787314593792,0.06472499668598175,0.03,0.024,take_profit,1,0,31,2024-11-01
2024-11-06,4973,29.64134407043457,0.7727151771001165,1,-3.6471554665240546e-09,0.02427184209227562,-3.6471554665240546e-09,0.02427184209227562,0.02427184209227562,0.01827184209227562,close,0,0,31,2024-11-01
2024-11-06,8454,331.5388488769531,0.7726103054945678,1,0.01783262938261032,0.042523935437202454,0.016460871323943138,0.03292180225253105,0.03,0.024,take_profit,1,0,31,2024-11-01
2024-11-06,6719,231.0,0.7722300279699029,1,0.006493506487458944,0.02380952425301075,0.006493506487458944,0.017316017299890518,0.017316017299890518,0.011316017299890518,close,0,0,31,2024-11-01
2024-11-06,5434,291.6827087402344,0.7719047538241186,0,-0.004918032791465521,0.009836065582931042,-0.004918032791465521,0.0,0.0,-0.006,close,0,0,31,2024-11-01
2024-11-06,4543,44.29115676879883,0.7713841572439362,1,0.00979327131062746,0.034820426255464554,0.00979327131062746,0.011969516985118389,0.03,0.024,take_profit,1,0,31,2024-11-01
2024-11-06,2388,117.12579345703125,0.7713659872967995,1,0.004255328327417374,0.04680852219462395,0.004255328327417374,0.012765967287123203,0.03,0.024,take_profit,1,0,31,2024-11-01
2024-11-06,3623,27.0,0.7712378620664928,1,0.007407435681670904,0.02407406084239483,0.007407435681670904,0.018518518656492233,0.018518518656492233,0.012518518656492233,close,0,0,31,2024-11-01
2024-11-06,3588,77.91602325439453,0.7711834076340512,1,0.011235964484512806,0.019975002855062485,0.007490607909858227,0.016229741275310516,0.016229741275310516,0.010229741275310516,close,0,0,31,2024-11-01
2024-11-06,2887,16.1228084564209,0.7711394789743188,1,8.387706884604995e-08,0.008797828108072281,8.387706884604995e-08,0.008797828108072281,0.008797828108072281,0.0027978281080722808,close,0,0,31,2024-11-01
2024-11-06,3372,17.700000762939453,0.7708112696640705,1,0.016949107870459557,0.028248585760593414,0.0028248154558241367,0.016949107870459557,0.016949107870459557,0.010949107870459556,close,0,0,31,2024-11-01
2024-11-06,2412,117.94609832763672,0.7705543246684007,1,1.8143474278531357e-08,0.0040816511027514935,-0.0040816147811710835,0.0040816511027514935,0.0040816511027514935,-0.0019183488972485067,close,0,0,31,2024-11-01
2024-11-07,8213,35.914161682128906,0.6836113063042726,0,0.0013351439265534282,0.008010711520910263,-0.004005330614745617,-0.001335042412392795,-0.001335042412392795,-0.007335042412392795,close,0,0,31,2024-11-01
2024-11-07,9940,27.97785758972168,0.6805421023877052,0,0.001672236598096788,0.00501666683703661,-0.006688967347145081,-0.005016752053052187,-0.005016752053052187,-0.011016752053052187,close,0,0,31,2024-11-01
2024-11-07,2347,67.0999984741211,0.6787495111910803,1,0.01969055086374283,0.03516169637441635,0.00562585424631834,0.00562585424631834,0.03,0.024,take_profit,1,0,31,2024-11-01
2024-11-07,2474,203.4440155029297,0.6760879257985123,0,0.0022726929746568203,0.01590905524790287,-0.02045457996428013,-0.02045457996428013,-0.02,-0.026000000000000002,stop_loss,0,1,31,2024-11-01
2024-11-07,2890,21.20106315612793,0.6745705250308367,0,0.01098900381475687,0.013186769559979439,0.0,0.0,0.0,-0.006,close,0,0,31,2024-11-01
2024-11-07,1216,85.00048065185547,0.670110700500088,0,0.004535144194960594,0.005668913945555687,-0.017006823793053627,-0.010204032994806767,-0.010204032994806767,-0.016204032994806765,close,0,0,31,2024-11-01
2024-11-07,4174,64.69999694824219,0.669381897023691,0,0.009273665025830269,0.009273665025830269,-0.024729497730731964,-0.018547093495726585,-0.02,-0.026000000000000002,stop_loss,0,1,31,2024-11-01
2024-11-07,3311,36.64706039428711,0.6688362820002476,0,-0.0027026734314858913,-1.207982869289026e-08,-0.005405438132584095,-0.005405438132584095,-0.005405438132584095,-0.011405438132584095,close,0,0,31,2024-11-01
2024-11-07,5434,291.6827087402344,0.6688354582563946,1,0.004918038845062256,0.04098361358046532,0.004918038845062256,0.026229513809084892,0.03,0.024,take_profit,1,0,31,2024-11-01
2024-11-07,5871,137.02911376953125,0.667639782118497,1,0.013605386950075626,0.040816277265548706,0.010204078629612923,0.013605386950075626,0.03,0.024,take_profit,1,0,31,2024-11-01
2024-11-07,3444,76.61312866210938,0.6672702644980465,0,0.012562878429889679,0.012562878429889679,-0.03015071153640747,-0.026381829753518105,-0.02,-0.026000000000000002,stop_loss,0,1,31,2024-11-01
2024-11-07,2886,37.64511489868164,0.6669287531607138,0,0.0076727126725018024,0.008951465599238873,0.0,0.0,0.0,-0.006,close,0,0,31,2024-11-01
2024-11-07,3027,34.099998474121094,0.6662212742692216,0,0.014662757515907288,0.027859261259436607,-0.011730139143764973,-0.010263885371387005,-0.010263885371387005,-0.016263885371387003,close,0,0,31,2024-11-01
2024-11-07,5244,41.29999923706055,0.6661869889026569,0,0.0,0.0024213630240410566,-0.007263903971761465,-0.004842633381485939,-0.004842633381485939,-0.01084263338148594,close,0,0,31,2024-11-01
2024-11-07,3209,37.5883674621582,0.6660487880694287,0,0.011138529516756535,0.011138529516756535,-0.04331683740019798,-0.038366418331861496,-0.02,-0.026000000000000002,stop_loss,0,1,31,2024-11-01
2024-11-07,2484,27.552928924560547,0.6648780751391118,0,7.0038730370924895e-09,0.001757449354045093,-0.010544848628342152,-0.008787338621914387,-0.008787338621914387,-0.014787338621914387,close,0,0,31,2024-11-01
2024-11-07,2912,264.12286376953125,0.6645676729873934,0,0.0018280681688338518,0.009140681475400925,-0.0018282387172803283,-0.0018282387172803283,-0.0018282387172803283,-0.007828238717280328,close,0,0,31,2024-11-01
2024-11-07,2002,22.768024444580078,0.6624646984331006,1,0.004319677595049143,0.01079914253205061,-0.0021597878076136112,0.004319677595049143,0.004319677595049143,-0.0016803224049508573,close,0,0,31,2024-11-01
2024-11-07,1402,34.742271423339844,0.6624634432386591,0,0.01231197640299797,0.01231197640299797,-0.008207861334085464,-0.0027358836960047483,-0.0027358836960047483,-0.008735883696004748,close,0,0,31,2024-11-01
2024-11-07,6270,27.078699111938477,0.6617263976332831,0,0.005290991626679897,0.029982376843690872,0.0,0.0,0.0,-0.006,close,0,0,31,2024-11-01
2024-11-08,3706,54.0,0.6838042879596345,1,0.10000003129243851,0.10000003129243851,0.10000003129243851,0.10000003129243851,0.03,0.024,gap_take_profit,1,0,31,2024-11-01
2024-11-08,5426,36.947505950927734,0.6792071092502974,1,0.013262517750263214,0.033156413584947586,-0.01591525971889496,0.013262517750263214,0.03,0.024,take_profit,1,0,31,2024-11-01
2024-11-08,3211,113.18485260009766,0.6713486014592039,1,0.09917356073856354,0.09917356073856354,0.09917356073856354,0.09917356073856354,0.03,0.024,gap_take_profit,1,0,31,2024-11-01
2024-11-08,2528,35.666664123535156,0.6681194924659949,1,-0.009345759637653828,0.005340540781617165,-0.009345759637653828,0.004005432594567537,0.004005432594567537,-0.001994567405432463,close,0,0,31,2024-11-01
2024-11-08,5213,27.976032257080078,0.6642433499572907,1,1.4436057682587489e-08,0.01794450916349888,-0.001631368650123477,0.013050556182861328,0.013050556182861328,0.007050556182861328,close,0,0,31,2024-11-01
2024-11-08,4105,69.37821960449219,0.6641193613230971,1,1.993051768067744e-08,0.012278244830667973,-0.0013643198180943727,0.010914009064435959,0.010914009064435959,0.004914009064435959,close,0,0,31,2024-11-01
2024-11-08,8240,49.647701263427734,0.6635447666641519,1,0.009560192935168743,0.04015297070145607,-0.03441684693098068,0.011472281999886036,-0.02,-0.026000000000000002,ambiguous_stop_loss,1,1,31,2024-11-01
2024-11-08,4147,80.0999984741211,0.6630761547382452,1,0.001248420448973775,0.032459408044815063,-0.00499377679079771,0.028714146465063095,0.03,0.024,take_profit,1,0,31,2024-11-01
2024-11-08,6877,70.64572143554688,0.6628487796537735,1,0.09897169470787048,0.09897169470787048,0.03213365748524666,0.06041129305958748,0.03,0.024,gap_take_profit,1,0,31,2024-11-01
2024-11-08,4128,38.54999923706055,0.6625586732681419,1,0.002594093093648553,0.0064850845374166965,-0.0038909912109375,0.0051880874671041965,0.0051880874671041965,-0.0008119125328958036,close,0,0,31,2024-11-01
2024-11-08,1605,29.423852920532227,0.659937376720474,0,-0.004975093062967062,-0.004975093062967062,-0.05140957608819008,-0.04477611556649208,-0.02,-0.026000000000000002,stop_loss,0,1,31,2024-11-01
2024-11-08,2536,28.79656410217285,0.6599032515328214,0,-2.7284338344202297e-08,0.008532395586371422,-0.003412944497540593,-0.0017064858693629503,-0.0017064858693629503,-0.0077064858693629504,close,0,0,31,2024-11-01
2024-11-08,4746,87.43636322021484,0.6598403688286735,1,0.0010916506871581078,0.008733621798455715,-0.009825379587709904,0.0021834203507751226,0.0021834203507751226,-0.0038165796492248775,close,0,0,31,2024-11-01
2024-11-08,5457,54.5,0.6588311069460219,1,0.04954129830002785,0.06422018259763718,0.01651378907263279,0.04036698490381241,0.03,0.024,gap_take_profit,1,0,31,2024-11-01
2024-11-08,6257,70.6706771850586,0.6579384394450939,1,0.005376365035772324,0.010752626694738865,-0.006720429286360741,0.008064496330916882,0.008064496330916882,0.0020644963309168814,close,0,0,31,2024-11-01
2024-11-08,2606,53.58782196044922,0.6577436631586709,1,0.021164044737815857,0.049382712692022324,0.017636694014072418,0.03880072757601738,0.03,0.024,take_profit,1,0,31,2024-11-01
2024-11-08,2441,56.5,0.6564683279195397,1,0.003539836499840021,0.017699114978313446,0.003539836499840021,0.01592923142015934,0.01592923142015934,0.00992923142015934,close,0,0,31,2024-11-01
2024-11-08,1218,18.84665298461914,0.6541867872985442,0,-6.613002767608123e-08,0.002487457823008299,-0.007462732959538698,-0.002487685065716505,-0.002487685065716505,-0.008487685065716505,close,0,0,31,2024-11-01
2024-11-08,5347,90.2016372680664,0.653832350662818,0,0.005302290432155132,0.015906743705272675,-0.005302163772284985,-0.005302163772284985,-0.005302163772284985,-0.011302163772284985,close,0,0,31,2024-11-01
2024-11-08,9945,45.833335876464844,0.6538194104506511,1,-3.102409351640745e-08,0.017894672229886055,-0.005263188853859901,0.014736826531589031,0.014736826531589031,0.008736826531589031,close,0,0,31,2024-11-01
2024-11-11,3211,124.40979766845703,0.672227841852201,1,0.007518717087805271,0.09774427115917206,-0.02631586603820324,0.0789472833275795,-0.02,-0.026000000000000002,ambiguous_stop_loss,1,1,31,2024-11-01
2024-11-11,3706,59.400001525878906,0.6718175020453097,1,0.010100984014570713,0.09595954418182373,-0.016835017129778862,0.07070701569318771,0.03,0.024,take_profit,1,0,31,2024-11-01
2024-11-11,6781,721.2259521484375,0.6050928045107525,0,0.010958917438983917,0.05342467129230499,-0.020547932013869286,-0.0027397130616009235,-0.02,-0.026000000000000002,ambiguous_stop_loss,1,1,31,2024-11-01
2024-11-11,3665,560.5670776367188,0.5913905512184261,0,0.015706898644566536,0.03664933145046234,-0.015706637874245644,-0.0034902922343462706,0.03,0.024,take_profit,1,0,31,2024-11-01
2024-11-11,3712,54.333457946777344,0.5846543991022005,1,-0.005208322778344154,0.019097259268164635,-0.02777775377035141,0.005208383779972792,-0.02,-0.026000000000000002,stop_loss,0,1,31,2024-11-01
2024-11-11,4931,38.255531311035156,0.5784616890513864,1,0.014084565453231335,0.09987208247184753,0.014084565453231335,0.09987208247184753,0.03,0.024,take_profit,1,0,31,2024-11-01
2024-11-11,4977,114.10607147216797,0.5782891314745631,0,8.683418428745426e-10,0.021367521956562996,-0.05128205195069313,-0.012820512056350708,-0.02,-0.026000000000000002,stop_loss,0,1,31,2024-11-01
2024-11-11,5309,38.439876556396484,0.577077402092873,0,0.016560576856136322,0.026751600205898285,-0.04713369160890579,-0.028025412932038307,-0.02,-0.026000000000000002,stop_loss,0,1,31,2024-11-01
2024-11-11,3511,34.099998474121094,0.5665767542894462,1,-0.011730139143764973,0.06158364936709404,-0.02052777074277401,0.02639300748705864,-0.02,-0.026000000000000002,ambiguous_stop_loss,1,1,31,2024-11-01
2024-11-11,5314,14.675000190734863,0.54746737641522,0,0.0732538178563118,0.0732538178563118,-0.08517887443304062,-0.08006815612316132,0.03,0.024,gap_take_profit,1,1,31,2024-11-01
2024-11-11,6588,41.0,0.543042559985911,0,-0.028048817068338394,-0.018292682245373726,-0.09999996423721313,-0.08658535033464432,-0.028048817068338394,-0.03404881706833839,gap_stop,0,1,31,2024-11-01
2024-11-11,4768,191.90475463867188,0.5327083229782729,1,0.0,0.00992560014128685,-0.014888281002640724,0.00992560014128685,0.00992560014128685,0.00392560014128685,close,0,0,31,2024-11-01
2024-11-11,6841,79.79913330078125,0.5318002983408122,0,0.01112479716539383,0.02224956639111042,-0.0160693246871233,-0.0160693246871233,-0.0160693246871233,-0.022069324687123297,close,0,0,31,2024-11-01
2024-11-11,8048,50.12807846069336,0.5313394860664469,1,-1.4670741288469458e-09,0.0037735977675765753,-0.05283017456531525,0.0037735977675765753,-0.02,-0.026000000000000002,stop_loss,0,1,31,2024-11-01
2024-11-11,3430,65.495849609375,0.5281202669329443,0,-0.013062437064945698,-0.007256899494677782,-0.04644419252872467,-0.02467351034283638,-0.02,-0.026000000000000002,stop_loss,0,1,31,2024-11-01
2024-11-11,7402,70.33695983886719,0.527100329659358,0,0.0013907757820561528,0.0013907757820561528,-0.026425635442137718,-0.018080731853842735,-0.02,-0.026000000000000002,stop_loss,0,1,31,2024-11-01
2024-11-11,3073,64.19999694824219,0.5261995423956679,0,0.009345890022814274,0.028037432581186295,-0.034267865121364594,-0.034267865121364594,-0.02,-0.026000000000000002,stop_loss,0,1,31,2024-11-01
2024-11-11,3122,32.04999923706055,0.5237285663497346,0,-0.02808111160993576,-0.009360350668430328,-0.029641151428222656,-0.01092038955539465,-0.02808111160993576,-0.03408111160993576,gap_stop,0,1,31,2024-11-01
2024-11-11,4129,96.07608032226562,0.5210503936610839,0,0.001000941381789744,0.006005946081131697,-0.014014072716236115,-0.012012101709842682,-0.012012101709842682,-0.01801210170984268,close,0,0,31,2024-11-01
2024-11-11,8054,128.0,0.5209376268649297,0,-0.015625,-0.00390625,-0.0234375,-0.015625,-0.02,-0.026000000000000002,stop_loss,0,1,31,2024-11-01
2024-11-12,6431,17.600000381469727,0.4985893092817055,0,0.034090928733348846,0.034090928733348846,-0.031250063329935074,-0.031250063329935074,0.03,0.024,gap_take_profit,1,1,31,2024-11-01
2024-11-12,3207,110.5,0.48674516492606446,0,0.022624434903264046,0.022624434903264046,-0.013574660755693913,0.0,0.0,-0.006,close,0,0,31,2024-11-01
2024-11-12,2616,19.744295120239258,0.48284260486552466,1,0.0024814289063215256,0.0074441321194171906,-1.7485895398294815e-08,0.0024814289063215256,0.0024814289063215256,-0.0035185710936784746,close,0,0,31,2024-11-01
2024-11-12,4536,188.29786682128906,0.4827688900072311,1,0.005000039469450712,0.0375000424683094,0.005000039469450712,0.022500040009617805,0.03,0.024,take_profit,1,0,31,2024-11-01
2024-11-12,4934,13.949999809265137,0.4824755643487049,0,0.010752729140222073,0.021505391225218773,-0.014336904510855675,0.0,0.0,-0.006,close,0,0,31,2024-11-01
2024-11-12,6840,54.73749923706055,0.4824698539068427,0,-0.0018148458329960704,-0.0018148458329960704,-0.05989108607172966,-0.05444645509123802,-0.02,-0.026000000000000002,stop_loss,0,1,31,2024-11-01
2024-11-12,8121,31.0,0.48173662774701426,1,0.0016128786373883486,0.017741911113262177,0.0,0.008064515888690948,0.008064515888690948,0.0020645158886909484,close,0,0,31,2024-11-01
2024-11-12,3349,25.0,0.4807133795272148,0,0.019999999552965164,0.019999999552965164,-0.019999999552965164,-0.015999983996152878,-0.015999983996152878,-0.021999983996152876,close,0,0,31,2024-11-01
2024-11-12,2376,284.5575256347656,0.48037556774361334,1,0.005084704142063856,0.022033855319023132,-0.010169532150030136,0.018644025549292564,0.018644025549292564,0.012644025549292564,close,0,0,31,2024-11-01
2024-11-12,6443,19.25,0.4796785606020907,0,0.002597362967208028,0.007792187854647636,-0.015584375709295273,-0.012987012974917889,-0.012987012974917889,-0.018987012974917887,close,0,0,31,2024-11-01
2024-11-12,4716,24.149999618530273,0.47930843617519164,1,0.016563130542635918,0.020703934133052826,-0.006211164407432079,0.004140802659094334,0.004140802659094334,-0.0018591973409056665,close,0,0,31,2024-11-01
2024-11-12,3591,23.69725227355957,0.47908241132368634,0,5.8563859539617624e-08,5.8563859539617624e-08,-0.020242856815457344,-0.020242856815457344,-0.02,-0.026000000000000002,stop_loss,0,1,31,2024-11-01
2024-11-12,6167,15.079855918884277,0.47866880742995094,0,-8.063429923765852e-09,0.019607847556471825,-0.01307189092040062,-0.009803966619074345,-0.009803966619074345,-0.015803966619074343,close,0,0,31,2024-11-01
2024-11-12,6552,39.25,0.4779529830756167,0,-0.0012738659279420972,0.024203840643167496,-0.005095561034977436,0.0,0.0,-0.006,close,0,0,31,2024-11-01
2024-11-12,3338,58.3796272277832,0.47727630318271347,1,0.00494236359372735,0.05930814892053604,3.67357593233919e-08,0.04448110610246658,0.03,0.024,take_profit,1,0,31,2024-11-01
2024-11-12,2031,46.770957946777344,0.47703164659630704,1,0.0110552366822958,0.017085371538996696,-2.4364668504972542e-08,0.0020099952816963196,0.0020099952816963196,-0.0039900047183036805,close,0,0,31,2024-11-01
2024-11-12,4931,42.07619094848633,0.4767334757270522,1,0.04772984981536865,0.09895221143960953,0.037252530455589294,0.09895221143960953,0.03,0.024,gap_take_profit,1,0,31,2024-11-01
2024-11-12,4989,19.899999618530273,0.47648028219805305,0,0.007537669502198696,0.015075434930622578,-0.002512524602934718,0.0,0.0,-0.006,close,0,0,31,2024-11-01
2024-11-12,8147,104.54522705078125,0.4753321150184868,0,0.0,0.014084506779909134,0.0,0.0,0.0,-0.006,close,0,0,31,2024-11-01
2024-11-12,8438,34.42543411254883,0.4743968573567527,1,-0.0027855392545461655,0.011142037808895111,-0.0027855392545461655,0.0013927763793617487,0.0013927763793617487,-0.004607223620638251,close,0,0,31,2024-11-01
2024-11-13,6609,89.63607788085938,0.6453963979405947,0,0.0010952191660180688,0.06352672725915909,-0.012048312462866306,-0.0032859581988304853,0.03,0.024,take_profit,1,0,31,2024-11-01
2024-11-13,3015,63.4777717590332,0.6133421708674389,0,0.04497753083705902,0.05397312715649605,-0.03898047283291817,-0.02548719383776188,0.03,0.024,gap_take_profit,1,1,31,2024-11-01
2024-11-13,4743,110.5,0.607534294505851,0,0.0,0.004524887073785067,-0.05429864302277565,-0.03619909659028053,-0.02,-0.026000000000000002,stop_loss,0,1,31,2024-11-01
2024-11-13,6805,813.7523803710938,0.6050651012549803,0,0.004878090228885412,0.018292725086212158,-0.018292643129825592,-0.018292643129825592,-0.018292643129825592,-0.02429264312982559,close,0,0,31,2024-11-01
2024-11-13,3323,27.53285026550293,0.603887678164873,1,0.09838995337486267,0.09838995337486267,0.09838995337486267,0.09838995337486267,0.03,0.024,gap_take_profit,1,0,31,2024-11-01
2024-11-13,3376,180.17391967773438,0.601909192223409,0,0.037837836891412735,0.04054053872823715,-0.013513513840734959,0.0,0.03,0.024,gap_take_profit,1,0,31,2024-11-01
2024-11-13,6282,33.70000076293945,0.5999950297204227,0,0.0,0.0,-0.05044512450695038,-0.048961468040943146,-0.02,-0.026000000000000002,stop_loss,0,1,31,2024-11-01
2024-11-13,4128,36.20000076293945,0.5986190947400885,0,0.0,0.009668465703725815,-0.03176799789071083,-0.027624309062957764,-0.02,-0.026000000000000002,stop_loss,0,1,31,2024-11-01
2024-11-13,3693,370.0,0.5985591197038203,0,0.010810811072587967,0.029729729518294334,-0.022972973063588142,-0.0054054055362939835,-0.02,-0.026000000000000002,stop_loss,0,1,31,2024-11-01
2024-11-13,1102,43.23374938964844,0.5984208001113256,0,-0.003278696443885565,0.0043716272339224815,-0.013114695437252522,-0.003278696443885565,-0.003278696443885565,-0.009278696443885565,close,0,0,31,2024-11-01
2024-11-13,1560,305.1119079589844,0.598226085320736,1,0.021069703623652458,0.047001633793115616,0.011345230042934418,0.02269044890999794,0.03,0.024,take_profit,1,0,31,2024-11-01
2024-11-13,4968,187.0,0.5971005186728687,0,0.024064170196652412,0.04545454680919647,-0.04010695219039917,-0.029411764815449715,-0.02,-0.026000000000000002,ambiguous_stop_loss,1,1,31,2024-11-01
2024-11-13,2329,34.99540710449219,0.5968316433676263,0,0.0013948726700618863,0.009763053618371487,-0.03765678033232689,-0.03486742079257965,-0.02,-0.026000000000000002,stop_loss,0,1,31,2024-11-01
2024-11-13,2543,81.5999984741211,0.596640307936458,1,0.0012254714965820312,0.06249998137354851,-0.0024509429931640625,0.029411783441901207,0.03,0.024,take_profit,1,0,31,2024-11-01
2024-11-13,2305,17.200000762939453,0.596043881613771,0,0.0029069322627037764,0.01744181476533413,-0.011627950705587864,-0.011627950705587864,-0.011627950705587864,-0.017627950705587862,close,0,0,31,2024-11-01
2024-11-13,6269,66.80000305175781,0.5929139815255277,0,0.0,0.004490949213504791,-0.010479110293090343,-0.0029940803069621325,-0.0029940803069621325,-0.008994080306962133,close,0,0,31,2024-11-01
2024-11-13,4513,36.95000076293945,0.5922698765520727,0,0.005412740632891655,0.0067658997140824795,-0.02029769867658615,-0.017591381445527077,-0.02,-0.026000000000000002,stop_loss,0,1,31,2024-11-01
2024-11-13,5521,11.050000190734863,0.5918137116116187,0,0.00452490383759141,0.013574626296758652,-0.022624434903264046,-0.00452490383759141,-0.02,-0.026000000000000002,stop_loss,0,1,31,2024-11-01
2024-11-13,6243,48.23486328125,0.5915054831509764,0,0.008064531721174717,0.008064531721174717,-0.03125,-0.03125,-0.02,-0.026000000000000002,stop_loss,0,1,31,2024-11-01
2024-11-13,3555,32.0,0.5910634642158672,1,0.0,0.06875002384185791,0.0,0.00937497615814209,0.03,0.024,take_profit,1,0,31,2024-11-01
2024-11-14,3323,30.241806030273438,0.5552484757064718,0,-0.006514675449579954,0.022801272571086884,-0.08143321424722672,-0.07817593961954117,-0.02,-0.026000000000000002,stop_loss,0,1,31,2024-11-01
2024-11-14,3090,65.06599426269531,0.49689950446927805,0,0.011644811369478703,0.09898105263710022,-0.03493447229266167,-0.020378433167934418,-0.02,-0.026000000000000002,ambiguous_stop_loss,1,1,31,2024-11-01
2024-11-14,3706,69.80000305175781,0.4957191090076188,0,0.02148997038602829,0.04154719039797783,-0.02292272262275219,-0.020057328045368195,-0.02,-0.026000000000000002,ambiguous_stop_loss,1,1,31,2024-11-01
2024-11-14,6739,217.45802307128906,0.492285690374435,0,0.024830691516399384,0.02934536337852478,-0.09932280331850052,-0.09932280331850052,-0.02,-0.026000000000000002,stop_loss,0,1,31,2024-11-01
2024-11-14,3338,67.03558349609375,0.4893481075312208,1,0.09899566322565079,0.09899566322565079,0.010043056681752205,0.015781959518790245,0.03,0.024,gap_take_profit,1,0,31,2024-11-01
2024-11-14,6757,72.69999694824219,0.4821664447507466,1,0.008253179490566254,0.08940853178501129,0.0,0.08253095299005508,0.03,0.024,take_profit,1,0,31,2024-11-01
2024-11-14,3324,690.072265625,0.4787892194301082,0,-4.962664235108605e-08,0.001428521703928709,-0.05285719037055969,-0.05285719037055969,-0.02,-0.026000000000000002,stop_loss,0,1,31,2024-11-01
2024-11-14,3580,102.95774841308594,0.4742978372322033,1,0.01860467903316021,0.05116282030940056,-0.004651135299354792,0.013953516259789467,0.03,0.024,take_profit,1,0,31,2024-11-01
2024-11-14,7402,67.5,0.47196557447348086,1,3.6278624548913285e-08,0.021739168092608452,3.6278624548913285e-08,0.0159420445561409,0.0159420445561409,0.0099420445561409,close,0,0,31,2024-11-01
2024-11-14,8147,100.61864471435547,0.4708160948554365,1,0.019512230530381203,0.02439027838408947,-0.01463411282747984,0.02439027838408947,0.02439027838408947,0.01839027838408947,close,0,0,31,2024-11-01
2024-11-14,4729,31.564804077148438,0.4707568319998124,0,-0.015455891378223896,0.018547212705016136,-0.038639817386865616,-0.017001522704958916,-0.02,-0.026000000000000002,stop_loss,0,1,31,2024-11-01
2024-11-14,6558,25.528667449951172,0.46778167131841414,1,0.07782101631164551,0.09533069282770157,0.007782059721648693,0.007782059721648693,0.03,0.024,gap_take_profit,1,0,31,2024-11-01
2024-11-14,6405,49.20200729370117,0.4674606236251767,0,-2.364503970397891e-08,0.010121433064341545,-0.09919033199548721,-0.09919033199548721,-0.02,-0.026000000000000002,stop_loss,0,1,31,2024-11-01
2024-11-14,6186,56.400001525878906,0.4655571058725747,1,0.026595743373036385,0.062056735157966614,0.014184383675456047,0.049645375460386276,0.03,0.024,take_profit,1,0,31,2024-11-01
2024-11-14,8069,268.6468200683594,0.46545397851507403,1,0.007272654213011265,0.05818174034357071,0.007272654213011265,0.05454537644982338,0.03,0.024,take_profit,1,0,31,2024-11-01
2024-11-14,4976,37.04999923706055,0.4645314508775964,1,0.009446755982935429,0.031039178371429443,0.005398131441324949,0.01754390075802803,0.03,0.024,take_profit,1,0,31,2024-11-01
2024-11-14,6834,31.110076904296875,0.46447254609096716,0,0.006329077761620283,0.03006325475871563,-0.0015823147259652615,0.0,0.03,0.024,take_profit,1,0,31,2024-11-01
2024-11-14,9946,22.450000762939453,0.4644200080372243,1,0.00668149720877409,0.05790642276406288,0.00668149720877409,0.03340757265686989,0.03,0.024,take_profit,1,0,31,2024-11-01
2024-11-14,6901,31.299999237060547,0.4638690451819437,1,0.006389800924807787,0.0255590807646513,-0.001597419730387628,0.015974441543221474,0.015974441543221474,0.009974441543221474,close,0,0,31,2024-11-01
2024-11-14,3543,20.975610733032227,0.4612237451628492,1,-3.348086252685789e-08,0.023255780339241028,-3.348086252685789e-08,0.016279052942991257,0.016279052942991257,0.010279052942991257,close,0,0,31,2024-11-01
2024-11-15,3625,14.399999618530273,0.5234432508147108,0,-0.006944404914975166,0.03125005215406418,-0.0694444477558136,-0.0173611119389534,-0.02,-0.026000000000000002,ambiguous_stop_loss,1,1,31,2024-11-01
2024-11-15,8044,55.5,0.5030951445301436,0,0.027027027681469917,0.09549548476934433,-0.09999998658895493,-0.09999998658895493,-0.02,-0.026000000000000002,ambiguous_stop_loss,1,1,31,2024-11-01
2024-11-15,1442,66.52704620361328,0.5030879757339177,1,0.0013985863188281655,0.04475520923733711,-0.0209790151566267,0.022377608343958855,-0.02,-0.026000000000000002,ambiguous_stop_loss,1,1,31,2024-11-01
2024-11-15,8996,318.6363830566406,0.5030792653149755,0,0.029366331174969673,0.04482228308916092,-0.04173104465007782,-0.03709425777196884,-0.02,-0.026000000000000002,ambiguous_stop_loss,1,1,31,2024-11-01
2024-11-15,3073,67.30000305175781,0.501724838947667,0,0.06537880748510361,0.06537880748510361,-0.07726603746414185,-0.06983661651611328,0.03,0.024,gap_take_profit,1,1,31,2024-11-01
2024-11-15,2105,47.309871673583984,0.4992508415961339,1,0.007021074648946524,0.0952858254313469,0.003009023144841194,0.08124376088380814,0.03,0.024,take_profit,1,0,31,2024-11-01
2024-11-15,3308,25.850000381469727,0.49603133901578195,0,0.00580269331112504,0.04061892628669739,-0.032882027328014374,-0.015473872423171997,-0.02,-0.026000000000000002,ambiguous_stop_loss,1,1,31,2024-11-01
2024-11-15,3306,50.376922607421875,0.49284055936010623,0,-0.015065916813910007,-0.007532930932939053,-0.033898308873176575,-0.030131815001368523,-0.02,-0.026000000000000002,stop_loss,0,1,31,2024-11-01
2024-11-15,3596,170.79672241210938,0.49259786038611925,0,-0.002824843395501375,-0.002824843395501375,-0.05367230251431465,-0.05367230251431465,-0.02,-0.026000000000000002,stop_loss,0,1,31,2024-11-01
2024-11-15,1784,86.9000015258789,0.48063115972798504,1,0.012658210471272469,0.023014958947896957,0.0034521911293268204,0.020713411271572113,0.020713411271572113,0.014713411271572113,close,0,0,31,2024-11-01
2024-11-15,3430,59.792293548583984,0.4796405636771133,0,-9.510753073982414e-09,-9.510753073982414e-09,-0.02702704817056656,-0.019077923148870468,-0.02,-0.026000000000000002,stop_loss,0,1,31,2024-11-01
2024-11-15,3227,201.0,0.47780594180853975,0,0.007462686393409967,0.02238805964589119,-0.004975124262273312,-0.004975124262273312,-0.004975124262273312,-0.010975124262273312,close,0,0,31,2024-11-01
2024-11-15,1712,41.201759338378906,0.4772586825614292,0,0.0,0.0080275759100914,0.0,0.0,0.0,-0.006,close,0,0,31,2024-11-01
2024-11-15,8937,140.5,0.47462022748257066,1,0.08185053616762161,0.09964412450790405,0.05338078364729881,0.09964412450790405,0.03,0.024,gap_take_profit,1,0,31,2024-11-01
2024-11-15,3209,36.47187805175781,0.47309877493493624,0,0.008928532712161541,0.033163245767354965,-0.017857162281870842,0.0,0.03,0.024,take_profit,1,0,31,2024-11-01
2024-11-15,6134,32.07272720336914,0.46945652620016187,0,0.0015432508662343025,0.004629623610526323,-0.05246909707784653,-0.05246909707784653,-0.02,-0.026000000000000002,stop_loss,0,1,31,2024-11-01
2024-11-15,4162,92.21538543701172,0.4694217551783448,0,0.001001038239337504,0.011011048220098019,-0.038038019090890884,-0.03403399884700775,-0.02,-0.026000000000000002,stop_loss,0,1,31,2024-11-01
2024-11-15,6150,74.69999694824219,0.46923547703795165,1,0.008032210171222687,0.05756363272666931,0.004016105085611343,0.04819285497069359,0.03,0.024,take_profit,1,0,31,2024-11-01
2024-11-15,8054,121.0,0.4691112202278272,0,0.00413223123177886,0.00413223123177886,-0.03719008341431618,-0.03719008341431618,-0.02,-0.026000000000000002,stop_loss,0,1,31,2024-11-01
2024-11-15,6426,67.69999694824219,0.46898691501723927,0,0.002954277442768216,0.002954277442768216,-0.0310191810131073,-0.013293853960931301,-0.02,-0.026000000000000002,stop_loss,0,1,31,2024-11-01
2024-11-18,8936,51.900001525878906,0.7222335134626865,1,0.0038535057101398706,0.02312132716178894,0.0038535057101398706,0.017340995371341705,0.017340995371341705,0.011340995371341705,close,0,0,31,2024-11-01
2024-11-18,6118,21.0,0.7208916821544188,1,0.004761923104524612,0.021428607404232025,0.004761923104524612,0.011904762126505375,0.011904762126505375,0.005904762126505375,close,0,0,31,2024-11-01
2024-11-18,2887,15.980966567993164,0.7159048274425219,1,0.0059171998873353004,0.035503000020980835,0.0029586651362478733,0.032544463872909546,0.03,0.024,take_profit,1,0,31,2024-11-01
2024-11-18,8070,45.55633544921875,0.7141287106323809,1,0.008239002898335457,0.015448033809661865,-0.007208990398794413,0.007209151983261108,0.007209151983261108,0.0012091519832611083,close,0,0,31,2024-11-01
2024-11-18,4716,23.100000381469727,0.7140421200144618,1,0.0,0.023809490725398064,-0.002164551755413413,0.01515153143554926,0.01515153143554926,0.009151531435549259,close,0,0,31,2024-11-01
2024-11-18,2228,92.36726379394531,0.7138687955809272,1,0.009803860448300838,0.014705820940434933,0.004901899490505457,0.009803860448300838,0.009803860448300838,0.0038038604483008383,close,0,0,31,2024-11-01
2024-11-18,1727,33.627830505371094,0.7124785980520745,1,-0.017569633200764656,0.021961910650134087,-0.017569633200764656,0.020497692748904228,0.020497692748904228,0.014497692748904228,close,0,0,31,2024-11-01
2024-11-18,4551,118.38400268554688,0.7114631040069574,1,2.070559501632374e-09,0.016326533630490303,-0.004081630613654852,0.016326533630490303,0.016326533630490303,0.010326533630490303,close,0,0,31,2024-11-01
2024-11-18,1102,42.76124954223633,0.7100253769938524,0,-3.7001548491844005e-08,-3.7001548491844005e-08,-0.028729300945997238,-0.0276243444532156,-0.02,-0.026000000000000002,stop_loss,0,1,31,2024-11-01
2024-11-18,6873,173.36717224121094,0.7093272724588744,1,0.010101048275828362,0.03282827511429787,0.0,0.007575742434710264,0.03,0.024,take_profit,1,0,31,2024-11-01
2024-11-18,5508,154.49803161621094,0.709158050522822,1,0.008595895953476429,0.020057212561368942,-0.028653385117650032,0.011461225338280201,-0.02,-0.026000000000000002,stop_loss,0,1,31,2024-11-01
2024-11-18,5880,23.644664764404297,0.7090284847238589,1,0.0019960212521255016,0.015967989340424538,3.3540181743063613e-09,0.015967989340424538,0.015967989340424538,0.009967989340424538,close,0,0,31,2024-11-01
2024-11-18,8927,43.162452697753906,0.7085077127713998,1,0.015841582790017128,0.015841582790017128,-0.007920791395008564,0.0019802420865744352,0.0019802420865744352,-0.004019757913425565,close,0,0,31,2024-11-01
2024-11-18,3048,32.79999923706055,0.7066395806227798,1,0.01676826924085617,0.027439070865511894,0.004573217127472162,0.021341487765312195,0.021341487765312195,0.015341487765312195,close,0,0,31,2024-11-01
2024-11-18,4128,34.599998474121094,0.7065199459126147,1,0.002890239702537656,0.0332370400428772,0.001445174915716052,0.027456670999526978,0.03,0.024,take_profit,1,0,31,2024-11-01
2024-11-18,5014,15.0,0.7064832478694631,0,0.0066666919738054276,0.009999974630773067,-0.0066666919738054276,-0.0033333459869027138,-0.0033333459869027138,-0.009333345986902714,close,0,0,31,2024-11-01
2024-11-18,5284,143.47386169433594,0.7060162030018469,1,0.020761258900165558,0.0692041665315628,-0.006920402403920889,0.055363334715366364,0.03,0.024,take_profit,1,0,31,2024-11-01
2024-11-18,2393,69.64171600341797,0.7056198833844828,1,0.0066845109686255455,0.033422477543354034,-0.0013369608204811811,0.009358267299830914,0.03,0.024,take_profit,1,0,31,2024-11-01
2024-11-18,2880,23.877241134643555,0.7050135284531989,1,-5.768240640691147e-08,0.011904695071280003,-5.768240640691147e-08,0.009920557029545307,0.009920557029545307,0.003920557029545307,close,0,0,31,2024-11-01
2024-11-18,4772,159.56570434570312,0.7048954379136412,1,0.0062111420556902885,0.02795027196407318,-0.0031056280713528395,0.015527911484241486,0.015527911484241486,0.009527911484241485,close,0,0,31,2024-11-01
2024-11-19,2460,25.649999618530273,0.7188197479958279,0,-0.05847953259944916,-0.05847953259944916,-0.05847953259944916,-0.05847953259944916,-0.05847953259944916,-0.06447953259944916,gap_stop,0,1,31,2024-11-01
2024-11-19,2465,74.19999694824219,0.704273976006515,1,0.004043167922645807,0.004043167922645807,0.004043167922645807,0.004043167922645807,0.004043167922645807,-0.001956832077354193,close,0,0,31,2024-11-01
2024-11-19,3323,33.689571380615234,0.679394289660944,0,0.029239699244499207,0.029239699244499207,-0.08771935105323792,-0.05994155630469322,-0.02,-0.026000000000000002,stop_loss,0,1,31,2024-11-01
2024-11-19,3167,134.5,0.6781154739737313,0,-0.06319702416658401,-0.06319702416658401,-0.06319702416658401,-0.06319702416658401,-0.06319702416658401,-0.06919702416658402,gap_stop,0,1,31,2024-11-01
2024-11-19,3363,202.0,0.6776207141957656,1,0.024752475321292877,0.07920791953802109,0.019801979884505272,0.05445544421672821,0.03,0.024,take_profit,1,0,31,2024-11-01
2024-11-19,3706,73.19999694824219,0.674526377785902,0,-0.006830601487308741,-0.006830601487308741,-0.006830601487308741,-0.006830601487308741,-0.006830601487308741,-0.01283060148730874,close,0,0,31,2024-11-01
2024-11-19,5438,37.55533981323242,0.6709792997546252,0,0.06468305736780167,0.06468305736780167,-0.08150067925453186,-0.04527813196182251,0.03,0.024,gap_take_profit,1,1,31,2024-11-01
2024-11-19,3594,47.150001525878906,0.6689511938154846,1,0.010604453273117542,0.06468714773654938,0.0,0.01908796839416027,0.03,0.024,take_profit,1,0,31,2024-11-01
2024-11-19,3034,460.0430908203125,0.6656363060529161,0,-0.009268846362829208,-0.009268846362829208,-0.009268846362829208,-0.009268846362829208,-0.009268846362829208,-0.015268846362829208,close,0,0,31,2024-11-01
2024-11-19,3625,15.550000190734863,0.6647698581265492,1,0.012861724011600018,0.06430862098932266,-0.02572350949048996,0.012861724011600018,-0.02,-0.026000000000000002,ambiguous_stop_loss,1,1,31,2024-11-01
2024-11-19,5314,15.725000381469727,0.6620442967703022,0,-0.027027038857340813,0.03974562883377075,-0.036566026508808136,-0.027027038857340813,-0.027027038857340813,-0.03302703885734081,gap_stop,1,1,31,2024-11-01
2024-11-19,9921,145.8928985595703,0.6619751140073802,0,0.0,0.0,0.0,0.0,0.0,-0.006,close,0,0,31,2024-11-01
2024-11-19,8047,25.0,0.6619222788378034,1,0.0,0.054000016301870346,-0.06400001794099808,0.02599998563528061,-0.02,-0.026000000000000002,ambiguous_stop_loss,1,1,31,2024-11-01
2024-11-19,4956,37.54999923706055,0.6618870459072137,0,-0.003994612954556942,-0.003994612954556942,-0.003994612954556942,-0.003994612954556942,-0.003994612954556942,-0.009994612954556942,close,0,0,31,2024-11-01
2024-11-19,3081,334.01519775390625,0.6613073850438798,1,0.03139013797044754,0.09865471720695496,0.0014947731979191303,0.0702541172504425,0.03,0.024,gap_take_profit,1,0,31,2024-11-01
2024-11-19,3354,25.389427185058594,0.660055801846947,0,0.015564147382974625,0.019455211237072945,-0.06420242786407471,-0.06031136214733124,-0.02,-0.026000000000000002,stop_loss,0,1,31,2024-11-01
2024-11-19,2038,17.299999237060547,0.6584313314927968,0,-0.008670498616993427,-0.008670498616993427,-0.008670498616993427,-0.008670498616993427,-0.008670498616993427,-0.014670498616993427,close,0,0,31,2024-11-01
2024-11-19,5014,14.949999809265137,0.655736911550019,0,0.0,0.0033444943837821484,-0.030100321397185326,-0.023411333560943604,-0.02,-0.026000000000000002,stop_loss,0,1,31,2024-11-01
2024-11-19,8938,71.83108520507812,0.6532517154704275,0,-3.4704470408541965e-08,0.0026420336216688156,-0.00924702174961567,-0.007926038466393948,-0.007926038466393948,-0.013926038466393948,close,0,0,31,2024-11-01
2024-11-19,2427,25.450000762939453,0.6526653203427765,1,0.0019646065775305033,0.0019646065775305033,0.0019646065775305033,0.0019646065775305033,0.0019646065775305033,-0.004035393422469497,close,0,0,31,2024-11-01
2024-11-20,8104,55.599998474121094,0.6313391530949561,1,-0.03417262062430382,0.09712233394384384,-0.061151038855314255,0.023381350561976433,-0.03417262062430382,-0.040172620624303816,gap_stop,1,1,31,2024-11-01
2024-11-20,2444,16.700000762939453,0.6023385132481227,1,0.0,0.08682627230882645,-0.014970059506595135,0.07185621559619904,0.03,0.024,take_profit,1,0,31,2024-11-01
2024-11-20,1569,54.29999923706055,0.5980053139606201,1,-0.011049696244299412,0.09576428681612015,-0.03683241456747055,0.03683241456747055,-0.02,-0.026000000000000002,ambiguous_stop_loss,1,1,31,2024-11-01
2024-11-20,6541,68.19999694824219,0.5851880706886143,1,-0.004398759920150042,0.04838714376091957,-0.017595263198018074,0.023460501804947853,0.03,0.024,take_profit,1,0,31,2024-11-01
2024-11-20,2204,74.63020324707031,0.5767507762734713,1,0.04347829148173332,0.09937891364097595,0.01863357238471508,0.0546584352850914,0.03,0.024,gap_take_profit,1,0,31,2024-11-01
2024-11-20,8038,28.649999618530273,0.5581474001021066,1,0.09947645664215088,0.09947645664215088,0.08202444761991501,0.09947645664215088,0.03,0.024,gap_take_profit,1,0,31,2024-11-01
2024-11-20,7734,1411.5970458984375,0.5442406195190431,0,0.005524866282939911,0.016574587672948837,-0.04143643006682396,-0.024861890822649002,-0.02,-0.026000000000000002,stop_loss,0,1,31,2024-11-01
2024-11-20,4129,94.44114685058594,0.5354814272851072,0,0.006110057700425386,0.006110057700425386,-0.013238227926194668,-0.011201598681509495,-0.011201598681509495,-0.017201598681509493,close,0,0,31,2024-11-01
2024-11-20,2892,26.074146270751953,0.5301530034341309,0,-0.0072463699616491795,0.0036231849808245897,-0.012681148014962673,0.0,0.0,-0.006,close,0,0,31,2024-11-01
2024-11-20,3499,22.799999237060547,0.5300280633577117,1,0.00438598170876503,0.02850884012877941,-0.010964912362396717,0.01315794512629509,0.01315794512629509,0.00715794512629509,close,0,0,31,2024-11-01
2024-11-20,6121,341.79132080078125,0.525829241136917,1,0.008310363627970219,0.03047103062272072,0.00277019664645195,0.03047103062272072,0.03,0.024,take_profit,1,0,31,2024-11-01
2024-11-20,8089,87.38702392578125,0.5257562096591312,0,-0.009852144867181778,0.02955665811896324,-0.014778319746255875,-0.004926055669784546,-0.004926055669784546,-0.010926055669784546,close,0,0,31,2024-11-01
2024-11-20,3709,28.48497772216797,0.5228732434488453,1,0.005119556561112404,0.0443686917424202,-0.008532374165952206,0.04266216978430748,0.03,0.024,take_profit,1,0,31,2024-11-01
2024-11-20,3466,63.900001525878906,0.5213027281713563,0,-0.003129902295768261,0.007824726402759552,-0.025039158761501312,-0.025039158761501312,-0.02,-0.026000000000000002,stop_loss,0,1,31,2024-11-01
2024-11-20,4768,192.38095092773438,0.5197163246605441,0,-0.002475277753546834,0.002475277753546834,-0.017326707020401955,-0.017326707020401955,-0.017326707020401955,-0.023326707020401953,close,0,0,31,2024-11-01
2024-11-20,5351,33.650001525878906,0.5184697956432457,1,-0.0014859747607260942,0.013372865505516529,-0.01485884003341198,0.0044575841166079044,0.0044575841166079044,-0.0015424158833920957,close,0,0,31,2024-11-01
2024-11-20,3455,117.49198150634766,0.516978226421772,0,-2.043785052308067e-08,0.00787399522960186,-0.015748051926493645,-0.011811044067144394,-0.011811044067144394,-0.017811044067144392,close,0,0,31,2024-11-01
2024-11-20,4542,100.5,0.5163506598576785,0,0.004975124262273312,0.014925372786819935,-0.03184076398611069,-0.03184076398611069,-0.02,-0.026000000000000002,stop_loss,0,1,31,2024-11-01
2024-11-20,3322,16.850000381469727,0.515749015059187,1,0.0029673136305063963,0.09792282432317734,-0.008902054280042648,0.09792282432317734,0.03,0.024,take_profit,1,0,31,2024-11-01
2024-11-20,3374,189.03778076171875,0.5149499706949396,1,-0.010389606468379498,0.02857143245637417,-0.01298700924962759,0.007792212069034576,0.007792212069034576,0.0017922120690345763,close,0,0,31,2024-11-01
2024-11-21,8038,31.5,0.6950902047228394,1,-0.01587301678955555,0.04920632392168045,-0.01587301678955555,0.007936508394777775,0.03,0.024,take_profit,1,0,31,2024-11-01
2024-11-21,3706,79.9000015258789,0.6910813825400924,1,0.03879847750067711,0.0863579660654068,0.03504374623298645,0.03879847750067711,0.03,0.024,gap_take_profit,1,0,31,2024-11-01
2024-11-21,3323,34.82240295410156,0.680744701749568,0,0.03394627571105957,0.0735502764582634,-0.033946167677640915,0.0,0.03,0.024,gap_take_profit,1,1,31,2024-11-01
2024-11-21,6558,30.743667602539062,0.6793829938180674,1,0.05008075386285782,0.0856219008564949,-0.012924116104841232,0.040387723594903946,0.03,0.024,gap_take_profit,1,0,31,2024-11-01
2024-11-21,3211,165.5679168701172,0.6789451227413572,0,-0.02259887009859085,0.0,-0.03954802080988884,0.0,-0.02259887009859085,-0.02859887009859085,gap_stop,0,1,31,2024-11-01
2024-11-21,6446,569.770263671875,0.6787680305956142,0,-0.0035026881378144026,0.01050781924277544,-0.0035026881378144026,-0.0035026881378144026,-0.0035026881378144026,-0.009502688137814403,close,0,0,31,2024-11-01
2024-11-21,3511,48.650001525878906,0.6786117253531235,0,-0.021582795307040215,0.023638185113668442,-0.060637217015028,-0.054470740258693695,-0.021582795307040215,-0.027582795307040213,gap_stop,0,1,31,2024-11-01
2024-11-21,2303,41.7075080871582,0.6759367546577373,1,0.007882832549512386,0.018017984926700592,0.0011260934406891465,0.0011260934406891465,0.0011260934406891465,-0.004873906559310854,close,0,0,31,2024-11-01
2024-11-21,5876,36.862281799316406,0.6750004568097886,0,0.0026076538488268852,0.006518937181681395,-0.013037778437137604,-0.013037778437137604,-0.013037778437137604,-0.019037778437137602,close,0,0,31,2024-11-01
2024-11-21,1303,39.25570297241211,0.6745468378321335,0,0.009950235486030579,0.017412997782230377,-0.004975100047886372,-0.004975100047886372,-0.004975100047886372,-0.010975100047886372,close,0,0,31,2024-11-01
2024-11-21,2208,16.600000381469727,0.6743576925702841,1,0.00903612095862627,0.027108363807201385,0.006024119444191456,0.02409636229276657,0.02409636229276657,0.018096362292766573,close,0,0,31,2024-11-01
2024-11-21,2330,997.235107421875,0.6736521547778963,1,0.024752480909228325,0.03960396349430084,0.024752480909228325,0.02970297448337078,0.03,0.024,take_profit,1,0,31,2024-11-01
2024-11-21,4583,715.7721557617188,0.6724494970930365,1,0.015130716376006603,0.03989000245928764,0.006877621170133352,0.019257264211773872,0.03,0.024,take_profit,1,0,31,2024-11-01
2024-11-21,2451,86.76512145996094,0.6713870822237069,1,0.0021785700228065252,0.017429130151867867,0.0021785700228065252,0.004357185680419207,0.004357185680419207,-0.0016428143195807935,close,0,0,31,2024-11-01
2024-11-21,6505,42.45524215698242,0.6698565777537522,1,0.00806447770446539,0.018433159217238426,-0.0034562593791633844,0.0034561650827527046,0.0034561650827527046,-0.0025438349172472955,close,0,0,31,2024-11-01
2024-11-21,9939,143.13461303710938,0.669311232704956,1,0.0033556860871613026,0.010067095048725605,-0.0033557231072336435,0.0067113908007740974,0.0067113908007740974,0.0007113908007740973,close,0,0,31,2024-11-01
2024-11-21,1102,41.29650115966797,0.6688673521382369,1,0.009153228253126144,0.014874051325023174,0.0045766388066112995,0.0045766388066112995,0.0045766388066112995,-0.0014233611933887006,close,0,0,31,2024-11-01
2024-11-21,2105,48.59108352661133,0.6687187678503185,1,0.013671853579580784,0.031249932944774628,-0.0058593954890966415,0.0039062288124114275,0.03,0.024,take_profit,1,0,31,2024-11-01
2024-11-21,2028,22.280189514160156,0.6682420315141687,1,0.013274291530251503,0.015486731193959713,0.002212344668805599,0.006637140177190304,0.006637140177190304,0.0006371401771903037,close,0,0,31,2024-11-01
2024-11-21,6209,24.950000762939453,0.6680164640690859,0,0.006012008525431156,0.014027994126081467,-0.0040080309845507145,-0.0040080309845507145,-0.0040080309845507145,-0.010008030984550715,close,0,0,31,2024-11-01
2024-11-22,2392,76.4560317993164,0.6846744164446827,1,0.09887364506721497,0.09887364506721497,0.051314156502485275,0.09887364506721497,0.03,0.024,gap_take_profit,1,0,31,2024-11-01
2024-11-22,4523,37.400001525878906,0.6788137037359941,1,0.009358247742056847,0.024064108729362488,0.0013368779327720404,0.016042739152908325,0.016042739152908325,0.010042739152908325,close,0,0,31,2024-11-01
2024-11-22,5876,36.38167953491211,0.6782203061191543,0,-7.833173221172274e-09,0.007926097139716148,-0.017172999680042267,-0.017172999680042267,-0.017172999680042267,-0.023172999680042265,close,0,0,31,2024-11-01
2024-11-22,3042,103.21632385253906,0.6781578802358753,1,0.022935811430215836,0.022935811430215836,3.1051701654405406e-08,0.004587186966091394,0.004587186966091394,-0.0014128130339086057,close,0,0,31,2024-11-01
2024-11-22,8042,36.43473815917969,0.678106318888775,1,0.03002621792256832,0.0992167666554451,0.03002621792256832,0.0992167666554451,0.03,0.024,gap_take_profit,1,0,31,2024-11-01
2024-11-22,2376,271.535400390625,0.6778513561849996,1,0.014209579676389694,0.03730016574263573,0.005328584928065538,0.005328584928065538,0.03,0.024,take_profit,1,0,31,2024-11-01
2024-11-22,3712,65.74725341796875,0.6756680049302461,1,0.02725975215435028,0.0975610688328743,0.004304248373955488,0.06456246227025986,0.03,0.024,take_profit,1,0,31,2024-11-01
2024-11-22,2409,15.39867877960205,0.675057225591768,1,0.018987314775586128,0.022151822224259377,0.00316453049890697,0.006329039111733437,0.006329039111733437,0.00032903911173343646,close,0,0,31,2024-11-01
2024-11-22,2474,183.56198120117188,0.6738082161517879,1,0.0075566647574305534,0.010075557045638561,-0.01511336024850607,0.00503777340054512,0.00503777340054512,-0.0009622265994548799,close,0,0,31,2024-11-01
2024-11-22,3034,454.83148193359375,0.6735304403494276,1,0.012499991804361343,0.032291658222675323,0.012499991804361343,0.022916657850146294,0.03,0.024,take_profit,1,0,31,2024-11-01
2024-11-22,8131,29.983774185180664,0.6723611864289669,1,0.00632909731939435,0.011075980961322784,0.0015822737477719784,0.004746842663735151,0.004746842663735151,-0.0012531573362648488,close,0,0,31,2024-11-01
2024-11-22,4566,78.10054779052734,0.6717296324961233,1,0.011221912689507008,0.012468775734305382,-5.160181970609301e-08,0.0049874987453222275,0.0049874987453222275,-0.0010125012546777726,close,0,0,31,2024-11-01
2024-11-22,5864,16.06283187866211,0.6710839227559359,1,-0.003012166591361165,0.01204807311296463,-0.003012166591361165,0.006024069152772427,0.006024069152772427,2.406915277242648e-05,close,0,0,31,2024-11-01
2024-11-22,2881,84.95263671875,0.6704854988398773,1,0.01119821798056364,0.02127653732895851,0.006718917284160852,0.013437825255095959,0.013437825255095959,0.007437825255095959,close,0,0,31,2024-11-01
2024-11-22,8016,202.80142211914062,0.6704715844839334,0,0.002325568115338683,0.009302312508225441,-0.006976757198572159,-0.0023255946580320597,-0.0023255946580320597,-0.00832559465803206,close,0,0,31,2024-11-01
2024-11-22,6176,177.0263214111328,0.6698454911436024,1,0.010498707182705402,0.013123379088938236,1.9579550425419256e-08,0.005249363370239735,0.005249363370239735,-0.0007506366297602655,close,0,0,31,2024-11-01
2024-11-22,2912,259.7771301269531,0.6693120867749462,0,0.013011183589696884,0.02230486460030079,-0.001858705305494368,-0.001858705305494368,-0.001858705305494368,-0.007858705305494368,close,0,0,31,2024-11-01
2024-11-22,2002,21.735349655151367,0.6691207235432806,1,0.013574638403952122,0.020361952483654022,0.002262421417981386,0.009049734100699425,0.009049734100699425,0.0030497341006994246,close,0,0,31,2024-11-01
2024-11-22,6446,567.7745361328125,0.6682020086491226,1,0.010544816963374615,0.028119508177042007,0.010544816963374615,0.024604570120573044,0.024604570120573044,0.018604570120573045,close,0,0,31,2024-11-01
2024-11-22,6269,67.30000305175781,0.6681726380300663,1,0.005943445488810539,0.02080228552222252,0.005943445488810539,0.02080228552222252,0.02080228552222252,0.014802285522222519,close,0,0,31,2024-11-01
2024-11-25,8042,40.04967498779297,0.689902006772379,1,0.0997624322772026,0.0997624322772026,-5.1038494319755046e-08,0.026128269731998444,0.03,0.024,gap_take_profit,1,0,31,2024-11-01
2024-11-25,3707,50.599998474121094,0.6825519806818316,1,0.011857752688229084,0.03162059932947159,0.0019763298332691193,0.03162059932947159,0.03,0.024,take_profit,1,0,31,2024-11-01
2024-11-25,1476,523.7676391601562,0.6793302856748025,1,-0.0018314095214009285,0.02380961924791336,-0.007325915619730949,0.010989104397594929,0.010989104397594929,0.004989104397594929,close,0,0,31,2024-11-01
2024-11-25,2392,84.01551818847656,0.6776892777035615,0,-0.00911165215075016,-2.6780688777705564e-11,-0.029612824320793152,-0.0011390217114239931,-0.02,-0.026000000000000002,stop_loss,0,1,31,2024-11-01
2024-11-25,8131,30.126102447509766,0.6771522220011778,0,0.0015747974393889308,0.0015747974393889308,-0.023622028529644012,-0.01574801281094551,-0.02,-0.026000000000000002,stop_loss,0,1,31,2024-11-01
2024-11-25,2425,39.177913665771484,0.6715127239549242,1,0.0038120103999972343,0.0063532679341733456,-0.019059695303440094,0.005082638934254646,0.005082638934254646,-0.0009173610657453538,close,0,0,31,2024-11-01
2024-11-25,1432,21.450000762939453,0.6714869624955809,0,-0.030303100124001503,-0.027972044423222542,-0.09090912342071533,-0.0675991028547287,-0.030303100124001503,-0.0363031001240015,gap_stop,0,1,31,2024-11-01
2024-11-25,6770,17.600000381469727,0.6714699330766719,1,0.0028408656362444162,0.028409089893102646,-0.008522705174982548,0.019886385649442673,0.019886385649442673,0.013886385649442673,close,0,0,31,2024-11-01
2024-11-25,6415,438.5796813964844,0.670804169783767,0,-0.005668894853442907,0.006802760995924473,-0.02267569862306118,-0.007936468347907066,-0.02,-0.026000000000000002,stop_loss,0,1,31,2024-11-01
2024-11-25,5309,48.57625198364258,0.6695903867405676,0,0.010080641135573387,0.058467768132686615,-0.04637095704674721,-0.032258037477731705,-0.02,-0.026000000000000002,ambiguous_stop_loss,1,1,31,2024-11-01
2024-11-25,4129,93.7679443359375,0.6684722010659767,1,-2.712154412165546e-08,0.025640998035669327,-0.004102606792002916,0.015384587459266186,0.015384587459266186,0.009384587459266186,close,0,0,31,2024-11-01
2024-11-25,6138,158.97584533691406,0.6684177966695277,0,0.014970059506595135,0.014970059506595135,-0.002994012087583542,0.0,0.0,-0.006,close,0,0,31,2024-11-01
2024-11-25,2303,42.17718505859375,0.6683023521934973,1,-0.0022271829657256603,0.01781739480793476,-0.006681542843580246,0.011135896667838097,0.011135896667838097,0.0051358966678380965,close,0,0,31,2024-11-01
2024-11-25,5876,35.75689697265625,0.6666255330505247,1,0.0026881187222898006,0.01612897776067257,-0.012096806429326534,0.005376351997256279,0.005376351997256279,-0.0006236480027437211,close,0,0,31,2024-11-01
2024-11-25,3189,97.0999984741211,0.666528978704242,0,-0.0010298504494130611,0.012358441017568111,-0.015447991900146008,-0.0010298504494130611,-0.0010298504494130611,-0.007029850449413061,close,0,0,31,2024-11-01
2024-11-25,6462,181.0,0.6664577117495682,0,0.0,0.0,-0.019337017089128494,-0.0027624310459941626,-0.0027624310459941626,-0.008762431045994163,close,0,0,31,2024-11-01
2024-11-25,2330,1016.9822998046875,0.6664303957038159,0,-0.014563070610165596,-0.009708701632916927,-0.01941744051873684,-0.01941744051873684,-0.01941744051873684,-0.025417440518736838,close,0,0,31,2024-11-01
2024-11-25,2379,488.0,0.6662616920679169,0,-0.004098360426723957,0.014344261959195137,-0.013319672085344791,-0.013319672085344791,-0.013319672085344791,-0.01931967208534479,close,0,0,31,2024-11-01
2024-11-25,1529,26.25018882751465,0.6660147861386442,0,2.5659177893544438e-08,0.00950572919100523,-0.007604493759572506,-0.00190108607057482,-0.00190108607057482,-0.00790108607057482,close,0,0,31,2024-11-01
2024-11-25,9910,127.41728210449219,0.6656178361575429,0,0.015037594363093376,0.015037594363093376,-0.003759398590773344,0.0,0.0,-0.006,close,0,0,31,2024-11-01
2024-11-26,1536,65.27576446533203,0.7156254384103423,0,0.0075301919132471085,0.06777115911245346,-0.0647590160369873,-0.04969877377152443,-0.02,-0.026000000000000002,ambiguous_stop_loss,1,1,31,2024-11-01
2024-11-26,2474,181.2501220703125,0.6981869645953357,1,0.0051020304672420025,0.012755091302096844,-0.0025510306004434824,0.0051020304672420025,0.0051020304672420025,-0.0008979695327579976,close,0,0,31,2024-11-01
2024-11-26,3230,60.182498931884766,0.6971672926172562,0,0.0049506062641739845,0.029703084379434586,-0.09900984913110733,-0.09900984913110733,-0.02,-0.026000000000000002,stop_loss,0,1,31,2024-11-01
2024-11-26,4510,47.599998474121094,0.6970437240721039,1,0.04096640273928642,0.09873951226472855,0.03991600126028061,0.09873951226472855,0.03,0.024,gap_take_profit,1,0,31,2024-11-01
2024-11-26,4562,74.30000305175781,0.6933370052453005,0,0.022880174219608307,0.03903087228536606,-0.09690450131893158,-0.08479142189025879,-0.02,-0.026000000000000002,ambiguous_stop_loss,1,1,31,2024-11-01
2024-11-26,6129,19.25,0.6913654121898931,0,0.010389650240540504,0.010389650240540504,-0.02337666228413582,-0.02337666228413582,-0.02,-0.026000000000000002,stop_loss,0,1,31,2024-11-01
2024-11-26,9802,110.93394470214844,0.6891166269755361,0,-2.0263829725308824e-08,-2.0263829725308824e-08,-0.013333353213965893,-0.004444464575499296,-0.004444464575499296,-0.010444464575499296,close,0,0,31,2024-11-01
2024-11-26,6763,65.84940338134766,0.6889279557630545,1,0.017751531675457954,0.07100594788789749,0.005917166359722614,0.023668600246310234,0.03,0.024,take_profit,1,0,31,2024-11-01
2024-11-26,6492,45.04999923706055,0.6879766193793327,0,0.009988917969167233,0.012208640575408936,-0.022197559475898743,-0.018867891281843185,-0.02,-0.026000000000000002,stop_loss,0,1,31,2024-11-01
2024-11-26,8234,51.79999923706055,0.6875053213601738,0,0.01544400118291378,0.01544400118291378,-0.03088800236582756,-0.03088800236582756,-0.02,-0.026000000000000002,stop_loss,0,1,31,2024-11-01
2024-11-26,4532,25.248106002807617,0.6865428344808198,0,-0.0018622231436893344,0.005586594808846712,-0.018621956929564476,-0.014897547662258148,-0.014897547662258148,-0.020897547662258147,close,0,0,31,2024-11-01
2024-11-26,2305,17.799999237060547,0.6856730431012463,0,0.005617999006062746,0.00842705275863409,-0.04775272682309151,-0.042134832590818405,-0.02,-0.026000000000000002,stop_loss,0,1,31,2024-11-01
2024-11-26,1529,26.200284957885742,0.6853793313909959,0,-5.3528509624811704e-08,0.007619022857397795,-0.02857148088514805,-0.02857148088514805,-0.02,-0.026000000000000002,stop_loss,0,1,31,2024-11-01
2024-11-26,3163,122.40168762207031,0.6851582960420796,0,0.008032113313674927,0.02811243385076523,-0.032128527760505676,-0.024096399545669556,-0.02,-0.026000000000000002,stop_loss,0,1,31,2024-11-01
2024-11-26,3346,39.0640869140625,0.6849232536491662,0,0.0,0.0,-0.02033042348921299,-0.013977166265249252,-0.02,-0.026000000000000002,stop_loss,0,1,31,2024-11-01
2024-11-26,2497,63.35121536254883,0.6848046100075696,0,0.0075075505301356316,0.0075075505301356316,-0.02852851152420044,-0.02852851152420044,-0.02,-0.026000000000000002,stop_loss,0,1,31,2024-11-01
2024-11-26,2612,42.91285705566406,0.6845155578069105,0,2.509482754931014e-08,0.00445430027320981,-0.0378619059920311,-0.0345211997628212,-0.02,-0.026000000000000002,stop_loss,0,1,31,2024-11-01
2024-11-26,5607,42.92690658569336,0.6841385813982935,0,-0.0033407844603061676,8.414126284606027e-09,-0.01113585289567709,-0.005567922256886959,-0.005567922256886959,-0.01156792225688696,close,0,0,31,2024-11-01
2024-11-26,4142,21.700000762939453,0.6832402247223109,0,0.0,0.00921653676778078,-0.01843324862420559,-0.01843324862420559,-0.01843324862420559,-0.024433248624205588,close,0,0,31,2024-11-01
2024-11-26,4764,43.900001525878906,0.6832082851868467,0,0.0022778694983571768,0.0022778694983571768,-0.013667477294802666,-0.013667477294802666,-0.013667477294802666,-0.019667477294802664,close,0,0,31,2024-11-01
2024-11-27,8038,34.29999923706055,0.722140799203271,0,-0.04956270381808281,-0.04810488969087601,-0.09912535548210144,-0.06997083872556686,-0.04956270381808281,-0.05556270381808281,gap_stop,0,1,31,2024-11-01
2024-11-27,6117,105.0,0.7140459595107786,0,0.0,0.02380952425301075,-0.06095239520072937,-0.0542856864631176,-0.02,-0.026000000000000002,stop_loss,0,1,31,2024-11-01
2024-11-27,4510,52.29999923706055,0.7137155314407796,0,0.001912089646793902,0.08030594140291214,-0.09942640364170074,-0.09942640364170074,-0.02,-0.026000000000000002,ambiguous_stop_loss,1,1,31,2024-11-01
2024-11-27,6613,174.4595947265625,0.7062426550027279,1,0.013404824770987034,0.013404824770987034,-0.010723860934376717,0.005361929535865784,0.005361929535865784,-0.0006380704641342164,close,0,0,31,2024-11-01
2024-11-27,5244,44.25,0.7031688953589897,1,0.09943506121635437,0.09943506121635437,0.030508439987897873,0.06892653554677963,0.03,0.024,gap_take_profit,1,0,31,2024-11-01
2024-11-27,3551,123.86941528320312,0.7031527104392249,0,0.011857728473842144,0.011857728473842144,-0.02766796387732029,-0.007905117236077785,-0.02,-0.026000000000000002,stop_loss,0,1,31,2024-11-01
2024-11-27,3357,111.82128143310547,0.7012177004300852,0,0.01287553645670414,0.021459227427840233,-0.008583690971136093,0.0,0.0,-0.006,close,0,0,31,2024-11-01
2024-11-27,6151,45.326114654541016,0.7007097831128027,0,0.0042016515508294106,0.010504156351089478,-0.02731095254421234,-0.011554650962352753,-0.02,-0.026000000000000002,stop_loss,0,1,31,2024-11-01
2024-11-27,6788,223.12222290039062,0.7002524398545352,0,-0.0064239827916026115,0.010706637986004353,-0.044967878609895706,0.0,-0.02,-0.026000000000000002,stop_loss,0,1,31,2024-11-01
2024-11-27,2491,12.050000190734863,0.6997304659480923,0,0.004149393178522587,0.004149393178522587,-0.020746886730194092,-0.020746886730194092,-0.02,-0.026000000000000002,stop_loss,0,1,31,2024-11-01
2024-11-27,3628,48.75326919555664,0.6995673494977621,0,-0.017612511292099953,0.009784704074263573,-0.07338555157184601,-0.07338555157184601,-0.02,-0.026000000000000002,stop_loss,0,1,31,2024-11-01
2024-11-27,6658,78.84966278076172,0.6964019000283537,0,0.0075093889608979225,0.017521943897008896,-0.04380473494529724,-0.036295365542173386,-0.02,-0.026000000000000002,stop_loss,0,1,31,2024-11-01
2024-11-27,6548,32.68028259277344,0.6955801410768134,1,0.001470570801757276,0.011764755472540855,-0.007352936081588268,0.0058823805302381516,0.0058823805302381516,-0.00011761946976184857,close,0,0,31,2024-11-01
2024-11-27,3455,111.94117736816406,0.6955342995431179,1,2.9730333750421778e-08,0.004132261034101248,-0.028925590217113495,0.004132261034101248,-0.02,-0.026000000000000002,stop_loss,0,1,31,2024-11-01
2024-11-27,1785,59.70000076293945,0.6945666696248639,0,0.005025113001465797,0.006700129248201847,-0.028475724160671234,-0.01675041764974594,-0.02,-0.026000000000000002,stop_loss,0,1,31,2024-11-01
2024-11-27,8234,50.20000076293945,0.6943701247847688,0,0.003984078764915466,0.003984078764915466,-0.018924318253993988,-0.008964158594608307,-0.008964158594608307,-0.014964158594608307,close,0,0,31,2024-11-01
2024-11-27,6840,48.72730255126953,0.6925529154056868,0,-0.015290534123778343,-0.015290534123778343,-0.04179408773779869,-0.031600404530763626,-0.02,-0.026000000000000002,stop_loss,0,1,31,2024-11-01
2024-11-27,8240,50.122344970703125,0.6925320407427494,0,0.02272726409137249,0.030303049832582474,-0.0994318425655365,-0.0994318425655365,-0.02,-0.026000000000000002,ambiguous_stop_loss,1,1,31,2024-11-01
2024-11-27,3498,52.0,0.6916585552015022,1,0.013461553491652012,0.024999985471367836,0.0,0.0038461685180664062,0.0038461685180664062,-0.002153831481933594,close,0,0,31,2024-11-01
2024-11-27,3581,60.16093444824219,0.6908637280421679,0,0.01147548109292984,0.01147548109292984,-0.024590106680989265,-0.011475364677608013,-0.02,-0.026000000000000002,stop_loss,0,1,31,2024-11-01
2024-11-28,8042,42.28522872924805,0.6798521077258697,1,0.034870631992816925,0.09111359715461731,-0.028121476992964745,0.030371177941560745,0.03,0.024,gap_take_profit,1,1,31,2024-11-01
2024-11-28,6270,24.78632354736328,0.673028710346459,1,0.011560652405023575,0.025048142299056053,-0.005780416540801525,0.021194564178586006,0.021194564178586006,0.015194564178586006,close,0,0,31,2024-11-01
2024-11-28,6415,409.2416076660156,0.6724943569756611,1,-0.007290446199476719,0.035236891359090805,-0.008505512960255146,0.02430129051208496,0.03,0.024,take_profit,1,0,31,2024-11-01
2024-11-28,5392,26.899999618530273,0.6720127008540311,1,0.0,0.00929368007928133,-0.0074349017813801765,0.001858778647147119,0.001858778647147119,-0.004141221352852881,close,0,0,31,2024-11-01
2024-11-28,6435,87.20062255859375,0.671577051234502,1,-0.003293032292276621,0.005488476250320673,-0.012074625119566917,0.0010976800695061684,0.0010976800695061684,-0.004902319930493832,close,0,0,31,2024-11-01
2024-11-28,6515,1069.1190185546875,0.6714778114187718,1,1.0256704996436383e-07,0.09633038938045502,-0.02752283588051796,0.08256892114877701,-0.02,-0.026000000000000002,ambiguous_stop_loss,1,1,31,2024-11-01
2024-11-28,6113,21.967567443847656,0.67105835400972,0,0.0,0.008928605355322361,-0.006696411874145269,0.0,0.0,-0.006,close,0,0,31,2024-11-01
2024-11-28,6530,77.93374633789062,0.6704301375214379,0,-0.029887905344367027,-0.019925322383642197,-0.07845579832792282,-0.0660024955868721,-0.029887905344367027,-0.035887905344367026,gap_stop,0,1,31,2024-11-01
2024-11-28,4583,648.8223876953125,0.6683134552910744,1,-0.0015174814034253359,0.03186643123626709,-0.018209438771009445,0.02883153036236763,0.03,0.024,take_profit,1,0,31,2024-11-01
2024-11-28,3360,15.75,0.6677132612225534,0,0.0063492306508123875,0.02222224697470665,-0.0063492306508123875,-0.0031746153254061937,-0.0031746153254061937,-0.009174615325406194,close,0,0,31,2024-11-01
2024-11-28,2323,11.199999809265137,0.6675935273326128,1,-0.008928520604968071,0.013392908498644829,-0.013392823748290539,0.0044643026776611805,0.0044643026776611805,-0.0015356973223388196,close,0,0,31,2024-11-01
2024-11-28,6239,115.38129425048828,0.6675889325168795,1,-0.008230469189584255,0.01646088808774948,-0.028806600719690323,0.008230435661971569,-0.02,-0.026000000000000002,stop_loss,0,1,31,2024-11-01
2024-11-28,6683,298.8973693847656,0.6674737091193744,1,-2.2689006229370534e-09,0.027597399428486824,-0.0032467555720359087,0.022727269679307938,0.022727269679307938,0.01672726967930794,close,0,0,31,2024-11-01
2024-11-28,6223,715.0,0.6672977988173198,1,0.00699300691485405,0.09090909361839294,0.001398601452820003,0.09090909361839294,0.03,0.024,take_profit,1,0,31,2024-11-01
2024-11-28,4533,33.61235046386719,0.6671561706191048,1,0.014164294116199017,0.03116152621805668,-0.007082165218889713,0.024079373106360435,0.03,0.024,take_profit,1,0,31,2024-11-01
2024-11-28,3036,103.1476821899414,0.6668910891401594,1,-1.2103484436920553e-08,0.027777764946222305,-0.009259271435439587,0.01851850561797619,0.01851850561797619,0.012518505617976189,close,0,0,31,2024-11-01
2024-11-28,6446,552.8068237304688,0.6667713096124731,1,-0.012635300867259502,0.07761741429567337,-0.019855517894029617,0.04873654618859291,0.03,0.024,take_profit,1,0,31,2024-11-01
2024-11-28,6695,53.099998474121094,0.6659262061247591,1,-0.0037664209958165884,0.016949182376265526,-0.005649703089147806,0.005649775266647339,0.005649775266647339,-0.00035022473335266126,close,0,0,31,2024-11-01
2024-11-28,3167,115.0,0.6649505861518528,1,0.004347825888544321,0.0260869562625885,-0.004347825888544321,0.004347825888544321,0.004347825888544321,-0.001652174111455679,close,0,0,31,2024-11-01
2024-11-28,2379,471.5,0.6638844401756288,1,0.001060445443727076,0.01908801682293415,-0.007423117756843567,0.009544008411467075,0.009544008411467075,0.0035440084114670752,close,0,0,31,2024-11-01
2024-11-29,1587,37.5,0.759585940669503,1,0.010498645715415478,0.03674536198377609,-0.01706038787961006,0.019684957340359688,0.03,0.024,take_profit,1,0,31,2024-11-01
2024-11-29,4938,89.18414306640625,0.7587011095862262,1,0.00848354771733284,0.019088001921772957,0.00530225969851017,0.00530225969851017,0.00530225969851017,-0.0006977403014898301,close,0,0,31,2024-11-01
2024-11-29,6405,38.94328689575195,0.7543557894191799,0,0.015345307067036629,0.015345307067036629,-0.04603580757975578,-0.04603580757975578,-0.02,-0.026000000000000002,stop_loss,0,1,31,2024-11-01
2024-11-29,2002,20.850200653076172,0.7537487281184871,0,0.0,0.011792452074587345,0.0,0.0,0.0,-0.006,close,0,0,31,2024-11-01
2024-11-29,6207,57.599998474121094,0.7535545978031634,1,0.0173611119389534,0.022569498047232628,0.0017361509380862117,0.0052083865739405155,0.0052083865739405155,-0.0007916134260594846,close,0,0,31,2024-11-01
2024-11-29,1301,40.77086639404297,0.752165933335216,0,0.0024184619542211294,0.018137875944375992,-0.013301043771207333,-0.0036274876911193132,-0.0036274876911193132,-0.009627487691119313,close,0,0,31,2024-11-01
2024-11-29,2303,40.90904998779297,0.750906339450457,1,0.009184853173792362,0.02411017380654812,0.005740501452237368,0.02411017380654812,0.02411017380654812,0.01811017380654812,close,0,0,31,2024-11-01
2024-11-29,2376,261.8893737792969,0.7502098520192526,1,0.014732948504388332,0.022099431604146957,0.003683225018903613,0.007366466335952282,0.007366466335952282,0.0013664663359522818,close,0,0,31,2024-11-01
2024-11-29,6509,39.09077835083008,0.7495280766398339,0,0.0024599344469606876,0.013530062511563301,-0.004920119885355234,-0.0024601330514997244,-0.0024601330514997244,-0.008460133051499725,close,0,0,31,2024-11-01
2024-11-29,6113,21.967567443847656,0.7490996562606148,0,0.04241074249148369,0.04241074249148369,-0.0022321140859276056,-0.0022321140859276056,0.03,0.024,gap_take_profit,1,0,31,2024-11-01
2024-11-29,3581,58.87881851196289,0.7466778886686817,0,0.013400305062532425,0.016750400885939598,-0.060301560908555984,-0.03517593443393707,-0.02,-0.026000000000000002,stop_loss,0,1,31,2024-11-01
2024-11-29,4952,47.416072845458984,0.746095175290266,1,0.007984037511050701,0.03393212705850601,0.001996029168367386,0.003992006648331881,0.03,0.024,take_profit,1,0,31,2024-11-01
2024-11-29,2641,18.435178756713867,0.7459850737771705,0,0.0052909813821315765,0.01058200653642416,-0.00793653167784214,-0.005291069392114878,-0.005291069392114878,-0.011291069392114878,close,0,0,31,2024-11-01
2024-11-29,6108,15.800000190734863,0.7456046396887119,1,0.003164568915963173,0.015822723507881165,0.003164568915963173,0.012658216059207916,0.012658216059207916,0.006658216059207916,close,0,0,31,2024-11-01
2024-11-29,1595,48.400001525878906,0.745226579013952,0,0.014462746679782867,0.016528910025954247,-0.041322313249111176,-0.041322313249111176,-0.02,-0.026000000000000002,stop_loss,0,1,31,2024-11-01
2024-11-29,3490,31.820804595947266,0.7449815106938832,0,0.008982055820524693,0.014970102347433567,-0.023952145129442215,-0.023952145129442215,-0.02,-0.026000000000000002,stop_loss,0,1,31,2024-11-01
2024-11-29,8454,330.6292724609375,0.7442106617770444,0,5.566021243907926e-08,0.008253075182437897,-0.0013754769461229444,-0.0013754769461229444,-0.0013754769461229444,-0.0073754769461229445,close,0,0,31,2024-11-01
2024-11-29,6243,45.80366897583008,0.7441079480368799,1,0.02016986533999443,0.04033973440527916,0.0053078532218933105,0.03397032245993614,0.03,0.024,take_profit,1,0,31,2024-11-01
2024-11-29,3663,77.0869369506836,0.7437326186598452,1,0.011597988195717335,0.011597988195717335,-0.007731909863650799,0.006443328689783812,0.006443328689783812,0.00044332868978381144,close,0,0,31,2024-11-01
2024-11-29,2637,68.81297302246094,0.7434451368156624,0,0.01073827501386404,0.013422797434031963,-0.026845658197999,-0.017449725419282913,-0.02,-0.026000000000000002,stop_loss,0,1,31,2024-11-01
2024-12-02,1616,20.18968963623047,0.5588620310490575,1,0.011737136170268059,0.021126843988895416,-0.004694718401879072,0.00704237213358283,0.00704237213358283,0.0010423721335828303,close,0,0,32,2024-12-01
2024-12-02,1617,17.428571701049805,0.5588620310490575,1,0.019444400444626808,0.019444400444626808,-6.40044035549181e-08,0.005555512383580208,0.005555512383580208,-0.0004444876164197923,close,0,0,32,2024-12-01
2024-12-02,1603,37.349998474121094,0.5588620310490575,1,0.009370878338813782,0.016064319759607315,0.0013387697981670499,0.008032210171222687,0.008032210171222687,0.0020322101712226866,close,0,0,32,2024-12-01
2024-12-02,1809,20.721092224121094,0.5588620310490575,1,0.004750668071210384,0.0356295108795166,0.004750668071210384,0.0261283777654171,0.03,0.024,take_profit,1,0,32,2024-12-01
2024-12-02,1605,24.885847091674805,0.5588620310490575,1,0.007843157276511192,0.01764707826077938,-0.01176468562334776,0.01568624936044216,0.01568624936044216,0.009686249360442161,close,0,0,32,2024-12-01
2024-12-02,1608,27.29413414001465,0.5588620310490575,0,0.0017636169213801622,0.014109308831393719,-0.005291016306728125,-0.0017637332202866673,-0.0017637332202866673,-0.0077637332202866675,close,0,0,32,2024-12-01
2024-12-02,1609,43.543365478515625,0.5588620310490575,1,0.0077604930847883224,0.023281559348106384,0.005543197505176067,0.014412378892302513,0.014412378892302513,0.008412378892302513,close,0,0,32,2024-12-01
2024-12-02,8227,151.8626708984375,0.5577011863160269,0,0.009771933779120445,0.01302926242351532,-0.0032573817297816277,-0.0032573817297816277,-0.0032573817297816277,-0.009257381729781628,close,0,0,32,2024-12-01
2024-12-02,8234,50.5,0.5577011863160269,1,0.005940578877925873,0.03168313950300217,0.005940578877925873,0.027722802013158798,0.03,0.024,take_profit,1,0,32,2024-12-01
2024-12-02,8240,43.47733688354492,0.5577011863160269,1,0.006550200283527374,0.021834060549736023,-0.008733576163649559,0.007641970179975033,0.007641970179975033,0.0016419701799750327,close,0,0,32,2024-12-01
2024-12-02,8249,50.80986404418945,0.5577011863160269,0,0.007575766183435917,0.028409071266651154,-0.015151520259678364,-0.007575734052807093,-0.007575734052807093,-0.013575734052807093,close,0,0,32,2024-12-01
2024-12-02,8255,163.5,0.5577011863160269,1,0.00917431153357029,0.015290520153939724,0.0,0.0030581040773540735,0.0030581040773540735,-0.0029418959226459266,close,0,0,32,2024-12-01
2024-12-02,8261,86.54782104492188,0.5577011863160269,0,0.012195190414786339,0.01995568908751011,-0.0022172611206769943,0.0,0.0,-0.006,close,0,0,32,2024-12-01
2024-12-02,8155,111.4758071899414,0.5577011863160269,1,5.387822810121179e-08,0.05217396840453148,5.387822810121179e-08,0.021739184856414795,0.03,0.024,take_profit,1,0,32,2024-12-01
2024-12-02,8163,45.93978500366211,0.5577011863160269,1,0.006179134361445904,0.019567424431443214,-0.010298707522451878,0.00514928437769413,0.00514928437769413,-0.0008507156223058702,close,0,0,32,2024-12-01
2024-12-02,8176,15.149999618530273,0.5577011863160269,1,-0.0033002798445522785,0.066006600856781,-0.0033002798445522785,0.04620467126369476,0.03,0.024,take_profit,1,0,32,2024-12-01
2024-12-02,4157,12.149999618530273,0.5577011863160269,0,0.008230484090745449,0.020576132461428642,0.0,0.0,0.0,-0.006,close,0,0,32,2024-12-01
2024-12-02,1717,28.169172286987305,0.5577011863160269,1,0.005084734410047531,0.016949154436588287,0.005084734410047531,0.008474578149616718,0.008474578149616718,0.002474578149616718,close,0,0,32,2024-12-01
2024-12-02,8908,46.774288177490234,0.5577011863160269,1,0.0010383614571765065,0.004153578542172909,0.0010383614571765065,0.003115172730758786,0.003115172730758786,-0.002884827269241214,close,0,0,32,2024-12-01
2024-12-02,9917,123.81729888916016,0.5577011863160269,0,0.0,0.011583011597394943,-0.0038610037881881,0.0,0.0,-0.006,close,0,0,32,2024-12-01
2024-12-03,9933,36.99366760253906,0.5534570380466588,0,0.0024569823872298002,0.009828032925724983,-0.0024569823872298002,-0.0024569823872298002,-0.0024569823872298002,-0.0084569823872298,close,0,0,32,2024-12-01
2024-12-03,9955,29.549999237060547,0.5534570380466588,1,-0.005076129455119371,0.011844344437122345,-0.005076129455119371,0.006768215447664261,0.006768215447664261,0.0007682154476642607,close,0,0,32,2024-12-01
2024-12-03,9921,149.31991577148438,0.5534570380466588,1,0.003278618212789297,0.02295074798166752,-0.006557446904480457,0.003278618212789297,0.003278618212789297,-0.002721381787210703,close,0,0,32,2024-12-01
2024-12-03,8938,69.83841705322266,0.5534570380466588,1,-0.0027173839043825865,0.00407609436661005,-0.004076058976352215,0.00407609436661005,0.00407609436661005,-0.00192390563338995,close,0,0,32,2024-12-01
2024-12-03,9802,104.52442932128906,0.5534570380466588,0,-3.455636132798645e-08,-3.455636132798645e-08,-0.047169845551252365,-0.023584939539432526,-0.02,-0.026000000000000002,stop_loss,0,1,32,2024-12-01
2024-12-03,9902,16.272624969482422,0.5534570380466588,1,0.012084681540727615,0.012084681540727615,4.1778061898867236e-08,0.0030212593264877796,0.0030212593264877796,-0.0029787406735122205,close,0,0,32,2024-12-01
2024-12-03,8476,25.772705078125,0.5534570380466588,0,0.0018518714932724833,0.0018518714932724833,-0.012962929904460907,-0.007407388184219599,-0.007407388184219599,-0.013407388184219599,close,0,0,32,2024-12-01
2024-12-03,6113,22.016603469848633,0.5534570380466588,1,0.0022271601483225822,0.015590154565870762,-0.006681559607386589,0.008908657357096672,0.008908657357096672,0.002908657357096672,close,0,0,32,2024-12-01
2024-12-03,8155,113.89920043945312,0.5534570380466588,1,0.004255305044353008,0.02553190104663372,-1.3954945643490646e-08,0.021276582032442093,0.021276582032442093,0.015276582032442093,close,0,0,32,2024-12-01
2024-12-03,8150,30.68488121032715,0.5534570380466588,0,0.0,0.009345890022814274,-0.0031152174342423677,0.0,0.0,-0.006,close,0,0,32,2024-12-01
2024-12-03,8249,50.42494201660156,0.5534570380466588,1,0.01526716910302639,0.01526716910302639,-0.011450416408479214,0.003816744312644005,0.003816744312644005,-0.0021832556873559953,close,0,0,32,2024-12-01
2024-12-03,6152,13.350000381469727,0.5534570380466588,1,-0.011235998012125492,0.018726591020822525,-0.014981330372393131,0.018726591020822525,0.018726591020822525,0.012726591020822525,close,0,0,32,2024-12-01
2024-12-03,6153,16.899999618530273,0.5534570380466588,1,0.00591718265786767,0.017751546576619148,0.00591718265786767,0.01479289960116148,0.01479289960116148,0.00879289960116148,close,0,0,32,2024-12-01
2024-12-03,3066,26.200000762939453,0.5534570380466588,1,0.0,0.015267160721123219,0.0,0.005725176073610783,0.005725176073610783,-0.0002748239263892175,close,0,0,32,2024-12-01
2024-12-03,3147,116.18966674804688,0.5534570380466588,1,0.029962614178657532,0.037453215569257736,0.0074906847439706326,0.029962614178657532,0.03,0.024,take_profit,1,0,32,2024-12-01
2024-12-03,3167,115.0,0.5534570380466588,1,0.008695651777088642,0.04782608523964882,0.008695651777088642,0.0260869562625885,0.03,0.024,take_profit,1,0,32,2024-12-01
2024-12-03,3312,57.34331130981445,0.5534570380466588,1,0.006768173538148403,0.03045686148107052,-4.16291356941656e-08,0.020304540172219276,0.03,0.024,take_profit,1,0,32,2024-12-01
2024-12-03,3321,16.0,0.5534570380466588,0,0.0,0.00625002384185791,-0.012499988079071045,-0.003125011920928955,-0.003125011920928955,-0.009125011920928955,close,0,0,32,2024-12-01
2024-12-03,3322,17.649999618530273,0.5534570380466588,1,0.011331488378345966,0.016997233033180237,0.0028329261112958193,0.011331488378345966,0.011331488378345966,0.005331488378345966,close,0,0,32,2024-12-01
2024-12-03,3289,139.42160034179688,0.5534570380466588,1,0.010452905669808388,0.027874507009983063,0.010452905669808388,0.017421545460820198,0.017421545460820198,0.011421545460820198,close,0,0,32,2024-12-01
2024-12-04,4414,11.994476318359375,0.5439928310762312,1,0.03481011465191841,0.03481011465191841,-0.006329191382974386,0.01582277938723564,0.03,0.024,gap_take_profit,1,0,32,2024-12-01
2024-12-04,6206,79.21556091308594,0.5439928310762312,1,-0.0012062926543876529,0.006031324155628681,-0.004825147334486246,0.0036187239456921816,0.0036187239456921816,-0.0023812760543078185,close,0,0,32,2024-12-01
2024-12-04,2258,41.29999923706055,0.5439928310762312,1,0.008474632166326046,0.008474632166326046,-0.007263903971761465,0.004842633381485939,0.004842633381485939,-0.001157366618514061,close,0,0,32,2024-12-01
2024-12-04,4729,31.66238021850586,0.5439928310762312,0,0.0015407761093229055,0.010785744525492191,-0.04468418285250664,-0.03698002174496651,-0.02,-0.026000000000000002,stop_loss,0,1,32,2024-12-01
2024-12-04,4916,32.0,0.5439928310762312,1,0.01250004768371582,0.03437495231628418,0.0015624761581420898,0.0031249523162841797,0.03,0.024,take_profit,1,0,32,2024-12-01
2024-12-04,3416,144.52346801757812,0.5439928310762312,1,0.00996672548353672,0.013288985006511211,-5.1221984875837734e-08,0.006644466891884804,0.006644466891884804,0.0006444668918848036,close,0,0,32,2024-12-01
2024-12-04,5258,88.15946960449219,0.5439928310762312,0,0.00985752698034048,0.013143430463969707,-0.017524728551506996,-0.014238824136555195,-0.014238824136555195,-0.020238824136555193,close,0,0,32,2024-12-01
2024-12-04,2393,72.71414184570312,0.5439928310762312,1,5.456767127043349e-08,0.033290691673755646,-0.001280335709452629,0.02816912904381752,0.03,0.024,take_profit,1,0,32,2024-12-01
2024-12-04,3105,116.1647720336914,0.5439928310762312,0,0.008510681800544262,0.008510681800544262,-0.025531873106956482,-0.025531873106956482,-0.02,-0.026000000000000002,stop_loss,0,1,32,2024-12-01
2024-12-04,5490,26.006519317626953,0.5439928310762312,0,-0.0018975766142830253,0.01707775518298149,-0.0018975766142830253,0.0,0.0,-0.006,close,0,0,32,2024-12-01
2024-12-04,6753,105.0,0.5439928310762312,0,0.004761904943734407,0.009523809887468815,-0.004761904943734407,-0.004761904943734407,-0.004761904943734407,-0.010761904943734408,close,0,0,32,2024-12-01
2024-12-04,6664,252.2746124267578,0.5439928310762312,0,0.005692552775144577,0.017077751457691193,-0.011385245248675346,-0.009487711824476719,-0.009487711824476719,-0.015487711824476719,close,0,0,32,2024-12-01
2024-12-04,3040,47.73622131347656,0.5439928310762312,0,0.007216425146907568,0.04123707488179207,-0.007216501049697399,-0.006185588892549276,0.03,0.024,take_profit,1,0,32,2024-12-01
2024-12-04,5515,25.242122650146484,0.5439928310762312,0,0.0018248973647132516,0.01277377549558878,-0.005474401172250509,-0.005474401172250509,-0.005474401172250509,-0.01147440117225051,close,0,0,32,2024-12-01
2024-12-04,1597,89.25882720947266,0.5439928310762312,1,0.010000032372772694,0.03333334997296333,-0.008888907730579376,0.015555587597191334,0.03,0.024,take_profit,1,0,32,2024-12-01
2024-12-04,8476,25.581796646118164,0.5438795177040174,0,0.0037313152570277452,0.013059672899544239,-0.0037313285283744335,-0.0018656854517757893,-0.0018656854517757893,-0.00786568545177579,close,0,0,32,2024-12-01
2024-12-04,1436,94.89559173583984,0.5438795177040174,0,0.0,0.0,-0.016194364055991173,-0.012145772576332092,-0.012145772576332092,-0.01814577257633209,close,0,0,32,2024-12-01
2024-12-04,9902,16.321788787841797,0.5438795177040174,1,0.012048046104609966,0.012048046104609966,-0.006024195812642574,0.0030119249131530523,0.0030119249131530523,-0.002988075086846948,close,0,0,32,2024-12-01
2024-12-04,1309,15.577897071838379,0.5438795177040174,0,0.006309103220701218,0.006309103220701218,-0.00946376658976078,-0.006309180520474911,-0.006309180520474911,-0.01230918052047491,close,0,0,32,2024-12-01
2024-12-04,1402,31.938175201416016,0.5438795177040174,0,0.004464300349354744,0.00892863143235445,-0.010416652075946331,-0.0014881036477163434,-0.0014881036477163434,-0.0074881036477163435,close,0,0,32,2024-12-01
2024-12-05,4755,139.15151977539062,0.49430022897137293,0,-0.02439022623002529,0.06271778792142868,-0.04529615119099617,-0.01742158643901348,-0.02439022623002529,-0.03039022623002529,gap_stop,1,1,32,2024-12-01
2024-12-05,4919,103.40740203857422,0.49430022897137293,0,0.014423133805394173,0.033653903752565384,-0.0538460873067379,-0.04807686805725098,-0.02,-0.026000000000000002,ambiguous_stop_loss,1,1,32,2024-12-01
2024-12-05,3661,2575.0,0.49430022897137293,0,0.017475727945566177,0.029126213863492012,-0.01165048498660326,-0.00582524249330163,-0.00582524249330163,-0.01182524249330163,close,0,0,32,2024-12-01
2024-12-05,5245,36.400001525878906,0.49430022897137293,0,0.0,0.026098815724253654,-0.048076920211315155,-0.045329708606004715,-0.02,-0.026000000000000002,stop_loss,0,1,32,2024-12-01
2024-12-05,6426,107.0,0.49430022897137293,1,0.0,0.06542056053876877,-0.032710280269384384,0.014018691144883633,-0.02,-0.026000000000000002,ambiguous_stop_loss,1,1,32,2024-12-01
2024-12-05,2468,23.649999618530273,0.49430022897137293,1,0.025369996204972267,0.09936577081680298,0.021141650155186653,0.09936577081680298,0.03,0.024,take_profit,1,0,32,2024-12-01
2024-12-05,6510,907.4535522460938,0.49430022897137293,0,6.370814276124293e-08,0.02510923519730568,-0.019650593400001526,-0.007641857955604792,-0.007641857955604792,-0.013641857955604792,close,0,0,32,2024-12-01
2024-12-05,6588,47.400001525878906,0.49430022897137293,1,0.06329113990068436,0.09915605187416077,0.029535815119743347,0.09915605187416077,0.03,0.024,gap_take_profit,1,0,32,2024-12-01
2024-12-05,6141,13.800000190734863,0.49430022897137293,1,0.007246335037052631,0.0978260412812233,0.0,0.0978260412812233,0.03,0.024,take_profit,1,0,32,2024-12-01
2024-12-05,6148,27.814123153686523,0.49430022897137293,1,0.07155323773622513,0.09598600119352341,-0.012216449715197086,0.01396156009286642,0.03,0.024,gap_take_profit,1,0,32,2024-12-01
2024-12-05,3029,127.99319458007812,0.49430022897137293,1,0.015094286762177944,0.09811314940452576,0.007547117304056883,0.09811314940452576,0.03,0.024,take_profit,1,0,32,2024-12-01
2024-12-05,6214,136.177978515625,0.49430022897137293,1,0.01748250238597393,0.0979020819067955,0.01048949547111988,0.0979020819067955,0.03,0.024,take_profit,1,0,32,2024-12-01
2024-12-05,6221,68.69999694824219,0.49430022897137293,0,-0.011644766665995121,0.01310045924037695,-0.037845686078071594,-0.029112081974744797,-0.02,-0.026000000000000002,stop_loss,0,1,32,2024-12-01
2024-12-05,6112,53.916072845458984,0.49430022897137293,1,0.012844041921198368,0.0990825891494751,-0.0055045816116034985,0.0990825891494751,0.03,0.024,take_profit,1,0,32,2024-12-01
2024-12-05,3229,19.950000762939453,0.49430022897137293,1,-0.005012550391256809,0.09523807466030121,-0.022556427866220474,0.015037555247545242,-0.02,-0.026000000000000002,ambiguous_stop_loss,1,1,32,2024-12-01
2024-12-05,5457,63.400001525878906,0.49430022897137293,0,0.0,0.003154525998979807,-0.0678233876824379,-0.06151421740651131,-0.02,-0.026000000000000002,stop_loss,0,1,32,2024-12-01
2024-12-05,2453,55.03999710083008,0.49430022897137293,1,0.012152797542512417,0.09375003725290298,-0.005208314396440983,0.06250004470348358,0.03,0.024,take_profit,1,0,32,2024-12-01
2024-12-05,8043,36.46159362792969,0.4942799522406379,0,-0.0013315706746652722,-3.309598284317872e-08,-0.04394138231873512,-0.04394138231873512,-0.02,-0.026000000000000002,stop_loss,0,1,32,2024-12-01
2024-12-05,6446,597.7099609375,0.4942799522406379,0,0.02170283906161785,0.03505843132734299,-0.013355592265725136,-0.011686143465340137,0.03,0.024,take_profit,1,0,32,2024-12-01
2024-12-05,4763,89.61351776123047,0.4923107295160322,1,0.001082171918824315,0.025973977521061897,0.001082171918824315,0.001082171918824315,0.001082171918824315,-0.004917828081175685,close,0,0,32,2024-12-01
2024-12-06,2399,32.70000076293945,0.49170696616010506,0,0.019877605140209198,0.04128435626626015,-0.039755385369062424,-0.0107034333050251,-0.02,-0.026000000000000002,ambiguous_stop_loss,1,1,32,2024-12-01
2024-12-06,3321,17.25,0.4869179047269185,0,-0.014492753893136978,-0.011594247072935104,-0.07246376574039459,-0.06666664779186249,-0.02,-0.026000000000000002,stop_loss,0,1,32,2024-12-01
2024-12-06,6112,59.258216857910156,0.4869179047269185,0,0.018363896757364273,0.025041718035936356,-0.06343913078308105,-0.06010022014379501,-0.02,-0.026000000000000002,stop_loss,0,1,32,2024-12-01
2024-12-06,6937,372.6942138671875,0.4869179047269185,1,0.04648078233003616,0.0996016338467598,0.003984102513641119,0.08100933581590652,0.03,0.024,gap_take_profit,1,0,32,2024-12-01
2024-12-06,6695,64.0,0.4869179047269185,1,0.0703125,0.09687495231628418,0.046875,0.0546875,0.03,0.024,gap_take_profit,1,0,32,2024-12-01
2024-12-06,2436,61.51309585571289,0.4869179047269185,0,0.0047318595461547375,0.011040971614420414,-0.07728707790374756,-0.06466879695653915,-0.02,-0.026000000000000002,stop_loss,0,1,32,2024-12-01
2024-12-06,6243,51.83302688598633,0.4869179047269185,1,0.031894948333501816,0.09756099432706833,0.0037523596547544003,0.0037523596547544003,0.03,0.024,gap_take_profit,1,0,32,2024-12-01
2024-12-06,3607,20.057743072509766,0.4869179047269185,0,0.07600954920053482,0.08313542604446411,-0.038004688918590546,-0.033254075795412064,0.03,0.024,gap_take_profit,1,1,32,2024-12-01
2024-12-06,6588,52.099998474121094,0.4869179047269185,0,-0.0662374272942543,-0.06256118416786194,-0.13608577847480774,-0.09932344406843185,-0.0662374272942543,-0.07223742729425431,gap_stop,0,1,32,2024-12-01
2024-12-06,6877,83.90314483642578,0.4869179047269185,1,0.08225107192993164,0.09848488122224808,0.040043264627456665,0.09848488122224808,0.03,0.024,gap_take_profit,1,0,32,2024-12-01
2024-12-06,3029,140.55101013183594,0.4869179047269185,1,0.024055013433098793,0.07216498255729675,-0.01718210242688656,0.04467356950044632,0.03,0.024,take_profit,1,0,32,2024-12-01
2024-12-06,2468,26.0,0.4869179047269185,0,0.0,0.01923076994717121,-0.04038458690047264,0.0,-0.02,-0.026000000000000002,stop_loss,0,1,32,2024-12-01
2024-12-06,8932,90.5,0.4859562553597223,1,0.004419906530529261,0.04640880599617958,-0.004419906530529261,0.034254126250743866,0.03,0.024,take_profit,1,0,32,2024-12-01
2024-12-06,8936,54.29999923706055,0.4859562553597223,1,0.003683255286887288,0.012891358695924282,-0.009208103641867638,0.005524848122149706,0.005524848122149706,-0.00047515187785029424,close,0,0,32,2024-12-01
2024-12-06,1215,96.49778747558594,0.4859562553597223,0,-0.004975124262273312,0.0,-0.009950248524546623,0.0,0.0,-0.006,close,0,0,32,2024-12-01
2024-12-06,1210,51.30948257446289,0.4859562553597223,0,3.7097656502282916e-08,3.7097656502282916e-08,-0.011152351275086403,-0.0018586707301437855,-0.0018586707301437855,-0.007858670730143786,close,0,0,32,2024-12-01
2024-12-06,8289,26.151750564575195,0.4859562553597223,0,0.016949119046330452,0.050847407430410385,-0.011299468576908112,-0.007532975636422634,0.03,0.024,take_profit,1,0,32,2024-12-01
2024-12-06,9906,131.5,0.4859562553597223,0,0.0,0.0,-0.04182509332895279,-0.03802281245589256,-0.02,-0.026000000000000002,stop_loss,0,1,32,2024-12-01
2024-12-06,1442,76.2967529296875,0.4859562553597223,1,0.008536530658602715,0.017073171213269234,-0.0036585910711437464,0.017073171213269234,0.017073171213269234,0.011073171213269234,close,0,0,32,2024-12-01
2024-12-06,1449,26.5,0.4859562553597223,1,0.058490537106990814,0.09999998658895493,0.02641512267291546,0.09999998658895493,0.03,0.024,gap_take_profit,1,0,32,2024-12-01
2024-12-09,1101,32.26701736450195,0.42744874217875856,0,-3.890214728130559e-08,0.0014902512775734067,-0.01639345847070217,-0.011922474019229412,-0.011922474019229412,-0.01792247401922941,close,0,0,32,2024-12-01
2024-12-09,1102,40.162498474121094,0.42744874217875856,0,-0.0011764141963794827,0.002352943876758218,-0.005882314871996641,-0.004705862142145634,-0.004705862142145634,-0.010705862142145634,close,0,0,32,2024-12-01
2024-12-09,1103,17.274765014648438,0.42744874217875856,1,1.1833472868261197e-08,0.002785484539344907,-0.008356618694961071,0.002785484539344907,0.002785484539344907,-0.0032145154606550933,close,0,0,32,2024-12-01
2024-12-09,1104,27.620065689086914,0.42744874217875856,0,0.003412982914596796,0.005119506735354662,-0.005119440611451864,-0.0034129167906939983,-0.0034129167906939983,-0.009412916790693998,close,0,0,32,2024-12-01
2024-12-09,1110,20.712299346923828,0.42744874217875856,1,0.002375289099290967,0.021377645432949066,-0.004750583320856094,0.014251773245632648,0.014251773245632648,0.008251773245632648,close,0,0,32,2024-12-01
2024-12-09,1201,17.728124618530273,0.42744874217875856,0,-0.010928940027952194,-0.00546443834900856,-0.021857943385839462,-0.019125640392303467,-0.02,-0.026000000000000002,stop_loss,0,1,32,2024-12-01
2024-12-09,1210,51.214115142822266,0.42744874217875856,0,-1.0921668014418628e-08,-1.0921668014418628e-08,-0.011173238046467304,-0.011173238046467304,-0.011173238046467304,-0.017173238046467303,close,0,0,32,2024-12-01
2024-12-09,1215,96.49778747558594,0.42744874217875856,0,-0.004975124262273312,0.0,-0.007960229180753231,0.0,0.0,-0.006,close,0,0,32,2024-12-01
2024-12-09,1216,81.53107452392578,0.42744874217875856,1,-9.449371951575358e-09,0.005910156294703484,-0.005910174921154976,0.004728141240775585,0.004728141240775585,-0.001271858759224415,close,0,0,32,2024-12-01
2024-12-09,1217,11.523674964904785,0.42744874217875856,0,1.7489296677553057e-09,0.004201698582619429,-0.004201614763587713,-0.004201614763587713,-0.004201614763587713,-0.010201614763587713,close,0,0,32,2024-12-01
2024-12-09,1218,19.69053077697754,0.42744874217875856,0,7.340567265146092e-08,0.0023809897247701883,-0.009523773565888405,-0.004761849995702505,-0.004761849995702505,-0.010761849995702505,close,0,0,32,2024-12-01
2024-12-09,1219,16.10230255126953,0.42744874217875856,0,-0.00600606482475996,0.003003035904839635,-0.00600606482475996,-0.0030029930640012026,-0.0030029930640012026,-0.009002993064001203,close,0,0,32,2024-12-01
2024-12-09,1225,76.69999694824219,0.42744874217875856,0,0.0,0.0,-0.09908733516931534,-0.09908733516931534,-0.02,-0.026000000000000002,stop_loss,0,1,32,2024-12-01
2024-12-09,1227,36.0380744934082,0.42744874217875856,0,0.0,0.003984002862125635,0.0,0.0,0.0,-0.006,close,0,0,32,2024-12-01
2024-12-09,1229,53.59408950805664,0.42744874217875856,0,0.0017271048855036497,0.003454213961958885,-0.008635618723928928,-0.008635618723928928,-0.008635618723928928,-0.014635618723928929,close,0,0,32,2024-12-01
2024-12-09,1231,115.44293212890625,0.42744874217875856,1,0.011673126369714737,0.011673126369714737,-0.003891093423590064,0.011673126369714737,0.011673126369714737,0.005673126369714737,close,0,0,32,2024-12-01
2024-12-09,1301,39.6369743347168,0.42744874217875856,1,0.013681644573807716,0.0422886498272419,0.004975214600563049,0.012437882833182812,0.03,0.024,take_profit,1,0,32,2024-12-01
2024-12-09,1303,36.03322219848633,0.42744874217875856,0,0.00271003320813179,0.035230379551649094,-0.012195095419883728,-0.0054200273007154465,0.03,0.024,take_profit,1,0,32,2024-12-01
2024-12-09,1304,12.023148536682129,0.42744874217875856,0,0.0,0.028571460396051407,-0.00408164830878377,0.0,0.0,-0.006,close,0,0,32,2024-12-01
2024-12-09,1305,13.325430870056152,0.42744874217875856,1,0.0074074300937354565,0.03703702986240387,0.003703712485730648,0.0074074300937354565,0.03,0.024,take_profit,1,0,32,2024-12-01
2024-12-10,9946,24.799999237060547,0.4320296719832535,0,-0.01008064579218626,-0.0060483720153570175,-0.028225760906934738,-0.028225760906934738,-0.02,-0.026000000000000002,stop_loss,0,1,32,2024-12-01
2024-12-10,9935,28.46568489074707,0.4320296719832535,0,0.0016233976930379868,0.0016233976930379868,-0.04383113607764244,-0.03409089893102646,-0.02,-0.026000000000000002,stop_loss,0,1,32,2024-12-01
2024-12-10,9911,80.58056640625,0.4320296719832535,0,-0.0011750389821827412,3.1226718988364155e-08,-0.011750850826501846,-0.009400620125234127,-0.009400620125234127,-0.015400620125234127,close,0,0,32,2024-12-01
2024-12-10,9906,123.5,0.4320296719832535,0,-0.008097166195511818,0.004048583097755909,-0.028340080752968788,-0.004048583097755909,-0.02,-0.026000000000000002,stop_loss,0,1,32,2024-12-01
2024-12-10,8996,330.4559631347656,0.4320296719832535,0,-0.011922533623874187,0.014903099276125431,-0.011922533623874187,-0.0014903427800163627,-0.0014903427800163627,-0.007490342780016363,close,0,0,32,2024-12-01
2024-12-10,8176,16.149999618530273,0.4320296719832535,1,-0.00619197404012084,0.03405579924583435,-0.02476777881383896,0.009287902154028416,-0.02,-0.026000000000000002,ambiguous_stop_loss,1,1,32,2024-12-01
2024-12-10,8210,283.7259826660156,0.4320296719832535,0,-0.006944506429135799,0.006944381631910801,-0.0138889504596591,-0.006944506429135799,-0.006944506429135799,-0.0129445064291358,close,0,0,32,2024-12-01
2024-12-10,8215,31.668733596801758,0.4320296719832535,0,0.016897061839699745,0.016897061839699745,-0.006144413724541664,-0.006144413724541664,-0.006144413724541664,-0.012144413724541664,close,0,0,32,2024-12-01
2024-12-10,8222,37.150779724121094,0.4320296719832535,1,5.866940711030111e-08,0.05437669903039932,5.866940711030111e-08,0.010610077530145645,0.03,0.024,take_profit,1,0,32,2024-12-01
2024-12-10,8234,50.79999923706055,0.4320296719832535,1,-0.003937022760510445,0.03346458077430725,-0.003937022760510445,0.019685039296746254,0.03,0.024,take_profit,1,0,32,2024-12-01
2024-12-10,8114,327.673828125,0.4320296719832535,0,0.0,0.005943536292761564,-0.02526002936065197,0.0,-0.02,-0.026000000000000002,stop_loss,0,1,32,2024-12-01
2024-12-10,8163,43.668819427490234,0.4320296719832535,0,-1.501040891582761e-08,0.0010833920678123832,-0.006500622723251581,-0.006500622723251581,-0.006500622723251581,-0.012500622723251581,close,0,0,32,2024-12-01
2024-12-10,8089,76.1084976196289,0.4320296719832535,0,-0.08936640620231628,-0.042986366897821426,-0.09049764275550842,-0.06900443136692047,-0.08936640620231628,-0.09536640620231629,gap_stop,0,1,32,2024-12-01
2024-12-10,8104,51.20000076293945,0.4320296719832535,0,-0.003906264901161194,0.01757808029651642,-0.01953125,-0.007812529802322388,-0.007812529802322388,-0.013812529802322388,close,0,0,32,2024-12-01
2024-12-10,8105,15.949999809265137,0.4320296719832535,0,0.0031348082702606916,0.006269556470215321,-0.009404364973306656,-0.009404364973306656,-0.009404364973306656,-0.015404364973306656,close,0,0,32,2024-12-01
2024-12-10,8111,43.883113861083984,0.4320296719832535,1,0.007838685065507889,0.038073811680078506,-0.03695414587855339,0.03359459713101387,-0.02,-0.026000000000000002,ambiguous_stop_loss,1,1,32,2024-12-01
2024-12-10,8076,31.950000762939453,0.4320296719832535,0,0.0015649213455617428,0.004694764036685228,-0.006259804591536522,0.0,0.0,-0.006,close,0,0,32,2024-12-01
2024-12-10,1536,58.78750991821289,0.4320296719832535,1,0.003344535129144788,0.033444859087467194,0.003344535129144788,0.02508365362882614,0.03,0.024,take_profit,1,0,32,2024-12-01
2024-12-10,1540,34.73611831665039,0.4320296719832535,1,0.0027248209808021784,0.04904637113213539,-0.005449545569717884,0.047683991491794586,0.03,0.024,take_profit,1,0,32,2024-12-01
2024-12-10,1560,297.19976806640625,0.4320296719832535,0,-0.0016638608649373055,0.00499171344563365,-0.016638902947306633,-0.008319434709846973,-0.008319434709846973,-0.014319434709846974,close,0,0,32,2024-12-01
2024-12-11,6873,192.63018798828125,0.5284357494054588,0,0.004545471630990505,0.011363640427589417,-0.009090864099562168,-0.009090864099562168,-0.009090864099562168,-0.015090864099562168,close,0,0,32,2024-12-01
2024-12-11,2880,25.63013458251953,0.5284357494054588,1,0.011090444400906563,0.01293888408690691,0.005545197986066341,0.005545197986066341,0.005545197986066341,-0.0004548020139336587,close,0,0,32,2024-12-01
2024-12-11,4763,90.68034362792969,0.5284357494054588,1,0.005347583908587694,0.03208555281162262,0.005347583908587694,0.007486588321626186,0.03,0.024,take_profit,1,0,32,2024-12-01
2024-12-11,6861,62.01964569091797,0.5284357494054588,0,1.7075052483050968e-08,0.010903515852987766,-0.01090336311608553,-0.00934575404971838,-0.00934575404971838,-0.01534575404971838,close,0,0,32,2024-12-01
2024-12-11,6104,165.64495849609375,0.5284357494054588,1,0.011764737777411938,0.02941179648041725,3.115341939974314e-08,0.008823560550808907,0.008823560550808907,0.0028235605508089064,close,0,0,32,2024-12-01
2024-12-11,2363,72.442626953125,0.5284357494054588,0,0.00683993985876441,0.010943949222564697,-0.020519841462373734,-0.020519841462373734,-0.02,-0.026000000000000002,stop_loss,0,1,32,2024-12-01
2024-12-11,4908,110.76553344726562,0.5284357494054588,0,0.008849595673382282,0.026548711583018303,-0.030973415821790695,-0.026548635214567184,-0.02,-0.026000000000000002,stop_loss,0,1,32,2024-12-01
2024-12-11,4966,726.464111328125,0.5284357494054588,0,0.009421296417713165,0.022880246862769127,-0.001345864380709827,-0.001345864380709827,-0.001345864380709827,-0.007345864380709827,close,0,0,32,2024-12-01
2024-12-11,2885,32.114356994628906,0.5284357494054588,1,-9.541803080992395e-08,0.012968211434781551,-0.0028819539584219456,0.012968211434781551,0.012968211434781551,0.006968211434781551,close,0,0,32,2024-12-01
2024-12-11,6141,14.649999618530273,0.5284357494054588,0,0.0,0.0,-0.06484640389680862,-0.040955591946840286,-0.02,-0.026000000000000002,stop_loss,0,1,32,2024-12-01
2024-12-11,3221,24.843313217163086,0.5284357494054588,1,0.015325622633099556,0.028735598549246788,0.005747079383581877,0.005747079383581877,0.005747079383581877,-0.00025292061641812337,close,0,0,32,2024-12-01
2024-12-11,5285,48.589698791503906,0.5266201830205363,0,0.0,0.011834288947284222,-0.007889576256275177,0.0,0.0,-0.006,close,0,0,32,2024-12-01
2024-12-11,5289,221.0,0.5266201830205363,0,0.0022624435368925333,0.015837104991078377,-0.013574660755693913,-0.011312217451632023,-0.011312217451632023,-0.01731221745163202,close,0,0,32,2024-12-01
2024-12-11,5292,162.5,0.5266201830205363,0,0.00615384615957737,0.009230769239366055,-0.00615384615957737,-0.00615384615957737,-0.00615384615957737,-0.01215384615957737,close,0,0,32,2024-12-01
2024-12-11,5302,10.050000190734863,0.5266201830205363,1,0.004975143354386091,0.019900478422641754,-0.004975143354386091,0.004975143354386091,0.004975143354386091,-0.001024856645613909,close,0,0,32,2024-12-01
2024-12-11,9902,16.075979232788086,0.5266201830205363,0,0.01529051922261715,0.01834857650101185,0.0,0.0,0.0,-0.006,close,0,0,32,2024-12-01
2024-12-11,9904,39.72503662109375,0.5266201830205363,1,0.0023951551411300898,0.04790417477488518,0.001197568723000586,0.03592812642455101,0.03,0.024,take_profit,1,0,32,2024-12-01
2024-12-11,9907,14.851025581359863,0.5266201830205363,1,0.0031949414405971766,0.012779642827808857,0.0031949414405971766,0.0031949414405971766,0.0031949414405971766,-0.0028050585594028236,close,0,0,32,2024-12-01
2024-12-11,5425,57.55278015136719,0.5266201830205363,0,0.008333333767950535,0.018333308398723602,0.0,0.0,0.0,-0.006,close,0,0,32,2024-12-01
2024-12-11,6191,51.16730880737305,0.5266201830205363,0,0.0,0.013232456520199776,0.0,0.0,0.0,-0.006,close,0,0,32,2024-12-01
2024-12-12,1432,19.950000762939453,0.5070025184548148,0,-0.0025063229259103537,0.0,-0.01253132801502943,-0.010025100782513618,-0.010025100782513618,-0.016025100782513617,close,0,0,32,2024-12-01
2024-12-12,1442,70.99320220947266,0.5070025184548148,0,0.002621185267344117,0.0353865846991539,-0.019659245386719704,-0.010484973900020123,0.03,0.024,take_profit,1,0,32,2024-12-01
2024-12-12,8240,42.812835693359375,0.5070025184548148,0,0.007760568056255579,0.016629697754979134,-0.01662972755730152,-0.014412381686270237,-0.014412381686270237,-0.020412381686270235,close,0,0,32,2024-12-01
2024-12-12,1536,60.36042404174805,0.5070025184548148,0,-0.0032573724165558815,0.009771930053830147,-0.0374593622982502,-0.026058699935674667,-0.02,-0.026000000000000002,stop_loss,0,1,32,2024-12-01
2024-12-12,8996,321.5912780761719,0.5070025184548148,1,0.0076569924131035805,0.026033716276288033,-0.007656943518668413,0.010719779878854752,0.010719779878854752,0.0047197798788547515,close,0,0,32,2024-12-01
2024-12-12,1519,475.4753723144531,0.5070025184548148,0,0.0037664652336388826,0.009416229091584682,-0.01318263541907072,-0.003766468493267894,-0.003766468493267894,-0.009766468493267894,close,0,0,32,2024-12-01
2024-12-12,1436,93.35881805419922,0.5070025184548148,0,0.0,0.0,-0.02057608962059021,-0.01234562136232853,-0.02,-0.026000000000000002,stop_loss,0,1,32,2024-12-01
2024-12-12,9958,180.0,0.5070025184548148,0,0.0,0.01666666753590107,-0.01944444514811039,-0.0055555556900799274,-0.0055555556900799274,-0.011555555690079928,close,0,0,32,2024-12-01
2024-12-12,1517,14.949999809265137,0.5070025184548148,0,0.0033444943837821484,0.02006690204143524,-0.016722409054636955,-0.010033419355750084,-0.010033419355750084,-0.016033419355750082,close,0,0,32,2024-12-01
2024-12-12,1515,28.99497413635254,0.5070025184548148,0,7.853410366465141e-09,7.853410366465141e-09,-0.028333337977528572,-0.02333335019648075,-0.02,-0.026000000000000002,stop_loss,0,1,32,2024-12-01
2024-12-12,1514,103.0,0.5070025184548148,0,-0.009708737954497337,0.0,-0.029126213863492012,-0.029126213863492012,-0.02,-0.026000000000000002,stop_loss,0,1,32,2024-12-01
2024-12-12,9946,24.200000762939453,0.5070025184548148,0,-0.00619840994477272,-0.00619840994477272,-0.03099173493683338,-0.03099173493683338,-0.02,-0.026000000000000002,stop_loss,0,1,32,2024-12-01
2024-12-12,9914,159.35897827148438,0.5070025184548148,0,-0.003030329244211316,0.006060579791665077,-0.009090934880077839,-0.003030329244211316,-0.003030329244211316,-0.009030329244211316,close,0,0,32,2024-12-01
2024-12-12,9921,146.38247680664062,0.5070025184548148,1,-7.157756698461526e-08,0.010033372789621353,-0.003344553057104349,0.003344409866258502,0.003344409866258502,-0.002655590133741498,close,0,0,32,2024-12-01
2024-12-12,8069,250.57420349121094,0.5070025184548148,1,-0.005847983993589878,0.03898632153868675,-0.005847983993589878,0.03898632153868675,0.03,0.024,take_profit,1,0,32,2024-12-01
2024-12-12,8089,70.34010314941406,0.5070025184548148,0,0.008567919954657555,0.008567919954657555,-0.04283972457051277,-0.031823769211769104,-0.02,-0.026000000000000002,stop_loss,0,1,32,2024-12-01
2024-12-12,8050,68.2636947631836,0.5070025184548148,0,-0.001384991453960538,0.0013851552503183484,-0.011080240830779076,-0.011080240830779076,-0.011080240830779076,-0.017080240830779074,close,0,0,32,2024-12-01
2024-12-12,8059,37.0,0.5070025184548148,1,0.0,0.027027027681469917,-0.013513513840734959,0.002702661557123065,0.002702661557123065,-0.003297338442876935,close,0,0,32,2024-12-01
2024-12-12,8064,52.48625946044922,0.5070025184548148,0,0.0018761957762762904,0.0018761957762762904,-0.050656694918870926,-0.045028120279312134,-0.02,-0.026000000000000002,stop_loss,0,1,32,2024-12-01
2024-12-12,8111,44.57108688354492,0.5070025184548148,1,0.023153353482484818,0.044101469218730927,-0.006615166552364826,0.003307673614472151,0.03,0.024,take_profit,1,0,32,2024-12-01
2024-12-13,5481,32.650001525878906,0.5320292026630994,0,-0.0091884545981884,-0.0091884545981884,-0.0934150367975235,-0.0934150367975235,-0.02,-0.026000000000000002,stop_loss,0,1,32,2024-12-01
2024-12-13,8047,20.450000762939453,0.5320292026630994,1,0.012224938720464706,0.09779950976371765,0.004889900796115398,0.09779950976371765,0.03,0.024,take_profit,1,0,32,2024-12-01
2024-12-13,2069,15.557143211364746,0.5234901923027033,0,7.1874266538429765e-09,0.009090892970561981,-0.015151508152484894,-0.006060622166842222,-0.006060622166842222,-0.012060622166842222,close,0,0,32,2024-12-01
2024-12-13,3289,136.0210723876953,0.5234901923027033,0,0.007142930291593075,0.007142930291593075,-0.0285713579505682,-0.0285713579505682,-0.02,-0.026000000000000002,stop_loss,0,1,32,2024-12-01
2024-12-13,2236,126.5,0.5234901923027033,0,0.003952569328248501,0.003952569328248501,-0.01976284570991993,-0.01976284570991993,-0.01976284570991993,-0.025762845709919928,close,0,0,32,2024-12-01
2024-12-13,3323,34.37912368774414,0.5234901923027033,0,5.65469715496647e-09,0.015759294852614403,-0.07020058482885361,-0.04584532976150513,-0.02,-0.026000000000000002,stop_loss,0,1,32,2024-12-01
2024-12-13,1216,81.2419662475586,0.5234901923027033,1,0.0059311590157449245,0.016607241705060005,0.002372404094785452,0.016607241705060005,0.016607241705060005,0.010607241705060005,close,0,0,32,2024-12-01
2024-12-13,2461,18.759105682373047,0.5234901923027033,0,0.0,0.007614193484187126,-0.007614290341734886,0.0,0.0,-0.006,close,0,0,32,2024-12-01
2024-12-13,9933,36.76643371582031,0.5234901923027033,0,0.0049443356692790985,0.00741660688072443,-0.00988877471536398,-0.00988877471536398,-0.00988877471536398,-0.015888774715363978,close,0,0,32,2024-12-01
2024-12-13,8996,325.0386657714844,0.5234901923027033,0,-0.013636386953294277,0.03030300699174404,-0.06363638490438461,-0.06212123483419418,-0.02,-0.026000000000000002,ambiguous_stop_loss,1,1,32,2024-12-01
2024-12-13,1312,10.75,0.5234901923027033,0,-0.0046511804684996605,0.02790699526667595,-0.009302360936999321,0.0,0.0,-0.006,close,0,0,32,2024-12-01
2024-12-13,1307,35.23147964477539,0.5234901923027033,0,0.0026281720492988825,0.0026281720492988825,-0.026281218975782394,-0.026281218975782394,-0.02,-0.026000000000000002,stop_loss,0,1,32,2024-12-01
2024-12-13,8489,30.399999618530273,0.5234901923027033,1,0.0032894862815737724,0.03947370871901512,0.0032894862815737724,0.026315826922655106,0.03,0.024,take_profit,1,0,32,2024-12-01
2024-12-13,8436,124.0,0.5234901923027033,1,0.008064515888690948,0.016129031777381897,0.0,0.008064515888690948,0.008064515888690948,0.0020645158886909484,close,0,0,32,2024-12-01
2024-12-13,1504,49.34600830078125,0.5234901923027033,1,0.009708668105304241,0.023300914093852043,-0.0019417869625613093,0.009708668105304241,0.009708668105304241,0.003708668105304241,close,0,0,32,2024-12-01
2024-12-13,9935,27.449054718017578,0.5234901923027033,0,-5.7063719083316755e-08,0.0033668945543468,-0.020202089101076126,-0.0016835971036925912,-0.02,-0.026000000000000002,stop_loss,0,1,32,2024-12-01
2024-12-13,9941,111.0,0.5234901923027033,0,-0.009009009227156639,0.0,-0.06306306272745132,-0.06306306272745132,-0.02,-0.026000000000000002,stop_loss,0,1,32,2024-12-01
2024-12-13,1476,503.6227722167969,0.5234901923027033,0,0.0019047382520511746,0.005714261904358864,-0.017142880707979202,-0.017142880707979202,-0.017142880707979202,-0.0231428807079792,close,0,0,32,2024-12-01
2024-12-13,2636,76.07368469238281,0.5234901923027033,0,0.0012627389514818788,0.0025253461208194494,-0.015151442028582096,-0.015151442028582096,-0.015151442028582096,-0.021151442028582094,close,0,0,32,2024-12-01
2024-12-13,6167,13.8478422164917,0.5234901923027033,0,-5.0055461997544626e-08,-5.0055461997544626e-08,-0.035587236285209656,-0.035587236285209656,-0.02,-0.026000000000000002,stop_loss,0,1,32,2024-12-01
2024-12-16,3041,36.5,0.492706331244926,1,0.02876710146665573,0.1000000387430191,0.02876710146665573,0.1000000387430191,0.03,0.024,take_profit,1,0,32,2024-12-01
2024-12-16,2062,35.04999923706055,0.492706331244926,1,-0.011412203311920166,0.0071326675824820995,-0.02567753940820694,0.0028531323187053204,-0.02,-0.026000000000000002,stop_loss,0,1,32,2024-12-01
2024-12-16,4577,37.150001525878906,0.492706331244926,0,0.004037623293697834,0.0067294747568666935,-0.09959624707698822,-0.08613729476928711,-0.02,-0.026000000000000002,stop_loss,0,1,32,2024-12-01
2024-12-16,1215,94.09734344482422,0.4775840039428497,0,3.906954404442331e-08,0.0020408243872225285,-0.015306084416806698,-0.015306084416806698,-0.015306084416806698,-0.021306084416806696,close,0,0,32,2024-12-01
2024-12-16,9946,23.399999618530273,0.4775840039428497,0,-0.008546959608793259,0.0021368011366575956,-0.008546959608793259,-0.008546959608793259,-0.008546959608793259,-0.014546959608793259,close,0,0,32,2024-12-01
2024-12-16,1217,11.329999923706055,0.4775840039428497,1,8.905536308390083e-10,0.004273521713912487,-0.004273519851267338,0.004273521713912487,0.004273521713912487,-0.001726478286087513,close,0,0,32,2024-12-01
2024-12-16,1218,18.84665298461914,0.4775840039428497,0,-6.613002767608123e-08,0.002487457823008299,-0.002487685065716505,-0.002487685065716505,-0.002487685065716505,-0.008487685065716505,close,0,0,32,2024-12-01
2024-12-16,1219,15.328619003295898,0.4775840039428497,0,0.003154525998979807,0.0063091120682656765,-0.0031545860692858696,0.0,0.0,-0.006,close,0,0,32,2024-12-01
2024-12-16,1225,60.099998474121094,0.4775840039428497,1,0.014975067228078842,0.028286203742027283,-0.006655536126345396,0.0216306671500206,0.0216306671500206,0.0156306671500206,close,0,0,32,2024-12-01
2024-12-16,1227,35.75091552734375,0.4775840039428497,1,-3.531187786620649e-08,0.005354737397283316,-3.531187786620649e-08,0.005354737397283316,0.005354737397283316,-0.0006452626027166845,close,0,0,32,2024-12-01
2024-12-16,1229,51.92795181274414,0.4775840039428497,0,-0.0017825464019551873,-0.0017825464019551873,-0.023172911256551743,-0.01960786245763302,-0.02,-0.026000000000000002,stop_loss,0,1,32,2024-12-01
2024-12-16,1231,116.79051208496094,0.4775840039428497,0,-0.0038461489602923393,-0.0038461489602923393,-0.034615349024534225,-0.030769208446145058,-0.02,-0.026000000000000002,stop_loss,0,1,32,2024-12-01
2024-12-16,1301,36.58039093017578,0.4775840039428497,0,0.0067384978756308556,0.024258755147457123,-0.008086279034614563,-0.008086279034614563,-0.008086279034614563,-0.014086279034614563,close,0,0,32,2024-12-01
2024-12-16,1303,32.420135498046875,0.4775840039428497,0,0.006024053320288658,0.01656617596745491,-0.010542302392423153,-0.006024184171110392,-0.006024184171110392,-0.012024184171110392,close,0,0,32,2024-12-01
2024-12-16,1304,10.992592811584473,0.4775840039428497,0,-6.937302288179126e-08,0.008928535506129265,-0.01785719394683838,-0.008928589522838593,-0.008928589522838593,-0.014928589522838593,close,0,0,32,2024-12-01
2024-12-16,6167,13.355035781860352,0.4775840039428497,1,0.00738002173602581,0.025830205529928207,-9.576714532499864e-09,0.01845017448067665,0.01845017448067665,0.012450174480676651,close,0,0,32,2024-12-01
2024-12-16,1709,20.75,0.4775840039428497,1,0.0,0.00481929536908865,-0.002409601816907525,0.002409601816907525,0.002409601816907525,-0.003590398183092475,close,0,0,32,2024-12-01
2024-12-16,8926,39.452857971191406,0.4775840039428497,0,-0.0024155538994818926,-3.9791832051605525e-08,-0.006038686726242304,-0.003623264841735363,-0.003623264841735363,-0.009623264841735363,close,0,0,32,2024-12-01
2024-12-16,9945,43.42105484008789,0.4775840039428497,0,-1.996673493209755e-09,-1.996673493209755e-09,-0.02222222462296486,-0.02222222462296486,-0.02,-0.026000000000000002,stop_loss,0,1,32,2024-12-01
2024-12-16,1316,13.75,0.4775840039428497,1,0.007272754795849323,0.021818196401000023,-0.0036363773979246616,0.014545440673828125,0.014545440673828125,0.008545440673828125,close,0,0,32,2024-12-01
2024-12-17,1308,13.718875885009766,0.5018677284417836,1,-4.881749049445716e-08,0.04642849415540695,-0.010714306496083736,0.028571350499987602,0.03,0.024,take_profit,1,0,32,2024-12-01
2024-12-17,4303,50.20000076293945,0.5018677284417836,0,0.003984078764915466,0.039840638637542725,-0.03187255561351776,-0.011952236294746399,-0.02,-0.026000000000000002,ambiguous_stop_loss,1,1,32,2024-12-01
2024-12-17,4306,16.75,0.5018677284417836,1,0.0746268630027771,0.0746268630027771,0.01791040226817131,0.01791040226817131,0.03,0.024,gap_take_profit,1,0,32,2024-12-01
2024-12-17,1325,25.3922119140625,0.5018677284417836,0,-3.43212818165739e-08,0.005847903899848461,-0.019493211060762405,-0.0019493222935125232,-0.0019493222935125232,-0.007949322293512523,close,0,0,32,2024-12-01
2024-12-17,1326,28.904802322387695,0.5018677284417836,1,0.001692078891210258,0.042301177978515625,-7.187707762312812e-09,0.027072791010141373,0.03,0.024,take_profit,1,0,32,2024-12-01
2024-12-17,1301,36.28459167480469,0.5018677284417836,1,0.005434857215732336,0.050271857529878616,5.336008257472713e-08,0.036684900522232056,0.03,0.024,take_profit,1,0,32,2024-12-01
2024-12-17,1303,32.224830627441406,0.5018677284417836,1,0.0030302810482680798,0.03333331272006035,-0.007575733587145805,0.010606038384139538,0.03,0.024,take_profit,1,0,32,2024-12-01
2024-12-17,1304,10.894444465637207,0.5018677284417836,1,-0.0045044440776109695,0.027027036994695663,-0.01351348776370287,0.004504513461142778,0.004504513461142778,-0.0014954865388572217,close,0,0,32,2024-12-01
2024-12-17,1305,12.190301895141602,0.5018677284417836,1,-3.045629526354787e-08,0.040485795587301254,-0.016194423660635948,0.040485795587301254,0.03,0.024,take_profit,1,0,32,2024-12-01
2024-12-17,1307,34.72222137451172,0.5018677284417836,1,0.0013333414681255817,0.014666675589978695,-0.011999992653727531,0.010666736401617527,0.010666736401617527,0.004666736401617527,close,0,0,32,2024-12-01
2024-12-17,1309,14.791630744934082,0.5018677284417836,1,1.2284559147701657e-08,0.04318935424089432,-0.009966802783310413,0.009966764599084854,0.03,0.024,take_profit,1,0,32,2024-12-01
2024-12-17,1310,10.199999809265137,0.5018677284417836,1,0.0,0.014705938287079334,-0.009803866036236286,0.004901979584246874,0.004901979584246874,-0.0010980204157531263,close,0,0,32,2024-12-01
2024-12-17,1312,10.699999809265137,0.5018677284417836,1,-0.004672915209084749,0.028037400916218758,-0.004672915209084749,0.01401874516159296,0.01401874516159296,0.00801874516159296,close,0,0,32,2024-12-01
2024-12-17,1313,9.071695327758789,0.5018677284417836,1,-0.001081119175069034,0.020540481433272362,-0.011891867965459824,0.007567521184682846,0.007567521184682846,0.001567521184682846,close,0,0,32,2024-12-01
2024-12-17,6525,61.57437515258789,0.4996254891801306,1,2.3948668825823916e-08,0.01834860071539879,-0.006116207223385572,0.012232369743287563,0.012232369743287563,0.006232369743287563,close,0,0,32,2024-12-01
2024-12-17,1587,33.26771545410156,0.4996254891801306,0,-0.0073964293114840984,2.0798550437461927e-08,-0.026627130806446075,-0.002958514029160142,-0.02,-0.026000000000000002,stop_loss,0,1,32,2024-12-01
2024-12-17,1464,15.978550910949707,0.4996254891801306,0,-0.014409069903194904,0.005763838067650795,-0.023054635152220726,-0.014409069903194904,-0.02,-0.026000000000000002,stop_loss,0,1,32,2024-12-01
2024-12-17,8390,60.85030746459961,0.4996254891801306,1,0.004739323630928993,0.004739323630928993,-0.006319080013781786,0.003159568877890706,0.003159568877890706,-0.002840431122109294,close,0,0,32,2024-12-01
2024-12-17,8176,14.899999618530273,0.4996254891801306,1,0.003355717519298196,0.04026848450303078,-0.010067088529467583,0.013422870077192783,0.03,0.024,take_profit,1,0,32,2024-12-01
2024-12-17,9958,180.0,0.4996254891801306,1,0.008333333767950535,0.06388889253139496,0.008333333767950535,0.04444444552063942,0.03,0.024,take_profit,1,0,32,2024-12-01
2024-12-18,1810,15.69792652130127,0.36575620944883425,0,-3.8370657762243354e-08,-3.8370657762243354e-08,-0.012578642927110195,-0.006289310287684202,-0.006289310287684202,-0.012289310287684202,close,0,0,32,2024-12-01
2024-12-18,1809,19.6875,0.36575620944883425,0,-0.010000077076256275,-0.007500020321458578,-0.017500057816505432,-0.010000077076256275,-0.010000077076256275,-0.016000077076256274,close,0,0,32,2024-12-01
2024-12-18,1802,17.75,0.36575620944883425,1,-0.014084506779909134,0.01690136454999447,-0.022535189986228943,0.0056338245049119,-0.02,-0.026000000000000002,stop_loss,0,1,32,2024-12-01
2024-12-18,1301,37.61568832397461,0.3506200944130806,1,-0.009174357168376446,0.014416770078241825,-0.018348628655076027,0.002621206222102046,0.002621206222102046,-0.003378793777897954,close,0,0,32,2024-12-01
2024-12-18,1303,32.56660842895508,0.3506200944130806,0,-0.013493158854544163,0.004497800953686237,-0.02848566323518753,-0.013493158854544163,-0.02,-0.026000000000000002,stop_loss,0,1,32,2024-12-01
2024-12-18,1304,10.94351863861084,0.3506200944130806,1,-0.013452889397740364,0.008968636393547058,-0.013452889397740364,0.004484314005821943,0.004484314005821943,-0.0015156859941780568,close,0,0,32,2024-12-01
2024-12-18,1305,12.683835983276367,0.3506200944130806,0,-0.031128428876399994,-0.007782110013067722,-0.03891048580408096,-0.027237363159656525,-0.031128428876399994,-0.03712842887639999,gap_stop,0,1,32,2024-12-01
2024-12-18,1307,35.092594146728516,0.3506200944130806,1,-0.002638550940901041,0.021108191460371017,-0.009234856814146042,0.009234820492565632,0.009234820492565632,0.0032348204925656317,close,0,0,32,2024-12-01
2024-12-18,1308,14.11084270477295,0.3506200944130806,0,-0.024305474013090134,-0.006944361142814159,-0.02777770906686783,-0.010416597127914429,-0.024305474013090134,-0.030305474013090132,gap_stop,0,1,32,2024-12-01
2024-12-18,1309,14.939055442810059,0.3506200944130806,0,-0.009868412278592587,-0.0032895030453801155,-0.026315780356526375,-0.013157898560166359,-0.02,-0.026000000000000002,stop_loss,0,1,32,2024-12-01
2024-12-18,1310,10.25,0.3506200944130806,0,-0.009756134822964668,0.0,-0.019512176513671875,-0.01463410910218954,-0.01463410910218954,-0.02063410910218954,close,0,0,32,2024-12-01
2024-12-18,1312,10.850000381469727,0.3506200944130806,0,-0.01843324862420559,0.0046082246117293835,-0.02304147370159626,-0.009216624312102795,-0.02,-0.026000000000000002,stop_loss,0,1,32,2024-12-01
2024-12-18,1313,9.140345573425293,0.3506200944130806,0,-0.021459246054291725,-0.00858372263610363,-0.03004292957484722,-0.020386261865496635,-0.021459246054291725,-0.027459246054291724,gap_stop,0,1,32,2024-12-01
2024-12-18,1316,14.0,0.3506200944130806,0,-0.007142884191125631,0.0,-0.02500002644956112,-0.010714258067309856,-0.02,-0.026000000000000002,stop_loss,0,1,32,2024-12-01
2024-12-18,1319,110.35963439941406,0.3506200944130806,0,-0.01724138855934143,-0.00431035365909338,-0.04741379991173744,-0.04310345649719238,-0.02,-0.026000000000000002,stop_loss,0,1,32,2024-12-01
2024-12-18,1325,25.342714309692383,0.3506200944130806,1,0.009765619412064552,0.0488281175494194,-0.005859365686774254,0.003906259313225746,0.03,0.024,take_profit,1,0,32,2024-12-01
2024-12-18,1326,29.687335968017578,0.3506200944130806,0,-0.011532104574143887,0.0016474551521241665,-0.019769337028265,-0.006589777301996946,-0.006589777301996946,-0.012589777301996946,close,0,0,32,2024-12-01
2024-12-18,8240,41.95847702026367,0.3506200944130806,0,-0.013574676588177681,-0.010180976241827011,-0.02488689310848713,-0.02488689310848713,-0.02,-0.026000000000000002,stop_loss,0,1,32,2024-12-01
2024-12-18,1536,62.22825241088867,0.3506200944130806,0,-0.028436029329895973,-0.004739346448332071,-0.033175352960824966,-0.006319100968539715,-0.028436029329895973,-0.03443602932989597,gap_stop,0,1,32,2024-12-01
2024-12-18,8996,325.0386657714844,0.3506200944130806,0,-0.019696997478604317,0.013636335730552673,-0.024242451414465904,-0.006060633342713118,-0.02,-0.026000000000000002,stop_loss,0,1,32,2024-12-01
2024-12-19,9958,174.5,0.5133762309943319,0,0.008595988154411316,0.022922636941075325,-0.005730659235268831,-0.005730659235268831,-0.005730659235268831,-0.011730659235268831,close,0,0,32,2024-12-01
2024-12-19,9945,41.34648895263672,0.5133762309943319,0,-0.001166815753094852,0.010501796379685402,-0.01633595861494541,-0.015169114805758,-0.015169114805758,-0.021169114805757998,close,0,0,32,2024-12-01
2024-12-19,1102,39.264747619628906,0.5133762309943319,0,-0.001203328836709261,0.008423663675785065,-0.006016825325787067,-0.0024066800251603127,-0.0024066800251603127,-0.008406680025160313,close,0,0,32,2024-12-01
2024-12-19,1103,16.408618927001953,0.5133762309943319,0,-5.531386193524668e-08,0.005865069571882486,-0.0117301931604743,-0.0117301931604743,-0.0117301931604743,-0.0177301931604743,close,0,0,32,2024-12-01
2024-12-19,1104,26.206069946289062,0.5133762309943319,0,-0.003597067203372717,0.010791408829391003,-0.010791338980197906,-0.0017985333688557148,-0.0017985333688557148,-0.007798533368855715,close,0,0,32,2024-12-01
2024-12-19,1110,19.67914390563965,0.5133762309943319,0,-0.005000018980354071,0.007499980740249157,-0.014999961480498314,0.0,0.0,-0.006,close,0,0,32,2024-12-01
2024-12-19,1201,17.29218864440918,0.5133762309943319,0,-0.0028012292459607124,-4.4809851829086256e-08,-0.008403384126722813,-0.0056023066863417625,-0.0056023066863417625,-0.011602306686341763,close,0,0,32,2024-12-01
2024-12-19,1210,48.73447036743164,0.5133762309943319,0,3.118496749721089e-08,0.009784767404198647,-0.013698539696633816,-0.013698539696633816,-0.013698539696633816,-0.019698539696633814,close,0,0,32,2024-12-01
2024-12-19,1215,91.69690704345703,0.5133762309943319,0,-9.215698426601193e-09,0.00209419964812696,-0.028272228315472603,-0.028272228315472603,-0.02,-0.026000000000000002,stop_loss,0,1,32,2024-12-01
2024-12-19,1216,79.69999694824219,0.5133762309943319,0,-0.010882637463510036,-0.002418345073238015,-0.020556192845106125,-0.020556192845106125,-0.02,-0.026000000000000002,stop_loss,0,1,32,2024-12-01
2024-12-19,1217,11.281580924987793,0.5133762309943319,0,8.767087056327227e-10,0.004291862715035677,-0.008583641611039639,-0.008583641611039639,-0.008583641611039639,-0.014583641611039639,close,0,0,32,2024-12-01
2024-12-19,9940,26.62107276916504,0.5133762309943319,1,1.324142751002455e-08,0.014059753157198429,-0.003514938522130251,0.0017574556404724717,0.0017574556404724717,-0.004242544359527528,close,0,0,32,2024-12-01
2024-12-19,9938,70.30000305175781,0.5133762309943319,0,-0.004267468582838774,0.005689813289791346,-0.021337125450372696,-0.019914671778678894,-0.02,-0.026000000000000002,stop_loss,0,1,32,2024-12-01
2024-12-19,1225,55.900001525878906,0.5133762309943319,0,-0.005366780795156956,0.04293376952409744,-0.09838997572660446,-0.09838997572660446,-0.02,-0.026000000000000002,ambiguous_stop_loss,1,1,32,2024-12-01
2024-12-19,1227,35.511619567871094,0.5133762309943319,0,-0.0026953720953315496,-0.0013476836029440165,-0.016172461211681366,-0.016172461211681366,-0.016172461211681366,-0.022172461211681364,close,0,0,32,2024-12-01
2024-12-19,1229,48.87336730957031,0.5133762309943319,0,-0.015151514671742916,-0.009469641372561455,-0.04356057569384575,-0.03409091383218765,-0.02,-0.026000000000000002,stop_loss,0,1,32,2024-12-01
2024-12-19,1231,114.54454040527344,0.5133762309943319,0,-0.007843113504350185,0.003921556752175093,-0.01568622700870037,0.0,0.0,-0.006,close,0,0,32,2024-12-01
2024-12-19,9931,32.29999923706055,0.5133762309943319,0,-0.007352917920798063,2.3620417621827983e-08,-0.007352917920798063,-0.007352917920798063,-0.007352917920798063,-0.013352917920798063,close,0,0,32,2024-12-01
2024-12-19,1303,32.12718200683594,0.5133762309943319,0,-0.004559298045933247,1.8560855963301037e-08,-0.0562310516834259,-0.0562310516834259,-0.02,-0.026000000000000002,stop_loss,0,1,32,2024-12-01
2024-12-19,8341,82.85713958740234,0.5133762309943319,1,-0.0011467167641967535,0.009174402803182602,-0.0011467167641967535,0.0022936854511499405,0.0022936854511499405,-0.0037063145488500596,close,0,0,32,2024-12-01
2024-12-20,2466,50.29999923706055,0.487852763656501,1,0.09940358251333237,0.09940358251333237,0.09940358251333237,0.09940358251333237,0.03,0.024,gap_take_profit,1,0,32,2024-12-01
2024-12-20,2365,45.692474365234375,0.487852763656501,1,0.03225807845592499,0.09892471134662628,0.025806481018662453,0.09892471134662628,0.03,0.024,gap_take_profit,1,0,32,2024-12-01
2024-12-20,6215,82.36719512939453,0.487852763656501,1,0.03584226965904236,0.05734768137335777,0.003584239399060607,0.009557954967021942,0.03,0.024,gap_take_profit,1,0,32,2024-12-01
2024-12-20,5392,34.95000076293945,0.487852763656501,1,0.04005715996026993,0.06437768042087555,-0.02575111575424671,0.004291779827326536,0.03,0.024,gap_take_profit,1,1,32,2024-12-01
2024-12-20,3379,36.45640563964844,0.487852763656501,1,0.04477624222636223,0.09905033558607101,0.040705643594264984,0.09905033558607101,0.03,0.024,gap_take_profit,1,0,32,2024-12-01
2024-12-20,4534,26.700000762939453,0.487852763656501,0,-0.05805247649550438,-0.014981330372393131,-0.0749063640832901,-0.05243451148271561,-0.05805247649550438,-0.06405247649550438,gap_stop,0,1,32,2024-12-01
2024-12-20,1227,34.93730926513672,0.47899366171725116,1,0.0027396625373512506,0.01643829233944416,0.0027396625373512506,0.015068450011312962,0.015068450011312962,0.009068450011312961,close,0,0,32,2024-12-01
2024-12-20,1310,9.989999771118164,0.47899366171725116,1,0.0010010239202529192,0.021021025255322456,0.0,0.0010010239202529192,0.0010010239202529192,-0.004998976079747081,close,0,0,32,2024-12-01
2024-12-20,9946,23.0,0.47899366171725116,1,0.019565250724554062,0.03913041949272156,0.01521740760654211,0.02826085314154625,0.03,0.024,take_profit,1,0,32,2024-12-01
2024-12-20,3624,40.92464065551758,0.47899366171725116,1,0.010575827211141586,0.019976569339632988,0.0023502460680902004,0.014101128093898296,0.014101128093898296,0.008101128093898296,close,0,0,32,2024-12-01
2024-12-20,3625,18.049999237060547,0.47899366171725116,0,-0.04709133133292198,-0.03601106256246567,-0.0997229516506195,-0.09695291519165039,-0.04709133133292198,-0.05309133133292198,gap_stop,0,1,32,2024-12-01
2024-12-20,3628,44.698448181152344,0.47899366171725116,1,-4.033611133991144e-08,0.022411977872252464,-4.033611133991144e-08,0.008537879213690758,0.008537879213690758,0.0025378792136907576,close,0,0,32,2024-12-01
2024-12-20,3588,64.9786605834961,0.47899366171725116,1,0.010478953830897808,0.03592800721526146,0.010478953830897808,0.022455045953392982,0.03,0.024,take_profit,1,0,32,2024-12-01
2024-12-20,3591,24.128982543945312,0.47899366171725116,0,0.011928518302738667,0.01590460166335106,-0.003976115956902504,-0.003976115956902504,-0.003976115956902504,-0.009976115956902504,close,0,0,32,2024-12-01
2024-12-20,3605,49.25,0.47899366171725116,1,0.01725885272026062,0.05786798894405365,-0.0030457163229584694,0.0030457163229584694,0.03,0.024,take_profit,1,0,32,2024-12-01
2024-12-20,3615,27.125,0.47899366171725116,1,0.014545458368957043,0.05454547330737114,0.014545458368957043,0.04363641142845154,0.03,0.024,take_profit,1,0,32,2024-12-01
2024-12-20,9941,102.0,0.47899366171725116,0,0.009803921915590763,0.029411764815449715,-0.0049019609577953815,-0.0049019609577953815,-0.0049019609577953815,-0.010901960957795382,close,0,0,32,2024-12-01
2024-12-20,3702,63.0828742980957,0.47899366171725116,1,0.007575763389468193,0.022727278992533684,0.006060635205358267,0.016666648909449577,0.016666648909449577,0.010666648909449577,close,0,0,32,2024-12-01
2024-12-20,3663,68.34512329101562,0.47899366171725116,1,0.031976789236068726,0.0988372340798378,0.02761627919971943,0.0988372340798378,0.03,0.024,gap_take_profit,1,0,32,2024-12-01
2024-12-20,3665,606.5473022460938,0.47899366171725116,0,0.004838709719479084,0.014516138471662998,-0.01290320884436369,-0.011290270835161209,-0.011290270835161209,-0.017290270835161207,close,0,0,32,2024-12-01
2024-12-23,2466,55.29999923706055,0.4717828566328714,1,0.0994575023651123,0.0994575023651123,0.06690779328346252,0.0994575023651123,0.03,0.024,gap_take_profit,1,0,32,2024-12-01
2024-12-23,3663,75.10016632080078,0.4717828566328714,0,0.01851847767829895,0.05290998890995979,-0.030423279851675034,-0.013227573595941067,-0.02,-0.026000000000000002,ambiguous_stop_loss,1,1,32,2024-12-01
2024-12-23,2401,30.049999237060547,0.4717828566328714,0,0.009983398951590061,0.014975067228078842,-0.036605607718229294,-0.036605607718229294,-0.02,-0.026000000000000002,stop_loss,0,1,32,2024-12-01
2024-12-23,6227,89.69999694824219,0.4717828566328714,1,0.040133848786354065,0.05016722530126572,-0.030100300908088684,0.006689031608402729,0.03,0.024,gap_take_profit,1,1,32,2024-12-01
2024-12-23,6205,77.70270538330078,0.4717828566328714,0,0.032298117876052856,0.053416185081005096,-0.043478261679410934,-0.032298117876052856,0.03,0.024,gap_take_profit,1,1,32,2024-12-01
2024-12-23,6234,29.899999618530273,0.4717828566328714,0,-0.0033444943837821484,-0.0033444943837821484,-0.05016722530126572,-0.0451505146920681,-0.02,-0.026000000000000002,stop_loss,0,1,32,2024-12-01
2024-12-23,2365,50.212589263916016,0.4717828566328714,0,3.633394385360589e-08,0.025440411642193794,-0.045009735971689224,-0.02446180395781994,-0.02,-0.026000000000000002,stop_loss,0,1,32,2024-12-01
2024-12-23,5314,26.700000762939453,0.4717828566328714,1,0.03745318204164505,0.0992509201169014,0.00749059347435832,0.0992509201169014,0.03,0.024,gap_take_profit,1,0,32,2024-12-01
2024-12-23,3306,55.02564239501953,0.4717828566328714,0,-0.0017241290770471096,0.022413762286305428,-0.03275866433978081,-0.03275866433978081,-0.02,-0.026000000000000002,stop_loss,0,1,32,2024-12-01
2024-12-23,3230,62.56596755981445,0.4717828566328714,0,0.014285734854638577,0.034920584410429,-0.09365081787109375,-0.055555559694767,-0.02,-0.026000000000000002,ambiguous_stop_loss,1,1,32,2024-12-01
2024-12-23,3059,36.099998474121094,0.4717828566328714,1,0.09695291519165039,0.09972305595874786,0.06648203730583191,0.09972305595874786,0.03,0.024,gap_take_profit,1,0,32,2024-12-01
2024-12-23,4912,132.10037231445312,0.4717828566328714,1,0.03225795552134514,0.07526876777410507,0.017921093851327896,0.035842228680849075,0.03,0.024,gap_take_profit,1,0,32,2024-12-01
2024-12-23,3379,40.06742477416992,0.4717828566328714,0,-8.834745557351198e-08,0.0419752337038517,-0.0691358670592308,-0.03580257296562195,-0.02,-0.026000000000000002,ambiguous_stop_loss,1,1,32,2024-12-01
2024-12-23,4716,22.100000381469727,0.4717828566328714,1,0.022624434903264046,0.07239820808172226,0.0,0.01583712175488472,0.03,0.024,take_profit,1,0,32,2024-12-01
2024-12-23,1597,108.10235595703125,0.4717828566328714,1,0.004587135277688503,0.050458695739507675,-0.013761487789452076,0.004587135277688503,0.03,0.024,take_profit,1,0,32,2024-12-01
2024-12-23,3615,28.308637619018555,0.4480898502404606,0,-1.9313203480919583e-08,0.02090585045516491,-0.017421621829271317,-0.012195154093205929,-0.012195154093205929,-0.018195154093205927,close,0,0,32,2024-12-01
2024-12-23,3622,58.92081832885742,0.4480898502404606,0,-1.708928998311876e-08,0.012882479466497898,-0.012882452458143234,-0.012882452458143234,-0.012882452458143234,-0.018882452458143233,close,0,0,32,2024-12-01
2024-12-23,3526,247.2135772705078,0.4480898502404606,0,-3.414719174088532e-08,0.009416161105036736,-0.01883242465555668,-0.009416230022907257,-0.009416230022907257,-0.015416230022907257,close,0,0,32,2024-12-01
2024-12-23,1414,23.927825927734375,0.4480898502404606,1,1.2059176768275393e-08,0.010330590419471264,-0.00619839783757925,0.010330590419471264,0.010330590419471264,0.004330590419471264,close,0,0,32,2024-12-01
2024-12-23,1736,185.112548828125,0.4480898502404606,1,-0.01578950323164463,0.018421020358800888,-0.01578950323164463,0.010526284575462341,0.010526284575462341,0.004526284575462341,close,0,0,32,2024-12-01
2024-12-24,1402,30.179676055908203,0.5404153269329478,0,0.006299217231571674,0.00944877602159977,-0.01889766938984394,-0.012598431669175625,-0.012598431669175625,-0.018598431669175623,close,0,0,32,2024-12-01
2024-12-24,3444,75.07317352294922,0.5404153269329478,1,-3.660974101649117e-08,0.006410219706594944,-0.0025640998501330614,0.002564026741310954,0.002564026741310954,-0.003435973258689046,close,0,0,32,2024-12-01
2024-12-24,3057,11.399999618530273,0.5404153269329478,0,0.00438598170876503,0.00438598170876503,-0.008771879598498344,-0.008771879598498344,-0.008771879598498344,-0.014771879598498345,close,0,0,32,2024-12-01
2024-12-24,6469,129.47264099121094,0.5404153269329478,0,-3.044897667336954e-08,0.006666597910225391,-0.013333401642739773,-0.013333401642739773,-0.013333401642739773,-0.01933340164273977,close,0,0,32,2024-12-01
2024-12-24,6231,402.4620056152344,0.5404153269329478,0,0.0048367734998464584,0.0048367734998464584,-0.027811352163553238,-0.026602162048220634,-0.02,-0.026000000000000002,stop_loss,0,1,32,2024-12-01
2024-12-24,6931,96.76952362060547,0.5404153269329478,0,0.0010235554073005915,0.0010235554073005915,-0.03684752434492111,-0.02047087624669075,-0.02,-0.026000000000000002,stop_loss,0,1,32,2024-12-01
2024-12-24,3349,17.700000762939453,0.5404153269329478,0,-0.016949215903878212,-0.016949215903878212,-0.03389832377433777,-0.016949215903878212,-0.02,-0.026000000000000002,stop_loss,0,1,32,2024-12-01
2024-12-24,4414,11.652860641479492,0.5404153269329478,1,0.026058625429868698,0.03583060950040817,0.0,0.019543970003724098,0.03,0.024,take_profit,1,0,32,2024-12-01
2024-12-24,1526,23.5,0.5404153269329478,0,0.010638297535479069,0.010638297535479069,0.0,0.0,0.0,-0.006,close,0,0,32,2024-12-01
2024-12-24,1225,44.650001525878906,0.5404153269329478,1,0.019036918878555298,0.03695403411984444,-0.006718993186950684,0.02239641547203064,0.03,0.024,take_profit,1,0,32,2024-12-01
2024-12-24,4707,13.899999618530273,0.5404153269329478,0,0.0035971361212432384,0.0035971361212432384,-0.007194203790277243,-0.007194203790277243,-0.007194203790277243,-0.013194203790277243,close,0,0,32,2024-12-01
2024-12-24,3685,15.850000381469727,0.5404153269329478,1,0.015772869810461998,0.015772869810461998,-0.0031545860692858696,0.009463697671890259,0.009463697671890259,0.0034636976718902587,close,0,0,32,2024-12-01
2024-12-24,9910,129.3333282470703,0.5404153269329478,0,0.003703703638166189,0.007407407276332378,-0.007407407276332378,0.0,0.0,-0.006,close,0,0,32,2024-12-01
2024-12-24,9917,122.38312530517578,0.5404153269329478,0,0.0078125,0.015625,-0.01953125,0.0,0.0,-0.006,close,0,0,32,2024-12-01
2024-12-24,8935,20.149999618530273,0.5404153269329478,0,-0.012406948022544384,0.0,-0.027295248582959175,-0.007444149814546108,-0.02,-0.026000000000000002,stop_loss,0,1,32,2024-12-01
2024-12-24,2425,33.95087432861328,0.5404153269329478,1,0.0029325606301426888,0.049853336066007614,0.0029325606301426888,0.020527822896838188,0.03,0.024,take_profit,1,0,32,2024-12-01
2024-12-24,6552,37.099998474121094,0.5404153269329478,1,0.006738544907420874,0.039083581417798996,0.0013477911707013845,0.033692725002765656,0.03,0.024,take_profit,1,0,32,2024-12-01
2024-12-24,2820,14.297499656677246,0.5404153269329478,0,3.668619541485896e-08,3.668619541485896e-08,-0.006644506938755512,-0.003322235308587551,-0.003322235308587551,-0.009322235308587551,close,0,0,32,2024-12-01
2024-12-24,4960,13.0,0.5404153269329478,1,0.0,0.01538460049778223,-0.0038461685180664062,0.0038461685180664062,0.0038461685180664062,-0.002153831481933594,close,0,0,32,2024-12-01
2024-12-24,8044,47.54999923706055,0.5404153269329478,0,-0.0010515087051317096,0.004206114914268255,-0.03049423359334469,-0.022082002833485603,-0.02,-0.026000000000000002,stop_loss,0,1,32,2024-12-01
2024-12-25,3625,17.350000381469727,0.5421320452943402,1,0.002881800290197134,0.09798263758420944,-0.0028819101862609386,0.09798263758420944,0.03,0.024,take_profit,1,0,32,2024-12-01
2024-12-25,8935,20.0,0.5394928938535526,1,0.005000018980354071,0.10000000149011612,0.0,0.10000000149011612,0.03,0.024,take_profit,1,0,32,2024-12-01
2024-12-25,1464,15.103646278381348,0.5394928938535526,0,0.009146354161202908,0.009146354161202908,-0.006097622215747833,-0.006097622215747833,-0.006097622215747833,-0.012097622215747833,close,0,0,32,2024-12-01
2024-12-25,1802,17.200000762939453,0.5394928938535526,0,-0.005813975352793932,0.008720907382667065,-0.023255901411175728,-0.017441926524043083,-0.02,-0.026000000000000002,stop_loss,0,1,32,2024-12-01
2024-12-25,3042,98.48162841796875,0.5394928938535526,1,0.004807725083082914,0.014423109591007233,-0.004807659890502691,0.004807725083082914,0.004807725083082914,-0.0011922749169170858,close,0,0,32,2024-12-01
2024-12-25,1102,38.6505012512207,0.5394928938535526,1,0.004889866802841425,0.009779860265552998,-0.004890027921646833,0.0036673916038125753,0.0036673916038125753,-0.002332608396187425,close,0,0,32,2024-12-01
2024-12-25,4927,34.650001525878906,0.5394928938535526,0,0.004328938201069832,0.017315972596406937,-0.012987034395337105,0.0,0.0,-0.006,close,0,0,32,2024-12-01
2024-12-25,4968,205.5,0.5394928938535526,1,0.009732360020279884,0.09975668787956238,0.009732360020279884,0.09732360392808914,0.03,0.024,take_profit,1,0,32,2024-12-01
2024-12-25,2236,124.0,0.5394928938535526,0,0.008064515888690948,0.008064515888690948,-0.016129031777381897,-0.012096773833036423,-0.012096773833036423,-0.01809677383303642,close,0,0,32,2024-12-01
2024-12-25,6191,51.554203033447266,0.5394928938535526,0,0.0,0.0,0.0,0.0,0.0,-0.006,close,0,0,32,2024-12-01
2024-12-25,3028,27.860177993774414,0.5394928938535526,1,-0.0033669564872980118,0.005050552077591419,-0.0033669564872980118,0.0016835358692333102,0.0016835358692333102,-0.00431646413076669,close,0,0,32,2024-12-01
2024-12-25,3041,35.400001525878906,0.5394928938535526,0,-0.005649738945066929,0.0056496309116482735,-0.028248585760593414,-0.025423770770430565,-0.02,-0.026000000000000002,stop_loss,0,1,32,2024-12-01
2024-12-25,5225,117.86161804199219,0.5394928938535526,0,0.003921607509255409,0.003921607509255409,-0.011764667928218842,-0.007843098603188992,-0.007843098603188992,-0.013843098603188992,close,0,0,32,2024-12-01
2024-12-25,6217,38.488739013671875,0.5394928938535526,0,-0.0012562450719997287,0.0037688342854380608,-0.008794012479484081,-0.0050251781940460205,-0.0050251781940460205,-0.01102517819404602,close,0,0,32,2024-12-01
2024-12-25,6113,19.466796875,0.5394928938535526,1,-0.01007566787302494,0.04030216112732887,-0.01007566787302494,0.012594393454492092,0.03,0.024,take_profit,1,0,32,2024-12-01
2024-12-25,2727,223.73703002929688,0.5394928938535526,1,0.006302484776824713,0.010504165664315224,-0.002100876299664378,0.004201644565910101,0.004201644565910101,-0.0017983554340898992,close,0,0,32,2024-12-01
2024-12-25,9917,122.38312530517578,0.5394928938535526,0,-0.003906219732016325,0.003906280267983675,-0.015624970197677612,-0.011718720197677612,-0.011718720197677612,-0.01771872019767761,close,0,0,32,2024-12-01
2024-12-25,6573,14.899999618530273,0.5394928938535526,1,0.006711435038596392,0.02013424225151539,0.0,0.003355717519298196,0.003355717519298196,-0.0026442824807018043,close,0,0,32,2024-12-01
2024-12-25,1225,45.650001525878906,0.5394928938535526,1,0.0,0.038335155695676804,0.0,0.0131434490904212,0.03,0.024,take_profit,1,0,32,2024-12-01
2024-12-25,3706,71.9000015258789,0.5394928938535526,0,-0.00417250394821167,0.0,-0.025034813210368156,-0.023644013330340385,-0.02,-0.026000000000000002,stop_loss,0,1,32,2024-12-01
2024-12-26,6465,23.200000762939453,0.5164421189435535,0,-0.10560347884893417,-0.10560347884893417,-0.12284483760595322,-0.10560347884893417,-0.10560347884893417,-0.11160347884893418,gap_stop,0,1,32,2024-12-01
2024-12-26,3630,30.549999237060547,0.5099917717281693,0,0.006546670105308294,0.006546670105308294,-0.06055641546845436,-0.0376431979238987,-0.02,-0.026000000000000002,stop_loss,0,1,32,2024-12-01
2024-12-26,3508,28.200000762939453,0.5099917717281693,0,0.010638270527124405,0.01950351893901825,-0.0656028464436531,-0.05851069092750549,-0.02,-0.026000000000000002,stop_loss,0,1,32,2024-12-01
2024-12-26,1732,29.799999237060547,0.5099917717281693,1,0.09060405194759369,0.09731549024581909,0.03523493930697441,0.04026848450303078,0.03,0.024,gap_take_profit,1,0,32,2024-12-01
2024-12-26,4931,73.9639663696289,0.5099917717281693,0,0.03311256319284439,0.04238404706120491,-0.08609273284673691,-0.07814573496580124,0.03,0.024,gap_take_profit,1,1,32,2024-12-01
2024-12-26,1325,27.42160987854004,0.5099917717281693,1,0.09927792847156525,0.09927792847156525,0.09927792847156525,0.09927792847156525,0.03,0.024,gap_take_profit,1,0,32,2024-12-01
2024-12-26,3504,66.19999694824219,0.5099917717281693,0,-0.0030211021658033133,0.009063536301255226,-0.07099693268537521,-0.03323258459568024,-0.02,-0.026000000000000002,stop_loss,0,1,32,2024-12-01
2024-12-26,4121,17.799999237060547,0.5099917717281693,1,0.09550566226243973,0.09831461310386658,0.05337083339691162,0.09831461310386658,0.03,0.024,gap_take_profit,1,0,32,2024-12-01
2024-12-26,3406,500.2608642578125,0.5099917717281693,0,0.011472267098724842,0.036328863352537155,-0.03632888197898865,-0.030592743307352066,-0.02,-0.026000000000000002,ambiguous_stop_loss,1,1,32,2024-12-01
2024-12-26,2498,48.95000076293945,0.5099917717281693,1,0.01225737389177084,0.027579130604863167,-0.026557695120573044,0.0010214349022135139,-0.02,-0.026000000000000002,stop_loss,0,1,32,2024-12-01
2024-12-26,6517,72.91938018798828,0.5099917717281693,1,0.0442952923476696,0.07114093005657196,0.008053620345890522,0.008053620345890522,0.03,0.024,gap_take_profit,1,0,32,2024-12-01
2024-12-26,8935,22.0,0.5099917717281693,0,0.0068181646056473255,0.04545454680919647,-0.002272692508995533,-0.002272692508995533,0.03,0.024,take_profit,1,0,32,2024-12-01
2024-12-26,4974,119.93055725097656,0.5099917717281693,1,0.015686262398958206,0.07450979202985764,0.015686262398958206,0.06666665524244308,0.03,0.024,take_profit,1,0,32,2024-12-01
2024-12-26,6558,40.974998474121094,0.5099917717281693,0,0.030303116887807846,0.09818189591169357,-0.019393837079405785,-0.019393837079405785,0.03,0.024,gap_take_profit,1,0,32,2024-12-01
2024-12-26,1227,35.41590118408203,0.5025771724580158,0,0.0,0.0013513307785615325,-0.002702661557123065,0.0,0.0,-0.006,close,0,0,32,2024-12-01
2024-12-26,3693,333.5,0.5025771724580158,0,0.00599700165912509,0.00899550225585699,-0.004497751127928495,-0.002998500829562545,-0.002998500829562545,-0.008998500829562545,close,0,0,32,2024-12-01
2024-12-26,6108,16.549999237060547,0.5025771724580158,1,0.0060423193499445915,0.04531722143292427,-0.0030211021658033133,0.012084638699889183,0.03,0.024,take_profit,1,0,32,2024-12-01
2024-12-26,6026,11.190303802490234,0.5025771724580158,1,0.00408159801736474,0.00408159801736474,-0.004081697668880224,0.00408159801736474,0.00408159801736474,-0.0019184019826352598,close,0,0,32,2024-12-01
2024-12-26,3050,17.032867431640625,0.5025771724580158,0,-0.0028328383341431618,0.0028329058550298214,-0.019830070436000824,-0.005665764212608337,-0.005665764212608337,-0.011665764212608338,close,0,0,32,2024-12-01
2024-12-26,3066,23.200000762939453,0.5025771724580158,0,0.012931001372635365,0.012931001372635365,-0.025862084701657295,-0.023706944659352303,-0.02,-0.026000000000000002,stop_loss,0,1,32,2024-12-01
2024-12-27,1101,30.68011474609375,0.4817838422956337,0,0.0031348192133009434,0.0031348192133009434,-0.0062695457600057125,-0.0062695457600057125,-0.0062695457600057125,-0.012269545760005713,close,0,0,32,2024-12-01
2024-12-27,1102,38.603248596191406,0.4817838422956337,0,-4.77186468117452e-08,0.0036719602067023516,-0.006119998637586832,-0.006119998637586832,-0.006119998637586832,-0.012119998637586832,close,0,0,32,2024-12-01
2024-12-27,1103,16.36050033569336,0.4817838422956337,1,0.0029411441646516323,0.011764763854444027,1.2610060551310198e-08,0.0029411441646516323,0.0029411441646516323,-0.003058855835348368,close,0,0,32,2024-12-01
2024-12-27,1104,27.33726692199707,0.4817838422956337,0,-0.0017241151072084904,0.010344797745347023,-0.0068965815007686615,-0.0034482923801988363,-0.0034482923801988363,-0.009448292380198836,close,0,0,32,2024-12-01
2024-12-27,1110,20.121925354003906,0.4817838422956337,1,8.703564979839484e-09,0.00977990310639143,-0.004889985546469688,0.004889909643679857,0.004889909643679857,-0.0011100903563201429,close,0,0,32,2024-12-01
2024-12-27,1201,17.389062881469727,0.4817838422956337,0,-0.005570986773818731,6.537610630630297e-08,-0.005570986773818731,-0.005570986773818731,-0.005570986773818731,-0.011570986773818731,close,0,0,32,2024-12-01
2024-12-27,1210,49.97429275512695,0.4817838422956337,0,3.045864716000324e-08,3.045864716000324e-08,-0.013358762487769127,-0.009541953913867474,-0.009541953913867474,-0.015541953913867474,close,0,0,32,2024-12-01
2024-12-27,1215,87.5681381225586,0.4817838422956337,0,0.0010965651599690318,0.005482463166117668,-0.004385891370475292,-0.0021929421927779913,-0.0021929421927779913,-0.008192942192777991,close,0,0,32,2024-12-01
2024-12-27,1216,79.79637908935547,0.4817838422956337,0,-0.00603867182508111,-2.4851409818893444e-08,-0.010869608260691166,-0.010869608260691166,-0.010869608260691166,-0.016869608260691164,close,0,0,32,2024-12-01
2024-12-27,1217,11.47525691986084,0.4817838422956337,0,0.004219342954456806,0.008438767865300179,-0.008438852615654469,-0.008438852615654469,-0.008438852615654469,-0.014438852615654469,close,0,0,32,2024-12-01
2024-12-27,1218,18.659122467041016,0.4817838422956337,0,0.00502511952072382,0.00502511952072382,-0.005025169812142849,-0.005025169812142849,-0.005025169812142849,-0.011025169812142849,close,0,0,32,2024-12-01
2024-12-27,1219,15.135196685791016,0.4817838422956337,0,5.358626964380164e-08,5.358626964380164e-08,-0.015974389389157295,-0.015974389389157295,-0.015974389389157295,-0.021974389389157294,close,0,0,32,2024-12-01
2024-12-27,1225,44.599998474121094,0.4817838422956337,1,0.002242203801870346,0.02130046673119068,-0.002242118353024125,0.02017940767109394,0.02017940767109394,0.01417940767109394,close,0,0,32,2024-12-01
2024-12-27,1227,35.41590118408203,0.4817838422956337,0,2.103806018283194e-09,2.103806018283194e-09,-0.00810808502137661,-0.00810808502137661,-0.00810808502137661,-0.01410808502137661,close,0,0,32,2024-12-01
2024-12-27,1229,47.577484130859375,0.4817838422956337,0,0.005836563650518656,0.005836563650518656,-0.01750972867012024,-0.01750972867012024,-0.01750972867012024,-0.023509728670120238,close,0,0,32,2024-12-01
2024-12-27,1231,119.03648376464844,0.4817838422956337,1,0.011320800520479679,0.04528302699327469,1.695757845254775e-08,0.04150945320725441,0.03,0.024,take_profit,1,0,32,2024-12-01
2024-12-27,1301,36.48179244995117,0.4817838422956337,0,-2.5036548834123096e-08,-2.5036548834123096e-08,-0.04054056480526924,-0.04054056480526924,-0.02,-0.026000000000000002,stop_loss,0,1,32,2024-12-01
2024-12-27,1303,30.271812438964844,0.4817838422956337,0,-0.003225879045203328,-0.003225879045203328,-0.029032304883003235,-0.029032304883003235,-0.02,-0.026000000000000002,stop_loss,0,1,32,2024-12-01
2024-12-27,1304,11.090741157531738,0.4817838422956337,0,-2.8917266803318853e-08,-2.8917266803318853e-08,-0.030973512679338455,-0.030973512679338455,-0.02,-0.026000000000000002,stop_loss,0,1,32,2024-12-01
2024-12-27,1305,12.239654541015625,0.4817838422956337,0,2.6375273520784503e-08,2.6375273520784503e-08,-0.036290284246206284,-0.03225800767540932,-0.02,-0.026000000000000002,stop_loss,0,1,32,2024-12-01
2024-12-30,1101,30.487764358520508,0.38327477416291283,0,-0.0031545860692858696,0.0,-0.009463758207857609,0.0,0.0,-0.006,close,0,0,32,2024-12-01
2024-12-30,1102,38.36699676513672,0.38327477416291283,0,-0.0024629710242152214,-0.0012314626947045326,-0.0073890988714993,-0.004925987683236599,-0.004925987683236599,-0.010925987683236599,close,0,0,32,2024-12-01
2024-12-30,1103,16.408618927001953,0.38327477416291283,0,-0.0029325191862881184,0.005865112412720919,-0.011730151250958443,-0.0029325191862881184,-0.0029325191862881184,-0.008932519186288118,close,0,0,32,2024-12-01
2024-12-30,1104,27.243000030517578,0.38327477416291283,0,-0.0017300838371738791,-6.464252688687111e-09,-0.012110746465623379,-0.01038060337305069,-0.01038060337305069,-0.016380603373050688,close,0,0,32,2024-12-01
2024-12-30,1110,20.220319747924805,0.38327477416291283,0,-0.002433010144159198,0.002433188958093524,-0.012165408581495285,-0.002433010144159198,-0.002433010144159198,-0.008433010144159198,close,0,0,32,2024-12-01
2024-12-30,1201,17.29218864440918,0.38327477416291283,1,-8.949453444984101e-08,0.0028009878005832434,-0.005602350924164057,0.0028009878005832434,0.0028009878005832434,-0.0031990121994167568,close,0,0,32,2024-12-01
2024-12-30,1210,49.497440338134766,0.38327477416291283,0,-0.003853586735203862,-0.003853586735203862,-0.01348749827593565,-0.0077071660198271275,-0.0077071660198271275,-0.013707166019827128,close,0,0,32,2024-12-01
2024-12-30,1215,87.37610626220703,0.38327477416291283,0,2.1031006269822683e-08,2.1031006269822683e-08,-0.008791221305727959,-0.007692253217101097,-0.007692253217101097,-0.013692253217101097,close,0,0,32,2024-12-01
2024-12-30,1216,78.92902374267578,0.38327477416291283,0,-0.007325961720198393,-0.003663014154881239,-0.013430967926979065,-0.01220998540520668,-0.01220998540520668,-0.01820998540520668,close,0,0,32,2024-12-01
2024-12-30,1217,11.378418922424316,0.38327477416291283,0,-8.905536308390083e-10,0.004255334381014109,-0.008510671555995941,-0.004255336243659258,-0.004255336243659258,-0.010255336243659258,close,0,0,32,2024-12-01
2024-12-30,1218,18.565357208251953,0.38327477416291283,0,-0.00252517219632864,4.209671899957357e-08,-0.010100911371409893,-0.00252517219632864,-0.00252517219632864,-0.00852517219632864,close,0,0,32,2024-12-01
2024-12-30,1219,14.893421173095703,0.38327477416291283,0,-3.3285989076148326e-08,-3.3285989076148326e-08,-0.01298703346401453,-0.01298703346401453,-0.01298703346401453,-0.01898703346401453,close,0,0,32,2024-12-01
2024-12-30,1225,45.5,0.38327477416291283,0,-0.002197768772020936,0.01318677980452776,-0.09999998658895493,-0.09999998658895493,-0.02,-0.026000000000000002,stop_loss,0,1,32,2024-12-01
2024-12-30,1227,35.128746032714844,0.38327477416291283,0,-0.005449628923088312,-0.0013623939594253898,-0.008174383081495762,-0.0013623939594253898,-0.0013623939594253898,-0.00736239395942539,close,0,0,32,2024-12-01
2024-12-30,1229,46.744415283203125,0.38327477416291283,1,-4.791768404288632e-08,0.013861363753676414,-0.009901079349219799,0.0039603328332304955,0.0039603328332304955,-0.0020396671667695047,close,0,0,32,2024-12-01
2024-12-30,1231,123.97762298583984,0.38327477416291283,1,-3.767590683878552e-08,0.02898550219833851,-0.003623215015977621,0.0036231395788490772,0.0036231395788490772,-0.002376860421150923,close,0,0,32,2024-12-01
2024-12-30,1301,35.00279998779297,0.38327477416291283,0,0.0028168584685772657,0.014084506779909134,-0.0112676490098238,0.0,0.0,-0.006,close,0,0,32,2024-12-01
2024-12-30,1303,29.39295196533203,0.38327477416291283,0,-0.003322213888168335,0.006644538603723049,-0.018272405490279198,-0.006644485983997583,-0.006644485983997583,-0.012644485983997584,close,0,0,32,2024-12-01
2024-12-30,1304,10.747221946716309,0.38327477416291283,0,-0.009132333099842072,3.4997924558410887e-08,-0.018264789134263992,-0.018264789134263992,-0.018264789134263992,-0.02426478913426399,close,0,0,32,2024-12-01
2024-12-30,1305,11.844827651977539,0.38327477416291283,0,-0.008333361707627773,3.1596889549234675e-09,-0.02083333022892475,-0.004166679456830025,-0.02,-0.026000000000000002,stop_loss,0,1,32,2024-12-01
2024-12-31,6763,59.517730712890625,0.4773994186556337,0,0.011456669308245182,0.014730004593729973,-0.006546579767018557,-0.004909943789243698,-0.004909943789243698,-0.010909943789243698,close,0,0,32,2024-12-01
2024-12-31,9935,26.663475036621094,0.4773994186556337,0,-0.001733129029162228,0.003466230584308505,-0.008665498346090317,-0.001733129029162228,-0.001733129029162228,-0.007733129029162228,close,0,0,32,2024-12-01
2024-12-31,6741,83.15300750732422,0.4773994186556337,0,-0.007058779709041119,0.0047059268690645695,-0.023529386147856712,-0.014117585495114326,-0.02,-0.026000000000000002,stop_loss,0,1,32,2024-12-01
2024-12-31,9955,28.5,0.4773994186556337,1,-0.001754359225742519,0.007017570547759533,-0.012280714698135853,0.0035087852738797665,0.0035087852738797665,-0.0024912147261202337,close,0,0,32,2024-12-01
2024-12-31,6596,83.37539672851562,0.4773994186556337,1,0.03333333507180214,0.06111111119389534,0.01666666753590107,0.05000000074505806,0.03,0.024,gap_take_profit,1,0,32,2024-12-01
2024-12-31,9911,79.16022491455078,0.4773994186556337,1,-0.004784665070474148,0.010765611194074154,-0.004784665070474148,0.005980904214084148,0.005980904214084148,-1.9095785915851718e-05,close,0,0,32,2024-12-01
2024-12-31,7714,90.77729797363281,0.4773994186556337,0,0.005263158120214939,0.005263158120214939,0.0,0.0,0.0,-0.006,close,0,0,32,2024-12-01
2024-12-31,8044,43.45000076293945,0.4773994186556337,1,0.0,0.00920593086630106,-0.02646723762154579,0.0011507304152473807,-0.02,-0.026000000000000002,stop_loss,0,1,32,2024-12-01
2024-12-31,6873,183.4364776611328,0.4773994186556337,0,0.0,0.009546575136482716,-0.00715989014133811,-0.0023866023402661085,-0.0023866023402661085,-0.008386602340266109,close,0,0,32,2024-12-01
2024-12-31,6806,111.69953155517578,0.4773994186556337,0,-3.339918208666859e-08,0.013157861307263374,-0.008771962486207485,-0.004385998006910086,-0.004385998006910086,-0.010385998006910086,close,0,0,32,2024-12-01
2024-12-31,2062,33.099998474121094,0.4773994186556337,0,0.0,0.004531768150627613,-0.01510574109852314,-0.01359507441520691,-0.01359507441520691,-0.019595074415206908,close,0,0,32,2024-12-01
2024-12-31,6994,116.76039123535156,0.4773994186556337,0,-0.021186435595154762,4.467850978073784e-09,-0.021186435595154762,-0.008474571630358696,-0.021186435595154762,-0.02718643559515476,gap_stop,0,1,32,2024-12-01
2024-12-31,3293,939.4271850585938,0.4773994186556337,0,0.001026682322844863,0.001026682322844863,-0.013347034342586994,-0.011293645948171616,-0.011293645948171616,-0.017293645948171614,close,0,0,32,2024-12-01
2024-12-31,6689,117.04069519042969,0.4773994186556337,1,0.016666673123836517,0.09166667610406876,0.008333339355885983,0.05000000819563866,0.03,0.024,take_profit,1,0,32,2024-12-01
2024-12-31,6869,171.15382385253906,0.4773994186556337,0,-0.0028169434517621994,0.014084463939070702,-0.022535253316164017,-0.022535253316164017,-0.02,-0.026000000000000002,stop_loss,0,1,32,2024-12-01
2024-12-31,6923,76.6397476196289,0.4773994186556337,0,0.008728236891329288,0.008728236891329288,-0.007481277920305729,0.0,0.0,-0.006,close,0,0,32,2024-12-01
2024-12-31,3073,57.70000076293945,0.4773994186556337,1,0.0363951213657856,0.0363951213657856,-0.012131729163229465,0.0017330758273601532,0.03,0.024,gap_take_profit,1,0,32,2024-12-01
2024-12-31,3546,65.78926086425781,0.4773994186556337,0,0.0,0.003968263976275921,0.0,0.0,0.0,-0.006,close,0,0,32,2024-12-01
2024-12-31,3551,124.35902404785156,0.4773994186556337,0,0.007874018512666225,0.023622049018740654,-0.023622045293450356,-0.023622045293450356,-0.02,-0.026000000000000002,stop_loss,0,1,32,2024-12-01
2024-12-31,3708,85.83829498291016,0.4773994186556337,0,0.002254833932965994,0.013528791256248951,-0.007891745306551456,-0.007891745306551456,-0.007891745306551456,-0.013891745306551457,close,0,0,32,2024-12-01
2025-01-02,1101,30.39158821105957,0.47233213208897706,0,-0.003164564725011587,0.0047468277625739574,-0.003164564725011587,-0.003164564725011587,-0.003164564725011587,-0.009164564725011587,close,0,0,33,2025-01-01
2025-01-02,1102,38.036251068115234,0.47233213208897706,0,0.00993785448372364,0.017391251400113106,-0.003726817201822996,-0.003726817201822996,-0.003726817201822996,-0.009726817201822996,close,0,0,33,2025-01-01
2025-01-02,1103,16.36050033569336,0.47233213208897706,0,4.524098429214973e-08,0.008823552168905735,-0.014705837704241276,-0.014705837704241276,-0.014705837704241276,-0.020705837704241274,close,0,0,33,2025-01-01
2025-01-02,1104,26.630268096923828,0.47233213208897706,0,0.0,0.008849557489156723,-0.0017698844894766808,0.0,0.0,-0.006,close,0,0,33,2025-01-01
2025-01-02,1110,20.023530960083008,0.47233213208897706,1,0.004913938231766224,0.007370902691036463,-0.002457143273204565,0.004913938231766224,0.004913938231766224,-0.0010860617682337762,close,0,0,33,2025-01-01
2025-01-02,1201,17.34062385559082,0.47233213208897706,0,0.0027934499084949493,0.0027934499084949493,-0.005586524493992329,-0.002793164225295186,-0.002793164225295186,-0.008793164225295186,close,0,0,33,2025-01-01
2025-01-02,1210,48.92521286010742,0.47233213208897706,1,4.266473752068123e-08,0.001949405181221664,-0.009746546857059002,0.001949405181221664,0.001949405181221664,-0.004050594818778336,close,0,0,33,2025-01-01
2025-01-02,1215,87.85619354248047,0.47233213208897706,0,0.006557367276400328,0.010928968898952007,-0.005464474204927683,-0.002185752149671316,-0.002185752149671316,-0.008185752149671316,close,0,0,33,2025-01-01
2025-01-02,1216,77.00157165527344,0.47233213208897706,0,0.006257878616452217,0.013767247088253498,-0.010012498125433922,-0.0037546753883361816,-0.0037546753883361816,-0.009754675388336182,close,0,0,33,2025-01-01
2025-01-02,1217,11.281580924987793,0.47233213208897706,0,0.0,0.008583723567426205,0.0,0.0,0.0,-0.006,close,0,0,33,2025-01-01
2025-01-02,1218,18.424711227416992,0.47233213208897706,0,0.007633560337126255,0.007633560337126255,-0.012722655199468136,-0.012722655199468136,-0.012722655199468136,-0.018722655199468134,close,0,0,33,2025-01-01
2025-01-02,1219,14.506579399108887,0.47233213208897706,0,-4.1989181909229956e-08,-4.1989181909229956e-08,-0.006666733883321285,-0.0033333878964185715,-0.0033333878964185715,-0.009333387896418572,close,0,0,33,2025-01-01
2025-01-02,1225,41.900001525878906,0.47233213208897706,0,0.026252945885062218,0.09546539187431335,-0.0727924332022667,-0.05727927014231682,-0.02,-0.026000000000000002,ambiguous_stop_loss,1,1,33,2025-01-01
2025-01-02,1227,34.6980094909668,0.47233213208897706,0,0.0055173165164887905,0.0055173165164887905,-0.0041379197500646114,-0.0041379197500646114,-0.0041379197500646114,-0.010137919750064612,close,0,0,33,2025-01-01
2025-01-02,1229,47.11466598510742,0.47233213208897706,1,0.01178787462413311,0.01964639127254486,0.005893987137824297,0.01178787462413311,0.01178787462413311,0.00578787462413311,close,0,0,33,2025-01-01
2025-01-02,1231,127.12198638916016,0.47233213208897706,1,4.133154618557455e-08,0.024734947830438614,-0.014134250581264496,0.024734947830438614,0.024734947830438614,0.018734947830438616,close,0,0,33,2025-01-01
2025-01-02,1301,34.41120529174805,0.47233213208897706,0,0.008596011437475681,0.03151862695813179,-0.011461317539215088,-0.011461317539215088,0.03,0.024,take_profit,1,0,33,2025-01-01
2025-01-02,1303,29.197650909423828,0.47233213208897706,0,0.0033444662112742662,0.028428077697753906,-0.011705726385116577,-0.011705726385116577,-0.011705726385116577,-0.017705726385116576,close,0,0,33,2025-01-01
2025-01-02,1304,10.30555534362793,0.47233213208897706,0,0.004761923104524612,0.033333368599414825,0.0,0.0,0.03,0.024,take_profit,1,0,33,2025-01-01
2025-01-02,1305,11.49935245513916,0.47233213208897706,0,7.1076056151753164e-09,0.02575109712779522,-0.008583635091781616,-0.008583635091781616,-0.008583635091781616,-0.014583635091781616,close,0,0,33,2025-01-01
2025-01-03,1101,30.295412063598633,0.4539067965700042,1,-4.726141256128358e-08,0.01587296836078167,-0.0015873245429247618,0.011111075058579445,0.011111075058579445,0.005111075058579445,close,0,0,33,2025-01-01
2025-01-03,1102,37.89449691772461,0.4539067965700042,1,0.00997514370828867,0.019950244575738907,0.004987592808902264,0.007481415756046772,0.007481415756046772,0.0014814157560467719,close,0,0,33,2025-01-01
2025-01-03,1103,16.119905471801758,0.4539067965700042,1,0.005970096681267023,0.017910325899720192,0.005970096681267023,0.008955125696957111,0.008955125696957111,0.0029551256969571112,close,0,0,33,2025-01-01
2025-01-03,1104,26.630268096923828,0.4539067965700042,1,3.5974527801130307e-09,0.01592923328280449,3.5974527801130307e-09,0.0035398402251303196,0.0035398402251303196,-0.0024601597748696805,close,0,0,33,2025-01-01
2025-01-03,1110,20.121925354003906,0.4539067965700042,0,0.0024449818301945925,0.007334975991398096,-0.009779957123100758,-0.007335006259381771,-0.007335006259381771,-0.013335006259381771,close,0,0,33,2025-01-01
2025-01-03,1201,17.29218864440918,0.4539067965700042,0,-2.4070285320476614e-08,0.008403315208852291,-0.0028012085240334272,-0.0028012085240334272,-0.0028012085240334272,-0.008801208524033427,close,0,0,33,2025-01-01
2025-01-03,1210,49.02058792114258,0.4539067965700042,1,0.0019454220309853554,0.007781982421875,0.0019454220309853554,0.007781982421875,0.007781982421875,0.0017819824218749999,close,0,0,33,2025-01-01
2025-01-03,1215,87.6641616821289,0.4539067965700042,1,0.009857524186372757,0.017524605616927147,0.007666977122426033,0.007666977122426033,0.007666977122426033,0.001666977122426033,close,0,0,33,2025-01-01
2025-01-03,1216,76.71245574951172,0.4539067965700042,1,0.002512635663151741,0.017587974667549133,1.520023928947012e-08,0.016331711784005165,0.016331711784005165,0.010331711784005165,close,0,0,33,2025-01-01
2025-01-03,1217,11.281580924987793,0.4539067965700042,1,0.004291862715035677,0.012875586748123169,8.981981824973673e-10,0.004291862715035677,0.004291862715035677,-0.0017081372849643232,close,0,0,33,2025-01-01
2025-01-03,1218,18.19029998779297,0.4539067965700042,1,0.002577342325821519,0.007731902878731489,-0.0025773164816200733,0.002577342325821519,0.002577342325821519,-0.0034226576741784812,close,0,0,33,2025-01-01
2025-01-03,1219,14.458223342895508,0.4539067965700042,0,-0.006688875146210194,-0.0033444443251937628,-0.01337786391377449,-0.006688875146210194,-0.006688875146210194,-0.012688875146210194,close,0,0,33,2025-01-01
2025-01-03,1225,39.5,0.4539067965700042,1,0.01772153750061989,0.10000001639127731,0.01645573414862156,0.09493670612573624,0.03,0.024,take_profit,1,0,33,2025-01-01
2025-01-03,1227,34.5544319152832,0.4539067965700042,1,-5.368846700548602e-08,0.013850362040102482,-0.00969530176371336,0.004155113361775875,0.004155113361775875,-0.001844886638224125,close,0,0,33,2025-01-01
2025-01-03,1229,47.670047760009766,0.4539067965700042,0,-4.952533672053505e-08,0.005825170781463385,-0.007767087779939175,-0.005825269967317581,-0.005825269967317581,-0.011825269967317581,close,0,0,33,2025-01-01
2025-01-03,1231,130.26634216308594,0.4539067965700042,0,0.006896492093801498,0.006896492093801498,-0.06896551698446274,-0.04137933999300003,-0.02,-0.026000000000000002,stop_loss,0,1,33,2025-01-01
2025-01-03,1301,34.016807556152344,0.4539067965700042,1,0.005797132849693298,0.06376814842224121,-0.001449243980459869,0.05072464793920517,0.03,0.024,take_profit,1,0,33,2025-01-01
2025-01-03,1303,28.855871200561523,0.4539067965700042,1,0.01184436772018671,0.07106602936983109,0.005076216533780098,0.05752966180443764,0.03,0.024,take_profit,1,0,33,2025-01-01
2025-01-03,1304,10.30555534362793,0.4539067965700042,1,0.009523846209049225,0.10000001639127731,-0.014285678043961525,0.10000001639127731,0.03,0.024,take_profit,1,0,33,2025-01-01
2025-01-03,1305,11.400646209716797,0.4539067965700042,1,3.563404860074115e-08,0.07792208343744278,-0.008658005855977535,0.060606081038713455,0.03,0.024,take_profit,1,0,33,2025-01-01
2025-01-06,1101,30.63202667236328,0.5017958953758165,0,0.0015698820352554321,0.0031397768761962652,-0.010988975875079632,-0.010988975875079632,-0.010988975875079632,-0.01698897587507963,close,0,0,33,2025-01-01
2025-01-06,1102,38.178001403808594,0.5017958953758165,1,0.007425700314342976,0.008663305081427097,-0.004950536414980888,0.0024751867167651653,0.0024751867167651653,-0.003524813283234835,close,0,0,33,2025-01-01
2025-01-06,1103,16.26426124572754,0.5017958953758165,0,0.002958692843094468,0.011834410950541496,-0.014792854897677898,-0.014792854897677898,-0.014792854897677898,-0.020792854897677897,close,0,0,33,2025-01-01
2025-01-06,1104,26.72453498840332,0.5017958953758165,0,0.0035273469984531403,0.0035273469984531403,-0.0052909948863089085,-0.0052909948863089085,-0.0052909948863089085,-0.011290994886308909,close,0,0,33,2025-01-01
2025-01-06,1110,19.97433090209961,0.5017958953758165,0,0.004926097579300404,0.007389208301901817,-0.01477831695228815,-0.01477831695228815,-0.01477831695228815,-0.02077831695228815,close,0,0,33,2025-01-01
2025-01-06,1201,17.243749618530273,0.5017958953758165,0,0.0,0.005617999006062746,0.0,0.0,0.0,-0.006,close,0,0,33,2025-01-01
2025-01-06,1210,49.40206527709961,0.5017958953758165,0,0.0019306158646941185,0.0019306158646941185,-0.019304951652884483,-0.011582913808524609,-0.011582913808524609,-0.017582913808524607,close,0,0,33,2025-01-01
2025-01-06,1215,88.3362808227539,0.5017958953758165,1,0.010869624093174934,0.010869624093174934,0.0010869984980672598,0.010869624093174934,0.010869624093174934,0.004869624093174934,close,0,0,33,2025-01-01
2025-01-06,1216,77.96530151367188,0.5017958953758165,0,0.003708163509145379,0.012360877357423306,-0.023485863581299782,-0.017305394634604454,-0.02,-0.026000000000000002,stop_loss,0,1,33,2025-01-01
2025-01-06,1217,11.329999923706055,0.5017958953758165,0,-8.981981824973673e-10,0.00854704063385725,-0.008546960540115833,-0.004273521713912487,-0.004273521713912487,-0.010273521713912487,close,0,0,33,2025-01-01
2025-01-06,1218,18.2371826171875,0.5017958953758165,0,3.624679933977859e-08,0.007712098769843578,-0.0051413713954389095,-0.0025707166641950607,-0.0025707166641950607,-0.00857071666419506,close,0,0,33,2025-01-01
2025-01-06,1219,14.3615140914917,0.5017958953758165,0,-9.991250493612824e-09,-9.991250493612824e-09,-0.016835026443004608,-0.016835026443004608,-0.016835026443004608,-0.022835026443004607,close,0,0,33,2025-01-01
2025-01-06,1225,43.25,0.5017958953758165,0,-0.01849709264934063,0.01849709264934063,-0.04508672282099724,-0.04508672282099724,-0.02,-0.026000000000000002,stop_loss,0,1,33,2025-01-01
2025-01-06,1227,34.6980094909668,0.5017958953758165,0,0.0013793451944366097,0.0013793451944366097,-0.012413758784532547,-0.012413758784532547,-0.012413758784532547,-0.018413758784532545,close,0,0,33,2025-01-01
2025-01-06,1229,47.392356872558594,0.5017958953758165,0,0.007812465075403452,0.009765583090484142,-0.009765670634806156,-0.009765670634806156,-0.009765670634806156,-0.015765670634806155,close,0,0,33,2025-01-01
2025-01-06,1231,124.87600708007812,0.5017958953758165,1,-0.003597087226808071,0.010791419073939323,-0.01798553392291069,0.003597196191549301,0.003597196191549301,-0.002402803808450699,close,0,0,33,2025-01-01
2025-01-06,1301,35.7422981262207,0.5017958953758165,0,-5.730724694785749e-08,-5.730724694785749e-08,-0.04689662903547287,-0.04689662903547287,-0.02,-0.026000000000000002,stop_loss,0,1,33,2025-01-01
2025-01-06,1303,30.515939712524414,0.5017958953758165,0,-8.152307273689985e-09,0.0015999673632904887,-0.04159998521208763,-0.04159998521208763,-0.02,-0.026000000000000002,stop_loss,0,1,33,2025-01-01
2025-01-06,1304,11.336111068725586,0.5017958953758165,0,4.09537186385478e-08,0.021645063534379005,-0.03463204577565193,-0.02164498157799244,-0.02,-0.026000000000000002,stop_loss,0,1,33,2025-01-01
2025-01-06,1305,12.091594696044922,0.5017958953758165,0,2.7044793071695494e-08,2.7044793071695494e-08,-0.036734651774168015,-0.03265300393104553,-0.02,-0.026000000000000002,stop_loss,0,1,33,2025-01-01
2025-01-07,1101,30.295412063598633,0.4610675413961555,0,-2.816242172798411e-08,0.003174586920067668,-0.004761920776218176,-0.0015873054508119822,-0.0015873054508119822,-0.007587305450811982,close,0,0,33,2025-01-01
2025-01-07,1102,38.272499084472656,0.4610675413961555,0,0.004938323516398668,0.004938323516398668,-0.01604938879609108,-0.01604938879609108,-0.01604938879609108,-0.022049388796091078,close,0,0,33,2025-01-01
2025-01-07,1103,16.023666381835938,0.4610675413961555,0,0.0030030589550733566,0.006006015930324793,-0.003002970013767481,-0.003002970013767481,-0.003002970013767481,-0.009002970013767481,close,0,0,33,2025-01-01
2025-01-07,1104,26.5831356048584,0.4610675413961555,1,-0.0035461096558719873,0.007092161104083061,-0.007092222571372986,0.007092161104083061,0.007092161104083061,0.001092161104083061,close,0,0,33,2025-01-01
2025-01-07,1110,19.67914390563965,0.4610675413961555,0,-0.007499980740249157,0.005000018980354071,-0.014999961480498314,0.0,0.0,-0.006,close,0,0,33,2025-01-01
2025-01-07,1201,17.243749618530273,0.4610675413961555,0,-0.0028089459519833326,0.002809053286910057,-0.005617891903966665,0.0,0.0,-0.006,close,0,0,33,2025-01-01
2025-01-07,1210,48.8298454284668,0.4610675413961555,1,3.897336675606766e-09,0.007812459021806717,-0.00781252607703209,0.007812459021806717,0.007812459021806717,0.0018124590218067168,close,0,0,33,2025-01-01
2025-01-07,1215,89.29646301269531,0.4610675413961555,0,0.0010752592934295535,0.0010752592934295535,-0.010752681642770767,-0.0032258322462439537,-0.0032258322462439537,-0.009225832246243954,close,0,0,33,2025-01-01
2025-01-07,1216,76.61608123779297,0.4610675413961555,0,2.0303641434793462e-08,0.0025157053023576736,-0.015094281174242496,-0.010062911547720432,-0.010062911547720432,-0.01606291154772043,close,0,0,33,2025-01-01
2025-01-07,1217,11.281580924987793,0.4610675413961555,1,0.004291863646358252,0.008583725430071354,1.7887518133363756e-09,0.008583725430071354,0.008583725430071354,0.002583725430071354,close,0,0,33,2025-01-01
2025-01-07,1218,18.19029998779297,0.4610675413961555,0,0.002577396109700203,0.002577396109700203,-0.01030920259654522,-0.007731921970844269,-0.007731921970844269,-0.013731921970844269,close,0,0,33,2025-01-01
2025-01-07,1219,14.11973762512207,0.4610675413961555,0,-5.427964921977946e-08,-5.427964921977946e-08,-0.02739735133945942,-0.020548010244965553,-0.02,-0.026000000000000002,stop_loss,0,1,33,2025-01-01
2025-01-07,1225,41.29999923706055,0.4610675413961555,1,0.006053268909454346,0.029055709019303322,-0.007263903971761465,0.009685266762971878,0.009685266762971878,0.003685266762971878,close,0,0,33,2025-01-01
2025-01-07,1227,34.267276763916016,0.4610675413961555,0,-3.296822725928905e-08,-3.296822725928905e-08,-0.018156392499804497,-0.011173153296113014,-0.011173153296113014,-0.017173153296113013,close,0,0,33,2025-01-01
2025-01-07,1229,46.92953872680664,0.4610675413961555,0,4.79176875956e-08,4.79176875956e-08,-0.007889469154179096,-0.003944710362702608,-0.003944710362702608,-0.009944710362702608,close,0,0,33,2025-01-01
2025-01-07,1231,125.32521057128906,0.4610675413961555,1,-4.0438809634224526e-08,0.028673766180872917,-4.0438809634224526e-08,0.02150532975792885,0.02150532975792885,0.015505329757928848,close,0,0,33,2025-01-01
2025-01-07,1301,34.066104888916016,0.4610675413961555,0,-0.0014471483882516623,-0.0014471483882516623,-0.04486249014735222,-0.03762659803032875,-0.02,-0.026000000000000002,stop_loss,0,1,33,2025-01-01
2025-01-07,1303,29.246477127075195,0.4610675413961555,0,0.0033388412557542324,0.00500832824036479,-0.03338898718357086,-0.021702894940972328,-0.02,-0.026000000000000002,stop_loss,0,1,33,2025-01-01
2025-01-07,1304,11.090741157531738,0.4610675413961555,0,-0.00442478945478797,-0.00442478945478797,-0.05752216652035713,-0.04867257550358772,-0.02,-0.026000000000000002,stop_loss,0,1,33,2025-01-01
2025-01-07,1305,11.696767807006836,0.4610675413961555,0,6.517268946737431e-09,6.517268946737431e-09,-0.01687769405543804,-0.008438844233751297,-0.008438844233751297,-0.014438844233751297,close,0,0,33,2025-01-01
2025-01-08,1101,30.247323989868164,0.47191091484324665,0,-2.870793824882867e-09,0.0015897979028522968,-0.020667776465415955,-0.020667776465415955,-0.02,-0.026000000000000002,stop_loss,0,1,33,2025-01-01
2025-01-08,1102,37.65824890136719,0.47191091484324665,0,0.006273512262851,0.006273512262851,-0.010037597268819809,-0.010037597268819809,-0.010037597268819809,-0.016037597268819807,close,0,0,33,2025-01-01
2025-01-08,1103,15.975547790527344,0.47191091484324665,0,0.006024135742336512,0.006024135742336512,-0.012048222124576569,-0.009036105126142502,-0.009036105126142502,-0.015036105126142502,close,0,0,33,2025-01-01
2025-01-08,1104,26.77166748046875,0.47191091484324665,0,-0.007042157929390669,-0.007042157929390669,-0.024647792801260948,-0.024647792801260948,-0.02,-0.026000000000000002,stop_loss,0,1,33,2025-01-01
2025-01-08,1110,19.67914390563965,0.47191091484324665,0,-0.004999975208193064,0.005000063218176365,-0.03249993920326233,-0.0024999177549034357,-0.02,-0.026000000000000002,stop_loss,0,1,33,2025-01-01
2025-01-08,1201,17.243749618530273,0.47191091484324665,0,-0.0028090118430554867,0.0028089869301766157,-0.008427010849118233,-0.008427010849118233,-0.008427010849118233,-0.014427010849118233,close,0,0,33,2025-01-01
2025-01-08,1210,49.211326599121094,0.47191091484324665,0,-1.5347863424608477e-08,-1.5347863424608477e-08,-0.019379859790205956,-0.019379859790205956,-0.019379859790205956,-0.025379859790205954,close,0,0,33,2025-01-01
2025-01-08,1215,89.00840759277344,0.47191091484324665,0,-0.002157509094104171,-0.001078777015209198,-0.016181275248527527,-0.016181275248527527,-0.016181275248527527,-0.022181275248527525,close,0,0,33,2025-01-01
2025-01-08,1216,75.84510040283203,0.47191091484324665,0,-0.00127067556604743,0.006353193428367376,-0.008894544094800949,-0.00127067556604743,-0.00127067556604743,-0.00727067556604743,close,0,0,33,2025-01-01
2025-01-08,1217,11.378418922424316,0.47191091484324665,0,-0.004255335312336683,-0.004255335312336683,-0.012765925377607346,-0.012765925377607346,-0.012765925377607346,-0.018765925377607344,close,0,0,33,2025-01-01
2025-01-08,1218,18.049654006958008,0.47191091484324665,0,0.0025973806623369455,0.00519484281539917,-0.007792170625180006,-0.007792170625180006,-0.007792170625180006,-0.013792170625180006,close,0,0,33,2025-01-01
2025-01-08,1219,13.829605102539062,0.47191091484324665,0,-0.003496466903015971,-0.003496466903015971,-0.010489501059055328,-0.006992983631789684,-0.006992983631789684,-0.012992983631789684,close,0,0,33,2025-01-01
2025-01-08,1225,41.70000076293945,0.47191091484324665,1,-0.01438854355365038,0.09112707525491714,-0.01438854355365038,0.0311750415712595,0.03,0.024,take_profit,1,0,33,2025-01-01
2025-01-08,1227,33.884403228759766,0.47191091484324665,0,5.998678886953712e-08,5.998678886953712e-08,-0.02542371302843094,-0.021186381578445435,-0.02,-0.026000000000000002,stop_loss,0,1,33,2025-01-01
2025-01-08,1229,46.744415283203125,0.47191091484324665,0,-5.420388760057904e-08,0.007920707575976849,-0.015841657295823097,-0.010891180485486984,-0.010891180485486984,-0.016891180485486983,close,0,0,33,2025-01-01
2025-01-08,1231,128.02037048339844,0.47191091484324665,0,-0.007017531897872686,-9.755743768380398e-09,-0.024561455473303795,-0.010526292957365513,-0.02,-0.026000000000000002,stop_loss,0,1,33,2025-01-01
2025-01-08,1301,32.7843132019043,0.47191091484324665,0,-0.013533840887248516,-0.007518780417740345,-0.03759396821260452,-0.03759396821260452,-0.02,-0.026000000000000002,stop_loss,0,1,33,2025-01-01
2025-01-08,1303,28.611743927001953,0.47191091484324665,0,-0.008532412350177765,-0.006825888529419899,-0.02389073558151722,-0.02389073558151722,-0.02,-0.026000000000000002,stop_loss,0,1,33,2025-01-01
2025-01-08,1304,10.550926208496094,0.47191091484324665,0,0.00465118745341897,0.00465118745341897,-0.051162801682949066,-0.051162801682949066,-0.02,-0.026000000000000002,stop_loss,0,1,33,2025-01-01
2025-01-08,1305,11.598060607910156,0.47191091484324665,0,-0.008510716259479523,-0.004255381412804127,-0.04680857062339783,-0.04680857062339783,-0.02,-0.026000000000000002,stop_loss,0,1,33,2025-01-01
2025-01-09,1101,29.62217903137207,0.48151858310611584,0,-0.00649347435683012,-0.0016233567148447037,-0.021103888750076294,-0.017857123166322708,-0.02,-0.026000000000000002,stop_loss,0,1,33,2025-01-01
2025-01-09,1102,37.280250549316406,0.48151858310611584,0,-0.005069776903837919,0.0025347659830003977,-0.008872096426784992,-0.0063371844589710236,-0.0063371844589710236,-0.012337184458971024,close,0,0,33,2025-01-01
2025-01-09,1103,15.831191062927246,0.48151858310611584,0,0.0,0.009118517860770226,-0.003039583098143339,0.0,0.0,-0.006,close,0,0,33,2025-01-01
2025-01-09,1104,26.111804962158203,0.48151858310611584,0,-0.0036101292353123426,-0.0018051026854664087,-0.010830373503267765,-0.0054152244701981544,-0.0054152244701981544,-0.011415224470198155,close,0,0,33,2025-01-01
2025-01-09,1110,19.629947662353516,0.48151858310611584,0,-0.00751888332888484,-0.0025063331704586744,-0.015037661418318748,-0.00501256063580513,-0.00501256063580513,-0.01101256063580513,close,0,0,33,2025-01-01
2025-01-09,1201,17.09843635559082,0.48151858310611584,0,6.635261939891279e-08,0.0028329927008599043,-0.008498496375977993,-0.0056656780652701855,-0.0056656780652701855,-0.011665678065270186,close,0,0,33,2025-01-01
2025-01-09,1210,48.25761795043945,0.48151858310611584,1,-0.003952540457248688,0.009881391189992428,-0.009881454519927502,0.009881391189992428,0.009881391189992428,0.0038813911899924277,close,0,0,33,2025-01-01
2025-01-09,1215,87.5681381225586,0.48151858310611584,0,-0.002192945685237646,3.4666267634264614e-09,-0.004385894630104303,-0.0010964710963889956,-0.0010964710963889956,-0.007096471096388996,close,0,0,33,2025-01-01
2025-01-09,1216,75.74872589111328,0.48151858310611584,0,-0.006361269857734442,0.005089132115244865,-0.010178005322813988,-0.0012721914099529386,-0.0012721914099529386,-0.007272191409952939,close,0,0,33,2025-01-01
2025-01-09,1217,11.233162879943848,0.48151858310611584,0,-9.021621227844889e-10,0.004310278221964836,-0.008620723150670528,-0.0043103620409965515,-0.0043103620409965515,-0.010310362040996552,close,0,0,33,2025-01-01
2025-01-09,1218,17.909008026123047,0.48151858310611584,0,-0.002617886755615473,0.007853357121348381,-0.013089030981063843,-0.0052356477826833725,-0.0052356477826833725,-0.011235647782683373,close,0,0,33,2025-01-01
2025-01-09,1219,13.732894897460938,0.48151858310611584,1,0.003521115053445101,0.003521115053445101,-0.00352116534486413,0.003521115053445101,0.003521115053445101,-0.0024788849465548993,close,0,0,33,2025-01-01
2025-01-09,1225,43.0,0.48151858310611584,1,0.0,0.09999997913837433,-0.013953452929854393,0.08837207406759262,0.03,0.024,take_profit,1,0,33,2025-01-01
2025-01-09,1227,33.1665153503418,0.48151858310611584,0,-0.0014431076124310493,-1.8207328977837278e-08,-0.01875907927751541,-0.01875907927751541,-0.01875907927751541,-0.02475907927751541,close,0,0,33,2025-01-01
2025-01-09,1229,46.235313415527344,0.48151858310611584,0,-0.004003976937383413,-0.004003976937383413,-0.03403397276997566,-0.01801793836057186,-0.02,-0.026000000000000002,stop_loss,0,1,33,2025-01-01
2025-01-09,1231,126.67279052734375,0.48151858310611584,0,-0.007092210464179516,-0.007092210464179516,-0.021276623010635376,-0.014184447005391121,-0.02,-0.026000000000000002,stop_loss,0,1,33,2025-01-01
2025-01-09,1301,31.551820755004883,0.48151858310611584,0,-0.006250001024454832,0.014062547124922276,-0.020312465727329254,-0.0171874538064003,-0.02,-0.026000000000000002,stop_loss,0,1,33,2025-01-01
2025-01-09,1303,27.92818832397461,0.48151858310611584,0,-4.561432476180016e-08,0.017482470721006393,-0.010489595122635365,-0.010489595122635365,-0.010489595122635365,-0.016489595122635363,close,0,0,33,2025-01-01
2025-01-09,1304,10.01111125946045,0.48151858310611584,0,-0.009803932160139084,0.014705870300531387,-0.019607890397310257,-0.014705912210047245,-0.014705912210047245,-0.020705912210047243,close,0,0,33,2025-01-01
2025-01-09,1305,11.055171966552734,0.48151858310611584,0,1.7720589440273216e-08,0.013392926193773746,-0.02678571455180645,-0.022321412339806557,-0.02,-0.026000000000000002,stop_loss,0,1,33,2025-01-01
2025-01-10,1101,29.093212127685547,0.45193908644400504,1,0.0016528877895325422,0.014876078814268112,-0.006611575372517109,0.008264482952654362,0.008264482952654362,0.0022644829526543616,close,0,0,33,2025-01-01
2025-01-10,1102,37.04399871826172,0.45193908644400504,1,4.945855280880096e-08,0.016581624746322632,4.945855280880096e-08,0.006377600599080324,0.006377600599080324,0.00037760059908032405,close,0,0,33,2025-01-01
2025-01-10,1103,15.831191062927246,0.45193908644400504,0,-4.5412107851916517e-08,-4.5412107851916517e-08,-0.024316245689988136,-0.02127666212618351,-0.02,-0.026000000000000002,stop_loss,0,1,33,2025-01-01
2025-01-10,1104,25.97040367126465,0.45193908644400504,0,-0.003629718441516161,-0.003629718441516161,-0.019963685423135757,-0.01633390597999096,-0.01633390597999096,-0.022333905979990958,close,0,0,33,2025-01-01
2025-01-10,1110,19.531551361083984,0.45193908644400504,0,-0.010075612924993038,-0.0025189570151269436,-0.05289679020643234,-0.027707872912287712,-0.02,-0.026000000000000002,stop_loss,0,1,33,2025-01-01
2025-01-10,1201,17.001562118530273,0.45193908644400504,0,-0.0028490263503044844,-6.700373234025392e-08,-0.014245080761611462,-0.008547053672373295,-0.008547053672373295,-0.014547053672373295,close,0,0,33,2025-01-01
2025-01-10,1210,48.73447036743164,0.45193908644400504,1,-0.013698593713343143,0.017612531781196594,-0.01956949383020401,0.017612531781196594,0.017612531781196594,0.011612531781196594,close,0,0,33,2025-01-01
2025-01-10,1215,87.47212219238281,0.45193908644400504,1,0.0054884604178369045,0.0054884604178369045,-0.006586166098713875,0.0054884604178369045,0.0054884604178369045,-0.0005115395821630956,close,0,0,33,2025-01-01
2025-01-10,1216,75.65235900878906,0.45193908644400504,0,-0.005095597356557846,-3.6848334161732055e-08,-0.01910831592977047,-0.006369463168084621,-0.006369463168084621,-0.012369463168084622,close,0,0,33,2025-01-01
2025-01-10,1217,11.184743881225586,0.45193908644400504,0,-0.004329023417085409,-2.7539686087152404e-09,-0.017316002398729324,-0.012987065128982067,-0.012987065128982067,-0.018987065128982065,close,0,0,33,2025-01-01
2025-01-10,1218,17.815242767333984,0.45193908644400504,0,-0.005263142287731171,-0.005263142287731171,-0.039473649114370346,-0.015789398923516273,-0.02,-0.026000000000000002,stop_loss,0,1,33,2025-01-01
2025-01-10,1219,13.78125,0.45193908644400504,0,-0.007017547730356455,-0.007017547730356455,-0.05964912846684456,-0.0315789133310318,-0.02,-0.026000000000000002,stop_loss,0,1,33,2025-01-01
2025-01-10,1225,46.79999923706055,0.45193908644400504,0,0.003205160843208432,0.003205160843208432,-0.07478632777929306,-0.04273504391312599,-0.02,-0.026000000000000002,stop_loss,0,1,33,2025-01-01
2025-01-10,1227,32.544342041015625,0.45193908644400504,1,0.0029411111027002335,0.01176473032683134,-0.01911771297454834,0.007352920714765787,0.007352920714765787,0.001352920714765787,close,0,0,33,2025-01-01
2025-01-10,1229,45.40224838256836,0.45193908644400504,0,-0.00917437020689249,-0.00917437020689249,-0.03771664574742317,-0.025484276935458183,-0.02,-0.026000000000000002,stop_loss,0,1,33,2025-01-01
2025-01-10,1231,124.87600708007812,0.45193908644400504,0,0.02158280462026596,0.028777027502655983,-0.021582715213298798,-0.007194208912551403,-0.02,-0.026000000000000002,stop_loss,0,1,33,2025-01-01
2025-01-10,1301,31.009525299072266,0.45193908644400504,1,0.007949103601276875,0.036565881222486496,-0.006359345745295286,0.028616756200790405,0.03,0.024,take_profit,1,0,33,2025-01-01
2025-01-10,1303,27.63523292541504,0.45193908644400504,1,0.0017668402288109064,0.028268607333302498,-0.007067082449793816,0.014134345576167107,0.014134345576167107,0.008134345576167107,close,0,0,33,2025-01-01
2025-01-10,1304,9.86388874053955,0.45193908644400504,1,7.65652856671295e-08,0.0248757004737854,-0.014925354160368443,0.009950269013643265,0.009950269013643265,0.003950269013643265,close,0,0,33,2025-01-01
2025-01-10,1305,10.808404922485352,0.45193908644400504,1,-1.4464143660575246e-08,0.027397263795137405,-0.022831065580248833,0.018264807760715485,-0.02,-0.026000000000000002,stop_loss,0,1,33,2025-01-01
2025-01-13,1101,29.33365249633789,0.46536657688764244,1,0.0032786966767162085,0.01311473734676838,0.0032786966767162085,0.0032786966767162085,0.0032786966767162085,-0.0027213033232837917,close,0,0,33,2025-01-01
2025-01-13,1102,37.280250549316406,0.46536657688764244,1,0.00760455708950758,0.01774401217699051,0.006337149068713188,0.010139372199773788,0.010139372199773788,0.004139372199773788,close,0,0,33,2025-01-01
2025-01-13,1103,15.494356155395508,0.46536657688764244,1,2.781363939163839e-08,0.018633520230650902,2.781363939163839e-08,0.018633520230650902,0.018633520230650902,0.012633520230650902,close,0,0,33,2025-01-01
2025-01-13,1104,25.546205520629883,0.46536657688764244,1,9.65482982451249e-09,0.02029518410563469,9.65482982451249e-09,0.016605133190751076,0.016605133190751076,0.010605133190751076,close,0,0,33,2025-01-01
2025-01-13,1110,18.990373611450195,0.46536657688764244,1,-0.005181212443858385,0.010362790897488594,-0.015543946996331215,0.002590789459645748,0.002590789459645748,-0.003409210540354252,close,0,0,33,2025-01-01
2025-01-13,1201,16.85624885559082,0.46536657688764244,1,4.5968732820256264e-08,0.005747194867581129,-0.0028734735678881407,0.005747194867581129,0.005747194867581129,-0.00025280513241887105,close,0,0,33,2025-01-01
2025-01-13,1210,49.59280776977539,0.46536657688764244,0,-0.0019230475882068276,0.0,-0.01538460049778223,0.0,0.0,-0.006,close,0,0,33,2025-01-01
2025-01-13,1215,87.95220947265625,0.46536657688764244,1,0.004366818815469742,0.01091702003031969,0.0010916761821135879,0.004366818815469742,0.004366818815469742,-0.0016331811845302583,close,0,0,33,2025-01-01
2025-01-13,1216,75.17049407958984,0.46536657688764244,1,0.008974393829703331,0.016666781157255173,0.006410330068320036,0.012820586562156677,0.012820586562156677,0.006820586562156677,close,0,0,33,2025-01-01
2025-01-13,1217,11.0394868850708,0.46536657688764244,1,2.7539683866706355e-09,0.013157947920262814,2.7539683866706355e-09,0.013157947920262814,0.013157947920262814,0.0071579479202628134,close,0,0,33,2025-01-01
2025-01-13,1218,17.533950805664062,0.46536657688764244,1,0.008021333254873753,0.021390317007899284,0.008021333254873753,0.01604270190000534,0.01604270190000534,0.01004270190000534,close,0,0,33,2025-01-01
2025-01-13,1219,13.346053123474121,0.46536657688764244,1,1.067210142480235e-08,0.018115952610969543,1.067210142480235e-08,0.018115952610969543,0.018115952610969543,0.012115952610969543,close,0,0,33,2025-01-01
2025-01-13,1225,44.79999923706055,0.46536657688764244,1,0.012276768684387207,0.099330373108387,0.0,0.08035719394683838,0.03,0.024,take_profit,1,0,33,2025-01-01
2025-01-13,1227,32.78363800048828,0.46536657688764244,1,0.00145984988193959,0.008759120479226112,-0.00145981356035918,0.00145984988193959,0.00145984988193959,-0.00454015011806041,close,0,0,33,2025-01-01
2025-01-13,1229,44.24520492553711,0.46536657688764244,0,-0.012552188709378242,0.0052302563562989235,-0.013598209246993065,-0.012552188709378242,-0.012552188709378242,-0.01855218870937824,close,0,0,33,2025-01-01
2025-01-13,1231,123.97762298583984,0.46536657688764244,0,0.0,0.003623177297413349,-0.007246354594826698,0.0,0.0,-0.006,close,0,0,33,2025-01-01
2025-01-13,1301,31.89691734313965,0.46536657688764244,1,0.0015457301633432508,0.08964461088180542,0.0015457301633432508,0.08037105947732925,0.03,0.024,take_profit,1,0,33,2025-01-01
2025-01-13,1303,28.02583885192871,0.46536657688764244,1,0.005226476117968559,0.0696864202618599,0.005226476117968559,0.06097561866044998,0.03,0.024,take_profit,1,0,33,2025-01-01
2025-01-13,1304,9.962037086486816,0.46536657688764244,1,-0.009852170012891293,0.03940891474485397,-0.009852170012891293,0.004926118068397045,0.03,0.024,take_profit,1,0,33,2025-01-01
2025-01-13,1305,11.005818367004395,0.46536657688764244,1,-0.004484262783080339,0.05829599127173424,-0.004484262783080339,0.035874463617801666,0.03,0.024,take_profit,1,0,33,2025-01-01
2025-01-14,1101,29.429828643798828,0.44065804927332247,1,-1.1160023127843033e-08,0.017973819747567177,-1.1160023127843033e-08,0.006535898894071579,0.006535898894071579,0.0005358988940715789,close,0,0,33,2025-01-01
2025-01-14,1102,37.65824890136719,0.44065804927332247,1,0.008782989345490932,0.02133004181087017,0.005018835887312889,0.012547047808766365,0.012547047808766365,0.006547047808766365,close,0,0,33,2025-01-01
2025-01-14,1103,15.78307056427002,0.44065804927332247,1,0.0030488513875752687,0.01524390373378992,1.0794494187393866e-09,0.012195169925689697,0.012195169925689697,0.006195169925689697,close,0,0,33,2025-01-01
2025-01-14,1104,25.97040367126465,0.44065804927332247,1,0.0018149270908907056,0.01088933739811182,0.0018149270908907056,0.003629781538620591,0.003629781538620591,-0.002370218461379409,close,0,0,33,2025-01-01
2025-01-14,1110,19.039573669433594,0.44065804927332247,1,-0.010335970669984818,0.018087860196828842,-0.010335970669984818,0.018087860196828842,0.018087860196828842,0.012087860196828842,close,0,0,33,2025-01-01
2025-01-14,1201,16.953125,0.44065804927332247,1,0.002857120241969824,0.008571428246796131,-0.002857078332453966,0.002857120241969824,0.002857120241969824,-0.0031428797580301763,close,0,0,33,2025-01-01
2025-01-14,1210,49.59280776977539,0.44065804927332247,0,-3.981800222874199e-09,0.003846164559945464,-0.015384604223072529,-0.0038461724761873484,-0.0038461724761873484,-0.009846172476187348,close,0,0,33,2025-01-01
2025-01-14,1215,88.3362808227539,0.44065804927332247,1,7.937438795124763e-08,0.0032609824556857347,-0.0021738007199019194,0.0021739595104008913,0.0021739595104008913,-0.003826040489599109,close,0,0,33,2025-01-01
2025-01-14,1216,76.13422393798828,0.44065804927332247,0,-0.002531622536480427,-1.5536143038730188e-08,-0.016455750912427902,-0.016455750912427902,-0.016455750912427902,-0.0224557509124279,close,0,0,33,2025-01-01
2025-01-14,1217,11.184743881225586,0.44065804927332247,1,-0.004329019691795111,0.00432902155444026,-0.004329019691795111,0.00432902155444026,0.00432902155444026,-0.0016709784455597402,close,0,0,33,2025-01-01
2025-01-14,1218,17.815242767333984,0.44065804927332247,1,0.0026314950082451105,0.007894672453403473,-4.3690043582955695e-08,0.0026314950082451105,0.0026314950082451105,-0.0033685049917548896,close,0,0,33,2025-01-01
2025-01-14,1219,13.58782958984375,0.44065804927332247,1,-5.8659942681060784e-08,0.021352266892790794,-5.8659942681060784e-08,0.017793534323573112,0.017793534323573112,0.011793534323573112,close,0,0,33,2025-01-01
2025-01-14,1225,48.400001525878906,0.44065804927332247,0,-0.0010331209050491452,0.02582644484937191,-0.018595071509480476,-0.017562029883265495,-0.017562029883265495,-0.023562029883265494,close,0,0,33,2025-01-01
2025-01-14,1227,32.83149719238281,0.44065804927332247,1,0.005830869078636169,0.00874627660959959,0.0014576470712199807,0.004373165778815746,0.004373165778815746,-0.0016268342211842538,close,0,0,33,2025-01-01
2025-01-14,1229,43.6898307800293,0.44065804927332247,0,-0.0031780244316905737,0.012711743824183941,-0.010593335144221783,-0.0031780244316905737,-0.0031780244316905737,-0.009178024431690574,close,0,0,33,2025-01-01
2025-01-14,1231,123.97762298583984,0.44065804927332247,0,0.007246330846101046,0.018115922808647156,-0.007246378343552351,-0.003623201046139002,-0.003623201046139002,-0.009623201046139002,close,0,0,33,2025-01-01
2025-01-14,1301,34.460506439208984,0.44065804927332247,1,-0.004291902296245098,0.047210220247507095,-0.01144497748464346,0.01716732420027256,0.03,0.024,take_profit,1,0,33,2025-01-01
2025-01-14,1303,29.734731674194336,0.44065804927332247,1,-0.004926173947751522,0.04926106706261635,-0.008210196159780025,0.01642034389078617,0.03,0.024,take_profit,1,0,33,2025-01-01
2025-01-14,1304,10.01111125946045,0.44065804927332247,1,3.433700879185153e-09,0.09803922474384308,3.433700879185153e-09,0.09803922474384308,0.03,0.024,take_profit,1,0,33,2025-01-01
2025-01-14,1305,11.400646209716797,0.44065804927332247,1,3.866164632881919e-08,0.09956710785627365,-0.004328982438892126,0.056277062743902206,0.03,0.024,take_profit,1,0,33,2025-01-01
2025-01-15,9955,28.200000762939453,0.5200846875971576,1,0.0053191352635622025,0.01773049682378769,0.0,0.010638270527124405,0.010638270527124405,0.004638270527124405,close,0,0,33,2025-01-01
2025-01-15,9946,20.5,0.5200846875971576,1,0.004878067411482334,0.017073189839720726,-0.012195121496915817,0.00731705455109477,0.00731705455109477,0.0013170545510947703,close,0,0,33,2025-01-01
2025-01-15,9945,39.3684196472168,0.5200846875971576,1,0.012254953384399414,0.023284384980797768,0.009804010391235352,0.018382403999567032,0.018382403999567032,0.012382403999567032,close,0,0,33,2025-01-01
2025-01-15,9941,111.5,0.5200846875971576,1,0.013452914543449879,0.026905829086899757,0.0044843051582574844,0.017937220633029938,0.017937220633029938,0.011937220633029938,close,0,0,33,2025-01-01
2025-01-15,9940,25.919286727905273,0.5200846875971576,1,0.0054151760414242744,0.014440447092056274,0.0036100803408771753,0.0036100803408771753,0.0036100803408771753,-0.002389919659122825,close,0,0,33,2025-01-01
2025-01-15,9939,142.654296875,0.5200846875971576,1,0.020202042534947395,0.047138068825006485,0.010101032443344593,0.030303053557872772,0.03,0.024,take_profit,1,0,33,2025-01-01
2025-01-15,9938,66.5999984741211,0.5200846875971576,1,0.013513537123799324,0.025525594130158424,0.00150147860404104,0.013513537123799324,0.013513537123799324,0.007513537123799324,close,0,0,33,2025-01-01
2025-01-15,9933,35.94839096069336,0.5200846875971576,0,0.010113803669810295,0.010113803669810295,-0.0025284243747591972,-0.0025284243747591972,-0.0025284243747591972,-0.008528424374759197,close,0,0,33,2025-01-01
2025-01-15,9919,19.868301391601562,0.5200846875971576,0,-0.01243786234408617,-0.00497519550845027,-0.022388149052858353,-0.007462719455361366,-0.02,-0.026000000000000002,stop_loss,0,1,33,2025-01-01
2025-01-15,9917,119.03671264648438,0.5200846875971576,1,0.0040160538628697395,0.0080321179702878,-1.0254845861368267e-08,0.0040160538628697395,0.0040160538628697395,-0.0019839461371302606,close,0,0,33,2025-01-01
2025-01-15,9907,14.139315605163574,0.5200846875971576,1,0.006711453665047884,0.013422888703644276,0.006711453665047884,0.006711453665047884,0.006711453665047884,0.0007114536650478839,close,0,0,33,2025-01-01
2025-01-15,8227,151.8626708984375,0.5200846875971576,1,0.022801274433732033,0.02931593358516693,0.00977195892482996,0.02931593358516693,0.02931593358516693,0.023315933585166933,close,0,0,33,2025-01-01
2025-01-15,8234,56.20000076293945,0.5200846875971576,1,0.017793593928217888,0.04092525318264961,0.017793593928217888,0.017793593928217888,0.03,0.024,take_profit,1,0,33,2025-01-01
2025-01-15,8240,37.971473693847656,0.5200846875971576,0,0.00999996718019247,0.017499947920441628,-0.0037501079495996237,-0.001250050961971283,-0.001250050961971283,-0.007250050961971283,close,0,0,33,2025-01-01
2025-01-15,8249,46.43136215209961,0.5200846875971576,1,0.015544100664556026,0.040414582937955856,0.015544100664556026,0.020725447684526443,0.03,0.024,take_profit,1,0,33,2025-01-01
2025-01-15,8255,155.5,0.5200846875971576,1,0.006430868059396744,0.025723472237586975,0.003215434029698372,0.006430868059396744,0.006430868059396744,0.00043086805939674365,close,0,0,33,2025-01-01
2025-01-15,8261,77.3365249633789,0.5200846875971576,1,0.01612912304699421,0.023573273792862892,0.006203527096658945,0.006203527096658945,0.006203527096658945,0.00020352709665894496,close,0,0,33,2025-01-01
2025-01-15,8271,43.25,0.5200846875971576,1,0.006936398334801197,0.02427743934094906,0.006936398334801197,0.02427743934094906,0.02427743934094906,0.01827743934094906,close,0,0,33,2025-01-01
2025-01-15,8289,22.9997501373291,0.5200846875971576,1,1.740004940131712e-08,0.01070665568113327,1.740004940131712e-08,0.002141312463209033,0.002141312463209033,-0.003858687536790967,close,0,0,33,2025-01-01
2025-01-15,8155,100.81290435791016,0.5200846875971576,1,0.014423083513975143,0.03846154361963272,6.097339966260051e-09,0.014423083513975143,0.03,0.024,take_profit,1,0,33,2025-01-01
2025-01-16,9958,155.0,0.49320913537378525,0,0.006451612804085016,0.006451612804085016,-0.019354838877916336,-0.006451612804085016,-0.006451612804085016,-0.012451612804085016,close,0,0,33,2025-01-01
2025-01-16,1101,29.76644515991211,0.49320913537378525,1,0.004846510011702776,0.029079142957925797,0.0032309640664607286,0.02423262782394886,0.02423262782394886,0.018232627823948862,close,0,0,33,2025-01-01
2025-01-16,9955,28.5,0.49320913537378525,0,0.005263144616037607,0.014035074040293694,-0.008771929889917374,-0.008771929889917374,-0.008771929889917374,-0.014771929889917374,close,0,0,33,2025-01-01
2025-01-16,9946,20.649999618530273,0.49320913537378525,1,0.0,0.007263903971761465,-0.019370442256331444,0.0024213630240410566,0.0024213630240410566,-0.0035786369759589435,close,0,0,33,2025-01-01
2025-01-16,1104,26.111804962158203,0.49320913537378525,1,0.009025211445987225,0.018050480633974075,0.0036099939607083797,0.018050480633974075,0.018050480633974075,0.012050480633974075,close,0,0,33,2025-01-01
2025-01-16,1110,19.531551361083984,0.49320913537378525,0,0.0025188426952809095,0.0050377920269966125,-0.005037812981754541,-0.005037812981754541,-0.005037812981754541,-0.011037812981754542,close,0,0,33,2025-01-01
2025-01-16,1201,17.05000114440918,0.49320913537378525,0,0.0,0.005681839771568775,-0.002840974135324359,0.0,0.0,-0.006,close,0,0,33,2025-01-01
2025-01-16,1210,49.1159553527832,0.49320913537378525,1,7.970026416614928e-09,0.011650463566184044,-0.0038835019804537296,0.011650463566184044,0.011650463566184044,0.005650463566184044,close,0,0,33,2025-01-01
2025-01-16,1215,88.5283203125,0.49320913537378525,0,0.007592240814119577,0.007592240814119577,-0.00216916436329484,0.0,0.0,-0.006,close,0,0,33,2025-01-01
2025-01-16,1216,75.94148254394531,0.49320913537378525,0,0.006345133762806654,0.006345133762806654,-0.011421381495893002,-0.0038071884773671627,-0.0038071884773671627,-0.009807188477367163,close,0,0,33,2025-01-01
2025-01-16,1217,11.233162879943848,0.49320913537378525,1,-0.004310362972319126,0.0043102772906422615,-0.004310362972319126,0.0043102772906422615,0.0043102772906422615,-0.0016897227093577386,close,0,0,33,2025-01-01
2025-01-16,1218,17.862123489379883,0.49320913537378525,1,0.0026248276699334383,0.007874192669987679,0.0026248276699334383,0.007874192669987679,0.007874192669987679,0.0018741926699876784,close,0,0,33,2025-01-01
2025-01-16,1219,13.829605102539062,0.49320913537378525,0,0.0,0.006992966867983341,0.0,0.0,0.0,-0.006,close,0,0,33,2025-01-01
2025-01-16,1225,46.5,0.49320913537378525,0,0.0,0.01397852785885334,-0.02150537632405758,-0.02150537632405758,-0.02,-0.026000000000000002,stop_loss,0,1,33,2025-01-01
2025-01-16,1227,33.357948303222656,0.49320913537378525,0,0.0028694882057607174,0.0028694882057607174,-0.0028694146312773228,-0.001434716279618442,-0.001434716279618442,-0.007434716279618442,close,0,0,33,2025-01-01
2025-01-16,1229,43.273292541503906,0.49320913537378525,1,-0.0010695442324504256,0.013903746381402016,-0.01283420529216528,0.011764717288315296,0.011764717288315296,0.005764717288315296,close,0,0,33,2025-01-01
2025-01-16,9945,40.092105865478516,0.49320913537378525,1,-0.0012033877428621054,0.004813459236174822,-0.007220234721899033,0.004813459236174822,0.004813459236174822,-0.0011865407638251783,close,0,0,33,2025-01-01
2025-01-16,9941,113.5,0.49320913537378525,0,0.008810572326183319,0.022026430815458298,-0.008810572326183319,-0.008810572326183319,-0.008810572326183319,-0.01481057232618332,close,0,0,33,2025-01-01
2025-01-16,9940,26.01285743713379,0.49320913537378525,1,0.0071942307986319065,0.0071942307986319065,0.003597094677388668,0.003597094677388668,0.003597094677388668,-0.002402905322611332,close,0,0,33,2025-01-01
2025-01-16,9938,67.5,0.49320913537378525,1,0.007407407276332378,0.05333331227302551,0.007407407276332378,0.014814814552664757,0.03,0.024,take_profit,1,0,33,2025-01-01
2025-01-17,9958,154.0,0.521557066747937,1,0.006493506487458944,0.012987012974917889,-0.006493506487458944,0.012987012974917889,0.012987012974917889,0.0069870129749178885,close,0,0,33,2025-01-01
2025-01-17,9946,20.700000762939453,0.521557066747937,1,0.0,0.033816367387771606,-0.012077294290065765,0.028985433280467987,0.03,0.024,take_profit,1,0,33,2025-01-01
2025-01-17,9940,26.106428146362305,0.521557066747937,1,-0.0035842389333993196,0.00896057765930891,-0.0035842389333993196,0.00896057765930891,0.00896057765930891,0.0029605776593089102,close,0,0,33,2025-01-01
2025-01-17,9931,32.20500183105469,0.521557066747937,1,1.7507810312622496e-08,0.03687317296862602,-0.013274340890347958,0.008849551901221275,0.03,0.024,take_profit,1,0,33,2025-01-01
2025-01-17,9917,117.60253143310547,0.521557066747937,1,0.008130115456879139,0.012195155955851078,3.3609634186859694e-08,0.012195155955851078,0.012195155955851078,0.006195155955851078,close,0,0,33,2025-01-01
2025-01-17,1110,19.433155059814453,0.521557066747937,1,0.005063285119831562,0.037974655628204346,-0.0025316320825368166,0.03544304892420769,0.03,0.024,take_profit,1,0,33,2025-01-01
2025-01-17,1201,17.05000114440918,0.521557066747937,0,0.005681839771568775,0.008522705174982548,0.0,0.0,0.0,-0.006,close,0,0,33,2025-01-01
2025-01-17,9910,122.14814758300781,0.521557066747937,1,0.007843117229640484,0.01176468562334776,0.0039215488359332085,0.01176468562334776,0.01176468562334776,0.005764685623347759,close,0,0,33,2025-01-01
2025-01-17,9908,28.896080017089844,0.521557066747937,1,0.0016639017267152667,0.008319437503814697,-2.986221403489253e-08,0.006655569653958082,0.006655569653958082,0.0006555696539580821,close,0,0,33,2025-01-01
2025-01-17,1216,75.65235900878906,0.521557066747937,0,0.002547701820731163,0.002547701820731163,-0.00891718827188015,-0.00891718827188015,-0.00891718827188015,-0.01491718827188015,close,0,0,33,2025-01-01
2025-01-17,8222,35.8204460144043,0.521557066747937,1,0.0013755678664892912,0.009628642350435257,-0.0096286004409194,0.008253146894276142,0.008253146894276142,0.002253146894276142,close,0,0,33,2025-01-01
2025-01-17,8227,152.8520050048828,0.521557066747937,1,0.006472469307482243,0.03883492946624756,-2.2461122739514394e-08,0.03559868410229683,0.03,0.024,take_profit,1,0,33,2025-01-01
2025-01-17,8234,56.20000076293945,0.521557066747937,1,0.005338064860552549,0.023131659254431725,0.0,0.005338064860552549,0.005338064860552549,-0.0006619351394474508,close,0,0,33,2025-01-01
2025-01-17,8240,37.54429244995117,0.521557066747937,1,0.0037926919758319855,0.026548638939857483,-0.024020260199904442,0.026548638939857483,-0.02,-0.026000000000000002,stop_loss,0,1,33,2025-01-01
2025-01-17,8249,46.527591705322266,0.521557066747937,1,0.007238970138132572,0.0206825640052557,0.0020683391485363245,0.013443712145090103,0.013443712145090103,0.007443712145090103,close,0,0,33,2025-01-01
2025-01-17,8255,157.0,0.521557066747937,0,0.0031847134232521057,0.0031847134232521057,-0.009554140269756317,-0.0031847134232521057,-0.0031847134232521057,-0.009184713423252106,close,0,0,33,2025-01-01
2025-01-17,8261,77.3365249633789,0.521557066747937,1,5.2554391061221395e-08,0.012407001107931137,-0.002481299452483654,0.006203527096658945,0.006203527096658945,0.00020352709665894496,close,0,0,33,2025-01-01
2025-01-17,8155,99.84355163574219,0.521557066747937,1,3.274863757951607e-08,0.024271877482533455,3.274863757951607e-08,0.01941750943660736,0.01941750943660736,0.01341750943660736,close,0,0,33,2025-01-01
2025-01-17,8210,242.34927368164062,0.521557066747937,1,0.022357746958732605,0.05894311144948006,0.016260184347629547,0.05894311144948006,0.03,0.024,take_profit,1,0,33,2025-01-01
2025-01-17,8215,28.214847564697266,0.521557066747937,1,0.01206900179386139,0.017241403460502625,-0.005172377917915583,0.017241403460502625,0.017241403460502625,0.011241403460502624,close,0,0,33,2025-01-01
2025-01-20,9958,156.0,0.4999622653843535,0,-0.0032051282469183207,0.012820512987673283,-0.012820512987673283,-0.0032051282469183207,-0.0032051282469183207,-0.00920512824691832,close,0,0,33,2025-01-01
2025-01-20,9955,28.100000381469727,0.4999622653843535,1,0.0071173966862261295,0.012455529533326626,0.0017793322913348675,0.0017793322913348675,0.0017793322913348675,-0.004220667708665133,close,0,0,33,2025-01-01
2025-01-20,9946,21.299999237060547,0.4999622653843535,0,0.0,0.0,-0.0328637957572937,-0.028168942779302597,-0.02,-0.026000000000000002,stop_loss,0,1,33,2025-01-01
2025-01-20,9941,113.5,0.4999622653843535,1,0.0044052861630916595,0.013215859420597553,-0.008810572326183319,0.0044052861630916595,0.0044052861630916595,-0.0015947138369083406,close,0,0,33,2025-01-01
2025-01-20,9940,26.340356826782227,0.4999622653843535,0,-0.008881008252501488,-1.346904454635478e-08,-0.008881008252501488,-0.0017761853523552418,-0.0017761853523552418,-0.007776185352355242,close,0,0,33,2025-01-01
2025-01-20,9938,68.30000305175781,0.4999622653843535,0,0.00146410649176687,0.014641287736594677,-0.011713074520230293,-0.011713074520230293,-0.011713074520230293,-0.01771307452023029,close,0,0,33,2025-01-01
2025-01-20,1201,17.05000114440918,0.4999622653843535,1,0.00568177318200469,0.00568177318200469,-6.630308746480296e-08,0.00568177318200469,0.00568177318200469,-0.00031822681799530995,close,0,0,33,2025-01-01
2025-01-20,1210,49.497440338134766,0.4999622653843535,0,-4.231285899436443e-08,0.003853463102132082,-0.005780447740107775,-0.0019268685718998313,-0.0019268685718998313,-0.007926868571899831,close,0,0,33,2025-01-01
2025-01-20,9935,27.772525787353516,0.4999622653843535,0,-0.008319471962749958,0.006655594799667597,-0.021630607545375824,-0.021630607545375824,-0.02,-0.026000000000000002,stop_loss,0,1,33,2025-01-01
2025-01-20,1216,74.97775268554688,0.4999622653843535,1,0.0012853102525696158,0.011568027548491955,-0.003856097348034382,0.007712045218795538,0.007712045218795538,0.0017120452187955378,close,0,0,33,2025-01-01
2025-01-20,1217,11.233162879943848,0.4999622653843535,0,0.0,0.004310278687626123,0.0,0.0,0.0,-0.006,close,0,0,33,2025-01-01
2025-01-20,1218,17.955888748168945,0.4999622653843535,1,0.005221978295594454,0.005221978295594454,2.5880442677816973e-08,0.005221978295594454,0.005221978295594454,-0.0007780217044055463,close,0,0,33,2025-01-01
2025-01-20,1219,13.877961158752441,0.4999622653843535,1,1.0339377354284807e-08,0.01742161251604557,1.0339377354284807e-08,0.01742161251604557,0.01742161251604557,0.01142161251604557,close,0,0,33,2025-01-01
2025-01-20,9933,35.85749816894531,0.4999622653843535,1,0.0025348335038870573,0.012674274854362011,0.0012674699537456036,0.0012674699537456036,0.0012674699537456036,-0.0047325300462543966,close,0,0,33,2025-01-01
2025-01-20,1227,33.21437454223633,0.4999622653843535,1,-2.6241568917839686e-09,0.00864550843834877,-2.6241568917839686e-09,0.00864550843834877,0.00864550843834877,0.00264550843834877,close,0,0,33,2025-01-01
2025-01-20,1229,45.21712112426758,0.4999622653843535,1,-4.587719004689461e-08,0.017400173470377922,-0.008188346400856972,0.009211873635649681,0.009211873635649681,0.003211873635649681,close,0,0,33,2025-01-01
2025-01-20,9919,19.32464027404785,0.4999622653843535,0,-5.3957645462787696e-08,0.0025575493928045034,-0.015345282852649689,-0.007672668434679508,-0.007672668434679508,-0.013672668434679508,close,0,0,33,2025-01-01
2025-01-20,8289,23.048999786376953,0.4999622653843535,0,-0.004273520782589912,0.0,-0.02564104273915291,0.0,-0.02,-0.026000000000000002,stop_loss,0,1,33,2025-01-01
2025-01-20,8299,458.8255920410156,0.4999622653843535,1,-2.6167645827968045e-08,0.01914891041815281,-0.002127685584127903,0.0031914631836116314,0.0031914631836116314,-0.0028085368163883687,close,0,0,33,2025-01-01
2025-01-20,8341,78.77130126953125,0.4999622653843535,0,-0.008443932980298996,-0.0012062237365171313,-0.008443932980298996,-0.007237586658447981,-0.007237586658447981,-0.013237586658447981,close,0,0,33,2025-01-01
2025-01-21,9945,40.71929931640625,0.4947453767337553,1,0.0023696122225373983,0.005924150813370943,-0.002369742142036557,0.0023696122225373983,0.0023696122225373983,-0.003630387777462602,close,0,0,33,2025-01-01
2025-01-21,1101,30.583938598632812,0.4947453767337553,1,-3.2052746234967344e-08,0.004716997034847736,-0.006289304234087467,0.0015723309479653835,0.0015723309479653835,-0.004427669052034617,close,0,0,33,2025-01-01
2025-01-21,1102,38.83949661254883,0.4947453767337553,0,0.002433145884424448,0.006082725245505571,-0.00486610596999526,0.0,0.0,-0.006,close,0,0,33,2025-01-01
2025-01-21,1103,16.552978515625,0.4947453767337553,1,0.00581376114860177,0.008720804005861282,-0.005814077332615852,0.0029068293515592813,0.0029068293515592813,-0.0030931706484407188,close,0,0,33,2025-01-01
2025-01-21,1104,26.818801879882812,0.4947453767337553,1,0.0017574421362951398,0.007029836531728506,0.0017574421362951398,0.0017574421362951398,0.0017574421362951398,-0.00424255786370486,close,0,0,33,2025-01-01
2025-01-21,9941,114.0,0.4947453767337553,0,0.008771929889917374,0.008771929889917374,-0.017543859779834747,0.0,0.0,-0.006,close,0,0,33,2025-01-01
2025-01-21,1201,17.146875381469727,0.4947453767337553,1,0.0028248813468962908,0.00847462099045515,6.566659038753642e-08,0.00847462099045515,0.00847462099045515,0.0024746209904551505,close,0,0,33,2025-01-01
2025-01-21,9939,152.26065063476562,0.4947453767337553,1,-0.009463774040341377,0.02208196558058262,-0.009463774040341377,0.01892739161849022,0.01892739161849022,0.012927391618490219,close,0,0,33,2025-01-01
2025-01-21,1215,89.20044708251953,0.4947453767337553,0,-0.0032293081749230623,0.0053821345791220665,-0.004305718000978231,-0.0010764063335955143,-0.0010764063335955143,-0.007076406333595514,close,0,0,33,2025-01-01
2025-01-21,9931,32.4900016784668,0.4947453767337553,0,0.0,0.0,0.0,0.0,0.0,-0.006,close,0,0,33,2025-01-01
2025-01-21,9921,142.95545959472656,0.4947453767337553,1,0.017123213037848473,0.017123213037848473,-0.006849387660622597,0.0034245841670781374,0.0034245841670781374,-0.0025754158329218627,close,0,0,33,2025-01-01
2025-01-21,9918,38.16569900512695,0.4947453767337553,0,-0.0012593507999554276,7.589865447243938e-08,-0.0050377268344163895,-0.0050377268344163895,-0.0050377268344163895,-0.01103772683441639,close,0,0,33,2025-01-01
2025-01-21,1219,14.11973762512207,0.4947453767337553,0,0.006849220953881741,0.006849220953881741,-0.023972680792212486,-0.020548010244965553,-0.02,-0.026000000000000002,stop_loss,0,1,33,2025-01-01
2025-01-21,8271,44.900001525878906,0.4947453767337553,0,0.002227137330919504,0.00668149720877409,-0.002227222314104438,0.0,0.0,-0.006,close,0,0,33,2025-01-01
2025-01-21,8210,255.15634155273438,0.4947453767337553,1,0.017374485731124878,0.02316599152982235,-3.069069620664777e-08,0.02316599152982235,0.02316599152982235,0.01716599152982235,close,0,0,33,2025-01-01
2025-01-21,8213,32.50975036621094,0.4947453767337553,0,-1.0180504439460947e-08,0.0029497970826923847,-0.004424833692610264,-0.002949930028989911,-0.002949930028989911,-0.008949930028989911,close,0,0,33,2025-01-01
2025-01-21,8215,28.652664184570312,0.4947453767337553,1,0.003395542036741972,0.016977936029434204,0.00169777509290725,0.011884505860507488,0.011884505860507488,0.005884505860507488,close,0,0,33,2025-01-01
2025-01-21,8222,37.544952392578125,0.4947453767337553,0,0.01574806496500969,0.020997429266572,-0.01837264932692051,-0.01837264932692051,-0.01837264932692051,-0.024372649326920508,close,0,0,33,2025-01-01
2025-01-21,8112,56.540775299072266,0.4947453767337553,1,0.006611598655581474,0.008264466188848019,-0.003305794671177864,0.003305800724774599,0.003305800724774599,-0.002694199275225401,close,0,0,33,2025-01-01
2025-01-21,8131,27.232099533081055,0.4947453767337553,1,0.005226471461355686,0.006968604866415262,-0.0017421961529180408,0.006968604866415262,0.006968604866415262,0.0009686048664152621,close,0,0,33,2025-01-01
2025-01-22,9958,160.5,0.4686164225903288,1,-0.012461058795452118,0.018691588193178177,-0.037383176386356354,0.009345794096589088,-0.02,-0.026000000000000002,stop_loss,0,1,33,2025-01-01
2025-01-22,1101,30.63202667236328,0.4686164225903288,0,-0.009419184178113937,4.132474806795017e-09,-0.017268477007746696,-0.003139725187793374,-0.003139725187793374,-0.009139725187793374,close,0,0,33,2025-01-01
2025-01-22,1102,38.83949661254883,0.4686164225903288,0,8.530034278919629e-08,8.530034278919629e-08,-0.014598419889807701,-0.009732220321893692,-0.009732220321893692,-0.01573222032189369,close,0,0,33,2025-01-01
2025-01-22,1103,16.60109519958496,0.4686164225903288,0,0.002898609498515725,0.0057972269132733345,-0.014492652378976345,-0.0028984041418880224,-0.0028984041418880224,-0.008898404141888023,close,0,0,33,2025-01-01
2025-01-22,1104,26.865934371948242,0.4686164225903288,1,-2.5768653877378256e-10,0.00526314415037632,-0.010526289232075214,0.0017543589929118752,0.0017543589929118752,-0.004245641007088125,close,0,0,33,2025-01-01
2025-01-22,1110,19.77754020690918,0.4686164225903288,0,-0.007462620735168457,-0.0024875719100236893,-0.03482586145401001,-0.024875575676560402,-0.02,-0.026000000000000002,stop_loss,0,1,33,2025-01-01
2025-01-22,1201,17.29218864440918,0.4686164225903288,1,0.008403315208852291,0.025209994986653328,0.008403315208852291,0.011204392649233341,0.011204392649233341,0.005204392649233341,close,0,0,33,2025-01-01
2025-01-22,1210,49.211326599121094,0.4686164225903288,1,-1.963131701643306e-08,0.023255810141563416,-1.963131701643306e-08,0.021317854523658752,0.021317854523658752,0.015317854523658752,close,0,0,33,2025-01-01
2025-01-22,1215,89.10443115234375,0.4686164225903288,1,-0.0021552490070462227,0.012930973432958126,-0.0021552490070462227,0.010775834321975708,0.010775834321975708,0.004775834321975708,close,0,0,33,2025-01-01
2025-01-22,1216,75.55598449707031,0.4686164225903288,1,-0.02806120738387108,0.011479687876999378,-0.02806120738387108,0.010204100050032139,-0.02806120738387108,-0.03406120738387108,gap_stop,0,1,33,2025-01-01
2025-01-22,1217,11.281580924987793,0.4686164225903288,1,-0.012875501066446304,0.017167450860142708,-0.012875501066446304,0.017167450860142708,0.017167450860142708,0.011167450860142708,close,0,0,33,2025-01-01
2025-01-22,1218,18.28406524658203,0.4686164225903288,0,-0.005128249991685152,0.0051281992346048355,-0.01025647483766079,-0.005128249991685152,-0.005128249991685152,-0.011128249991685152,close,0,0,33,2025-01-01
2025-01-22,1219,13.829605102539062,0.4686164225903288,1,0.003496552584692836,0.013986037112772465,3.56902987164176e-08,0.013986037112772465,0.013986037112772465,0.007986037112772465,close,0,0,33,2025-01-01
2025-01-22,1225,46.0,0.4686164225903288,1,0.0,0.03043481521308422,-0.021739130839705467,0.025000033900141716,-0.02,-0.026000000000000002,ambiguous_stop_loss,1,1,33,2025-01-01
2025-01-22,1227,33.501529693603516,0.4686164225903288,0,-9.420597990583701e-08,0.0014284553471952677,-0.01857156492769718,-0.007142950780689716,-0.007142950780689716,-0.013142950780689716,close,0,0,33,2025-01-01
2025-01-22,1229,45.911346435546875,0.4686164225903288,1,8.313701727047373e-09,0.03427423536777496,-0.004032234661281109,0.030241910368204117,0.03,0.024,take_profit,1,0,33,2025-01-01
2025-01-22,1231,132.06312561035156,0.4686164225903288,1,1.7752142866811482e-08,0.03401363268494606,-0.0068027968518435955,0.02040811814367771,0.03,0.024,take_profit,1,0,33,2025-01-01
2025-01-22,1301,35.7422981262207,0.4686164225903288,0,-0.00551733560860157,0.02482755295932293,-0.05379319563508034,-0.04965522140264511,-0.02,-0.026000000000000002,stop_loss,0,1,33,2025-01-01
2025-01-22,1303,31.590099334716797,0.4686164225903288,0,-0.010819119401276112,0.023183925077319145,-0.046367794275283813,-0.03400304540991783,-0.02,-0.026000000000000002,stop_loss,0,1,33,2025-01-01
2025-01-22,1304,11.434259414672852,0.4686164225903288,0,-0.008583659306168556,0.004291844554245472,-0.05150211602449417,-0.03433474898338318,-0.02,-0.026000000000000002,stop_loss,0,1,33,2025-01-01
2025-02-03,2466,88.0,0.5955975232913092,1,0.05681818351149559,0.07954545319080353,-0.017045455053448677,0.022727273404598236,0.03,0.024,gap_take_profit,1,0,34,2025-02-01
2025-02-03,6112,60.939998626708984,0.5756984037769474,1,0.035714298486709595,0.09902594983577728,0.025974063202738762,0.09902594983577728,0.03,0.024,gap_take_profit,1,0,34,2025-02-01
2025-02-03,6148,26.988922119140625,0.5543057977503203,1,0.07014390826225281,0.09892085939645767,0.06115110218524933,0.09892085939645767,0.03,0.024,gap_take_profit,1,0,34,2025-02-01
2025-02-03,4142,24.450000762939453,0.5439253344449045,1,0.06339465081691742,0.08793453872203827,0.016359902918338776,0.03680979833006859,0.03,0.024,gap_take_profit,1,0,34,2025-02-01
2025-02-03,2852,23.14487648010254,0.5398615149578901,1,0.0040000309236347675,0.021999984979629517,1.5502703121228478e-08,0.01000001560896635,0.01000001560896635,0.00400001560896635,close,0,0,34,2025-02-01
2025-02-03,2027,35.92649841308594,0.537602869639162,1,-0.025571972131729126,0.04979812726378441,-0.033647321164608,0.034993305802345276,-0.025571972131729126,-0.031571972131729124,gap_stop,1,1,34,2025-02-01
2025-02-03,2812,17.116106033325195,0.5349862395524788,0,0.0026736226864159107,0.005347535014152527,-0.01069528330117464,-0.01069528330117464,-0.01069528330117464,-0.01669528330117464,close,0,0,34,2025-02-01
2025-02-03,5508,111.1146240234375,0.5290153957529077,1,0.003984070383012295,0.01992032490670681,-0.015936248004436493,0.01195219811052084,0.01195219811052084,0.0059521981105208396,close,0,0,34,2025-02-01
2025-02-03,3176,36.0,0.5161632728766368,1,0.09999995678663254,0.09999995678663254,0.05277781933546066,0.05833329260349274,0.03,0.024,gap_take_profit,1,0,34,2025-02-01
2025-02-03,2231,97.54824829101562,0.5153920446802409,0,0.004975140560418367,0.01990051381289959,-0.007960213348269463,-0.005970118101686239,-0.005970118101686239,-0.01197011810168624,close,0,0,34,2025-02-01
2025-02-03,2838,14.048970222473145,0.5123744011583758,0,-0.0032573372591286898,0.009772012010216713,-0.0032573372591286898,0.0,0.0,-0.006,close,0,0,34,2025-02-01
2025-02-03,2892,26.404796600341797,0.5096720671100017,0,-1.7834059562460425e-08,0.0035777962766587734,-0.010733460076153278,-0.010733460076153278,-0.010733460076153278,-0.016733460076153277,close,0,0,34,2025-02-01
2025-02-03,9939,151.30001831054688,0.5089904368306936,1,-3.54085720744024e-08,0.022222185507416725,-3.54085720744024e-08,0.012698376551270485,0.012698376551270485,0.006698376551270485,close,0,0,34,2025-02-01
2025-02-03,2884,26.739900588989258,0.5079535315157794,1,0.0107142748311162,0.02678569220006466,0.007142840884625912,0.021428506821393967,0.021428506821393967,0.015428506821393967,close,0,0,34,2025-02-01
2025-02-03,1303,30.515939712524414,0.5064950258433536,0,0.006399984937161207,0.012799947522580624,-0.02400003932416439,-0.02400003932416439,-0.02,-0.026000000000000002,stop_loss,0,1,34,2025-02-01
2025-02-03,1301,33.967506408691406,0.5017045078582493,0,0.0029028074350208044,0.013062526471912861,-0.01886787638068199,-0.013062338344752789,-0.013062338344752789,-0.019062338344752787,close,0,0,34,2025-02-01
2025-02-03,6026,11.190303802490234,0.4982306777401898,0,0.008163261227309704,0.008163261227309704,-0.004081683233380318,-0.004081683233380318,-0.004081683233380318,-0.010081683233380318,close,0,0,34,2025-02-01
2025-02-03,2379,529.0,0.4953039998222482,1,0.013232514262199402,0.08884687721729279,0.013232514262199402,0.07561437040567398,0.03,0.024,take_profit,1,0,34,2025-02-01
2025-02-03,5434,272.0777893066406,0.4933158604860648,0,-0.003514911513775587,0.010544843040406704,-0.00878731906414032,-0.003514911513775587,-0.003514911513775587,-0.009514911513775587,close,0,0,34,2025-02-01
2025-02-03,9802,142.48849487304688,0.49108605501525293,0,-0.010380608960986137,0.003460221691057086,-0.02422143891453743,-0.02076123282313347,-0.02,-0.026000000000000002,stop_loss,0,1,34,2025-02-01
2025-02-04,6568,162.3340301513672,0.674997974221693,0,0.00906348880380392,0.0725075975060463,-0.015105696395039558,-0.009063399396836758,0.03,0.024,take_profit,1,0,34,2025-02-01
2025-02-04,3661,3245.0,0.6656579562576441,1,0.004622496198862791,0.04160246625542641,0.004622496198862791,0.030816640704870224,0.03,0.024,take_profit,1,0,34,2025-02-01
2025-02-04,2356,42.78068161010742,0.66437766400228,1,0.011235944926738739,0.02584272064268589,0.011235944926738739,0.021348321810364723,0.021348321810364723,0.015348321810364723,close,0,0,34,2025-02-01
2025-02-04,2404,471.07586669921875,0.65940288816132,1,0.002040788298472762,0.026530584320425987,0.002040788298472762,0.006122421007603407,0.006122421007603407,0.00012242100760340678,close,0,0,34,2025-02-01
2025-02-04,2393,75.41415405273438,0.6547318163294743,1,0.012345748953521252,0.04938278719782829,0.009876650758087635,0.046913690865039825,0.03,0.024,take_profit,1,0,34,2025-02-01
2025-02-04,4583,761.061767578125,0.6506497552527669,1,0.010349265299737453,0.09961187839508057,0.003880960401147604,0.09961187839508057,0.03,0.024,take_profit,1,0,34,2025-02-01
2025-02-04,3617,303.2688293457031,0.6493470222744729,1,0.009360305964946747,0.02964111603796482,0.001559994649142027,0.018720678985118866,0.018720678985118866,0.012720678985118866,close,0,0,34,2025-02-01
2025-02-04,8105,13.25,0.6493180864777727,1,0.015094324946403503,0.03773584961891174,0.015094324946403503,0.030188649892807007,0.03,0.024,take_profit,1,0,34,2025-02-01
2025-02-04,2892,26.121381759643555,0.6486399256098125,1,0.007233311887830496,0.012658332474529743,4.527748842519941e-08,0.005424995440989733,0.005424995440989733,-0.0005750045590102674,close,0,0,34,2025-02-01
2025-02-04,6148,29.658689498901367,0.6458876800856778,1,0.09983623772859573,0.09983623772859573,0.047463126480579376,0.09983623772859573,0.03,0.024,gap_take_profit,1,0,34,2025-02-01
2025-02-04,3044,186.08633422851562,0.6453101209507113,0,-0.005154639016836882,0.010309278033673763,-0.005154639016836882,0.0,0.0,-0.006,close,0,0,34,2025-02-01
2025-02-04,6640,465.4419250488281,0.644055824207098,1,0.007329863961786032,0.051308922469615936,0.005235623102635145,0.014659706503152847,0.03,0.024,take_profit,1,0,34,2025-02-01
2025-02-04,6691,382.65277099609375,0.643473671042903,1,1.104540992002967e-08,0.02838430181145668,-0.010916976258158684,0.009825368411839008,0.009825368411839008,0.003825368411839008,close,0,0,34,2025-02-01
2025-02-04,3037,120.01219940185547,0.6428130966539894,1,0.004115195944905281,0.028806554153561592,-0.0082304822281003,0.012345648370683193,0.012345648370683193,0.006345648370683193,close,0,0,34,2025-02-01
2025-02-04,6409,1585.32763671875,0.6422915878711497,1,0.018292659893631935,0.054878026247024536,0.018292659893631935,0.03658534213900566,0.03,0.024,take_profit,1,0,34,2025-02-01
2025-02-04,6005,23.722625732421875,0.6401786723005736,1,0.0019646056462079287,0.015717076137661934,0.0019646056462079287,0.007858499884605408,0.007858499884605408,0.0018584998846054076,close,0,0,34,2025-02-01
2025-02-04,5443,91.41563415527344,0.6401753019716031,1,0.014957275241613388,0.030982917174696922,0.014957275241613388,0.028846196830272675,0.03,0.024,take_profit,1,0,34,2025-02-01
2025-02-04,2382,224.2994842529297,0.6396289925241705,1,0.002127633895725012,0.03404252603650093,0.002127633895725012,0.02127656899392605,0.03,0.024,take_profit,1,0,34,2025-02-01
2025-02-04,9955,32.650001525878906,0.6388521006648975,0,0.012251078151166439,0.04747317358851433,-0.007656967267394066,-0.007656967267394066,0.03,0.024,take_profit,1,0,34,2025-02-01
2025-02-04,6239,104.93524932861328,0.6383705057843948,1,0.013574687764048576,0.022624462842941284,0.0045249140821397305,0.0045249140821397305,0.0045249140821397305,-0.0014750859178602697,close,0,0,34,2025-02-01
2025-02-05,6418,18.132585525512695,0.7024493155459055,1,0.010389733128249645,0.03376629948616028,0.002597445622086525,0.025974109768867493,0.03,0.024,take_profit,1,0,34,2025-02-01
2025-02-05,3587,222.13800048828125,0.6916698023522831,1,0.015217401087284088,0.03260870650410652,0.015217401087284088,0.026086967438459396,0.03,0.024,take_profit,1,0,34,2025-02-01
2025-02-05,2207,582.3493041992188,0.6910170397844063,0,0.011608623899519444,0.011608623899519444,0.0,0.0,0.0,-0.006,close,0,0,34,2025-02-01
2025-02-05,6840,49.32335662841797,0.685341381783512,1,0.003021096810698509,0.01711980253458023,0.003021096810698509,0.01711980253458023,0.01711980253458023,0.01111980253458023,close,0,0,34,2025-02-01
2025-02-05,2886,37.26000213623047,0.6821856148792613,1,0.0025839651934802532,0.007751943543553352,0.001291995169594884,0.007751943543553352,0.007751943543553352,0.0017519435435533522,close,0,0,34,2025-02-01
2025-02-05,6223,820.0,0.6780152120567184,1,0.014634146355092525,0.05000000074505806,0.0012195121962577105,0.0036585365887731314,0.03,0.024,take_profit,1,0,34,2025-02-01
2025-02-05,1584,25.82965087890625,0.6773124205914205,1,0.00564971286803484,0.050847407430410385,-6.18416891029483e-08,0.03201501816511154,0.03,0.024,take_profit,1,0,34,2025-02-01
2025-02-05,2913,19.0,0.6734154223725286,1,0.0026315387804061174,0.01315789483487606,0.0026315387804061174,0.005263178143650293,0.005263178143650293,-0.0007368218563497068,close,0,0,34,2025-02-01
2025-02-05,6148,32.61970138549805,0.6717858981140831,1,-0.03422607108950615,0.09821444004774094,-0.06845231354236603,0.08184529840946198,-0.03422607108950615,-0.04022607108950615,gap_stop,1,1,34,2025-02-01
2025-02-05,3019,170.78518676757812,0.6713885743201102,1,0.03977273777127266,0.0625000149011612,0.011363647878170013,0.025568192824721336,0.03,0.024,gap_take_profit,1,0,34,2025-02-01
2025-02-05,6213,69.25056457519531,0.6705962869278386,1,0.004243357107043266,0.022630954161286354,0.002828951459378004,0.008486681617796421,0.008486681617796421,0.002486681617796421,close,0,0,34,2025-02-01
2025-02-05,4583,836.87255859375,0.6669070449892023,0,0.017647037282586098,0.0317646861076355,-0.020000020042061806,-0.009411785751581192,-0.02,-0.026000000000000002,ambiguous_stop_loss,1,1,34,2025-02-01
2025-02-05,9917,117.12447357177734,0.665660434663383,1,0.00408162223175168,0.00408162223175168,-0.004081642720848322,0.00408162223175168,0.00408162223175168,-0.0019183777682483198,close,0,0,34,2025-02-01
2025-02-05,1402,29.704404830932617,0.6653830329683803,1,-0.012800007127225399,0.007999980822205544,-0.02400001883506775,0.007999980822205544,-0.02,-0.026000000000000002,stop_loss,0,1,34,2025-02-01
2025-02-05,2395,402.2426452636719,0.6636946319613046,0,2.7538169078411556e-08,0.014545482583343983,-0.009696942754089832,-0.004848457407206297,-0.004848457407206297,-0.010848457407206297,close,0,0,34,2025-02-01
2025-02-05,6126,27.299999237060547,0.6633383732292988,1,0.0073260352946817875,0.018315019086003304,0.0036630176473408937,0.016483545303344727,0.016483545303344727,0.010483545303344726,close,0,0,34,2025-02-01
2025-02-05,8289,23.196748733520508,0.6622815790915716,1,0.00212325737811625,0.027600983157753944,0.00212325737811625,0.027600983157753944,0.027600983157753944,0.021600983157753946,close,0,0,34,2025-02-01
2025-02-05,6206,100.33333587646484,0.6609070401686664,0,0.009523821994662285,0.01428572740405798,-0.028571415692567825,-0.019047606736421585,-0.02,-0.026000000000000002,stop_loss,0,1,34,2025-02-01
2025-02-05,6873,189.56561279296875,0.659973946919217,0,0.013856865465641022,0.03002316877245903,-0.004618874751031399,-0.0023094373755156994,0.03,0.024,take_profit,1,0,34,2025-02-01
2025-02-05,3376,230.81739807128906,0.6599470597072882,0,0.014767914079129696,0.027426142245531082,-0.02109706401824951,-0.008438835851848125,-0.02,-0.026000000000000002,stop_loss,0,1,34,2025-02-01
2025-02-06,3349,20.600000381469727,0.7525863164163893,1,0.09951452165842056,0.09951452165842056,0.06796114891767502,0.09951452165842056,0.03,0.024,gap_take_profit,1,0,34,2025-02-01
2025-02-06,6949,97.5999984741211,0.719161831071112,1,0.0553278848528862,0.09118854254484177,0.024590179324150085,0.045081984251737595,0.03,0.024,gap_take_profit,1,0,34,2025-02-01
2025-02-06,2903,20.43033790588379,0.6808438075407035,1,0.004597696475684643,0.02988501824438572,0.004597696475684643,0.016091948375105858,0.016091948375105858,0.010091948375105858,close,0,0,34,2025-02-01
2025-02-06,2646,27.25,0.6751833624782911,0,0.0,0.001834834343753755,-0.00366973876953125,0.0,0.0,-0.006,close,0,0,34,2025-02-01
2025-02-06,4523,33.29999923706055,0.6736676489978735,1,0.0030030717607587576,0.012012057937681675,-0.00150147860404104,0.00150147860404104,0.00150147860404104,-0.00449852139595896,close,0,0,34,2025-02-01
2025-02-06,3645,76.29232788085938,0.6707562731423811,1,0.05006420612335205,0.07830550521612167,0.007702165748924017,0.01797178015112877,0.03,0.024,gap_take_profit,1,0,34,2025-02-01
2025-02-06,3014,132.20437622070312,0.6694966444244215,1,0.0035335607826709747,0.01766783557832241,0.0035335607826709747,0.010600698180496693,0.010600698180496693,0.0046006981804966925,close,0,0,34,2025-02-01
2025-02-06,6486,76.20024108886719,0.6667749283080708,1,0.0012150246184319258,0.00850540678948164,-2.3598111908995634e-08,0.004860169254243374,0.004860169254243374,-0.0011398307457566263,close,0,0,34,2025-02-01
2025-02-06,6269,70.4000015258789,0.6660032121961298,0,0.02130681835114956,0.04261363670229912,-0.01562497764825821,-0.002840974135324359,0.03,0.024,take_profit,1,0,34,2025-02-01
2025-02-06,8183,37.43408203125,0.6659493395630136,1,0.0012707309797406197,0.02414233796298504,5.364186428380435e-09,0.021601080894470215,0.021601080894470215,0.015601080894470215,close,0,0,34,2025-02-01
2025-02-06,6657,58.29999923706055,0.6641228798842411,0,-0.0017152397194877267,0.008576329797506332,-0.05660375952720642,-0.02229844406247139,-0.02,-0.026000000000000002,stop_loss,0,1,34,2025-02-01
2025-02-06,4739,52.47220230102539,0.6631492853978366,1,-0.00746267382055521,0.003731327597051859,-0.00746267382055521,0.0018656845204532146,0.0018656845204532146,-0.0041343154795467855,close,0,0,34,2025-02-01
2025-02-06,6435,91.98661041259766,0.6615104163942674,1,0.09781478345394135,0.09781478345394135,0.09781478345394135,0.09781478345394135,0.03,0.024,gap_take_profit,1,0,34,2025-02-01
2025-02-06,3294,40.43302536010742,0.6611343609689974,0,0.008546962402760983,0.020756974816322327,-0.02075708471238613,-0.0183150265365839,-0.02,-0.026000000000000002,stop_loss,0,1,34,2025-02-01
2025-02-06,6221,69.69999694824219,0.659850633629421,1,-0.010042998008430004,0.00573890283703804,-0.010042998008430004,0.0028695063665509224,0.0028695063665509224,-0.0031304936334490777,close,0,0,34,2025-02-01
2025-02-06,3363,327.0,0.6597994331230423,1,-0.0229357797652483,0.06422018259763718,-0.0229357797652483,0.024464832618832588,-0.0229357797652483,-0.028935779765248297,gap_stop,1,1,34,2025-02-01
2025-02-06,6179,26.907194137573242,0.6573105377768457,1,0.007299287710338831,0.03649634122848511,0.007299287710338831,0.014598515816032887,0.03,0.024,take_profit,1,0,34,2025-02-01
2025-02-06,2207,582.3493041992188,0.6572905253545723,1,1.006439198647513e-08,0.0033167595975100994,-0.004975114483386278,0.00165838492102921,0.00165838492102921,-0.00434161507897079,close,0,0,34,2025-02-01
2025-02-06,3483,135.5,0.6562214726022826,1,0.007380073890089989,0.09963099658489227,0.007380073890089989,0.09963099658489227,0.03,0.024,take_profit,1,0,34,2025-02-01
2025-02-06,6672,81.4746322631836,0.6560395652777027,0,2.563177892156432e-09,0.004689262714236975,-0.03751470521092415,-0.02461905963718891,-0.02,-0.026000000000000002,stop_loss,0,1,34,2025-02-01
2025-02-07,6113,20.74169921875,0.7136084546715512,1,0.07328613102436066,0.09929082542657852,0.04728134721517563,0.07801419496536255,0.03,0.024,gap_take_profit,1,0,34,2025-02-01
2025-02-07,6435,100.98426055908203,0.6588938756773376,1,0.02843598835170269,0.04739333316683769,-2.9165942549980173e-08,0.018957316875457764,0.03,0.024,take_profit,1,0,34,2025-02-01
2025-02-07,6148,38.78444290161133,0.6423662243256967,0,-0.007509391754865646,0.03504372015595436,-0.07008761167526245,-0.03754695504903793,-0.02,-0.026000000000000002,ambiguous_stop_loss,1,1,34,2025-02-01
2025-02-07,3349,22.649999618530273,0.6193290498394938,0,0.05960266664624214,0.0860927477478981,-0.01986750029027462,-0.0066224997863173485,0.03,0.024,gap_take_profit,1,0,34,2025-02-01
2025-02-07,2468,33.349998474121094,0.6168182597436027,1,0.028485780581831932,0.09445282071828842,0.011994048953056335,0.019490301609039307,0.03,0.024,take_profit,1,0,34,2025-02-01
2025-02-07,3213,90.67655181884766,0.6144654526893475,1,0.029106108471751213,0.09147617220878601,0.018711095675826073,0.039501119405031204,0.03,0.024,take_profit,1,0,34,2025-02-01
2025-02-07,1815,34.5,0.6129487794272191,1,0.03333337604999542,0.043478261679410934,-0.018840624019503593,0.013043500483036041,0.03,0.024,gap_take_profit,1,0,34,2025-02-01
2025-02-07,6919,84.5,0.6113773858939348,1,0.03550295904278755,0.060355011373758316,-0.010650905780494213,0.057988185435533524,0.03,0.024,gap_take_profit,1,0,34,2025-02-01
2025-02-07,5203,108.01034545898438,0.6017916904733875,1,0.004444450605660677,0.09777778387069702,-0.031111104413866997,0.09777778387069702,-0.02,-0.026000000000000002,ambiguous_stop_loss,1,1,34,2025-02-01
2025-02-07,4903,38.5,0.5981298988556972,1,-0.009090869687497616,0.09090909361839294,-0.031168850138783455,0.015584375709295273,-0.02,-0.026000000000000002,ambiguous_stop_loss,1,1,34,2025-02-01
2025-02-07,2453,67.94000244140625,0.5958790274656143,0,-0.0014064962742850184,-4.805745845715137e-08,-0.07454288005828857,-0.06469763070344925,-0.02,-0.026000000000000002,stop_loss,0,1,34,2025-02-01
2025-02-07,8234,65.69999694824219,0.5947735443567261,1,0.019786957651376724,0.048706311732530594,-0.0030440937262028456,0.031963564455509186,0.03,0.024,take_profit,1,0,34,2025-02-01
2025-02-07,5475,13.5,0.5889594034651231,0,0.0,0.007407435681670904,-0.018518518656492233,-0.003703717840835452,-0.003703717840835452,-0.009703717840835452,close,0,0,34,2025-02-01
2025-02-07,6150,71.4000015258789,0.5856633459467996,1,0.007002801168709993,0.014005602337419987,-0.005602261982858181,0.008403339423239231,0.008403339423239231,0.002403339423239231,close,0,0,34,2025-02-01
2025-02-07,4991,145.0,0.5853307556401854,1,-0.08275862038135529,0.006896551698446274,-0.08275862038135529,0.003448275849223137,-0.08275862038135529,-0.08875862038135529,gap_stop,0,1,34,2025-02-01
2025-02-07,3029,145.38095092773438,0.585079450995983,0,0.01328899897634983,0.026578035205602646,-0.026578109711408615,-0.019933590665459633,-0.02,-0.026000000000000002,stop_loss,0,1,34,2025-02-01
2025-02-07,5269,2194.414794921875,0.5792274505071222,0,0.0,0.013452914543449879,-0.013452914543449879,0.0,0.0,-0.006,close,0,0,34,2025-02-01
2025-02-07,2753,157.96908569335938,0.5772193519147043,0,5.72961518230386e-08,0.00917437020689249,-0.015290463343262672,-0.015290463343262672,-0.015290463343262672,-0.02129046334326267,close,0,0,34,2025-02-01
2025-02-07,4979,248.4084930419922,0.574168692238366,0,0.003992007579654455,0.05588821321725845,-0.021956095471978188,-0.013972064480185509,-0.02,-0.026000000000000002,ambiguous_stop_loss,1,1,34,2025-02-01
2025-02-07,6206,107.02222442626953,0.5724221331786821,1,0.01785711757838726,0.09821426123380661,-2.4921801511368358e-08,0.09821426123380661,0.03,0.024,take_profit,1,0,34,2025-02-01
2025-02-10,2536,31.25360870361328,0.745453668520112,0,0.004717029165476561,0.004717029165476561,-0.001572303124703467,0.0,0.0,-0.006,close,0,0,34,2025-02-01
2025-02-10,5483,107.96832275390625,0.7406830107133165,0,0.013452914543449879,0.013452914543449879,-0.0044843051582574844,0.0,0.0,-0.006,close,0,0,34,2025-02-01
2025-02-10,2027,40.52006149291992,0.7357612584296989,1,0.01551303081214428,0.09307865798473358,0.008353144861757755,0.038186077028512955,0.03,0.024,take_profit,1,0,34,2025-02-01
2025-02-10,6465,18.200000762939453,0.7333076870783583,1,0.005494421347975731,0.03846147283911705,0.0,0.005494421347975731,0.03,0.024,take_profit,1,0,34,2025-02-01
2025-02-10,2454,1451.4285888671875,0.7331302719273419,1,0.006756789982318878,0.033783819526433945,0.006756789982318878,0.020270302891731262,0.03,0.024,take_profit,1,0,34,2025-02-01
2025-02-10,6024,53.87254333496094,0.7322755680432146,0,0.0034662517718970776,0.0034662517718970776,-0.005199310835450888,0.0,0.0,-0.006,close,0,0,34,2025-02-01
2025-02-10,2887,16.359214782714844,0.7296550447173111,1,-4.7943320424792546e-08,0.0028901915065944195,-0.0057803066447377205,0.0028901915065944195,0.0028901915065944195,-0.0031098084934055806,close,0,0,34,2025-02-01
2025-02-10,2356,43.165225982666016,0.7274056355415233,1,0.004454272333532572,0.018930919468402863,0.003340703435242176,0.013362991623580456,0.013362991623580456,0.007362991623580456,close,0,0,34,2025-02-01
2025-02-10,2913,18.799999237060547,0.727229218961377,1,0.010638338513672352,0.018617041409015656,0.005319169256836176,0.007978805340826511,0.007978805340826511,0.0019788053408265113,close,0,0,34,2025-02-01
2025-02-10,6485,66.75318145751953,0.7261000939325115,1,0.06676559895277023,0.07566764950752258,0.044510405510663986,0.06824925541877747,0.03,0.024,gap_take_profit,1,0,34,2025-02-01
2025-02-10,2105,48.11656188964844,0.725497871078686,0,0.005917160771787167,0.009861948899924755,-0.005917128641158342,-0.0019724154844880104,-0.0019724154844880104,-0.00797241548448801,close,0,0,34,2025-02-01
2025-02-10,6217,35.900001525878906,0.7250384096351983,0,0.0,0.0027854726649820805,-0.009749366901814938,-0.009749366901814938,-0.009749366901814938,-0.015749366901814936,close,0,0,34,2025-02-01
2025-02-10,2313,65.78264617919922,0.7220390473394555,0,0.001459870720282197,0.011678916402161121,-0.013138669542968273,-0.01021889504045248,-0.01021889504045248,-0.01621889504045248,close,0,0,34,2025-02-01
2025-02-10,6838,34.099998474121094,0.7219393229108635,1,0.0,0.020527882501482964,0.0,0.005865125451236963,0.005865125451236963,-0.00013487454876303685,close,0,0,34,2025-02-01
2025-02-10,6151,36.13710403442383,0.7212244960551898,1,0.007905146107077599,0.017127767205238342,0.0013175304047763348,0.0026350333355367184,0.0026350333355367184,-0.0033649666644632818,close,0,0,34,2025-02-01
2025-02-10,2431,14.100000381469727,0.7211747817957752,1,0.00709215784445405,0.0390070378780365,0.0,0.03546099364757538,0.03,0.024,take_profit,1,0,34,2025-02-01
2025-02-10,6275,45.900001525878906,0.7179384819464315,0,0.002178615890443325,0.002178615890443325,-0.005446623079478741,-0.005446623079478741,-0.005446623079478741,-0.01144662307947874,close,0,0,34,2025-02-01
2025-02-10,1595,43.400001525878906,0.7175800013939941,0,0.0023041123058646917,0.013824849389493465,-0.005760368425399065,-0.0034562561195343733,-0.0034562561195343733,-0.009456256119534373,close,0,0,34,2025-02-01
2025-02-10,8147,104.05440521240234,0.7171949700095708,0,0.0141509510576725,0.0141509510576725,-0.009433954022824764,-0.004716973286122084,-0.004716973286122084,-0.010716973286122084,close,0,0,34,2025-02-01
2025-02-10,8908,44.054283142089844,0.7171355859994063,1,0.013230518437922001,0.026460915803909302,0.002205159282311797,0.009922876954078674,0.009922876954078674,0.003922876954078674,close,0,0,34,2025-02-01
2025-02-11,6739,249.8558349609375,0.6807095494931285,1,0.005893942900002003,0.08251477032899857,-0.02357560582458973,0.06483303755521774,-0.02,-0.026000000000000002,ambiguous_stop_loss,1,1,34,2025-02-01
2025-02-11,8096,58.98503112792969,0.6751323851458547,1,0.025125587359070778,0.09715237468481064,0.025125587359070778,0.0804019570350647,0.03,0.024,take_profit,1,0,34,2025-02-01
2025-02-11,2468,37.400001525878906,0.6620639335558615,0,0.02139035239815712,0.02139035239815712,-0.03208557888865471,-0.017379719763994217,-0.02,-0.026000000000000002,stop_loss,0,1,34,2025-02-01
2025-02-11,3162,46.927978515625,0.6514331333602242,0,0.023206638172268867,0.04113909229636192,-0.0327005609869957,-0.01793261244893074,-0.02,-0.026000000000000002,ambiguous_stop_loss,1,1,34,2025-02-01
2025-02-11,6221,74.80000305175781,0.6432660016618014,1,0.0,0.06684491783380508,-0.00802147202193737,0.03208547830581665,0.03,0.024,take_profit,1,0,34,2025-02-01
2025-02-11,3558,227.0,0.6360968411582423,1,0.017621144652366638,0.08590308576822281,0.0044052861630916595,0.06167401000857353,0.03,0.024,take_profit,1,0,34,2025-02-01
2025-02-11,3515,245.5471649169922,0.6358805096512613,1,0.01992029882967472,0.039840616285800934,-0.01593627594411373,0.01992029882967472,0.03,0.024,take_profit,1,0,34,2025-02-01
2025-02-11,8234,74.5,0.6322777626738392,1,0.034899309277534485,0.09932888299226761,0.021476490423083305,0.05771816149353981,0.03,0.024,gap_take_profit,1,0,34,2025-02-01
2025-02-11,6442,590.5158081054688,0.6186380779680588,0,0.013289022259414196,0.028239188715815544,-0.08471762388944626,-0.06644519418478012,-0.02,-0.026000000000000002,stop_loss,0,1,34,2025-02-01
2025-02-11,3605,64.0999984741211,0.6181464641005513,0,0.02184089832007885,0.023400936275720596,-0.09984396398067474,-0.07488298416137695,-0.02,-0.026000000000000002,stop_loss,0,1,34,2025-02-01
2025-02-11,3450,337.7109375,0.6160960921993839,0,0.01920236088335514,0.03397341072559357,-0.0901034027338028,-0.06942392885684967,-0.02,-0.026000000000000002,ambiguous_stop_loss,1,1,34,2025-02-01
2025-02-11,3447,64.53973388671875,0.6073095084447635,1,0.04718427732586861,0.09741251915693283,-0.015220689587295055,0.022831063717603683,0.03,0.024,gap_take_profit,1,0,34,2025-02-01
2025-02-11,6609,76.08757781982422,0.5883369206306516,1,0.032258041203022,0.04774187132716179,0.0064515890553593636,0.012903202325105667,0.03,0.024,gap_take_profit,1,0,34,2025-02-01
2025-02-11,2478,43.1518669128418,0.5601159762260302,0,-2.8902961801691163e-08,0.008879028260707855,-0.015538336709141731,-0.014428391121327877,-0.014428391121327877,-0.020428391121327875,close,0,0,34,2025-02-01
2025-02-11,8436,119.0,0.5524750371728456,0,0.0,0.021008403971791267,0.0,0.0,0.0,-0.006,close,0,0,34,2025-02-01
2025-02-11,3322,18.299999237060547,0.5484182777569092,0,0.01912570558488369,0.01912570558488369,-0.016393400728702545,-0.016393400728702545,-0.016393400728702545,-0.022393400728702544,close,0,0,34,2025-02-01
2025-02-11,3093,24.64811897277832,0.538805428886401,1,0.0019493339350447059,0.013645210303366184,0.0019493339350447059,0.009746559895575047,0.009746559895575047,0.0037465598955750464,close,0,0,34,2025-02-01
2025-02-11,3537,47.762939453125,0.5345570955352249,1,0.00994036439806223,0.023856882005929947,0.00596420606598258,0.00994036439806223,0.00994036439806223,0.003940364398062229,close,0,0,34,2025-02-01
2025-02-11,4716,20.25,0.5335592426699269,0,0.0,0.014814777299761772,-0.0049382904544472694,-0.0024690981954336166,-0.0024690981954336166,-0.008469098195433617,close,0,0,34,2025-02-01
2025-02-11,2023,15.5,0.5318840972034409,0,0.0,0.0064516374841332436,-0.009677394293248653,-0.009677394293248653,-0.009677394293248653,-0.015677394293248652,close,0,0,34,2025-02-01
2025-02-12,4971,150.0,0.6582864605044243,1,0.0533333346247673,0.09333333373069763,0.006666666828095913,0.09333333373069763,0.03,0.024,gap_take_profit,1,0,34,2025-02-01
2025-02-12,2417,55.1964225769043,0.6252182959265113,0,0.028828782960772514,0.030630625784397125,-0.06486485153436661,-0.06126130372285843,-0.02,-0.026000000000000002,ambiguous_stop_loss,1,1,34,2025-02-01
2025-02-12,3625,20.350000381469727,0.6144807989303538,0,-0.019656000658869743,-0.019656000658869743,-0.07125310599803925,-0.03931209444999695,-0.02,-0.026000000000000002,stop_loss,0,1,34,2025-02-01
2025-02-12,1536,67.43851470947266,0.6031524514279732,1,0.011661835946142673,0.03498542681336403,-0.013119572773575783,0.0029155020602047443,0.03,0.024,take_profit,1,0,34,2025-02-01
2025-02-12,2845,13.300000190734863,0.5943053225620192,1,0.0075187538750469685,0.015037579461932182,0.003759412793442607,0.011278166435658932,0.011278166435658932,0.005278166435658932,close,0,0,34,2025-02-01
2025-02-12,5484,58.900001525878906,0.593388216294994,0,0.049235954880714417,0.049235954880714417,-0.02376912534236908,-0.015280161052942276,0.03,0.024,gap_take_profit,1,1,34,2025-02-01
2025-02-12,6854,239.5,0.5900743570903492,1,0.008350730873644352,0.09394571930170059,0.008350730873644352,0.09185803681612015,0.03,0.024,take_profit,1,0,34,2025-02-01
2025-02-12,2543,102.0,0.5851422491672034,0,0.019607843831181526,0.04901960864663124,-0.021568598225712776,0.0,-0.02,-0.026000000000000002,ambiguous_stop_loss,1,1,34,2025-02-01
2025-02-12,2444,17.25,0.5826027444856653,1,0.0,0.09855076670646667,-0.014492753893136978,0.09855076670646667,0.03,0.024,take_profit,1,0,34,2025-02-01
2025-02-12,6190,35.79999923706055,0.5773811904039915,1,0.009776600636541843,0.01955309510231018,0.002793360035866499,0.015363107435405254,0.015363107435405254,0.009363107435405254,close,0,0,34,2025-02-01
2025-02-12,2393,79.88314819335938,0.5721709419353753,1,0.003496442222967744,0.016316937282681465,0.003496442222967744,0.010489431209862232,0.010489431209862232,0.004489431209862232,close,0,0,34,2025-02-01
2025-02-12,1725,34.12892532348633,0.5706614656933834,1,0.05617978051304817,0.09971918910741806,0.04494388774037361,0.09971918910741806,0.03,0.024,gap_take_profit,1,0,34,2025-02-01
2025-02-12,1476,517.0526733398438,0.5658181368038527,1,0.014842316508293152,0.02968461811542511,0.012987028807401657,0.02968461811542511,0.02968461811542511,0.02368461811542511,close,0,0,34,2025-02-01
2025-02-12,6005,24.142080307006836,0.56296814807197,1,9.122048894028012e-09,0.02509652078151703,9.122048894028012e-09,0.023166047409176826,0.023166047409176826,0.017166047409176828,close,0,0,34,2025-02-01
2025-02-12,2027,40.61676788330078,0.5626074451401974,1,0.019047535955905914,0.06904758512973785,0.004761858843266964,0.0499998964369297,0.03,0.024,take_profit,1,0,34,2025-02-01
2025-02-12,6890,428.2550048828125,0.5616310375064274,1,0.012457579374313354,0.036240141838788986,0.0033975564874708652,0.010192574001848698,0.03,0.024,take_profit,1,0,34,2025-02-01
2025-02-12,6526,682.0784912109375,0.5607162151945145,1,0.005730654112994671,0.015759307891130447,-0.0028653345070779324,0.015759307891130447,0.015759307891130447,0.009759307891130447,close,0,0,34,2025-02-01
2025-02-12,2618,40.85274124145508,0.5570138643814619,1,0.003452139440923929,0.010356697253882885,-0.004603060893714428,0.003452139440923929,0.003452139440923929,-0.002547860559076071,close,0,0,34,2025-02-01
2025-02-12,2504,39.59897232055664,0.551295737979705,0,0.004728175699710846,0.018912537023425102,-0.005910140462219715,-0.005910140462219715,-0.005910140462219715,-0.011910140462219715,close,0,0,34,2025-02-01
2025-02-12,3530,81.5,0.5500200094394487,1,0.0073619442991912365,0.030674846842885017,0.0073619442991912365,0.030674846842885017,0.03,0.024,take_profit,1,0,34,2025-02-01
2025-02-13,3311,36.94419479370117,0.722147196411984,1,0.09919574856758118,0.09919574856758118,0.045576442033052444,0.05093839392066002,0.03,0.024,gap_take_profit,1,0,34,2025-02-01
2025-02-13,6486,76.20024108886719,0.6977237049310834,1,4.407972653552861e-08,0.001215092372149229,4.407972653552861e-08,0.001215092372149229,0.001215092372149229,-0.004784907627850771,close,0,0,34,2025-02-01
2025-02-13,2886,37.30813980102539,0.6952664879510883,1,0.001290374668315053,0.005161382257938385,-0.00258053420111537,0.001290374668315053,0.001290374668315053,-0.004709625331684947,close,0,0,34,2025-02-01
2025-02-13,2892,26.310325622558594,0.6906069351114907,0,0.0,0.0017954007489606738,-0.0035906611010432243,0.0,0.0,-0.006,close,0,0,34,2025-02-01
2025-02-13,2606,62.94442367553711,0.6861111529860001,0,0.04504505172371864,0.05705711245536804,-0.012011936865746975,-0.012011936865746975,0.03,0.024,gap_take_profit,1,0,34,2025-02-01
2025-02-13,2412,120.8345718383789,0.6715213733845563,0,0.0039840638637542725,0.0039840638637542725,0.0,0.0,0.0,-0.006,close,0,0,34,2025-02-01
2025-02-13,2014,20.5,0.6676675116273907,1,0.024390242993831635,0.09268290549516678,0.00731705455109477,0.0731707289814949,0.03,0.024,take_profit,1,0,34,2025-02-01
2025-02-13,6691,362.60107421875,0.666598125090576,0,0.0023042147513478994,0.0023042147513478994,-0.024193482473492622,-0.024193482473492622,-0.02,-0.026000000000000002,stop_loss,0,1,34,2025-02-01
2025-02-13,3008,2612.816162109375,0.6587920732730124,0,4.042052381691974e-08,0.009242185391485691,-0.012938962318003178,-0.012938962318003178,-0.012938962318003178,-0.018938962318003176,close,0,0,34,2025-02-01
2025-02-13,8926,39.0716667175293,0.6578126937828715,1,4.4391260445308944e-08,0.004878112114965916,-0.002438942901790142,0.001219538040459156,0.001219538040459156,-0.004780461959540844,close,0,0,34,2025-02-01
2025-02-13,1432,21.200000762939453,0.6562739714753123,1,0.009433908388018608,0.0330188125371933,0.007075453642755747,0.01886790618300438,0.03,0.024,take_profit,1,0,34,2025-02-01
2025-02-13,2034,21.729576110839844,0.654832314052517,1,0.08991238474845886,0.09868426620960236,0.05263166129589081,0.09868426620960236,0.03,0.024,gap_take_profit,1,0,34,2025-02-01
2025-02-13,2032,15.624646186828613,0.6544761046418676,1,0.09968847781419754,0.09968847781419754,0.0591900572180748,0.09968847781419754,0.03,0.024,gap_take_profit,1,0,34,2025-02-01
2025-02-13,2504,39.36493682861328,0.6544462963752499,0,0.0011890551541000605,0.009512534365057945,-0.0023780723568052053,-0.0023780723568052053,-0.0023780723568052053,-0.008378072356805205,close,0,0,34,2025-02-01
2025-02-13,5434,279.7284851074219,0.6539414350901879,1,-0.001709319301880896,0.006837689783424139,-0.001709319301880896,0.00341888633556664,0.00341888633556664,-0.0025811136644333602,close,0,0,34,2025-02-01
2025-02-13,4770,304.06195068359375,0.6529884561297696,1,0.07131531089544296,0.07131531089544296,-5.6399198200551837e-08,0.04912830889225006,0.03,0.024,gap_take_profit,1,0,34,2025-02-01
2025-02-13,3533,1758.626953125,0.6524015710182504,0,0.0027624438516795635,0.01933703012764454,-0.016574572771787643,-0.013812142424285412,-0.013812142424285412,-0.01981214242428541,close,0,0,34,2025-02-01
2025-02-13,8431,61.20554733276367,0.6518055299028981,1,-2.9221018493785778e-08,0.030995100736618042,-2.9221018493785778e-08,0.014681887812912464,0.03,0.024,take_profit,1,0,34,2025-02-01
2025-02-13,6415,386.8650817871094,0.6511195742668322,1,0.017994826659560204,0.09254495054483414,0.006426704116165638,0.08611822128295898,0.03,0.024,take_profit,1,0,34,2025-02-01
2025-02-13,8028,131.51553344726562,0.6451703083189825,1,3.4270055238039276e-08,0.07490640133619308,-0.007490602787584066,0.052434492856264114,0.03,0.024,take_profit,1,0,34,2025-02-01
2025-02-14,8096,70.14969635009766,0.7466070951498553,0,0.021126769483089447,0.021126769483089447,-0.022535182535648346,-0.004225386772304773,-0.02,-0.026000000000000002,stop_loss,0,1,34,2025-02-01
2025-02-14,2504,39.271324157714844,0.7396028840347112,1,0.00834320392459631,0.01668652333319187,0.004767572972923517,0.005959449801594019,0.005959449801594019,-4.055019840598119e-05,close,0,0,34,2025-02-01
2025-02-14,6903,116.9188003540039,0.725778984034477,1,-0.003984051290899515,0.007968139834702015,-0.007968115620315075,0.007968139834702015,0.007968139834702015,0.001968139834702015,close,0,0,34,2025-02-01
2025-02-14,3293,870.9473876953125,0.7253133215792955,1,0.003322278382256627,0.034330032765865326,0.00221485854126513,0.03211519122123718,0.03,0.024,take_profit,1,0,34,2025-02-01
2025-02-14,4168,24.399999618530273,0.7221120347971534,0,0.0,0.0,-0.0061475252732634544,-0.0040983762592077255,-0.0040983762592077255,-0.010098376259207726,close,0,0,34,2025-02-01
2025-02-14,2032,17.18224334716797,0.7212528390047269,1,0.031161580234766006,0.04815870523452759,-0.008498522453010082,0.04815870523452759,0.03,0.024,gap_take_profit,1,0,34,2025-02-01
2025-02-14,8438,33.03499221801758,0.7208103794534454,1,0.030478937551379204,0.09869369864463806,-0.011611070483922958,0.09869369864463806,0.03,0.024,gap_take_profit,1,0,34,2025-02-01
2025-02-14,3357,116.6204833984375,0.7194063570003761,0,0.008230455219745636,0.008230455219745636,-0.004115224350243807,-0.004115224350243807,-0.004115224350243807,-0.010115224350243807,close,0,0,34,2025-02-01
2025-02-14,3406,452.4347839355469,0.7190079074061133,1,0.006342506501823664,0.020084578543901443,0.006342506501823664,0.012685000896453857,0.012685000896453857,0.006685000896453857,close,0,0,34,2025-02-01
2025-02-14,6657,65.4000015258789,0.714962708867285,1,0.07033636420965195,0.09938837587833405,0.033639095723629,0.09938837587833405,0.03,0.024,gap_take_profit,1,0,34,2025-02-01
2025-02-14,2887,16.311933517456055,0.7094517430192188,1,0.008695692755281925,0.008695692755281925,0.0028985689859837294,0.0028985689859837294,0.0028985689859837294,-0.0031014310140162708,close,0,0,34,2025-02-01
2025-02-14,4536,185.00265502929688,0.7066329068146244,0,-2.293414347320777e-08,0.007633564528077841,-0.007633610628545284,-0.0025445520877838135,-0.0025445520877838135,-0.008544552087783814,close,0,0,34,2025-02-01
2025-02-14,6279,179.0,0.7055889439908931,1,0.0,0.013966480270028114,0.0,0.008379888720810413,0.008379888720810413,0.0023798887208104132,close,0,0,34,2025-02-01
2025-02-14,2034,23.873943328857422,0.7050265539128027,0,-0.003991993609815836,0.009980001486837864,-0.03592816740274429,-0.017964065074920654,-0.02,-0.026000000000000002,stop_loss,0,1,34,2025-02-01
2025-02-14,4768,147.61904907226562,0.7042405775558536,1,0.012903176248073578,0.025806456804275513,0.0,0.019354868680238724,0.019354868680238724,0.013354868680238724,close,0,0,34,2025-02-01
2025-02-14,6741,101.25101470947266,0.7038728457411758,1,0.004830922000110149,0.009661839343607426,-0.009661831893026829,0.004830922000110149,0.004830922000110149,-0.0011690779998898507,close,0,0,34,2025-02-01
2025-02-14,1605,28.057571411132812,0.7022520559600338,1,0.029565254226326942,0.06086958944797516,0.0017391276778653264,0.0017391276778653264,0.03,0.024,take_profit,1,0,34,2025-02-01
2025-02-14,3533,1734.3365478515625,0.699339913198201,0,0.011204482056200504,0.030812324956059456,-0.014005602337419987,0.0,0.03,0.024,take_profit,1,0,34,2025-02-01
2025-02-14,6693,79.29721069335938,0.695751770553786,0,0.001218013814650476,0.01096226554363966,-0.018270397558808327,-0.018270397558808327,-0.018270397558808327,-0.024270397558808325,close,0,0,34,2025-02-01
2025-02-14,8016,196.19857788085938,0.6942699360898575,1,0.00721155246719718,0.016826936975121498,0.002403859980404377,0.002403859980404377,0.002403859980404377,-0.003596140019595623,close,0,0,34,2025-02-01
2025-02-17,4916,41.599998474121094,0.6771413021029188,1,0.021634653210639954,0.055288538336753845,0.004807710647583008,0.03485579043626785,0.03,0.024,take_profit,1,0,34,2025-02-01
2025-02-17,3504,72.4000015258789,0.6513556959637237,1,0.0635358914732933,0.07734804600477219,0.027624309062957764,0.034530386328697205,0.03,0.024,gap_take_profit,1,0,34,2025-02-01
2025-02-17,1536,77.36750793457031,0.6470833640978384,1,0.024142306298017502,0.06988561898469925,0.015247807838022709,0.03684878721833229,0.03,0.024,take_profit,1,0,34,2025-02-01
2025-02-17,4927,43.150001525878906,0.6422372249235765,0,0.009269935078918934,0.030127443373203278,-0.026651250198483467,-0.022016240283846855,-0.02,-0.026000000000000002,ambiguous_stop_loss,1,1,34,2025-02-01
2025-02-17,2504,39.5053596496582,0.6417813339710492,0,0.002369657391682267,0.0035544733982533216,-0.005924145225435495,-0.005924145225435495,-0.005924145225435495,-0.011924145225435496,close,0,0,34,2025-02-01
2025-02-17,6532,65.26703643798828,0.6367384575175248,0,0.0014684064080938697,0.004405331332236528,0.0,0.0,0.0,-0.006,close,0,0,34,2025-02-01
2025-02-17,6147,60.8161735534668,0.6357310263063569,1,0.0030863822903484106,0.010802431032061577,0.0030863822903484106,0.007716058753430843,0.007716058753430843,0.0017160587534308432,close,0,0,34,2025-02-01
2025-02-17,1569,56.5,0.6347126641185679,1,0.03539822995662689,0.09911501407623291,0.03185839205980301,0.09911501407623291,0.03,0.024,gap_take_profit,1,0,34,2025-02-01
2025-02-17,6657,71.9000015258789,0.6334063899280359,1,0.043115414679050446,0.09179413318634033,-0.026425611227750778,0.015299004502594471,0.03,0.024,gap_take_profit,1,1,34,2025-02-01
2025-02-17,4904,88.5999984741211,0.6297368298687012,1,-0.002257301937788725,0.0056433407589793205,-0.002257301937788725,0.0056433407589793205,0.0056433407589793205,-0.0003566592410206796,close,0,0,34,2025-02-01
2025-02-17,2887,16.359214782714844,0.6280435109306246,1,0.0028901374898850918,0.005780266597867012,-1.019149991066115e-07,0.005780266597867012,0.005780266597867012,-0.0002197334021329881,close,0,0,34,2025-02-01
2025-02-17,6121,351.4653015136719,0.6273685354510686,1,0.00689652469009161,0.017931006848812103,0.002758593764156103,0.00689652469009161,0.00689652469009161,0.0008965246900916098,close,0,0,34,2025-02-01
2025-02-17,9908,29.473039627075195,0.626905537942314,1,0.0016313764499500394,0.004893969278782606,0.0016313764499500394,0.0032626730389893055,0.0032626730389893055,-0.0027373269610106946,close,0,0,34,2025-02-01
2025-02-17,3587,221.65509033203125,0.625685366100146,1,-2.2306601010768645e-08,0.015250521712005138,-2.2306601010768645e-08,0.015250521712005138,0.015250521712005138,0.009250521712005138,close,0,0,34,2025-02-01
2025-02-17,2347,67.57186889648438,0.6231838975506899,0,0.0027933428063988686,0.0027933428063988686,-0.005586630664765835,-0.004189897328615189,-0.004189897328615189,-0.010189897328615189,close,0,0,34,2025-02-01
2025-02-17,3702,65.75911712646484,0.6229173690249875,1,0.0014535026857629418,0.007267478387802839,-0.007267405278980732,0.0014535026857629418,0.0014535026857629418,-0.004546497314237058,close,0,0,34,2025-02-01
2025-02-17,2892,26.263090133666992,0.6202284029940593,1,-2.7443425310025304e-08,0.005395650863647461,-0.0017985869199037552,0.005395650863647461,0.005395650863647461,-0.0006043491363525392,close,0,0,34,2025-02-01
2025-02-17,2428,156.5435028076172,0.6182907795382214,1,0.0030675181187689304,0.0521472729742527,0.0030675181187689304,0.04294481873512268,0.03,0.024,take_profit,1,0,34,2025-02-01
2025-02-17,5880,23.031129837036133,0.6160632299308444,1,3.376196389126562e-08,0.006147605832666159,3.376196389126562e-08,0.006147605832666159,0.006147605832666159,0.00014760583266615855,close,0,0,34,2025-02-01
2025-02-17,3048,29.649999618530273,0.6152241068677353,1,0.0,0.005059008952230215,-0.005059008952230215,0.005059008952230215,0.005059008952230215,-0.000940991047769785,close,0,0,34,2025-02-01
2025-02-18,8096,76.76945495605469,0.6894826405471065,1,0.024453112855553627,0.029601138085126877,-0.06048896163702011,0.015444142743945122,-0.02,-0.026000000000000002,stop_loss,0,1,34,2025-02-01
2025-02-18,8045,145.5878143310547,0.6642393308815732,0,0.0,0.013333333656191826,-0.03333333507180214,0.0,-0.02,-0.026000000000000002,stop_loss,0,1,34,2025-02-01
2025-02-18,3213,102.27033233642578,0.6391428001885565,1,0.009216651320457458,0.08755766600370407,-0.009216530248522758,0.03225812688469887,0.03,0.024,take_profit,1,0,34,2025-02-01
2025-02-18,3379,62.82176208496094,0.6376854932299488,1,0.026771601289510727,0.08661416918039322,0.009448790922760963,0.015748027712106705,0.03,0.024,take_profit,1,0,34,2025-02-01
2025-02-18,8028,157.12905883789062,0.6367614619183602,1,0.015673929825425148,0.09404382854700089,0.009404337964951992,0.05015668645501137,0.03,0.024,take_profit,1,0,34,2025-02-01
2025-02-18,8289,26.348751068115234,0.6317906647125672,0,0.0037382827140390873,0.007476614322513342,-0.031775761395692825,-0.031775761395692825,-0.02,-0.026000000000000002,stop_loss,0,1,34,2025-02-01
2025-02-18,4739,61.184940338134766,0.6317773613650228,0,0.015999970957636833,0.01759994775056839,-0.01600002683699131,-0.009600003249943256,-0.009600003249943256,-0.015600003249943257,close,0,0,34,2025-02-01
2025-02-18,5371,85.03357696533203,0.6247901171686682,0,0.0034323912113904953,0.013729890808463097,-0.024027490988373756,-0.014874226413667202,-0.02,-0.026000000000000002,stop_loss,0,1,34,2025-02-01
2025-02-18,4721,69.10652923583984,0.6246326366915775,0,0.008391579613089561,0.032167866826057434,-0.020979028195142746,-0.005594434216618538,-0.02,-0.026000000000000002,ambiguous_stop_loss,1,1,34,2025-02-01
2025-02-18,2340,29.600000381469727,0.6208248655071159,1,0.013513500802218914,0.09966212511062622,-0.01182433683425188,0.09966212511062622,0.03,0.024,take_profit,1,0,34,2025-02-01
2025-02-18,1569,62.099998474121094,0.6183644187147149,1,0.0853462666273117,0.09983904659748077,0.0016103428788483143,0.09983904659748077,0.03,0.024,gap_take_profit,1,0,34,2025-02-01
2025-02-18,2504,39.271324157714844,0.6074091980158441,0,0.003575637238100171,0.01549458783119917,-0.0023838381748646498,-0.0023838381748646498,-0.0023838381748646498,-0.00838383817486465,close,0,0,34,2025-02-01
2025-02-18,2402,38.17381286621094,0.5960522838716371,1,0.004987549502402544,0.016209514811635017,-0.001246864558197558,0.006234413478523493,0.006234413478523493,0.0002344134785234927,close,0,0,34,2025-02-01
2025-02-18,6163,22.899999618530273,0.5951818224944031,1,0.004366829060018063,0.017467232421040535,0.0021834562066942453,0.006550201680511236,0.006550201680511236,0.0005502016805112361,close,0,0,34,2025-02-01
2025-02-18,2342,31.20996856689453,0.5922546400936702,1,3.1153025048524796e-08,0.03159566968679428,3.1153025048524796e-08,0.018957389518618584,0.03,0.024,take_profit,1,0,34,2025-02-01
2025-02-18,8081,226.59494018554688,0.5894086980252439,1,0.004115238785743713,0.012345691211521626,1.2444671071420998e-08,0.0020576256792992353,0.0020576256792992353,-0.003942374320700765,close,0,0,34,2025-02-01
2025-02-18,2458,153.23660278320312,0.584117863011829,1,0.00318476022221148,0.02229304052889347,-0.0031846666242927313,0.00318476022221148,0.00318476022221148,-0.00281523977778852,close,0,0,34,2025-02-01
2025-02-18,3615,26.483863830566406,0.5812980243249652,1,0.009310978464782238,0.09869644045829773,0.009310978464782238,0.09869644045829773,0.03,0.024,take_profit,1,0,34,2025-02-01
2025-02-18,6492,44.25,0.580061171617663,1,0.0011299262987449765,0.005649717524647713,-0.01016950886696577,0.0011299262987449765,0.0011299262987449765,-0.004870073701255024,close,0,0,34,2025-02-01
2025-02-18,6219,41.57142639160156,0.5790759469607752,1,0.008018389344215393,0.011454802006483078,-0.0034364131279289722,0.003436504863202572,0.003436504863202572,-0.0025634951367974283,close,0,0,34,2025-02-01
2025-02-19,4916,47.349998474121094,0.7041338790683289,0,0.0401267483830452,0.06230202317237854,-0.02428717538714409,-0.011615612544119358,0.03,0.024,gap_take_profit,1,1,34,2025-02-01
2025-02-19,6206,159.10000610351562,0.687274358000124,0,0.03903903812170029,0.057057056576013565,-0.027027027681469917,0.0,0.03,0.024,gap_take_profit,1,1,34,2025-02-01
2025-02-19,6148,41.648372650146484,0.6814500200475155,0,-0.02097903937101364,-0.02097903937101364,-0.09090910851955414,-0.07925409823656082,-0.02097903937101364,-0.02697903937101364,gap_stop,0,1,34,2025-02-01
2025-02-19,4949,23.646711349487305,0.6729968893231696,1,0.04115228354930878,0.09876552224159241,0.03703712299466133,0.09876552224159241,0.03,0.024,gap_take_profit,1,0,34,2025-02-01
2025-02-19,2408,39.150001525878906,0.669599975411009,0,0.029374143108725548,0.029374143108725548,-0.047254208475351334,-0.008940032683312893,-0.02,-0.026000000000000002,stop_loss,0,1,34,2025-02-01
2025-02-19,8088,24.542240142822266,0.6575717907198203,1,0.014056243002414703,0.07630521059036255,-0.02610439993441105,0.02811248227953911,-0.02,-0.026000000000000002,ambiguous_stop_loss,1,1,34,2025-02-01
2025-02-19,6768,150.20767211914062,0.6441555936842716,0,0.02194363623857498,0.03448282182216644,-0.040752291679382324,-0.03761749714612961,-0.02,-0.026000000000000002,ambiguous_stop_loss,1,1,34,2025-02-01
2025-02-19,2347,67.38312530517578,0.6388106095148558,0,0.0014004952972754836,0.008403295651078224,-0.0014005822595208883,-0.0014005822595208883,-0.0014005822595208883,-0.0074005822595208885,close,0,0,34,2025-02-01
2025-02-19,2504,39.17770767211914,0.634428415266094,1,0.0035842405632138252,0.014336947351694107,0.0023895155172795057,0.005973690189421177,0.005973690189421177,-2.6309810578823214e-05,close,0,0,34,2025-02-01
2025-02-19,3236,19.20800018310547,0.6334919201083254,0,6.966217114268147e-08,0.012755172327160835,-0.0025510091800242662,-0.0025510091800242662,-0.0025510091800242662,-0.008551009180024266,close,0,0,34,2025-02-01
2025-02-19,6217,35.349998474121094,0.6331084698398035,1,-0.0014144056476652622,0.009901055134832859,-0.0028288112953305244,0.002828919095918536,0.002828919095918536,-0.003171080904081464,close,0,0,34,2025-02-01
2025-02-19,3149,35.599998474121094,0.6278081651008696,1,0.0182584710419178,0.06882024556398392,0.002809053286910057,0.021067416295409203,0.03,0.024,take_profit,1,0,34,2025-02-01
2025-02-19,4909,94.4640884399414,0.626580328331386,0,0.029126213863492012,0.058252427726984024,-0.009708737954497337,0.0,0.03,0.024,take_profit,1,0,34,2025-02-01
2025-02-19,6147,61.566986083984375,0.6235011440914051,1,0.007621972355991602,0.012195189483463764,0.0015243878588080406,0.0030488711781799793,0.0030488711781799793,-0.002951128821820021,close,0,0,34,2025-02-01
2025-02-19,4726,44.5,0.6216896526895007,1,0.008988798595964909,0.01123595517128706,-0.003370820777490735,0.004494399297982454,0.004494399297982454,-0.0015056007020175458,close,0,0,34,2025-02-01
2025-02-19,2340,32.54999923706055,0.6212360178841317,0,0.004608341958373785,0.009216566570103168,-0.04454681649804115,-0.03993853181600571,-0.02,-0.026000000000000002,stop_loss,0,1,34,2025-02-01
2025-02-19,3592,363.12042236328125,0.6207986466555737,1,0.0077619729563593864,0.019404921680688858,0.0012936674756929278,0.0012936674756929278,0.0012936674756929278,-0.004706332524307072,close,0,0,34,2025-02-01
2025-02-19,3663,71.62330627441406,0.6201529070120995,1,0.038834914565086365,0.09292647242546082,-0.004160900600254536,0.011095665395259857,0.03,0.024,gap_take_profit,1,0,34,2025-02-01
2025-02-19,4971,185.5,0.6200703263060423,0,-0.01886792480945587,-0.01886792480945587,-0.05390835553407669,-0.04582210257649422,-0.02,-0.026000000000000002,stop_loss,0,1,34,2025-02-01
2025-02-19,1569,68.30000305175781,0.6171470563302899,0,0.023426037281751633,0.03074668161571026,-0.03953154385089874,-0.0029283245094120502,-0.02,-0.026000000000000002,ambiguous_stop_loss,1,1,34,2025-02-01
2025-02-20,3128,29.639509201049805,0.6968433577326264,0,3.338717746714792e-09,0.036697231233119965,-0.02752293273806572,-0.021406739950180054,-0.02,-0.026000000000000002,ambiguous_stop_loss,1,1,34,2025-02-01
2025-02-20,4722,67.70577239990234,0.6960037414512749,0,0.017366165295243263,0.024602055549621582,-0.0911722406744957,-0.06657020002603531,-0.02,-0.026000000000000002,stop_loss,0,1,34,2025-02-01
2025-02-20,3022,85.98202514648438,0.6695915320937222,1,0.027442367747426033,0.09769485890865326,-0.03402852639555931,0.09769485890865326,-0.02,-0.026000000000000002,ambiguous_stop_loss,1,1,34,2025-02-01
2025-02-20,4770,345.5030212402344,0.6607203189962559,0,-0.01255224272608757,0.009762960486114025,-0.05020914971828461,-0.048814449459314346,-0.02,-0.026000000000000002,stop_loss,0,1,34,2025-02-01
2025-02-20,1519,557.8552856445312,0.6589187865719133,1,0.009630798362195492,0.08507224917411804,0.008025720715522766,0.019261587411165237,0.03,0.024,take_profit,1,0,34,2025-02-01
2025-02-20,1617,18.2515869140625,0.6458729112781053,0,7.905946830533139e-08,0.04244035854935646,-0.029177702963352203,-0.029177702963352203,-0.02,-0.026000000000000002,ambiguous_stop_loss,1,1,34,2025-02-01
2025-02-20,4949,25.98219108581543,0.6380540307702266,1,0.06554306298494339,0.08239694684743881,0.01498124934732914,0.054307062178850174,0.03,0.024,gap_take_profit,1,0,34,2025-02-01
2025-02-20,3466,62.20000076293945,0.6214036267714992,1,0.0032154463697224855,0.06913182139396667,-0.02572350949048996,0.036977481096982956,-0.02,-0.026000000000000002,ambiguous_stop_loss,1,1,34,2025-02-01
2025-02-20,2061,19.799999237060547,0.6212089440090367,0,0.0,0.015151573345065117,-0.027777740731835365,-0.017676690593361855,-0.02,-0.026000000000000002,stop_loss,0,1,34,2025-02-01
2025-02-20,1608,28.49757957458496,0.6140991458680681,0,0.0016891220584511757,0.05236479640007019,-0.027027105912566185,-0.023648714646697044,-0.02,-0.026000000000000002,ambiguous_stop_loss,1,1,34,2025-02-01
2025-02-20,6291,100.82487487792969,0.6076234747773333,1,0.004672906827181578,0.06542056798934937,-0.042056065052747726,0.056074775755405426,-0.02,-0.026000000000000002,ambiguous_stop_loss,1,1,34,2025-02-01
2025-02-20,9802,137.06504821777344,0.5993358423625886,1,-1.8250025934918312e-09,0.09712229669094086,-0.007194246631115675,0.09712229669094086,0.03,0.024,take_profit,1,0,34,2025-02-01
2025-02-20,8431,64.89984893798828,0.5945400455988225,1,0.006153859198093414,0.04307695850729942,0.004615420941263437,0.030769219622015953,0.03,0.024,take_profit,1,0,34,2025-02-01
2025-02-20,6741,99.78361511230469,0.5924934352142968,1,0.004901896230876446,0.029411697760224342,0.004901896230876446,0.014705817215144634,0.014705817215144634,0.008705817215144634,close,0,0,34,2025-02-01
2025-02-20,1529,26.74924087524414,0.5884643645575707,1,-0.01865668222308159,0.09328362345695496,-0.033582042902708054,0.01865675114095211,-0.02,-0.026000000000000002,ambiguous_stop_loss,1,1,34,2025-02-01
2025-02-20,2357,659.3400268554688,0.5871071167374162,1,0.005771978292614222,0.028860000893473625,0.004328976850956678,0.023087995126843452,0.023087995126843452,0.017087995126843454,close,0,0,34,2025-02-01
2025-02-20,4164,53.616634368896484,0.5799734831728505,1,0.007246396504342556,0.04166671633720398,-0.0036231414414942265,0.032608743757009506,0.03,0.024,take_profit,1,0,34,2025-02-01
2025-02-20,8942,59.9782600402832,0.5792223308658293,0,4.583354140663687e-08,0.0032258648425340652,-0.009677349589765072,-0.006451591849327087,-0.006451591849327087,-0.012451591849327088,close,0,0,34,2025-02-01
2025-02-20,6805,717.491455078125,0.5790990734873119,1,-0.0013831419637426734,0.020746871829032898,-0.00829877145588398,0.009681864641606808,0.009681864641606808,0.0036818646416068076,close,0,0,34,2025-02-01
2025-02-20,1514,108.0,0.5783118097016099,1,0.046296294778585434,0.0972222238779068,0.032407406717538834,0.0694444477558136,0.03,0.024,gap_take_profit,1,0,34,2025-02-01
2025-02-21,4916,51.400001525878906,0.5375254950286713,1,0.005836560856550932,0.035019438713788986,-0.023346317932009697,0.01750968210399151,-0.02,-0.026000000000000002,ambiguous_stop_loss,1,1,34,2025-02-01
2025-02-21,4303,66.30000305175781,0.5325715989071117,1,0.0,0.0648566409945488,-0.004524932708591223,0.0346907302737236,0.03,0.024,take_profit,1,0,34,2025-02-01
2025-02-21,6949,146.0,0.5283377181810126,1,0.027397260069847107,0.09931506961584091,0.02054794505238533,0.0890410989522934,0.03,0.024,take_profit,1,0,34,2025-02-01
2025-02-21,1316,16.600000381469727,0.516808488480079,1,0.09337344765663147,0.09337344765663147,0.02409636229276657,0.030120480805635452,0.03,0.024,gap_take_profit,1,0,34,2025-02-01
2025-02-21,4510,54.5,0.49381101992694665,1,0.01834862306714058,0.0990825966000557,0.01284405030310154,0.0990825966000557,0.03,0.024,take_profit,1,0,34,2025-02-01
2025-02-21,1569,74.9000015258789,0.48471874949305344,0,-0.00534047419205308,0.01602132059633732,-0.033377837389707565,-0.02136179432272911,-0.02,-0.026000000000000002,stop_loss,0,1,34,2025-02-01
2025-02-21,6485,77.94473266601562,0.475272999337898,0,-0.02160094492137432,0.05972055345773697,-0.052096519619226456,-0.04955516383051872,-0.02160094492137432,-0.02760094492137432,gap_stop,1,1,34,2025-02-01
2025-02-21,5347,95.46260833740234,0.45862489313220245,1,-0.008016137406229973,0.03206401690840721,-0.01703418791294098,0.017033960670232773,0.03,0.024,take_profit,1,0,34,2025-02-01
2025-02-21,9802,150.3771209716797,0.45773410649797014,0,0.0032787309028208256,0.05573774874210358,-0.022950777783989906,-0.013114712201058865,-0.02,-0.026000000000000002,ambiguous_stop_loss,1,1,34,2025-02-01
2025-02-21,1540,35.77725601196289,0.4482357980698733,1,0.021164027974009514,0.09788364917039871,0.015873102471232414,0.06878315657377243,0.03,0.024,take_profit,1,0,34,2025-02-01
2025-02-21,6141,16.600000381469727,0.4431429628469427,0,-0.027108479291200638,0.02409636229276657,-0.036144599318504333,-0.006024119444191456,-0.027108479291200638,-0.033108479291200636,gap_stop,0,1,34,2025-02-01
2025-02-21,3379,66.08651733398438,0.4365125519456753,1,0.013472940772771835,0.0988023430109024,-0.0044910842552781105,0.0988023430109024,0.03,0.024,take_profit,1,0,34,2025-02-01
2025-02-21,6206,164.8333282470703,0.4331020321883603,0,-0.014492712914943695,0.03478265181183815,-0.040579669177532196,-0.028985466808080673,-0.02,-0.026000000000000002,ambiguous_stop_loss,1,1,34,2025-02-01
2025-02-21,3213,116.40908813476562,0.4279116517993993,1,2.1181969955819113e-08,0.09311743080615997,-0.01214572787284851,0.06477735191583633,0.03,0.024,take_profit,1,0,34,2025-02-01
2025-02-21,1528,16.350000381469727,0.4260026369904645,1,0.009174288250505924,0.0642201378941536,0.0,0.003058057278394699,0.03,0.024,take_profit,1,0,34,2025-02-01
2025-02-21,2545,68.56324768066406,0.4198537978011297,1,0.009321017190814018,0.014647168107330799,-0.007989278063178062,0.005326302722096443,0.005326302722096443,-0.000673697277903557,close,0,0,34,2025-02-01
2025-02-21,3022,94.38202667236328,0.41606306103583574,1,0.019999979063868523,0.09499997645616531,-0.0030000514816492796,0.07999997586011887,0.03,0.024,take_profit,1,0,34,2025-02-01
2025-02-21,1536,86.7066650390625,0.4130208412143838,1,-0.011337903328239918,0.030612261965870857,-0.018140606582164764,0.00566889951005578,0.03,0.024,take_profit,1,0,34,2025-02-01
2025-02-21,2535,54.66279983520508,0.40961685854581065,1,0.005137009546160698,0.006849311757832766,-0.0017123318975791335,0.0017123386496677995,0.0017123386496677995,-0.004287661350332201,close,0,0,34,2025-02-01
2025-02-21,2481,54.13787078857422,0.40384106693606936,1,-0.00537630170583725,0.02688175067305565,-0.0071683889254927635,0.019713332876563072,0.019713332876563072,0.013713332876563072,close,0,0,34,2025-02-01
2025-02-24,6547,52.099998474121094,0.5851850171472782,0,0.06525915116071701,0.08637236058712006,-0.01343564223498106,-0.01343564223498106,0.03,0.024,gap_take_profit,1,0,34,2025-02-01
2025-02-24,6431,18.399999618530273,0.5759670750014669,1,0.021739110350608826,0.0733695849776268,0.01358695700764656,0.04619567468762398,0.03,0.024,take_profit,1,0,34,2025-02-01
2025-02-24,5608,20.549999237060547,0.5476751307689165,1,0.029197100549936295,0.06082725152373314,0.021897848695516586,0.036496352404356,0.03,0.024,take_profit,1,0,34,2025-02-01
2025-02-24,4534,29.049999237060547,0.5375957910636635,1,-0.006884642411023378,0.030981119722127914,-0.04819275811314583,0.017211703583598137,-0.02,-0.026000000000000002,ambiguous_stop_loss,1,1,34,2025-02-01
2025-02-24,4510,59.900001525878906,0.5333476363749944,1,0.04841398447751999,0.09849751740694046,0.01001666858792305,0.033388979732990265,0.03,0.024,gap_take_profit,1,0,34,2025-02-01
2025-02-24,2606,69.087646484375,0.5157363347441625,0,0.010944017209112644,0.02325594052672386,-0.03419966623187065,-0.010943789035081863,-0.02,-0.026000000000000002,stop_loss,0,1,34,2025-02-01
2025-02-24,2637,75.6480941772461,0.5124170676499427,0,0.01709403470158577,0.03296699374914169,-0.020757075399160385,0.0,-0.02,-0.026000000000000002,ambiguous_stop_loss,1,1,34,2025-02-01
2025-02-24,3059,45.0,0.5037182654814171,1,0.014444478787481785,0.10000000149011612,0.011111111380159855,0.09111107885837555,0.03,0.024,take_profit,1,0,34,2025-02-01
2025-02-24,8147,124.66896057128906,0.5002912103229795,0,0.007873971946537495,0.031496018171310425,-0.055118151009082794,-0.04724413529038429,-0.02,-0.026000000000000002,ambiguous_stop_loss,1,1,34,2025-02-01
2025-02-24,3379,72.61602020263672,0.48407647018314226,0,0.09945498406887054,0.09945498406887054,-0.03814717382192612,-0.03405993804335594,0.03,0.024,gap_take_profit,1,1,34,2025-02-01
2025-02-24,4931,71.31890106201172,0.46373612632547667,1,0.026098811998963356,0.06181317940354347,0.004120811354368925,0.016483468934893608,0.03,0.024,take_profit,1,0,34,2025-02-01
2025-02-24,3323,36.74330139160156,0.4550134227426625,1,0.02680969052016735,0.038874056190252304,-0.016085712239146233,0.009383478201925755,0.03,0.024,take_profit,1,0,34,2025-02-01
2025-02-24,4105,72.59630584716797,0.45263417919908366,1,0.003911339212208986,0.006518861278891563,0.0013038170291110873,0.0026075781788676977,0.0026075781788676977,-0.0033924218211323024,close,0,0,34,2025-02-01
2025-02-24,6667,199.0,0.4477541872847272,0,0.02512562833726406,0.027638191357254982,-0.01005025114864111,0.0,0.0,-0.006,close,0,0,34,2025-02-01
2025-02-24,8072,24.867504119873047,0.44122596842544776,0,-0.003937043249607086,-0.003937043249607086,-0.009842540137469769,-0.007873990572988987,-0.007873990572988987,-0.013873990572988987,close,0,0,34,2025-02-01
2025-02-24,4949,28.901538848876953,0.43979610470423264,0,-3.6814420401043435e-09,-3.6814420401043435e-09,-0.04713810235261917,-0.013468068093061447,-0.02,-0.026000000000000002,stop_loss,0,1,34,2025-02-01
2025-02-24,2820,14.392499923706055,0.4352031094601737,0,-0.0033002798445522785,0.003300342708826065,-0.0033002798445522785,0.0,0.0,-0.006,close,0,0,34,2025-02-01
2025-02-24,6949,159.0,0.4332415265155321,0,-0.012578615918755531,0.028301887214183807,-0.04088050499558449,-0.022012578323483467,-0.02,-0.026000000000000002,stop_loss,0,1,34,2025-02-01
2025-02-24,6111,60.099998474121094,0.4328262564739952,0,-0.0016638681991025805,0.01331119891256094,-0.014975003898143768,-0.008319467306137085,-0.008319467306137085,-0.014319467306137085,close,0,0,34,2025-02-01
2025-02-24,2545,68.92843627929688,0.43264332227861,1,0.0026489871088415384,0.022516537457704544,-0.007946979254484177,0.017218604683876038,0.017218604683876038,0.011218604683876037,close,0,0,34,2025-02-01
2025-02-25,2032,20.102737426757812,0.6317813983559264,1,0.05084754526615143,0.08474579453468323,0.0072639333084225655,0.05084754526615143,0.03,0.024,gap_take_profit,1,0,34,2025-02-01
2025-02-25,8059,37.79999923706055,0.5461791864531559,0,0.058201078325510025,0.058201078325510025,-0.01984127052128315,-0.015872975811362267,0.03,0.024,gap_take_profit,1,0,34,2025-02-01
2025-02-25,4577,29.350000381469727,0.5443186968558724,1,0.04258943721652031,0.08688242733478546,0.005110719706863165,0.022146495059132576,0.03,0.024,gap_take_profit,1,0,34,2025-02-01
2025-02-25,6414,306.2190246582031,0.5380866742715905,1,0.004702200181782246,0.017241384834051132,-0.0031347903423011303,0.010971792973577976,0.010971792973577976,0.004971792973577976,close,0,0,34,2025-02-01
2025-02-25,3217,152.18699645996094,0.5344340737313346,1,-2.275918120631104e-08,0.018633516505360603,-2.275918120631104e-08,0.01242233719676733,0.01242233719676733,0.00642233719676733,close,0,0,34,2025-02-01
2025-02-25,2890,21.107872009277344,0.5329513506218733,1,-3.043907170763305e-08,0.00883002020418644,-3.043907170763305e-08,0.004414994735270739,0.004414994735270739,-0.0015850052647292615,close,0,0,34,2025-02-01
2025-02-25,3023,287.55828857421875,0.5259541137395845,1,0.008319500833749771,0.079866923391819,-0.006655541248619556,0.06322798877954483,0.03,0.024,take_profit,1,0,34,2025-02-01
2025-02-25,2360,327.1588439941406,0.516217000467024,1,-0.002980591496452689,0.026825668290257454,-0.004470904357731342,0.019374104216694832,0.019374104216694832,0.013374104216694832,close,0,0,34,2025-02-01
2025-02-25,3533,1695.4718017578125,0.5067057792263463,0,-0.0171919334679842,0.002865374553948641,-0.025787921622395515,-0.0171919334679842,-0.02,-0.026000000000000002,stop_loss,0,1,34,2025-02-01
2025-02-25,2892,25.97967529296875,0.5055765845540307,1,8.451298327827317e-09,0.012727269902825356,-0.001818171702325344,0.012727269902825356,0.012727269902825356,0.006727269902825355,close,0,0,34,2025-02-01
2025-02-25,3231,108.29983520507812,0.5048949104005604,1,-0.0044643026776611805,0.026785695925354958,-0.0044643026776611805,0.026785695925354958,0.026785695925354958,0.02078569592535496,close,0,0,34,2025-02-01
2025-02-25,6937,304.88665771484375,0.5041761870623035,0,-0.006493497174233198,0.011363646015524864,-0.0194805096834898,-0.012987003661692142,-0.012987003661692142,-0.01898700366169214,close,0,0,34,2025-02-01
2025-02-25,2049,342.957275390625,0.5034739848306904,0,0.0072046429850161076,0.03746401146054268,-0.008645501919090748,-0.0043227351270616055,0.03,0.024,take_profit,1,0,34,2025-02-01
2025-02-25,1605,28.252756118774414,0.5013020566116857,0,0.029360933229327202,0.050086334347724915,-0.0034542258363217115,-0.0034542258363217115,0.03,0.024,take_profit,1,0,34,2025-02-01
2025-02-25,2395,395.904296875,0.5011598727884503,1,-0.008620699867606163,0.01970442198216915,-0.01724139042198658,0.008620679378509521,0.008620679378509521,0.0026206793785095214,close,0,0,34,2025-02-01
2025-02-25,2852,25.64452362060547,0.5007225233683802,1,0.00902528502047062,0.023465704172849655,0.0054151625372469425,0.00902528502047062,0.00902528502047062,0.003025285020470619,close,0,0,34,2025-02-01
2025-02-25,2855,23.87660789489746,0.5003849612012866,1,-0.0018017195397987962,0.007207262795418501,-0.00900892075151205,0.005405481439083815,0.005405481439083815,-0.0005945185609161855,close,0,0,34,2025-02-01
2025-02-25,3530,86.0,0.49979003376872433,1,-0.001162772998213768,0.008139499463140965,-0.0058139534667134285,0.0069767264649271965,0.0069767264649271965,0.0009767264649271964,close,0,0,34,2025-02-01
2025-02-25,5388,128.2756805419922,0.4980953210495645,1,-1.938494875730612e-08,0.022556371986865997,-0.0037594179157167673,0.015037573873996735,0.015037573873996735,0.009037573873996734,close,0,0,34,2025-02-01
2025-02-25,2545,70.11528778076172,0.4967699649910271,0,0.0052082110196352005,0.0052082110196352005,-0.044270891696214676,-0.03385428711771965,-0.02,-0.026000000000000002,stop_loss,0,1,34,2025-02-01
2025-02-26,9946,26.0,0.5956872053079802,0,0.065384641289711,0.065384641289711,-0.01923076994717121,-0.0038461685180664062,0.03,0.024,gap_take_profit,1,0,34,2025-02-01
2025-02-26,2383,633.0,0.5625256253036964,0,0.009478673338890076,0.012638230808079243,-0.01579778827726841,-0.0015797788510099053,-0.0015797788510099053,-0.0075797788510099055,close,0,0,34,2025-02-01
2025-02-26,3694,65.83879089355469,0.5621618563191421,1,0.03259257227182388,0.06666669249534607,-0.005925922654569149,0.034074146300554276,0.03,0.024,gap_take_profit,1,0,34,2025-02-01
2025-02-26,1815,35.25,0.5575748412810216,0,0.01985817775130272,0.03546099364757538,-0.060992952436208725,-0.05248222500085831,-0.02,-0.026000000000000002,ambiguous_stop_loss,1,1,34,2025-02-01
2025-02-26,6877,79.4537353515625,0.5565344904920388,0,0.0011427737772464752,0.07428565621376038,-0.029714349657297134,-0.029714349657297134,-0.02,-0.026000000000000002,ambiguous_stop_loss,1,1,34,2025-02-01
2025-02-26,4909,101.34254455566406,0.5531347360890574,0,0.022624434903264046,0.05882352963089943,-0.004524887073785067,0.0,0.03,0.024,take_profit,1,0,34,2025-02-01
2025-02-26,2465,80.80000305175781,0.5491276081924861,0,0.002475209766998887,0.030940592288970947,-0.06064357981085777,-0.05074264854192734,-0.02,-0.026000000000000002,ambiguous_stop_loss,1,1,34,2025-02-01
2025-02-26,2530,40.68763732910156,0.5484797473700725,1,0.0023952305782586336,0.00598808191716671,-0.010778404772281647,0.00598808191716671,0.00598808191716671,-1.1918082833290225e-05,close,0,0,34,2025-02-01
2025-02-26,2852,25.875972747802734,0.5394843658340405,0,3.271546589189711e-08,3.271546589189711e-08,-0.028622549027204514,-0.02683359943330288,-0.02,-0.026000000000000002,stop_loss,0,1,34,2025-02-01
2025-02-26,2441,63.70000076293945,0.5369335988102091,1,0.00470956414937973,0.009419187903404236,-0.00313972937874496,0.009419187903404236,0.009419187903404236,0.0034191879034042357,close,0,0,34,2025-02-01
2025-02-26,2545,67.74158477783203,0.5291614035402747,0,0.010781663469970226,0.010781663469970226,-0.04447438195347786,-0.014824826270341873,-0.02,-0.026000000000000002,stop_loss,0,1,34,2025-02-01
2025-02-26,6170,55.524105072021484,0.5260362167448328,0,0.015228472650051117,0.0203046016395092,-0.023688606917858124,-0.010152239352464676,-0.02,-0.026000000000000002,stop_loss,0,1,34,2025-02-01
2025-02-26,2228,89.46946716308594,0.5228037633102273,1,-0.002024332294240594,0.017206452786922455,-0.002024332294240594,0.011133593507111073,0.011133593507111073,0.005133593507111072,close,0,0,34,2025-02-01
2025-02-26,1605,28.15516471862793,0.5223013698005925,0,0.0051992810331285,0.024263378232717514,-0.03466205671429634,-0.03466205671429634,-0.02,-0.026000000000000002,stop_loss,0,1,34,2025-02-01
2025-02-26,1515,35.2288932800293,0.5204441933489179,1,0.0041151768527925014,0.028806576505303383,-0.0013717078836634755,0.015089155174791813,0.015089155174791813,0.009089155174791813,close,0,0,34,2025-02-01
2025-02-26,6415,446.0385437011719,0.5197655771305901,1,-4.4151143185899855e-08,0.017837191000580788,-0.0011148713529109955,0.008918573148548603,0.008918573148548603,0.002918573148548603,close,0,0,34,2025-02-01
2025-02-26,6470,51.305389404296875,0.5190415434522878,0,-0.005555499345064163,0.003703760216012597,-0.011111040599644184,-0.0074073937721550465,-0.0074073937721550465,-0.013407393772155047,close,0,0,34,2025-02-01
2025-02-26,3546,69.09613037109375,0.5183718538551456,1,0.002518831053748727,0.042821165174245834,0.002518831053748727,0.018891703337430954,0.03,0.024,take_profit,1,0,34,2025-02-01
2025-02-26,2461,19.52089500427246,0.5161513754744852,0,0.00731705455109477,0.012195121496915817,-0.00731705455109477,0.0,0.0,-0.006,close,0,0,34,2025-02-01
2025-02-26,2408,41.400001525878906,0.5160128257213744,0,0.004830843769013882,0.02657001093029976,-0.06642511487007141,-0.06642511487007141,-0.02,-0.026000000000000002,stop_loss,0,1,34,2025-02-01
2025-02-27,2852,25.18162727355957,0.4498565930781742,0,-0.0055147986859083176,0.0018381699919700623,-0.009191213175654411,-0.0036765215918421745,-0.0036765215918421745,-0.009676521591842175,close,0,0,34,2025-02-01
2025-02-27,6761,95.14093017578125,0.4293122923225618,0,-0.009900973178446293,0.004950512666255236,-0.01584155112504959,-0.004950477741658688,-0.004950477741658688,-0.010950477741658688,close,0,0,34,2025-02-01
2025-02-27,2731,129.625,0.42431766079902744,0,-0.007352941203862429,0.0036764706019312143,-0.014705882407724857,-0.007352941203862429,-0.007352941203862429,-0.013352941203862429,close,0,0,34,2025-02-01
2025-02-27,6016,13.772727012634277,0.42304641366264556,0,-0.006600653752684593,-0.003300361568108201,-0.013201307505369186,-0.003300361568108201,-0.003300361568108201,-0.009300361568108201,close,0,0,34,2025-02-01
2025-02-27,2885,33.91905212402344,0.42272309479279696,1,-0.0013642220292240381,0.0054570408537983894,-0.010914010927081108,0.001364197232760489,0.001364197232760489,-0.004635802767239511,close,0,0,34,2025-02-01
2025-02-27,6170,54.960411071777344,0.42167726379254994,0,-0.015384681522846222,0.0017093352507799864,-0.047863274812698364,-0.035897448658943176,-0.02,-0.026000000000000002,stop_loss,0,1,34,2025-02-01
2025-02-27,3033,35.04999923706055,0.4207414507043743,1,-0.004279535263776779,0.0028531323187053204,-0.011412203311920166,0.0028531323187053204,0.0028531323187053204,-0.0031468676812946798,close,0,0,34,2025-02-01
2025-02-27,1215,98.41814422607422,0.4178524012159567,1,-2.4716586111139804e-08,0.009756072424352169,-0.004878073465079069,0.009756072424352169,0.009756072424352169,0.003756072424352169,close,0,0,34,2025-02-01
2025-02-27,1409,14.622784614562988,0.41643734678022704,0,-0.0032894862815737724,0.0,-0.006578909698873758,0.0,0.0,-0.006,close,0,0,34,2025-02-01
2025-02-27,3028,30.67433738708496,0.41511030443756874,0,7.73496999784129e-09,0.004587093833833933,-0.006116223521530628,-0.0015290208393707871,-0.0015290208393707871,-0.007529020839370787,close,0,0,34,2025-02-01
2025-02-27,1210,53.02615737915039,0.41494665233159633,1,-0.00179856619797647,0.003597103524953127,-0.008992837741971016,0.0017985698068514466,0.0017985698068514466,-0.0042014301931485535,close,0,0,34,2025-02-01
2025-02-27,2891,38.61221694946289,0.4147631058293828,1,-0.011042896658182144,0.007362012285739183,-0.011042896658182144,0.007362012285739183,0.007362012285739183,0.0013620122857391833,close,0,0,34,2025-02-01
2025-02-27,2886,38.174652099609375,0.4142101116985466,1,9.812452184121412e-09,0.013871364295482635,-0.0012611012207344174,0.012610349804162979,0.012610349804162979,0.006610349804162979,close,0,0,34,2025-02-01
2025-02-27,2851,25.01857566833496,0.4134337653621684,1,-0.0018483467865735292,0.00739379832521081,-0.003696747589856386,0.00739379832521081,0.00739379832521081,0.0013937983252108096,close,0,0,34,2025-02-01
2025-02-27,8112,59.811729431152344,0.4115313173901491,0,-0.004687488079071045,0.0015624761581420898,-0.010937511920928955,0.0,0.0,-0.006,close,0,0,34,2025-02-01
2025-02-27,2641,22.67819595336914,0.4114873182224197,1,-0.015053772367537022,0.04516126587986946,-0.04301074519753456,0.021505383774638176,-0.02,-0.026000000000000002,ambiguous_stop_loss,1,1,34,2025-02-01
2025-02-27,6190,38.25,0.4112053961044663,0,-0.014379065483808517,0.030065398663282394,-0.014379065483808517,-0.006535947788506746,0.03,0.024,take_profit,1,0,34,2025-02-01
2025-02-27,1709,21.649999618530273,0.4076612494749343,0,0.0,0.004618955310434103,-0.004618955310434103,-0.002309433650225401,-0.002309433650225401,-0.008309433650225401,close,0,0,34,2025-02-01
2025-02-27,2241,31.149999618530273,0.4075600935617337,0,-0.014446191489696503,0.017656538635492325,-0.025682158768177032,-0.014446191489696503,-0.02,-0.026000000000000002,stop_loss,0,1,34,2025-02-01
2025-02-27,2379,550.0,0.40489470904645725,1,0.010909090749919415,0.010909090749919415,-0.007272727321833372,0.00909090880304575,0.00909090880304575,0.0030909088030457495,close,0,0,34,2025-02-01
2025-03-03,8436,143.0,0.42872833567715224,1,0.03846153989434242,0.0559440553188324,0.003496503457427025,0.0139860138297081,0.03,0.024,gap_take_profit,1,0,35,2025-03-01
2025-03-03,2061,22.100000381469727,0.42816989403224337,1,0.018099529668688774,0.08597283065319061,0.006787313148379326,0.009049721993505955,0.03,0.024,take_profit,1,0,35,2025-03-01
2025-03-03,3484,62.0,0.3673792623931795,1,0.0,0.05322585627436638,-0.016129031777381897,0.04838709533214569,0.03,0.024,take_profit,1,0,35,2025-03-01
2025-03-03,3213,130.5478515625,0.34726204929431354,1,-0.010830326937139034,0.04332129657268524,-0.05054151639342308,0.04332129657268524,-0.02,-0.026000000000000002,ambiguous_stop_loss,1,1,35,2025-03-01
2025-03-03,4105,75.7197494506836,0.34699161670414097,1,-3.532298009645274e-08,0.010000002570450306,-0.005000054370611906,0.0074999453499913216,0.0074999453499913216,0.0014999453499913214,close,0,0,35,2025-03-01
2025-03-03,4707,14.5,0.34599120496218516,0,-0.09999998658895493,-0.09999998658895493,-0.09999998658895493,-0.09999998658895493,-0.09999998658895493,-0.10599998658895493,gap_stop,0,1,35,2025-03-01
2025-03-03,2461,18.949552536010742,0.3307020342350862,1,7.000711566007567e-09,0.012562821619212627,-0.0075376625172793865,0.005025152117013931,0.005025152117013931,-0.0009748478829860689,close,0,0,35,2025-03-01
2025-03-03,3587,200.8900146484375,0.32986346813288564,1,-0.014423082582652569,0.050480764359235764,-0.021634621545672417,0.04807691648602486,-0.02,-0.026000000000000002,ambiguous_stop_loss,1,1,35,2025-03-01
2025-03-03,6266,30.323795318603516,0.31810670382634754,1,-0.004411772359162569,0.01764707826077938,-0.007352920714765787,0.013235355727374554,0.013235355727374554,0.0072353557273745536,close,0,0,35,2025-03-01
2025-03-03,2641,23.1658992767334,0.3084844150336799,1,7.639266996761762e-09,0.021052639931440353,-0.02105262503027916,0.021052639931440353,-0.02,-0.026000000000000002,stop_loss,0,1,35,2025-03-01
2025-03-03,9940,28.445714950561523,0.3068260965267838,0,-0.0032895023468881845,-0.0032895023468881845,-0.018092095851898193,-0.009868412278592587,-0.009868412278592587,-0.015868412278592585,close,0,0,35,2025-03-01
2025-03-03,3147,170.15042114257812,0.3043391711171874,1,-0.023017918691039085,0.0716112032532692,-0.028133071959018707,0.06905367225408554,-0.023017918691039085,-0.029017918691039084,gap_stop,1,1,35,2025-03-01
2025-03-03,1712,45.07624053955078,0.30333271631935765,1,-0.004192895255982876,0.0020963966380804777,-0.014675075188279152,0.0020963966380804777,0.0020963966380804777,-0.0039036033619195224,close,0,0,35,2025-03-01
2025-03-03,2208,17.25,0.300542330866795,0,-0.014492753893136978,-0.00289850658737123,-0.028985507786273956,-0.011594247072935104,-0.02,-0.026000000000000002,stop_loss,0,1,35,2025-03-01
2025-03-03,1215,99.3783187866211,0.29995352974927425,0,-0.014492741785943508,1.2298301932389677e-08,-0.014492741785943508,-0.004830905701965094,-0.004830905701965094,-0.010830905701965094,close,0,0,35,2025-03-01
2025-03-03,3022,100.98876190185547,0.29774283708500693,1,-0.009345741011202335,0.09813089668750763,-0.018691536039114,0.09813089668750763,0.03,0.024,take_profit,1,0,35,2025-03-01
2025-03-03,6170,52.98747253417969,0.29770473630309996,1,-0.008865206502377987,0.023049674928188324,-0.012411318719387054,0.023049674928188324,0.023049674928188324,0.017049674928188326,close,0,0,35,2025-03-01
2025-03-03,2535,55.3180046081543,0.2965443491151252,0,-0.003384045325219631,-0.003384045325219631,-0.020304519683122635,-0.003384045325219631,-0.02,-0.026000000000000002,stop_loss,0,1,35,2025-03-01
2025-03-03,3293,906.634033203125,0.29627308288691573,0,-0.00319146690890193,-0.00319146690890193,-0.02978721261024475,-0.020212743431329727,-0.02,-0.026000000000000002,stop_loss,0,1,35,2025-03-01
2025-03-03,2528,47.0,0.29240457475825127,0,-0.004052669275552034,-0.004052669275552034,-0.06788245588541031,-0.029382016509771347,-0.02,-0.026000000000000002,stop_loss,0,1,35,2025-03-01
2025-03-04,6667,204.0,0.6313656703105843,0,0.009803921915590763,0.01715686358511448,-0.02450980432331562,-0.019607843831181526,-0.02,-0.026000000000000002,stop_loss,0,1,35,2025-03-01
2025-03-04,8147,134.9762420654297,0.6254864549093794,0,0.032727181911468506,0.032727181911468506,-0.025454632937908173,-0.014545542187988758,0.03,0.024,gap_take_profit,1,1,35,2025-03-01
2025-03-04,6148,37.81361770629883,0.623562363966066,1,0.002567312214523554,0.05263151228427887,-0.019255496561527252,0.026957573369145393,0.03,0.024,take_profit,1,0,35,2025-03-01
2025-03-04,3379,74.4957275390625,0.6077991216602372,0,0.019920317456126213,0.06905706226825714,-0.0013281028950586915,-0.0013281028950586915,0.03,0.024,take_profit,1,0,35,2025-03-01
2025-03-04,3081,343.5014343261719,0.5967445093732975,1,0.017441866919398308,0.08866279572248459,-0.02034883014857769,0.05668605491518974,-0.02,-0.026000000000000002,ambiguous_stop_loss,1,1,35,2025-03-01
2025-03-04,8096,69.16167449951172,0.5963380467001176,0,-3.010180904539084e-08,0.014285683631896973,-0.04142862185835838,-0.03857141360640526,-0.02,-0.026000000000000002,stop_loss,0,1,35,2025-03-01
2025-03-04,6451,178.5555877685547,0.5891708988874947,1,0.013966424390673637,0.050279270857572556,0.005586536135524511,0.04189938306808472,0.03,0.024,take_profit,1,0,35,2025-03-01
2025-03-04,4770,344.5392761230469,0.5744403500245214,1,0.02097904123365879,0.09930071979761124,0.006993026938289404,0.05874127894639969,0.03,0.024,take_profit,1,0,35,2025-03-01
2025-03-04,1736,200.21383666992188,0.574300315586069,1,-1.3170355472880146e-08,0.05596105754375458,-0.012165463529527187,0.05596105754375458,0.03,0.024,take_profit,1,0,35,2025-03-01
2025-03-04,2468,37.849998474121094,0.5712340431133341,1,0.03434618562459946,0.0409512035548687,-0.01981505937874317,0.03038313239812851,0.03,0.024,gap_take_profit,1,0,35,2025-03-01
2025-03-04,3022,110.89888000488281,0.5687240267901013,0,0.029787251725792885,0.03829789161682129,-0.051063813269138336,-0.04680849239230156,-0.02,-0.026000000000000002,ambiguous_stop_loss,1,1,35,2025-03-01
2025-03-04,6187,338.0,0.5631082994762903,1,0.020710058510303497,0.028106508776545525,0.0,0.002958579920232296,0.002958579920232296,-0.003041420079767704,close,0,0,35,2025-03-01
2025-03-04,6949,155.5,0.5607031678379265,0,-0.006430868059396744,-0.006430868059396744,-0.028938906267285347,-0.022508038207888603,-0.02,-0.026000000000000002,stop_loss,0,1,35,2025-03-01
2025-03-04,2466,73.9000015258789,0.5536117456093761,1,0.0013531593140214682,0.09878207743167877,-0.0405953973531723,0.09878207743167877,-0.02,-0.026000000000000002,ambiguous_stop_loss,1,1,35,2025-03-01
2025-03-04,2062,31.899999618530273,0.5352010667076962,1,0.012539173476397991,0.026645779609680176,-0.004702182486653328,0.020376164466142654,0.020376164466142654,0.014376164466142654,close,0,0,35,2025-03-01
2025-03-04,6805,726.4228515625,0.5234409902366843,0,0.004098374862223864,0.045081980526447296,-0.0027322261594235897,-0.0013661059783771634,0.03,0.024,take_profit,1,0,35,2025-03-01
2025-03-04,4105,76.28764343261719,0.5217500323629336,0,0.0037221224047243595,0.0037221224047243595,-0.004962798207998276,0.0,0.0,-0.006,close,0,0,35,2025-03-01
2025-03-04,3213,136.20335388183594,0.520554321303971,0,0.0034601311199367046,0.031141789630055428,-0.05536339432001114,-0.05536339432001114,-0.02,-0.026000000000000002,ambiguous_stop_loss,1,1,35,2025-03-01
2025-03-04,2383,604.0,0.5202120051919608,1,0.011589404195547104,0.026490066200494766,0.0033112582750618458,0.0033112582750618458,0.0033112582750618458,-0.0026887417249381543,close,0,0,35,2025-03-01
2025-03-04,3376,269.2869567871094,0.5198236172475984,0,0.0018083554459735751,0.012658265419304371,-0.0162748284637928,-0.0162748284637928,-0.0162748284637928,-0.0222748284637928,close,0,0,35,2025-03-01
2025-03-05,2454,1475.946044921875,0.6214135706050482,0,-3.844883522674536e-08,0.003322220640257001,-0.013289074413478374,-0.006644556298851967,-0.006644556298851967,-0.012644556298851967,close,0,0,35,2025-03-01
2025-03-05,3376,264.90435791015625,0.6170439397061752,0,-0.00551467202603817,0.011029446497559547,-0.03308820351958275,-0.025735260918736458,-0.02,-0.026000000000000002,stop_loss,0,1,35,2025-03-01
2025-03-05,5904,492.29937744140625,0.6156602718389517,1,4.645506646028252e-09,0.02303258702158928,4.645506646028252e-09,0.01727447099983692,0.01727447099983692,0.011274470999836922,close,0,0,35,2025-03-01
2025-03-05,6805,725.4304809570312,0.6155766797321462,1,0.009575917385518551,0.0629274919629097,-5.794829505134658e-09,0.03283173218369484,0.03,0.024,take_profit,1,0,35,2025-03-01
2025-03-05,2049,301.9407653808594,0.610769766418337,1,0.009820032864809036,0.040916599333286285,0.003273387672379613,0.00491004902869463,0.03,0.024,take_profit,1,0,35,2025-03-01
2025-03-05,3019,180.0037078857422,0.6006571462888608,0,0.002695406787097454,0.013477077707648277,-0.02695418894290924,-0.024258770048618317,-0.02,-0.026000000000000002,stop_loss,0,1,35,2025-03-01
2025-03-05,3665,588.9378662109375,0.6004604461875681,0,-0.00332225882448256,0.00498336274176836,-0.03654484823346138,-0.00332225882448256,-0.02,-0.026000000000000002,stop_loss,0,1,35,2025-03-01
2025-03-05,6691,377.22210693359375,0.5993205619614106,0,0.01218156423419714,0.015503833070397377,-0.013289088383316994,-0.009966819547116756,-0.009966819547116756,-0.015966819547116755,close,0,0,35,2025-03-01
2025-03-05,2466,81.19999694824219,0.598293305573104,1,0.02339903451502323,0.043103449046611786,-0.02586205117404461,0.008620746433734894,-0.02,-0.026000000000000002,ambiguous_stop_loss,1,1,35,2025-03-01
2025-03-05,6442,479.67144775390625,0.590878819934321,1,0.009202501736581326,0.021472441032528877,-0.008179912343621254,0.014314976520836353,0.014314976520836353,0.008314976520836353,close,0,0,35,2025-03-01
2025-03-05,1442,75.83152770996094,0.5889642258112616,1,0.006134984083473682,0.019631898030638695,-0.0036810042802244425,0.006134984083473682,0.006134984083473682,0.00013498408347368228,close,0,0,35,2025-03-01
2025-03-05,6657,79.4000015258789,0.5870667674023154,1,-0.020151114091277122,0.07808560132980347,-0.04282117635011673,0.026448342949151993,-0.020151114091277122,-0.02615111409127712,gap_stop,1,1,35,2025-03-01
2025-03-05,3447,75.34547424316406,0.5811133319337941,0,0.003911362029612064,0.07561931759119034,-0.07431549578905106,-0.039113450795412064,-0.02,-0.026000000000000002,ambiguous_stop_loss,1,1,35,2025-03-01
2025-03-05,2891,38.280582427978516,0.5803743765532844,1,0.006188047584146261,0.01113846618682146,0.0024751387536525726,0.008663256652653217,0.008663256652653217,0.002663256652653217,close,0,0,35,2025-03-01
2025-03-05,8045,131.5143280029297,0.5766040970271628,0,0.0073800403624773026,0.011070077307522297,-0.025830291211605072,-0.018450217321515083,-0.02,-0.026000000000000002,stop_loss,0,1,35,2025-03-01
2025-03-05,2429,41.95000076293945,0.5747815958677596,1,0.025029778480529785,0.09892723709344864,0.022646024823188782,0.09892723709344864,0.03,0.024,take_profit,1,0,35,2025-03-01
2025-03-05,3004,96.80597686767578,0.5743797485003198,1,0.011010990478098392,0.011010990478098392,-0.0010009905090555549,0.001000980962999165,0.001000980962999165,-0.004999019037000835,close,0,0,35,2025-03-01
2025-03-05,6461,24.799999237060547,0.5735685756818324,1,0.0,0.01814519241452217,0.0,0.006048448849469423,0.006048448849469423,4.844884946942317e-05,close,0,0,35,2025-03-01
2025-03-05,3661,3005.0,0.5720365337792884,0,0.001663893461227417,0.004991680383682251,-0.03826954960823059,-0.03826954960823059,-0.02,-0.026000000000000002,stop_loss,0,1,35,2025-03-01
2025-03-05,6533,406.5,0.5671700047600133,0,0.014760147780179977,0.01722017303109169,-0.04551045596599579,-0.04551045596599579,-0.02,-0.026000000000000002,stop_loss,0,1,35,2025-03-01
2025-03-06,6117,107.5,0.4186329347903624,0,0.023255813866853714,0.027906976640224457,-0.04651162773370743,-0.04651162773370743,-0.02,-0.026000000000000002,stop_loss,0,1,35,2025-03-01
2025-03-06,2429,46.099998474121094,0.4160419184530374,1,-0.0086767403408885,0.07809115946292877,-0.018438145518302917,0.010845987126231194,0.03,0.024,take_profit,1,0,35,2025-03-01
2025-03-06,4763,104.7430648803711,0.38036385131222494,1,-0.00925927422940731,0.04166664928197861,-0.018518533557653427,0.023148132488131523,0.03,0.024,take_profit,1,0,35,2025-03-01
2025-03-06,2614,17.067895889282227,0.34154280906552437,1,0.01587304100394249,0.029100606217980385,-0.007936467416584492,0.0026455852203071117,0.0026455852203071117,-0.0033544147796928884,close,0,0,35,2025-03-01
2025-03-06,6903,128.09829711914062,0.33655291270011106,0,0.01454541552811861,0.054545413702726364,-0.025454582646489143,-0.025454582646489143,-0.02,-0.026000000000000002,ambiguous_stop_loss,1,1,35,2025-03-01
2025-03-06,3022,101.93258666992188,0.3142502434388508,0,-2.8787482619918592e-08,0.018518488854169846,-0.05555558204650879,-0.037037063390016556,-0.02,-0.026000000000000002,stop_loss,0,1,35,2025-03-01
2025-03-06,5439,150.65432739257812,0.3083867337932399,0,0.003289475105702877,0.0690789520740509,-0.03618421033024788,-0.03289473429322243,-0.02,-0.026000000000000002,ambiguous_stop_loss,1,1,35,2025-03-01
2025-03-06,3213,123.47846984863281,0.3051766567672694,0,-0.022900793701410294,0.007633556146174669,-0.0687023177742958,-0.057251937687397,-0.022900793701410294,-0.028900793701410292,gap_stop,0,1,35,2025-03-01
2025-03-06,9907,16.464237213134766,0.29547511666689397,1,0.0028817772399634123,0.03746392950415611,0.0028817772399634123,0.025936508551239967,0.03,0.024,take_profit,1,0,35,2025-03-01
2025-03-06,1563,65.95365142822266,0.29252688208566696,1,0.002898524049669504,0.018840640783309937,-0.005797106306999922,0.013043518178164959,0.013043518178164959,0.007043518178164959,close,0,0,35,2025-03-01
2025-03-06,9931,33.34499740600586,0.29020641762101435,1,4.574408052349099e-08,0.0014246342470869422,4.574408052349099e-08,0.0014246342470869422,0.0014246342470869422,-0.004575365752913058,close,0,0,35,2025-03-01
2025-03-06,6727,67.5625,0.2830826311888735,1,2.815101751707516e-08,0.011347589083015919,-0.005673752631992102,0.0028368644416332245,0.0028368644416332245,-0.0031631355583667756,close,0,0,35,2025-03-01
2025-03-06,6196,162.5660400390625,0.2822279021701556,1,-0.005952414125204086,0.026785681024193764,-0.008928604423999786,0.008928538300096989,0.008928538300096989,0.0029285383000969886,close,0,0,35,2025-03-01
2025-03-06,1736,202.64952087402344,0.281355940079897,0,-0.004807725548744202,0.016826888546347618,-0.02884618565440178,-0.014423109591007233,-0.02,-0.026000000000000002,stop_loss,0,1,35,2025-03-01
2025-03-06,7728,390.8753662109375,0.2781435524545059,0,-0.049875278025865555,-0.0037406121846288443,-0.10224435478448868,-0.06982540339231491,-0.049875278025865555,-0.05587527802586555,gap_stop,0,1,35,2025-03-01
2025-03-06,6657,81.5,0.27504544379860607,0,-0.01595095731317997,0.001226975116878748,-0.05521472543478012,-0.042944785207509995,-0.02,-0.026000000000000002,stop_loss,0,1,35,2025-03-01
2025-03-06,2015,70.49791717529297,0.27316238481007776,1,0.005398147273808718,0.012145785614848137,-0.005398115608841181,0.0013495228486135602,0.0013495228486135602,-0.00465047715138644,close,0,0,35,2025-03-01
2025-03-06,8147,129.57717895507812,0.2720055488103832,0,-0.015151466242969036,-0.015151466242969036,-0.09848480671644211,-0.09848480671644211,-0.02,-0.026000000000000002,stop_loss,0,1,35,2025-03-01
2025-03-06,8155,132.3169403076172,0.26922145328729985,0,0.003662994597107172,0.010989001952111721,-0.040293049067258835,-0.02197802998125553,-0.02,-0.026000000000000002,stop_loss,0,1,35,2025-03-01
2025-03-06,8436,151.5,0.2660139970598973,1,0.0,0.019801979884505272,-0.0066006602719426155,0.009900989942252636,0.009900989942252636,0.003900989942252636,close,0,0,35,2025-03-01
2025-03-07,6231,322.6509094238281,0.8521707201500291,1,0.012066411785781384,0.039215732365846634,0.00452493317425251,0.010558116249740124,0.03,0.024,take_profit,1,0,35,2025-03-01
2025-03-07,6643,704.30615234375,0.841807079732652,1,0.005657658446580172,0.029702918604016304,-0.0028289041947573423,0.011315367184579372,0.011315367184579372,0.005315367184579372,close,0,0,35,2025-03-01
2025-03-07,4583,752.2007446289062,0.8335188555423183,1,0.014397948980331421,0.037958160042762756,-0.00785336084663868,0.019633550196886063,0.03,0.024,take_profit,1,0,35,2025-03-01
2025-03-07,6187,322.5,0.8287872466828435,1,0.007751937955617905,0.03410852700471878,-0.01860465109348297,0.01550387591123581,0.03,0.024,take_profit,1,0,35,2025-03-01
2025-03-07,6683,377.5035095214844,0.8242734492045883,0,0.005141365807503462,0.01542414166033268,-0.015424186363816261,-0.007712104357779026,-0.007712104357779026,-0.013712104357779026,close,0,0,35,2025-03-01
2025-03-07,2049,295.5165100097656,0.8232249336234823,1,0.006688951049000025,0.015050155110657215,-0.030100345611572266,0.0016722285654395819,-0.02,-0.026000000000000002,stop_loss,0,1,35,2025-03-01
2025-03-07,6510,701.3942260742188,0.8229977044535939,0,3.517819990861426e-08,0.00988704152405262,-0.015536688268184662,-0.0042372532188892365,-0.0042372532188892365,-0.010237253218889237,close,0,0,35,2025-03-01
2025-03-07,2395,385.1778259277344,0.8225891689579998,0,-0.0012658551568165421,0.006329081486910582,-0.006329146213829517,-0.0012658551568165421,-0.0012658551568165421,-0.007265855156816542,close,0,0,35,2025-03-01
2025-03-07,6789,266.48175048828125,0.8225520616557265,0,0.011111173778772354,0.011111173778772354,-0.009259197860956192,-0.009259197860956192,-0.009259197860956192,-0.015259197860956192,close,0,0,35,2025-03-01
2025-03-07,3706,63.29999923706055,0.8217584124640792,0,-0.011058463715016842,0.015797847881913185,-0.018957357853651047,-0.006319079082459211,-0.006319079082459211,-0.012319079082459211,close,0,0,35,2025-03-01
2025-03-07,3078,82.0999984741211,0.818295462041203,1,0.004872126039117575,0.014616377651691437,-0.0207064189016819,0.0036541176959872246,-0.02,-0.026000000000000002,stop_loss,0,1,35,2025-03-01
2025-03-07,3529,2754.83447265625,0.8159606262904665,0,0.0089928163215518,0.01079137809574604,-0.02697840705513954,-0.02697840705513954,-0.02,-0.026000000000000002,stop_loss,0,1,35,2025-03-01
2025-03-07,8054,105.5,0.8158140411428907,0,0.004739336669445038,0.014218009077012539,-0.02369668334722519,-0.014218009077012539,-0.02,-0.026000000000000002,stop_loss,0,1,35,2025-03-01
2025-03-07,5269,1953.324462890625,0.8157284780586221,0,-7.090304787737978e-09,0.0025188846047967672,-0.04534005746245384,-0.04534005746245384,-0.02,-0.026000000000000002,stop_loss,0,1,35,2025-03-01
2025-03-07,3443,1271.150634765625,0.814405012368559,0,0.011627954430878162,0.015503923408687115,-0.027131738141179085,-0.027131738141179085,-0.02,-0.026000000000000002,stop_loss,0,1,35,2025-03-01
2025-03-07,6223,736.0,0.8114022560860592,0,0.0,0.0,0.0,0.0,0.0,-0.006,close,0,0,35,2025-03-01
2025-03-07,6706,93.0,0.8106760517298569,0,0.0,0.018279537558555603,-0.02688172087073326,0.0,-0.02,-0.026000000000000002,stop_loss,0,1,35,2025-03-01
2025-03-07,6257,73.23533630371094,0.8100543676746953,0,0.012970170006155968,0.018158257007598877,-0.003890990512445569,-0.001296996371820569,-0.001296996371820569,-0.007296996371820569,close,0,0,35,2025-03-01
2025-03-07,6442,473.7859191894531,0.8097168220717506,0,-0.006211149040609598,3.135587078872959e-08,-0.05590059235692024,-0.019668705761432648,-0.02,-0.026000000000000002,stop_loss,0,1,35,2025-03-01
2025-03-07,6451,177.05931091308594,0.809541139881425,1,0.019718321040272713,0.03943663090467453,0.0028169124852865934,0.016901420429348946,0.03,0.024,take_profit,1,0,35,2025-03-01
2025-03-10,2850,102.8293685913086,0.5612288913696754,1,-2.2957106438070696e-08,0.036199070513248444,-0.013574683107435703,0.009049750864505768,0.03,0.024,take_profit,1,0,35,2025-03-01
2025-03-10,4541,37.74020767211914,0.4799969238732158,1,5.6733391318175563e-08,0.0742187649011612,-0.02213541977107525,0.053385455161333084,-0.02,-0.026000000000000002,ambiguous_stop_loss,1,1,35,2025-03-01
2025-03-10,4931,79.15613555908203,0.4783466763763762,1,0.002475259592756629,0.06435644626617432,-0.04455448314547539,0.06435644626617432,-0.02,-0.026000000000000002,ambiguous_stop_loss,1,1,35,2025-03-01
2025-03-10,5314,54.5,0.46843966840122153,1,0.0,0.07798165082931519,-0.0458715595304966,0.05045871436595917,-0.02,-0.026000000000000002,ambiguous_stop_loss,1,1,35,2025-03-01
2025-03-10,1466,14.399999618530273,0.4456707483250746,1,0.02430558204650879,0.072916679084301,0.02430558204650879,0.05902780592441559,0.03,0.024,take_profit,1,0,35,2025-03-01
2025-03-10,3349,20.899999618530273,0.4180359547991925,0,-0.052631597965955734,-0.023923445492982864,-0.08133965730667114,-0.05741621553897858,-0.052631597965955734,-0.05863159796595573,gap_stop,0,1,35,2025-03-01
2025-03-10,1309,15.233905792236328,0.417692991528675,0,-5.086498688910979e-08,-5.086498688910979e-08,-0.05483878403902054,-0.03870975226163864,-0.02,-0.026000000000000002,stop_loss,0,1,35,2025-03-01
2025-03-10,9907,17.081052780151367,0.41239736341854427,1,-0.005555544048547745,0.005555609706789255,-0.025000009685754776,0.0027777680661529303,-0.02,-0.026000000000000002,stop_loss,0,1,35,2025-03-01
2025-03-10,2429,46.75,0.40742636522091463,0,-0.017112283036112785,0.0,-0.06631013005971909,-0.018181785941123962,-0.02,-0.026000000000000002,stop_loss,0,1,35,2025-03-01
2025-03-10,6658,73.0272216796875,0.39089953982303505,1,-3.832879613696605e-08,0.0648648664355278,-0.02027030847966671,0.016216136515140533,-0.02,-0.026000000000000002,ambiguous_stop_loss,1,1,35,2025-03-01
2025-03-10,2468,40.900001525878906,0.3851270906925339,1,-0.040342334657907486,0.06968211382627487,-0.040342334657907486,0.04645470902323723,-0.040342334657907486,-0.046342334657907484,gap_stop,1,1,35,2025-03-01
2025-03-10,3312,54.529510498046875,0.38484769097895277,1,0.005338067654520273,0.09964410215616226,-0.012455526739358902,0.09964410215616226,0.03,0.024,take_profit,1,0,35,2025-03-01
2025-03-10,6117,101.0,0.36141184579960145,0,-0.039603959769010544,-0.038613878190517426,-0.09702973067760468,-0.09009899199008942,-0.039603959769010544,-0.04560395976901054,gap_stop,0,1,35,2025-03-01
2025-03-10,3563,497.642333984375,0.360965391377004,1,1.7330785695435225e-08,0.099601611495018,-0.03187249228358269,0.099601611495018,-0.02,-0.026000000000000002,ambiguous_stop_loss,1,1,35,2025-03-01
2025-03-10,2015,71.259033203125,0.36092849107539254,0,-0.014686275273561478,-0.004005428869277239,-0.030707696452736855,-0.029372604563832283,-0.02,-0.026000000000000002,stop_loss,0,1,35,2025-03-01
2025-03-10,2851,26.4984188079834,0.360275711203193,0,-0.008725977502763271,0.0034904407802969217,-0.017451981082558632,-0.0017451482126489282,-0.0017451482126489282,-0.007745148212648928,close,0,0,35,2025-03-01
2025-03-10,6877,84.62957763671875,0.3546682960151457,1,-0.03755364194512367,0.09978537261486053,-0.045064423233270645,0.09978537261486053,-0.03755364194512367,-0.04355364194512367,gap_stop,1,1,35,2025-03-01
2025-03-10,4722,67.99971771240234,0.34840522900694665,0,-0.030259286984801292,-0.021613776683807373,-0.07780976593494415,-0.059077732264995575,-0.030259286984801292,-0.03625928698480129,gap_stop,0,1,35,2025-03-01
2025-03-10,2535,57.75162124633789,0.3414939941799226,1,-0.0016207421431317925,0.004862264730036259,-0.016207415610551834,0.004862264730036259,0.004862264730036259,-0.0011377352699637414,close,0,0,35,2025-03-01
2025-03-10,2838,15.009974479675293,0.3354432413179596,1,0.018292706459760666,0.04573167487978935,0.012195130810141563,0.039634160697460175,0.03,0.024,take_profit,1,0,35,2025-03-01
2025-03-11,3363,248.0,0.6789951732509677,1,0.03629032149910927,0.09072580933570862,0.02016128972172737,0.09072580933570862,0.03,0.024,gap_take_profit,1,0,35,2025-03-01
2025-03-11,4749,526.8108520507812,0.6749393094185677,0,0.02819558046758175,0.03195497766137123,-0.007518709171563387,-0.007518709171563387,0.03,0.024,take_profit,1,0,35,2025-03-01
2025-03-11,8045,113.55850219726562,0.6528730732910344,1,0.021367479115724564,0.09829055517911911,0.017093975096940994,0.09829055517911911,0.03,0.024,take_profit,1,0,35,2025-03-01
2025-03-11,2015,69.16596984863281,0.6488987547577044,0,-0.0027510381769388914,0.005502035841345787,-0.01375520695000887,-0.004126532934606075,-0.004126532934606075,-0.010126532934606075,close,0,0,35,2025-03-01
2025-03-11,3680,384.46734619140625,0.6457315369693898,1,0.012820512987673283,0.024358974769711494,0.0025641024112701416,0.008974358439445496,0.008974358439445496,0.0029743584394454955,close,0,0,35,2025-03-01
2025-03-11,3147,164.05807495117188,0.6343489801649315,1,0.010610044002532959,0.047745320945978165,0.010610044002532959,0.02652517519891262,0.03,0.024,take_profit,1,0,35,2025-03-01
2025-03-11,3665,529.261474609375,0.6330421684015975,0,0.016635820269584656,0.020332757383584976,-0.024029577150940895,-0.018484285101294518,-0.02,-0.026000000000000002,stop_loss,0,1,35,2025-03-01
2025-03-11,6768,121.01371002197266,0.6296543950995369,1,0.0077821179293096066,0.031128421425819397,-0.019455237314105034,0.01556421909481287,0.03,0.024,take_profit,1,0,35,2025-03-01
2025-03-11,8299,553.5194091796875,0.6273436362754872,1,0.0211639404296875,0.05820097401738167,0.007054594345390797,0.014109267853200436,0.03,0.024,take_profit,1,0,35,2025-03-01
2025-03-11,8054,99.19999694824219,0.6235682051625777,0,0.013104869984090328,0.03830648213624954,-0.007056421134620905,-0.007056421134620905,0.03,0.024,take_profit,1,0,35,2025-03-01
2025-03-11,1586,30.0,0.6225939079666191,1,0.01666666753590107,0.04000002518296242,0.0033333459869027138,0.0033333459869027138,0.03,0.024,take_profit,1,0,35,2025-03-01
2025-03-11,8028,136.44122314453125,0.61950792822105,1,0.010830232873558998,0.03249087929725647,-9.099051112571033e-08,0.007220124825835228,0.03,0.024,take_profit,1,0,35,2025-03-01
2025-03-11,3019,149.92222595214844,0.6194182785606623,0,0.012944984249770641,0.03559870645403862,-0.006472492124885321,0.0,0.03,0.024,take_profit,1,0,35,2025-03-01
2025-03-11,6890,344.3500061035156,0.6143606632458631,1,2.3992056341626267e-08,0.056338053196668625,-0.01267603226006031,0.019718334078788757,0.03,0.024,take_profit,1,0,35,2025-03-01
2025-03-11,3219,40.0149040222168,0.6125301810658508,0,-0.011180154047906399,0.024844709783792496,-0.011180154047906399,-0.002484444994479418,-0.002484444994479418,-0.008484444994479418,close,0,0,35,2025-03-01
2025-03-11,3540,35.20000076293945,0.6082038632961855,1,0.0028408656362444162,0.04261363670229912,-0.01136367954313755,0.009943137876689434,0.03,0.024,take_profit,1,0,35,2025-03-01
2025-03-11,6442,440.4345397949219,0.6060930276961322,1,0.017817335203289986,0.08240530639886856,0.017817335203289986,0.06124717742204666,0.03,0.024,take_profit,1,0,35,2025-03-01
2025-03-11,4979,170.06808471679688,0.6060793297467083,1,0.020408203825354576,0.09037905186414719,0.020408203825354576,0.04664727300405502,0.03,0.024,take_profit,1,0,35,2025-03-01
2025-03-11,6877,93.07437133789062,0.6052472902732577,1,0.009756132960319519,0.09268295764923096,-0.014634118415415287,0.019512200728058815,0.03,0.024,take_profit,1,0,35,2025-03-01
2025-03-11,6409,1512.827880859375,0.6038408788198714,0,0.00638978835195303,0.01597445271909237,-0.019169317558407784,-0.019169317558407784,-0.019169317558407784,-0.025169317558407782,close,0,0,35,2025-03-01
2025-03-12,3712,51.409263610839844,0.8228464030686363,0,-4.311742429763399e-08,0.022018318995833397,-0.009174354374408722,-0.007339520379900932,-0.007339520379900932,-0.013339520379900932,close,0,0,35,2025-03-01
2025-03-12,3515,209.35096740722656,0.817735155523496,0,0.004672922194004059,0.02102806232869625,-0.023364461958408356,-0.023364461958408356,-0.02,-0.026000000000000002,stop_loss,0,1,35,2025-03-01
2025-03-12,6409,1483.8280029296875,0.8168240559892215,0,0.00977199524641037,0.03257329761981964,-0.013029308058321476,-0.013029308058321476,0.03,0.024,take_profit,1,0,35,2025-03-01
2025-03-12,6669,1888.556884765625,0.8158723560985518,1,0.023136265575885773,0.03856043145060539,0.002570712473243475,0.005141406785696745,0.03,0.024,take_profit,1,0,35,2025-03-01
2025-03-12,3665,519.4784545898438,0.8122866591958449,1,0.033898357301950455,0.06026369333267212,0.013182747177779675,0.015065910294651985,0.03,0.024,gap_take_profit,1,0,35,2025-03-01
2025-03-12,3529,2536.825927734375,0.8091257862863249,1,0.0292968712747097,0.0468749962747097,0.0019531215075403452,0.009765621274709702,0.03,0.024,take_profit,1,0,35,2025-03-01
2025-03-12,3661,2855.0,0.8057754177073257,0,0.022767074406147003,0.03677758201956749,-0.0035026269033551216,-0.0035026269033551216,0.03,0.024,take_profit,1,0,35,2025-03-01
2025-03-12,5274,3232.58740234375,0.8055324269206429,1,0.02599385380744934,0.09938834607601166,0.01987764611840248,0.09021403640508652,0.03,0.024,take_profit,1,0,35,2025-03-01
2025-03-12,2441,60.79999923706055,0.8038830005120035,0,0.014802657067775726,0.014802657067775726,-0.0032894862815737724,-0.001644711708649993,-0.001644711708649993,-0.007644711708649993,close,0,0,35,2025-03-01
2025-03-12,6223,713.0,0.8029643300481131,1,0.032258063554763794,0.050490882247686386,0.00420757383108139,0.00420757383108139,0.03,0.024,gap_take_profit,1,0,35,2025-03-01
2025-03-12,4971,122.0,0.8026939249541764,1,0.028688523918390274,0.09836065769195557,0.028688523918390274,0.09836065769195557,0.03,0.024,take_profit,1,0,35,2025-03-01
2025-03-12,3081,286.0847473144531,0.8004610913264456,1,0.02966843545436859,0.05061084404587746,0.01919723115861416,0.01919723115861416,0.03,0.024,take_profit,1,0,35,2025-03-01
2025-03-12,1560,249.232421875,0.7990741770527687,1,0.019841261208057404,0.027777770534157753,-0.0019841347821056843,0.0019841191824525595,0.0019841191824525595,-0.004015880817547441,close,0,0,35,2025-03-01
2025-03-12,6789,253.65115356445312,0.7986585327481647,0,0.013618680648505688,0.029182882979512215,-0.01361867319792509,-0.007782097440212965,-0.007782097440212965,-0.013782097440212965,close,0,0,35,2025-03-01
2025-03-12,6472,638.842041015625,0.7968078466375439,1,0.008939975872635841,0.016602788120508194,-0.0012771703768521547,0.007662809453904629,0.007662809453904629,0.0016628094539046286,close,0,0,35,2025-03-01
2025-03-12,1503,166.77198791503906,0.7956985252610966,0,0.008771875873208046,0.014619829133152962,-0.0263158418238163,-0.02339186519384384,-0.02,-0.026000000000000002,stop_loss,0,1,35,2025-03-01
2025-03-12,2357,570.857177734375,0.7955544344082645,1,0.01833326369524002,0.044999927282333374,0.011666596867144108,0.01333326380699873,0.03,0.024,take_profit,1,0,35,2025-03-01
2025-03-12,2345,630.75,0.7950316975179452,1,0.021909216418862343,0.04068855941295624,0.009389655664563179,0.01721438206732273,0.03,0.024,take_profit,1,0,35,2025-03-01
2025-03-12,3293,820.7931518554688,0.793769659467518,0,-2.2254079468098098e-08,0.014101034961640835,-0.03407757729291916,-0.03407757729291916,-0.02,-0.026000000000000002,stop_loss,0,1,35,2025-03-01
2025-03-12,3443,1192.319580078125,0.7916873395431228,0,0.020661206915974617,0.028925670310854912,-0.028925571590662003,-0.028925571590662003,-0.02,-0.026000000000000002,stop_loss,0,1,35,2025-03-01
2025-03-13,6470,52.44551086425781,0.751600573355737,1,0.001811582245863974,0.0072463508695364,-0.016304360702633858,0.003623217809945345,0.003623217809945345,-0.002376782190054655,close,0,0,35,2025-03-01
2025-03-13,3293,792.822509765625,0.7459192631492889,0,-0.002433041576296091,0.007299318909645081,-0.025547398254275322,-0.007299221586436033,-0.02,-0.026000000000000002,stop_loss,0,1,35,2025-03-01
2025-03-13,3511,30.0,0.743648222836002,1,0.0,0.023333359509706497,-0.0066666919738054276,0.02000001259148121,0.02000001259148121,0.014000012591481209,close,0,0,35,2025-03-01
2025-03-13,1225,38.650001525878906,0.7341378135014036,0,0.018111174926161766,0.02846050262451172,-0.037516187876462936,0.0,-0.02,-0.026000000000000002,stop_loss,0,1,35,2025-03-01
2025-03-13,3665,527.3048706054688,0.7303508945349346,0,0.0037106547970324755,0.016697604209184647,-0.0204081442207098,0.0,-0.02,-0.026000000000000002,stop_loss,0,1,35,2025-03-01
2025-03-13,6409,1464.4947509765625,0.729560000023994,0,0.009900949895381927,0.009900949895381927,-0.023102348670363426,-0.003300369717180729,-0.02,-0.026000000000000002,stop_loss,0,1,35,2025-03-01
2025-03-13,8431,60.8061637878418,0.7282067078923502,1,0.011494193226099014,0.09523800760507584,0.00328401243314147,0.07881764322519302,0.03,0.024,take_profit,1,0,35,2025-03-01
2025-03-13,8054,93.30000305175781,0.7254646124616705,1,0.02465161122381687,0.05466236174106598,0.012861703522503376,0.02893887273967266,0.03,0.024,take_profit,1,0,35,2025-03-01
2025-03-13,6187,323.5,0.7251169888644896,0,0.004636785015463829,0.009273570030927658,-0.021638330072164536,0.0,-0.02,-0.026000000000000002,stop_loss,0,1,35,2025-03-01
2025-03-13,6156,28.375049591064453,0.7228177439658771,1,0.01522846706211567,0.023688703775405884,-0.006768136750906706,0.016920488327741623,0.016920488327741623,0.010920488327741623,close,0,0,35,2025-03-01
2025-03-13,3515,204.4595947265625,0.7211899353048209,0,0.0071769882924854755,0.0071769882924854755,-0.016746455803513527,-0.007177078165113926,-0.007177078165113926,-0.013177078165113926,close,0,0,35,2025-03-01
2025-03-13,6175,41.04142761230469,0.7203621604727246,1,0.008083210326731205,0.0346420481801033,0.002309537725523114,0.010392643511295319,0.03,0.024,take_profit,1,0,35,2025-03-01
2025-03-13,2610,23.414888381958008,0.7179511969727033,1,0.006172947585582733,0.008230529725551605,-0.012345603667199612,0.006172947585582733,0.006172947585582733,0.00017294758558273303,close,0,0,35,2025-03-01
2025-03-13,6890,331.7400207519531,0.71770234272762,0,-0.004385989625006914,-2.498899398517551e-08,-0.020467860624194145,-0.020467860624194145,-0.02,-0.026000000000000002,stop_loss,0,1,35,2025-03-01
2025-03-13,3260,85.69928741455078,0.7167706212284357,1,0.017660005018115044,0.0463576465845108,0.015452533960342407,0.03532011806964874,0.03,0.024,take_profit,1,0,35,2025-03-01
2025-03-13,3376,250.78262329101562,0.7147301161132087,0,0.011650480329990387,0.011650480329990387,-0.017475733533501625,-0.00970874261111021,-0.00970874261111021,-0.01570874261111021,close,0,0,35,2025-03-01
2025-03-13,6192,102.8004150390625,0.7124911240905455,1,0.018348583951592445,0.018348583951592445,-3.962642836086161e-08,0.013761427253484726,0.013761427253484726,0.007761427253484726,close,0,0,35,2025-03-01
2025-03-13,3587,186.8856658935547,0.7104925403051044,1,0.01291992049664259,0.01291992049664259,-0.018087832257151604,0.00775196123868227,0.00775196123868227,0.00175196123868227,close,0,0,35,2025-03-01
2025-03-13,3630,24.0,0.7103885986714749,0,-0.004166682716459036,0.004166682716459036,-0.012499968521296978,-0.004166682716459036,-0.004166682716459036,-0.010166682716459036,close,0,0,35,2025-03-01
2025-03-13,5315,20.309602737426758,0.7094982955405765,0,0.002298815408721566,0.01609197072684765,0.0,0.0,0.0,-0.006,close,0,0,35,2025-03-01
2025-03-14,6890,324.95001220703125,0.9129144276435404,0,0.008955221623182297,0.017910445109009743,-0.04029851034283638,-0.04029851034283638,-0.02,-0.026000000000000002,stop_loss,0,1,35,2025-03-01
2025-03-14,3711,149.35809326171875,0.8976620548342585,1,0.01612900011241436,0.029032224789261818,0.012903193011879921,0.01612900011241436,0.01612900011241436,0.01012900011241436,close,0,0,35,2025-03-01
2025-03-14,2330,950.5177001953125,0.8944878767045688,1,0.018769491463899612,0.027111513540148735,0.009384715929627419,0.011470221914350986,0.011470221914350986,0.005470221914350986,close,0,0,35,2025-03-01
2025-03-14,6669,1864.2823486328125,0.8929764943721471,0,0.01302088052034378,0.02083338052034378,-0.010416620410978794,-0.005208286456763744,-0.005208286456763744,-0.011208286456763744,close,0,0,35,2025-03-01
2025-03-14,4961,207.51219177246094,0.8866755462511584,0,0.004535140935331583,0.011337862350046635,-0.002267580246552825,-0.002267580246552825,-0.002267580246552825,-0.008267580246552825,close,0,0,35,2025-03-01
2025-03-14,6526,597.0629272460938,0.886061339603419,1,0.014730042777955532,0.01964002661406994,0.0032734135165810585,0.006546736229211092,0.006546736229211092,0.0005467362292110919,close,0,0,35,2025-03-01
2025-03-14,6176,172.8446044921875,0.8839829145615618,0,0.010752640664577484,0.013440812937915325,-0.024193594232201576,-0.024193594232201576,-0.02,-0.026000000000000002,stop_loss,0,1,35,2025-03-01
2025-03-14,3665,527.3048706054688,0.8836089091113445,1,0.014842371456325054,0.046382252126932144,0.005565848667174578,0.03525051474571228,0.03,0.024,take_profit,1,0,35,2025-03-01
2025-03-14,3661,2795.0,0.8823097562359724,0,0.01610017940402031,0.023255813866853714,-0.012522361241281033,-0.010733452625572681,-0.010733452625572681,-0.01673345262557268,close,0,0,35,2025-03-01
2025-03-14,5388,122.0065689086914,0.8817288513899368,1,0.011857702396810055,0.023715410381555557,-5.1700226322282106e-09,0.0039525642059743404,0.0039525642059743404,-0.0020474357940256597,close,0,0,35,2025-03-01
2025-03-14,2357,578.4685668945312,0.8812961134508922,1,0.008223758079111576,0.029605338349938393,0.003289547050371766,0.02631586417555809,0.02631586417555809,0.020315864175558092,close,0,0,35,2025-03-01
2025-03-14,5880,22.795156478881836,0.8810683436722075,1,0.008281555958092213,0.008281555958092213,2.2667675736443016e-08,0.004140830133110285,0.004140830133110285,-0.0018591698668897153,close,0,0,35,2025-03-01
2025-03-14,3533,1515.72265625,0.8808925478563998,1,0.019230790436267853,0.025641046464443207,0.006410276982933283,0.012820533476769924,0.012820533476769924,0.006820533476769924,close,0,0,35,2025-03-01
2025-03-14,2353,36.1171875,0.8808483937767067,1,0.0026350165717303753,0.02108035981655121,0.0026350165717303753,0.007905128411948681,0.007905128411948681,0.0019051284119486808,close,0,0,35,2025-03-01
2025-03-14,1590,929.0,0.8797949744909026,1,0.013993541710078716,0.062432724982500076,0.013993541710078716,0.040904197841882706,0.03,0.024,take_profit,1,0,35,2025-03-01
2025-03-14,3526,258.3870544433594,0.8796955873186626,0,0.005405426491051912,0.005405426491051912,-0.009008987806737423,-0.007207186426967382,-0.007207186426967382,-0.013207186426967383,close,0,0,35,2025-03-01
2025-03-14,3515,202.99217224121094,0.8779037720553788,0,0.009638584218919277,0.0168674997985363,-0.007228885777294636,-0.007228885777294636,-0.007228885777294636,-0.013228885777294636,close,0,0,35,2025-03-01
2025-03-14,3653,1173.4293212890625,0.8768394984412201,1,0.016877630725502968,0.02953585982322693,-5.682239567761371e-09,0.004219403490424156,0.004219403490424156,-0.001780596509575844,close,0,0,35,2025-03-01
2025-03-14,3217,143.20701599121094,0.8765999755155195,0,0.009900989942252636,0.013201320543885231,-0.0033003301359713078,0.0,0.0,-0.006,close,0,0,35,2025-03-01
2025-03-14,2404,397.53033447265625,0.8760850753250842,0,0.003627580823376775,0.022974617779254913,-0.013301077298820019,-0.010882697999477386,-0.010882697999477386,-0.016882697999477385,close,0,0,35,2025-03-01
2025-03-17,3515,201.52476501464844,0.8718108378208312,1,0.009708747267723083,0.04854369908571243,0.009708747267723083,0.033980593085289,0.03,0.024,take_profit,1,0,35,2025-03-01
2025-03-17,6719,197.0,0.862925437391277,1,0.010152284055948257,0.022842640057206154,0.005076142027974129,0.015228426083922386,0.015228426083922386,0.009228426083922386,close,0,0,35,2025-03-01
2025-03-17,3530,75.5999984741211,0.8567697835934489,1,0.011904782615602016,0.03439151495695114,0.011904782615602016,0.02777775749564171,0.03,0.024,take_profit,1,0,35,2025-03-01
2025-03-17,3416,146.4440460205078,0.8551379617334057,1,0.016393473371863365,0.03606560453772545,0.016393473371863365,0.029508227482438087,0.03,0.024,take_profit,1,0,35,2025-03-01
2025-03-17,3661,2765.0,0.8507472735433997,1,0.014466546475887299,0.043399639427661896,0.014466546475887299,0.043399639427661896,0.03,0.024,take_profit,1,0,35,2025-03-01
2025-03-17,2449,95.74528503417969,0.8496715587824939,1,0.005025142338126898,0.010050267912447453,-0.010050235316157341,0.002010036027058959,0.002010036027058959,-0.003989963972941041,close,0,0,35,2025-03-01
2025-03-17,2404,393.2041320800781,0.8484592850046796,1,0.018337367102503777,0.051344700157642365,0.013447392731904984,0.04889971390366554,0.03,0.024,take_profit,1,0,35,2025-03-01
2025-03-17,6691,325.42193603515625,0.8483343887418698,1,0.008985966444015503,0.04236210510134697,0.007702265866100788,0.028241392225027084,0.03,0.024,take_profit,1,0,35,2025-03-01
2025-03-17,6890,311.8550109863281,0.8481156813273162,1,0.009331220760941505,0.09953339397907257,-3.883485533151543e-08,0.08553650230169296,0.03,0.024,take_profit,1,0,35,2025-03-01
2025-03-17,1503,164.82142639160156,0.8480112801779823,1,0.005917232949286699,0.011834393255412579,-0.0029585075099021196,0.011834393255412579,0.011834393255412579,0.0058343932554125785,close,0,0,35,2025-03-01
2025-03-17,6533,368.5,0.8460692355310956,1,0.00949796475470066,0.01899592950940132,0.0054274084977805614,0.006784260738641024,0.006784260738641024,0.0007842607386410235,close,0,0,35,2025-03-01
2025-03-17,8086,92.19999694824219,0.8458790767475519,1,0.01193065196275711,0.0357917919754982,0.002169247018173337,0.023861221969127655,0.03,0.024,take_profit,1,0,35,2025-03-01
2025-03-17,3293,788.9645385742188,0.8456877571538487,1,0.008557401597499847,0.05501216650009155,0.004889920353889465,0.05501216650009155,0.03,0.024,take_profit,1,0,35,2025-03-01
2025-03-17,3675,175.39068603515625,0.845470347326219,1,0.0027548165526241064,0.01101927924901247,-0.008264467120170593,0.005509637761861086,0.005509637761861086,-0.0004903622381389142,close,0,0,35,2025-03-01
2025-03-17,3406,408.4347839355469,0.845323618191174,1,0.0070257936604321,0.011709634214639664,0.0035129128955304623,0.008196753449738026,0.008196753449738026,0.0021967534497380255,close,0,0,35,2025-03-01
2025-03-17,3227,234.0,0.8451469843087676,1,0.017094017937779427,0.04059829190373421,0.008547008968889713,0.02350427396595478,0.03,0.024,take_profit,1,0,35,2025-03-01
2025-03-17,4961,207.04164123535156,0.8450730877805586,1,0.004545460920780897,0.018181825056672096,0.0022727337200194597,0.0022727337200194597,0.0022727337200194597,-0.0037272662799805404,close,0,0,35,2025-03-01
2025-03-17,4968,183.0,0.8416055467092476,1,0.008196720853447914,0.051912568509578705,0.008196720853447914,0.04918032884597778,0.03,0.024,take_profit,1,0,35,2025-03-01
2025-03-17,2312,22.803800582885742,0.8406728961843232,1,0.008510613813996315,0.02127653732895851,0.006382905412465334,0.014893575571477413,0.014893575571477413,0.008893575571477413,close,0,0,35,2025-03-01
2025-03-17,3587,186.8856658935547,0.8395018089749344,1,0.01291992049664259,0.01291992049664259,0.005167982075363398,0.00775196123868227,0.00775196123868227,0.00175196123868227,close,0,0,35,2025-03-01
2025-03-18,6130,27.299999237060547,0.845582936619871,1,0.09890113025903702,0.09890113025903702,0.09890113025903702,0.09890113025903702,0.03,0.024,gap_take_profit,1,0,35,2025-03-01
2025-03-18,5314,66.5,0.7466599314169885,1,0.09022556245326996,0.09022556245326996,-0.03759398311376572,0.04511278122663498,0.03,0.024,gap_take_profit,1,1,35,2025-03-01
2025-03-18,6147,61.754695892333984,0.7084278627191289,1,0.004559148568660021,0.018236981704831123,0.003039414994418621,0.00759873166680336,0.00759873166680336,0.0015987316668033599,close,0,0,35,2025-03-01
2025-03-18,6515,1132.8739013671875,0.7073896913176749,0,0.012986977584660053,0.021644985303282738,-0.01298704743385315,-0.008658044040203094,-0.008658044040203094,-0.014658044040203095,close,0,0,35,2025-03-01
2025-03-18,2534,25.346107482910156,0.7007136250912147,1,-0.009469659067690372,0.009469735436141491,-0.009469659067690372,0.0018940209411084652,0.0018940209411084652,-0.004105979058891535,close,0,0,35,2025-03-01
2025-03-18,4971,122.5,0.6955835927550271,1,0.008163264952600002,0.0734693855047226,-0.008163264952600002,0.044897958636283875,0.03,0.024,take_profit,1,0,35,2025-03-01
2025-03-18,2429,58.70000076293945,0.6933143424496648,1,0.01022143941372633,0.08517887443304062,-0.0034071679692715406,0.01022143941372633,0.03,0.024,take_profit,1,0,35,2025-03-01
2025-03-18,3162,55.73934555053711,0.6879868233382068,1,0.01243339478969574,0.05683836713433266,-0.010657178238034248,0.028419211506843567,0.03,0.024,take_profit,1,0,35,2025-03-01
2025-03-18,8091,119.28511047363281,0.6865745299731636,1,0.0156250037252903,0.0195312537252903,0.007812502793967724,0.007812502793967724,0.007812502793967724,0.0018125027939677237,close,0,0,35,2025-03-01
2025-03-18,4931,94.83061981201172,0.6824341271701584,0,0.011363610625267029,0.019628025591373444,-0.09917362034320831,-0.09814050048589706,-0.02,-0.026000000000000002,stop_loss,0,1,35,2025-03-01
2025-03-18,1713,50.27804183959961,0.6790555986307032,0,0.0034363933373242617,0.006872766651213169,-0.03608255833387375,-0.013745736330747604,-0.02,-0.026000000000000002,stop_loss,0,1,35,2025-03-01
2025-03-18,6509,35.148040771484375,0.677342559864716,0,-2.6864649171898236e-08,0.006839918438345194,-0.005472003947943449,-0.004103931598365307,-0.004103931598365307,-0.010103931598365307,close,0,0,35,2025-03-01
2025-03-18,4303,81.9000015258789,0.6773211045678794,1,0.015872959047555923,0.09401705861091614,-0.002442058175802231,0.004884023219347,0.03,0.024,take_profit,1,0,35,2025-03-01
2025-03-18,6227,127.5,0.6748323150539867,1,0.027450980618596077,0.05098039284348488,-0.007843137718737125,0.0117647061124444,0.03,0.024,take_profit,1,0,35,2025-03-01
2025-03-18,4123,40.20000076293945,0.671990653228623,0,0.003731286386027932,0.006218905560672283,-0.0037313811480998993,-0.0037313811480998993,-0.0037313811480998993,-0.0097313811480999,close,0,0,35,2025-03-01
2025-03-18,6156,28.567096710205078,0.6712937628380263,1,0.0016806615749374032,0.03193281590938568,-0.0033613424748182297,0.016806738451123238,0.03,0.024,take_profit,1,0,35,2025-03-01
2025-03-18,6234,25.049999237060547,0.6706222840202017,1,0.0019960536155849695,0.09980040043592453,-0.0019959774799644947,0.061876293271780014,0.03,0.024,take_profit,1,0,35,2025-03-01
2025-03-18,3081,322.5318603515625,0.6679234497514812,0,0.006191962864249945,0.006191962864249945,-0.049535591155290604,-0.049535591155290604,-0.02,-0.026000000000000002,stop_loss,0,1,35,2025-03-01
2025-03-18,3663,62.68280792236328,0.665033015043516,0,0.006339159794151783,0.006339159794151783,-0.02218697778880596,-0.020602215081453323,-0.02,-0.026000000000000002,stop_loss,0,1,35,2025-03-01
2025-03-18,4561,63.83299255371094,0.6649989227625357,0,3.448678498330082e-08,0.013719570823013783,-0.02134145423769951,-0.019816970452666283,-0.02,-0.026000000000000002,stop_loss,0,1,35,2025-03-01
2025-03-19,6130,30.0,0.7429531183472802,1,0.10000000149011612,0.10000000149011612,0.10000000149011612,0.10000000149011612,0.03,0.024,gap_take_profit,1,0,35,2025-03-01
2025-03-19,1101,32.36319351196289,0.7095778717316066,1,-0.002971809823065996,0.007429446559399366,-0.008915368467569351,0.0014858877984806895,0.0014858877984806895,-0.004514112201519311,close,0,0,35,2025-03-01
2025-03-19,3044,196.6376190185547,0.6948410032337389,0,0.007317073177546263,0.009756097570061684,0.0,0.0,0.0,-0.006,close,0,0,35,2025-03-01
2025-03-19,6573,13.399999618530273,0.6881300487570051,1,0.011194072663784027,0.018656717613339424,0.0,0.0074627152644097805,0.0074627152644097805,0.0014627152644097804,close,0,0,35,2025-03-01
2025-03-19,8210,278.8001708984375,0.6841789544967892,1,0.01766781508922577,0.04593636468052864,0.01766781508922577,0.02120138518512249,0.03,0.024,take_profit,1,0,35,2025-03-01
2025-03-19,1590,981.0,0.6830998022282339,0,0.019367991015315056,0.019367991015315056,-0.016309887170791626,-0.006116208154708147,-0.006116208154708147,-0.012116208154708147,close,0,0,35,2025-03-01
2025-03-19,6789,249.2097930908203,0.6822602396384323,1,0.017821770161390305,0.029702957719564438,0.00990097876638174,0.02376236394047737,0.02376236394047737,0.017762363940477373,close,0,0,35,2025-03-01
2025-03-19,5706,54.8914794921875,0.6811976214842155,1,0.0033113043755292892,0.011589419096708298,0.0033113043755292892,0.006622550077736378,0.006622550077736378,0.0006225500777363776,close,0,0,35,2025-03-01
2025-03-19,4113,26.799999237060547,0.680633246663281,0,0.009328358806669712,0.018656717613339424,-0.001865643193013966,0.0,0.0,-0.006,close,0,0,35,2025-03-01
2025-03-19,6689,96.7536392211914,0.6762012687563336,1,0.008064541965723038,0.04838712513446808,0.008064541965723038,0.038306478410959244,0.03,0.024,take_profit,1,0,35,2025-03-01
2025-03-19,9919,18.2867431640625,0.6757107838493064,1,0.005405436269938946,0.016216184943914413,0.005405436269938946,0.016216184943914413,0.016216184943914413,0.010216184943914413,close,0,0,35,2025-03-01
2025-03-19,5272,25.700000762939453,0.6741704283058028,0,-0.0019455697620287538,0.005836560856550932,-0.007782130502164364,0.0,0.0,-0.006,close,0,0,35,2025-03-01
2025-03-19,5243,54.70000076293945,0.6738847271240108,1,0.018281536176800728,0.03290674835443497,0.012797088362276554,0.023765981197357178,0.03,0.024,take_profit,1,0,35,2025-03-01
2025-03-19,1503,163.84616088867188,0.6721421482524148,1,0.014880969189107418,0.017857158556580544,0.005952397361397743,0.017857158556580544,0.017857158556580544,0.011857158556580543,close,0,0,35,2025-03-01
2025-03-19,4526,30.299999237060547,0.6709268142334855,1,0.009901028126478195,0.01155116781592369,-0.0016501399222761393,0.0016502027865499258,0.0016502027865499258,-0.004349797213450074,close,0,0,35,2025-03-01
2025-03-19,2618,40.05354690551758,0.6705232999288554,1,0.009389698505401611,0.025821642950177193,0.00469484506174922,0.025821642950177193,0.025821642950177193,0.019821642950177194,close,0,0,35,2025-03-01
2025-03-19,2303,41.61356735229492,0.667678720538507,1,0.009029415436089039,0.01918744668364525,0.009029415436089039,0.01918744668364525,0.01918744668364525,0.013187446683645248,close,0,0,35,2025-03-01
2025-03-19,6515,1123.0654296875,0.667375399220377,1,0.021834058687090874,0.04803493246436119,-0.004366814158856869,0.026200871914625168,0.03,0.024,take_profit,1,0,35,2025-03-01
2025-03-19,2449,94.68679809570312,0.6665748955776338,1,0.008130024187266827,0.03658533841371536,0.0030487237963825464,0.026422737166285515,0.03,0.024,take_profit,1,0,35,2025-03-01
2025-03-19,2884,28.506643295288086,0.665604599190475,1,0.003350129583850503,0.005025141406804323,4.0725609551373054e-08,0.003350129583850503,0.003350129583850503,-0.002649870416149497,close,0,0,35,2025-03-01
2025-03-20,6130,33.0,0.8282830192986216,1,0.09999997913837433,0.09999997913837433,0.09999997913837433,0.09999997913837433,0.03,0.024,gap_take_profit,1,0,35,2025-03-01
2025-03-20,4303,90.5,0.7489252708059172,1,0.025414397940039635,0.05303870886564255,0.0,0.005524862091988325,0.03,0.024,take_profit,1,0,35,2025-03-01
2025-03-20,3702,62.413818359375,0.7395731101848088,0,0.003062741830945015,0.012251079082489014,-0.004594225436449051,-0.004594225436449051,-0.004594225436449051,-0.010594225436449051,close,0,0,35,2025-03-01
2025-03-20,6435,112.94921875,0.7339181724512832,0,0.004237277898937464,0.004237277898937464,-0.00847458653151989,-0.004237298388034105,-0.004237298388034105,-0.010237298388034105,close,0,0,35,2025-03-01
2025-03-20,8021,30.63811492919922,0.727914192851022,0,-2.415026756352745e-08,-2.415026756352745e-08,-0.01271867286413908,-0.009539010934531689,-0.009539010934531689,-0.015539010934531689,close,0,0,35,2025-03-01
2025-03-20,2429,65.19999694824219,0.7254418866564415,0,0.05981597676873207,0.06288353353738785,-0.036809783428907394,-0.012269869446754456,0.03,0.024,gap_take_profit,1,1,35,2025-03-01
2025-03-20,3535,41.66842269897461,0.7215998330968242,1,0.01189060416072607,0.027348428964614868,-0.002378087257966399,0.020214082673192024,0.020214082673192024,0.014214082673192024,close,0,0,35,2025-03-01
2025-03-20,6015,10.300000190734863,0.7201071779686002,0,0.00970868207514286,0.00970868207514286,0.0,0.0,0.0,-0.006,close,0,0,35,2025-03-01
2025-03-20,1476,478.6814270019531,0.7199313605244655,1,-0.0010019870242103934,0.008016048930585384,-0.022044071927666664,0.002004025038331747,-0.02,-0.026000000000000002,stop_loss,0,1,35,2025-03-01
2025-03-20,4128,30.450000762939453,0.7187921998346047,0,0.0016420109895989299,0.0016420109895989299,-0.014778349548578262,-0.014778349548578262,-0.014778349548578262,-0.02077834954857826,close,0,0,35,2025-03-01
2025-03-20,4113,26.799999237060547,0.7166740475478224,1,0.0074627152644097805,0.06343286484479904,0.0037313576322048903,0.03171643242239952,0.03,0.024,take_profit,1,0,35,2025-03-01
2025-03-20,8383,48.919429779052734,0.7105737795383567,1,0.03846157714724541,0.1000000536441803,0.021153856068849564,0.0673077329993248,0.03,0.024,gap_take_profit,1,0,35,2025-03-01
2025-03-20,1721,15.149999618530273,0.7101225204211802,0,0.003300342708826065,0.003300342708826065,-0.009900964796543121,-0.009900964796543121,-0.009900964796543121,-0.01590096479654312,close,0,0,35,2025-03-01
2025-03-20,3141,76.11983489990234,0.7088691731966541,0,0.0013003058265894651,0.0013003058265894651,-0.031209444627165794,-0.01950591430068016,-0.02,-0.026000000000000002,stop_loss,0,1,35,2025-03-01
2025-03-20,4560,36.02840805053711,0.7063148464707616,0,0.001340460847131908,0.001340460847131908,-0.018766777589917183,-0.008042876608669758,-0.008042876608669758,-0.014042876608669758,close,0,0,35,2025-03-01
2025-03-20,4121,17.149999618530273,0.7048797917334008,0,0.0,0.0029155185911804438,-0.005830926354974508,-0.005830926354974508,-0.005830926354974508,-0.011830926354974508,close,0,0,35,2025-03-01
2025-03-20,6235,57.380332946777344,0.7031578078281598,0,0.010799293406307697,0.010799293406307697,-0.004885549657046795,-0.004885549657046795,-0.004885549657046795,-0.010885549657046795,close,0,0,35,2025-03-01
2025-03-20,8289,24.42799949645996,0.7027350288508206,0,0.008064547553658485,0.01008064579218626,0.0,0.0,0.0,-0.006,close,0,0,35,2025-03-01
2025-03-20,6180,69.12786865234375,0.7012400455447927,0,0.003984002862125635,0.005312003660947084,0.0,0.0,0.0,-0.006,close,0,0,35,2025-03-01
2025-03-20,2453,69.85111236572266,0.6988505874582497,1,0.020519787445664406,0.08071132749319077,0.020519787445664406,0.03419967740774155,0.03,0.024,take_profit,1,0,35,2025-03-01
2025-03-21,6130,36.29999923706055,0.8433195305836361,1,0.09917362034320831,0.09917362034320831,0.011019325815141201,0.06887052208185196,0.03,0.024,gap_take_profit,1,0,35,2025-03-01
2025-03-21,1210,54.83820343017578,0.7360909598188546,1,0.010434766300022602,0.013913040980696678,0.0017391142901033163,0.013913040980696678,0.013913040980696678,0.007913040980696678,close,0,0,35,2025-03-01
2025-03-21,2886,38.22279357910156,0.7339928970464448,1,0.003778234589844942,0.010075462982058525,0.003778234589844942,0.0062971836887300014,0.0062971836887300014,0.0002971836887300013,close,0,0,35,2025-03-01
2025-03-21,2845,13.550000190734863,0.7308547678582136,1,0.007380031514912844,0.01107008196413517,0.0036900509148836136,0.007380031514912844,0.007380031514912844,0.0013800315149128436,close,0,0,35,2025-03-01
2025-03-21,2885,32.43827438354492,0.7286187380494924,1,0.008559230715036392,0.011412312276661396,-1.2950158279068091e-08,0.0014264716301113367,0.0014264716301113367,-0.004573528369888663,close,0,0,35,2025-03-01
2025-03-21,3576,9.84000015258789,0.7145690252268163,1,0.008130073547363281,0.021341467276215553,0.006097506731748581,0.012195110321044922,0.012195110321044922,0.006195110321044922,close,0,0,35,2025-03-01
2025-03-21,9917,118.55865478515625,0.7143451268800042,1,2.0268102751686e-09,0.024193551391363144,2.0268102751686e-09,0.024193551391363144,0.024193551391363144,0.018193551391363146,close,0,0,35,2025-03-01
2025-03-21,8390,65.46454620361328,0.7119473561984713,0,0.0058737448416650295,0.0058737448416650295,-0.013215874321758747,-0.011747356504201889,-0.011747356504201889,-0.017747356504201887,close,0,0,35,2025-03-01
2025-03-21,4168,23.950000762939453,0.7015000324727947,0,0.0,0.008350682444870472,-0.002087730448693037,-0.002087730448693037,-0.002087730448693037,-0.008087730448693037,close,0,0,35,2025-03-01
2025-03-21,2633,26.149736404418945,0.6999195029873686,1,0.0018416899256408215,0.011049793101847172,0.0018416899256408215,0.00552487513050437,0.00552487513050437,-0.0004751248694956304,close,0,0,35,2025-03-01
2025-03-21,6202,51.70000076293945,0.6967556529713919,0,0.01160538662225008,0.01160538662225008,-0.02514505200088024,-0.02321084588766098,-0.02,-0.026000000000000002,stop_loss,0,1,35,2025-03-01
2025-03-21,3052,12.5,0.6959260043778357,0,0.0,0.008000030182301998,-0.004000015091150999,-0.004000015091150999,-0.004000015091150999,-0.010000015091151,close,0,0,35,2025-03-01
2025-03-21,6415,436.0934143066406,0.6922697604547705,0,0.003420754335820675,0.01254276093095541,-0.028506269678473473,-0.028506269678473473,-0.02,-0.026000000000000002,stop_loss,0,1,35,2025-03-01
2025-03-21,4128,30.0,0.6894366276478039,0,0.008333333767950535,0.008333333767950535,-0.015000025741755962,-0.015000025741755962,-0.015000025741755962,-0.02100002574175596,close,0,0,35,2025-03-01
2025-03-21,1526,25.450000762939453,0.6845891886242547,1,-0.003929288126528263,0.015717076137661934,-0.005893969442695379,0.0019646065775305033,0.0019646065775305033,-0.004035393422469497,close,0,0,35,2025-03-01
2025-03-21,3260,88.82078552246094,0.6837898786219079,0,0.006389782764017582,0.007454729173332453,-0.03194886073470116,-0.03194886073470116,-0.02,-0.026000000000000002,stop_loss,0,1,35,2025-03-01
2025-03-21,3630,23.200000762939453,0.6827689556561437,0,0.0,0.012931001372635365,-0.008620722219347954,-0.008620722219347954,-0.008620722219347954,-0.014620722219347954,close,0,0,35,2025-03-01
2025-03-21,8064,44.90381622314453,0.6822725000762874,0,0.006578979082405567,0.007675453554838896,-0.024122808128595352,-0.024122808128595352,-0.02,-0.026000000000000002,stop_loss,0,1,35,2025-03-01
2025-03-21,2890,20.595317840576172,0.6799963596655542,1,0.02941179648041725,0.045248907059431076,0.02488689497113228,0.02941179648041725,0.03,0.024,take_profit,1,0,35,2025-03-01
2025-03-21,3498,47.5,0.6770680645695516,0,0.0010526154655963182,0.012631546705961227,-0.03789472207427025,-0.03789472207427025,-0.02,-0.026000000000000002,stop_loss,0,1,35,2025-03-01
2025-03-24,2885,32.48454666137695,0.8220484763520447,1,0.004273574333637953,0.00997160840779543,0.0014245571801438928,0.0014245571801438928,0.0014245571801438928,-0.004575442819856107,close,0,0,35,2025-03-01
2025-03-24,2882,61.64948272705078,0.8148406404096353,0,0.006153869442641735,0.010769183747470379,0.0,0.0,0.0,-0.006,close,0,0,35,2025-03-01
2025-03-24,1101,31.882314682006836,0.8125300727005212,0,0.0015083156758919358,0.004524860996752977,-0.010558094829320908,-0.010558094829320908,-0.010558094829320908,-0.016558094829320906,close,0,0,35,2025-03-01
2025-03-24,3376,235.20001220703125,0.811343577291354,1,0.02070392295718193,0.07867493480443954,0.014492743648588657,0.05797100439667702,0.03,0.024,take_profit,1,0,35,2025-03-01
2025-03-24,2881,84.66724395751953,0.8094442626620332,1,0.005617944523692131,0.013483078218996525,0.00337078794836998,0.007865101099014282,0.007865101099014282,0.001865101099014282,close,0,0,35,2025-03-01
2025-03-24,2345,634.6983642578125,0.8071211593922958,1,0.01866256631910801,0.03265945613384247,0.013996935449540615,0.02488340623676777,0.03,0.024,take_profit,1,0,35,2025-03-01
2025-03-24,2317,157.28762817382812,0.8058341630411172,1,0.015337467193603516,0.02147243730723858,0.006135012488812208,0.012269982136785984,0.012269982136785984,0.006269982136785984,close,0,0,35,2025-03-01
2025-03-24,3587,180.60784912109375,0.8025171142686219,0,0.026737943291664124,0.029411738738417625,-0.010695211589336395,-0.008021415211260319,-0.008021415211260319,-0.014021415211260319,close,0,0,35,2025-03-01
2025-03-24,6515,1088.7359619140625,0.7991878549359555,0,0.018018018454313278,0.036036036908626556,0.0,0.0,0.03,0.024,take_profit,1,0,35,2025-03-01
2025-03-24,8027,80.5999984741211,0.7987864814939892,0,0.004962798207998276,0.011166272684931755,-0.004962798207998276,-0.002481351839378476,-0.002481351839378476,-0.008481351839378476,close,0,0,35,2025-03-01
2025-03-24,8996,259.5384521484375,0.7986032924395593,1,0.01707770861685276,0.028462905436754227,0.001897443667985499,0.018975241109728813,0.018975241109728813,0.012975241109728813,close,0,0,35,2025-03-01
2025-03-24,2617,30.49629783630371,0.798592963883486,0,0.0015527686337009072,0.0015527686337009072,-0.010869579389691353,-0.010869579389691353,-0.010869579389691353,-0.01686957938969135,close,0,0,35,2025-03-01
2025-03-24,1503,162.38323974609375,0.7973564461533316,0,0.009009028784930706,0.012012031860649586,-0.015014995820820332,-0.012011992745101452,-0.012011992745101452,-0.01801199274510145,close,0,0,35,2025-03-01
2025-03-24,2002,23.308950424194336,0.7966970037948675,0,0.008438815362751484,0.010548568330705166,-0.027426179498434067,-0.025316426530480385,-0.02,-0.026000000000000002,stop_loss,0,1,35,2025-03-01
2025-03-24,5443,81.16067504882812,0.7965967466209494,1,0.012033638544380665,0.033694323152303696,0.012033638544380665,0.01684713549911976,0.03,0.024,take_profit,1,0,35,2025-03-01
2025-03-24,3498,45.70000076293945,0.7965376851355931,1,0.019693603739142418,0.048140060156583786,0.013129069469869137,0.02406998723745346,0.03,0.024,take_profit,1,0,35,2025-03-01
2025-03-24,3515,201.52476501464844,0.7942281326336083,1,0.014563086442649364,0.024271823465824127,0.0024271642323583364,0.004854348488152027,0.004854348488152027,-0.001145651511847973,close,0,0,35,2025-03-01
2025-03-24,6664,199.13897705078125,0.793917625473887,0,0.007211478892713785,0.01682686246931553,-0.01201928872615099,-0.01201928872615099,-0.01201928872615099,-0.018019288726150988,close,0,0,35,2025-03-01
2025-03-24,5269,1958.24462890625,0.7931728380880982,1,0.02010047622025013,0.032663289457559586,0.010050224140286446,0.0226130373775959,0.03,0.024,take_profit,1,0,35,2025-03-01
2025-03-24,6525,68.63565826416016,0.7923897494195623,0,0.01234568003565073,0.01234568003565073,-0.008230450563132763,-0.004115287214517593,-0.004115287214517593,-0.010115287214517594,close,0,0,35,2025-03-01
2025-03-25,4542,89.5,0.7447592826434706,0,0.0,0.012290486134588718,-0.005586592014878988,-0.002234602812677622,-0.002234602812677622,-0.008234602812677622,close,0,0,35,2025-03-01
2025-03-25,4563,79.30245208740234,0.7378015476337241,1,0.0059736622497439384,0.03703705593943596,0.0059736622497439384,0.01194737758487463,0.03,0.024,take_profit,1,0,35,2025-03-01
2025-03-25,3551,110.65015411376953,0.7365084658379724,1,0.004424754995852709,0.017699090763926506,-2.3588363262661005e-08,0.008849533274769783,0.008849533274769783,0.002849533274769783,close,0,0,35,2025-03-01
2025-03-25,6425,56.725528717041016,0.735615753481273,1,0.001724092522636056,0.04655171558260918,0.001724092522636056,0.04655171558260918,0.03,0.024,take_profit,1,0,35,2025-03-01
2025-03-25,6664,196.74546813964844,0.7346086564299368,1,0.007299255579710007,0.021897796541452408,0.002433075802400708,0.009732346050441265,0.009732346050441265,0.003732346050441265,close,0,0,35,2025-03-01
2025-03-25,6188,95.67096710205078,0.7341265825757417,1,0.00908180046826601,0.014127208851277828,0.003027324564754963,0.003027324564754963,0.003027324564754963,-0.002972675435245037,close,0,0,35,2025-03-01
2025-03-25,3515,202.50303649902344,0.7312534641022154,1,0.0024154940620064735,0.009661871008574963,3.4971478157785896e-08,0.009661871008574963,0.009661871008574963,0.0036618710085749625,close,0,0,35,2025-03-01
2025-03-25,4938,85.59029388427734,0.7298344285945864,1,0.0077348132617771626,0.00883985310792923,0.0022099511697888374,0.006629857700318098,0.006629857700318098,0.0006298577003180979,close,0,0,35,2025-03-01
2025-03-25,3416,148.8447723388672,0.7271177196823818,1,0.012903201393783092,0.016129007562994957,0.0032257824204862118,0.009677395224571228,0.009677395224571228,0.003677395224571228,close,0,0,35,2025-03-01
2025-03-25,1503,160.4326934814453,0.7247604267089944,1,0.003039492294192314,0.042553167790174484,0.003039492294192314,0.042553167790174484,0.03,0.024,take_profit,1,0,35,2025-03-01
2025-03-25,4526,29.350000381469727,0.7234770808679224,1,0.0,0.018739325925707817,0.0,0.017035774886608124,0.017035774886608124,0.011035774886608124,close,0,0,35,2025-03-01
2025-03-25,6207,51.20000076293945,0.7229757496098499,1,0.0019530951976776123,0.015624985098838806,0.0019530951976776123,0.009765625,0.009765625,0.003765625,close,0,0,35,2025-03-01
2025-03-25,3587,179.15911865234375,0.7203103452874156,1,0.002695442410185933,0.013477114029228687,-0.008086228743195534,0.008086278103291988,0.008086278103291988,0.0020862781032919882,close,0,0,35,2025-03-01
2025-03-25,3325,18.75,0.7166700094979596,1,0.0,0.029333293437957764,0.0,0.029333293437957764,0.029333293437957764,0.023333293437957765,close,0,0,35,2025-03-01
2025-03-25,6126,27.25,0.7163621579479317,1,0.00917431153357029,0.014678885228931904,-0.001834834343753755,0.001834834343753755,0.001834834343753755,-0.004165165656246245,close,0,0,35,2025-03-01
2025-03-25,8064,43.13129806518555,0.7163505003647327,1,0.006849275901913643,0.033105019479990005,0.005707740783691406,0.018264800310134888,0.03,0.024,take_profit,1,0,35,2025-03-01
2025-03-25,2324,34.90766906738281,0.7159656662101652,1,0.011019323952496052,0.011019323952496052,-0.005509665235877037,0.005509660579264164,0.005509660579264164,-0.0004903394207358362,close,0,0,35,2025-03-01
2025-03-25,3712,50.843292236328125,0.7151938820373931,1,0.009276405908167362,0.033395130187273026,0.00742107629776001,0.027829280123114586,0.03,0.024,take_profit,1,0,35,2025-03-01
2025-03-25,5490,24.180633544921875,0.7121586321261076,1,0.02448980137705803,0.02448980137705803,0.0040816375985741615,0.008163285441696644,0.008163285441696644,0.0021632854416966437,close,0,0,35,2025-03-01
2025-03-25,4912,111.74080657958984,0.7114990125233273,0,0.008474611677229404,0.016949156299233437,0.0,0.0,0.0,-0.006,close,0,0,35,2025-03-01
2025-03-26,6670,328.24786376953125,0.6367929220089538,1,-0.0042795827612280846,0.027104156091809273,-0.0057061160914599895,0.027104156091809273,0.027104156091809273,0.021104156091809274,close,0,0,35,2025-03-01
2025-03-26,4949,39.80043411254883,0.6020658031795892,0,0.03516460582613945,0.09797799587249756,-0.05654297396540642,-0.05654297396540642,0.03,0.024,gap_take_profit,1,1,35,2025-03-01
2025-03-26,3437,19.450000762939453,0.5914731199746273,0,-0.002570752752944827,0.002570654731243849,-0.007712160237133503,-0.0051414077170193195,-0.0051414077170193195,-0.01114140771701932,close,0,0,35,2025-03-01
2025-03-26,6517,94.64836883544922,0.5904718547136215,1,0.009307160042226315,0.06514999270439148,0.009307160042226315,0.059979360550642014,0.03,0.024,take_profit,1,0,35,2025-03-01
2025-03-26,3701,43.45000076293945,0.5783432798828616,0,-0.012658210471272469,0.0,-0.09205983579158783,-0.09205983579158783,-0.02,-0.026000000000000002,stop_loss,0,1,35,2025-03-01
2025-03-26,3163,201.54493713378906,0.5771284010561956,0,-0.019512131810188293,-0.00975603424012661,-0.043902378529310226,-0.019512131810188293,-0.02,-0.026000000000000002,stop_loss,0,1,35,2025-03-01
2025-03-26,6167,13.207193374633789,0.5729969806911709,0,4.626742367008774e-08,4.626742367008774e-08,-0.0111939562484622,-0.0037312402855604887,-0.0037312402855604887,-0.009731240285560489,close,0,0,35,2025-03-01
2025-03-26,2440,13.300000190734863,0.5666063764239367,0,-0.02631581760942936,0.011278166435658932,-0.04135339707136154,-0.011278238147497177,-0.02631581760942936,-0.03231581760942936,gap_stop,0,1,35,2025-03-01
2025-03-26,5515,28.881044387817383,0.5613834685357799,1,0.009569354355335236,0.012759159319102764,-0.006379608530551195,0.012759159319102764,0.012759159319102764,0.006759159319102764,close,0,0,35,2025-03-01
2025-03-26,6284,79.71154022216797,0.5594889448442106,0,-0.007237664889544249,-0.0012063022004440427,-0.01085651945322752,-0.004825156647711992,-0.004825156647711992,-0.010825156647711992,close,0,0,35,2025-03-01
2025-03-26,1611,15.600000381469727,0.5547949821060667,0,-0.0032051403541117907,0.012820499949157238,-0.009615421295166016,-0.006410280708223581,-0.006410280708223581,-0.012410280708223581,close,0,0,35,2025-03-01
2025-03-26,5244,48.25,0.5537392160399707,1,0.007253854535520077,0.07772020995616913,0.005181347019970417,0.02901557646691799,0.03,0.024,take_profit,1,0,35,2025-03-01
2025-03-26,9918,38.26183319091797,0.5508276129458661,1,2.4200080162017912e-08,0.005025169346481562,2.4200080162017912e-08,0.005025169346481562,0.005025169346481562,-0.0009748306535184385,close,0,0,35,2025-03-01
2025-03-26,4766,347.3135986328125,0.5391128544028961,1,-0.005434785503894091,0.008152171038091183,-0.01630435138940811,0.008152171038091183,0.008152171038091183,0.0021521710380911826,close,0,0,35,2025-03-01
2025-03-26,8043,29.276086807250977,0.5280346360865028,0,-0.0016583178658038378,0.0016584445256739855,-0.016583716496825218,-0.014925303868949413,-0.014925303868949413,-0.02092530386894941,close,0,0,35,2025-03-01
2025-03-26,3038,27.299999237060547,0.5277127983208821,0,-0.009157509543001652,-0.009157509543001652,-0.04761902242898941,-0.018315019086003304,-0.02,-0.026000000000000002,stop_loss,0,1,35,2025-03-01
2025-03-26,2852,28.468198776245117,0.5216557370419428,1,0.008130094967782497,0.008130094967782497,-0.006504076067358255,0.00162600539624691,0.00162600539624691,-0.00437399460375309,close,0,0,35,2025-03-01
2025-03-26,8155,144.43386840820312,0.5211389028750527,0,-0.006711399182677269,0.02013423852622509,-0.03020133264362812,-0.01677851378917694,-0.02,-0.026000000000000002,stop_loss,0,1,35,2025-03-01
2025-03-26,6550,41.79999923706055,0.5192693881457456,0,0.0,0.0,-0.04306218400597572,-0.03468901291489601,-0.02,-0.026000000000000002,stop_loss,0,1,35,2025-03-01
2025-03-26,6188,95.9605941772461,0.5180609832698174,0,-0.004106780048459768,-0.0020534233190119267,-0.024640660732984543,-0.024640660732984543,-0.02,-0.026000000000000002,stop_loss,0,1,35,2025-03-01
2025-03-27,3498,45.04999923706055,0.6392757284699263,0,-0.011098779737949371,-0.004439528565853834,-0.0388457290828228,-0.029966671019792557,-0.02,-0.026000000000000002,stop_loss,0,1,35,2025-03-01
2025-03-27,6127,22.75,0.6282954202404192,0,-0.002197768772020936,-0.002197768772020936,-0.05494505539536476,-0.04615381360054016,-0.02,-0.026000000000000002,stop_loss,0,1,35,2025-03-01
2025-03-27,3131,984.445068359375,0.5968415165381512,0,0.0010009752586483955,0.031031005084514618,-0.013013038784265518,-0.0020020275842398405,0.03,0.024,take_profit,1,0,35,2025-03-01
2025-03-27,2399,22.549999237060547,0.5940194110145463,0,0.0,0.0,-0.04656315967440605,-0.033259425312280655,-0.02,-0.026000000000000002,stop_loss,0,1,35,2025-03-01
2025-03-27,3535,39.0424690246582,0.5939818358492291,0,-0.005076111759990454,-0.005076111759990454,-0.04314718022942543,-0.03172583878040314,-0.02,-0.026000000000000002,stop_loss,0,1,35,2025-03-01
2025-03-27,5443,78.81668090820312,0.5849395002136517,0,0.00743499118834734,0.07187113910913467,-0.018587389960885048,-0.018587389960885048,0.03,0.024,take_profit,1,0,35,2025-03-01
2025-03-27,3374,158.59532165527344,0.5764920907302762,0,-0.009287919849157333,-0.0030959693249315023,-0.04643962159752846,-0.04334364831447601,-0.02,-0.026000000000000002,stop_loss,0,1,35,2025-03-01
2025-03-27,4956,27.549999237060547,0.5572880978845868,0,-0.007259486708790064,-0.003629708895459771,-0.04355712980031967,-0.029038086533546448,-0.02,-0.026000000000000002,stop_loss,0,1,35,2025-03-01
2025-03-27,3587,176.2616729736328,0.5549134875869493,0,-0.005479410290718079,-0.005479410290718079,-0.04931502789258957,-0.04383557662367821,-0.02,-0.026000000000000002,stop_loss,0,1,35,2025-03-01
2025-03-27,3047,24.25,0.5547551923708945,0,-0.008247453719377518,-0.004123726859688759,-0.037113387137651443,-0.028866011649370193,-0.02,-0.026000000000000002,stop_loss,0,1,35,2025-03-01
2025-03-27,6667,207.0,0.5544259723882599,0,-0.004830917809158564,-0.004830917809158564,-0.04830917716026306,-0.026570048183202744,-0.02,-0.026000000000000002,stop_loss,0,1,35,2025-03-01
2025-03-27,6192,104.68666076660156,0.5536971971040396,0,-0.004504500422626734,-0.004504500422626734,-0.03603603318333626,-0.01801801472902298,-0.02,-0.026000000000000002,stop_loss,0,1,35,2025-03-01
2025-03-27,4768,133.8095245361328,0.5525189168366862,0,0.0,0.0,-0.056939512491226196,-0.039145927876234055,-0.02,-0.026000000000000002,stop_loss,0,1,35,2025-03-01
2025-03-27,3701,39.45000076293945,0.5512697535616815,0,0.005069727543741465,0.03802281245589256,-0.04309254139661789,-0.04309254139661789,-0.02,-0.026000000000000002,ambiguous_stop_loss,1,1,35,2025-03-01
2025-03-27,4903,31.049999237060547,0.550518539446498,0,-0.014492717571556568,-0.014492717571556568,-0.043478213250637054,-0.027375152334570885,-0.02,-0.026000000000000002,stop_loss,0,1,35,2025-03-01
2025-03-27,6877,81.26981353759766,0.5500040262293128,0,-0.005586584564298391,0.0067039187997579575,-0.0469273179769516,-0.016759734600782394,-0.02,-0.026000000000000002,stop_loss,0,1,35,2025-03-01
2025-03-27,3078,89.5999984741211,0.5486108349914559,0,-0.0011160543654114008,0.012276768684387207,-0.05133926868438721,-0.02790178544819355,-0.02,-0.026000000000000002,stop_loss,0,1,35,2025-03-01
2025-03-27,2338,41.099998474121094,0.547970552793824,0,-0.00243305298499763,-0.00243305298499763,-0.03406320512294769,-0.019464703276753426,-0.02,-0.026000000000000002,stop_loss,0,1,35,2025-03-01
2025-03-27,1524,38.70464324951172,0.5463454318407397,1,0.00847464706748724,0.02300245501101017,-0.002421255921944976,0.01815982162952423,0.01815982162952423,0.01215982162952423,close,0,0,35,2025-03-01
2025-03-27,3581,41.27434539794922,0.5420203139401389,0,-0.020310545340180397,0.004779044538736343,-0.07168453931808472,-0.03464742749929428,-0.020310545340180397,-0.026310545340180395,gap_stop,0,1,35,2025-03-01
2025-03-28,4541,52.384193420410156,0.5476699380812655,0,0.016885576769709587,0.09943712502717972,-0.09849906712770462,-0.09005627781152725,-0.02,-0.026000000000000002,ambiguous_stop_loss,1,1,35,2025-03-01
2025-03-28,6127,21.700000762939453,0.5437217105944436,0,-0.027649786323308945,-0.02534567378461361,-0.07373273372650146,-0.07373273372650146,-0.027649786323308945,-0.03364978632330894,gap_stop,0,1,35,2025-03-01
2025-03-28,4561,57.41077423095703,0.5210331575840338,0,-0.07118649035692215,-0.04576275870203972,-0.1000000610947609,-0.0983051061630249,-0.07118649035692215,-0.07718649035692215,gap_stop,0,1,35,2025-03-01
2025-03-28,3374,151.72122192382812,0.5179569117580858,0,-0.04854363575577736,-0.022653665393590927,-0.08090609312057495,-0.07766985148191452,-0.04854363575577736,-0.05454363575577736,gap_stop,0,1,35,2025-03-01
2025-03-28,2363,54.50539779663086,0.5118791499371702,0,-0.06727273017168045,-0.016363654285669327,-0.0727272629737854,-0.07090911269187927,-0.06727273017168045,-0.07327273017168046,gap_stop,0,1,35,2025-03-01
2025-03-28,2331,18.088956832885742,0.49474210270836194,0,-0.054644856601953506,-0.038251351565122604,-0.08196726441383362,-0.08196726441383362,-0.054644856601953506,-0.060644856601953505,gap_stop,0,1,35,2025-03-01
2025-03-28,6237,44.760475158691406,0.49458398048961466,0,-0.04550502076745033,-0.028856854885816574,-0.08435074985027313,-0.082131028175354,-0.04550502076745033,-0.05150502076745033,gap_stop,0,1,35,2025-03-01
2025-03-28,3362,166.0,0.48823048201880087,0,-0.09638553857803345,-0.0662650614976883,-0.09939759224653244,-0.09939759224653244,-0.09638553857803345,-0.10238553857803345,gap_stop,0,1,35,2025-03-01
2025-03-28,3535,37.80381393432617,0.48341706006770785,0,-0.044560935348272324,-0.014416827820241451,-0.07470514625310898,-0.07077325135469437,-0.044560935348272324,-0.05056093534827232,gap_stop,0,1,35,2025-03-01
2025-03-28,6695,50.5,0.476773593267564,0,-0.03762379288673401,-0.03465346619486809,-0.08217824995517731,-0.08217824995517731,-0.03762379288673401,-0.04362379288673401,gap_stop,0,1,35,2025-03-01
2025-03-28,6530,53.282222747802734,0.4639474718420003,0,-0.049180321395397186,-0.020036451518535614,-0.07468125969171524,-0.06739525496959686,-0.049180321395397186,-0.055180321395397185,gap_stop,0,1,35,2025-03-01
2025-03-28,6605,190.673583984375,0.46037534299646754,0,-0.035000044852495193,-0.010000046342611313,-0.035000044852495193,-0.035000044852495193,-0.035000044852495193,-0.04100004485249519,gap_stop,0,1,35,2025-03-01
2025-03-28,4768,128.57142639160156,0.4600438729655122,0,-0.033333323895931244,-0.02222219668328762,-0.06666664779186249,-0.055555522441864014,-0.033333323895931244,-0.03933332389593124,gap_stop,0,1,35,2025-03-01
2025-03-28,8064,40.22633361816406,0.45998751658714954,0,-0.045287616550922394,-0.013463891111314297,-0.07221536338329315,-0.0685434490442276,-0.045287616550922394,-0.05128761655092239,gap_stop,0,1,35,2025-03-01
2025-03-28,6227,109.0,0.4582952077760467,0,-0.03669724613428116,-0.0229357797652483,-0.09082569926977158,-0.09082569926977158,-0.03669724613428116,-0.04269724613428116,gap_stop,0,1,35,2025-03-01
2025-03-28,2426,18.49058723449707,0.45603652084463964,0,-0.03763443976640701,-0.029569942504167557,-0.07258065789937973,-0.06451615691184998,-0.03763443976640701,-0.04363443976640701,gap_stop,0,1,35,2025-03-01
2025-03-28,6885,26.299999237060547,0.45570697628604967,0,-0.03612162917852402,-0.028517110273241997,-0.08745244145393372,-0.04372622072696686,-0.03612162917852402,-0.042121629178524016,gap_stop,0,1,35,2025-03-01
2025-03-28,4157,11.0,0.44857230534940423,0,-0.018181800842285156,-0.0045454720966517925,-0.03636360168457031,-0.03636360168457031,-0.02,-0.026000000000000002,stop_loss,0,1,35,2025-03-01
2025-03-28,8085,26.399999618530273,0.44680549480679144,0,-0.03219698369503021,-0.03219698369503021,-0.09848486632108688,-0.09848486632108688,-0.03219698369503021,-0.03819698369503021,gap_stop,0,1,35,2025-03-01
2025-03-28,4949,34.29999923706055,0.44531397719636495,1,-0.03352763131260872,0.04081637039780617,-0.03352763131260872,0.03498544543981552,-0.03352763131260872,-0.03952763131260872,gap_stop,1,1,35,2025-03-01
2025-03-31,2880,26.34076499938965,0.8316874353515948,1,0.003597103990614414,0.01618703454732895,0.0017985326703637838,0.0017985326703637838,0.0017985326703637838,-0.004201467329636216,close,0,0,35,2025-03-01
2025-03-31,1216,77.5798110961914,0.8264100252548511,1,0.007453353144228458,0.022360241040587425,0.007453353144228458,0.01987571269273758,0.01987571269273758,0.01387571269273758,close,0,0,35,2025-03-01
2025-03-31,5876,43.254310607910156,0.8202159961874221,1,0.0033333906903862953,0.015555595979094505,0.0022222117986530066,0.00777776725590229,0.00777776725590229,0.0017777672559022902,close,0,0,35,2025-03-01
2025-03-31,2884,27.456148147583008,0.8150085796068166,1,0.001739087630994618,0.01739131659269333,0.001739087630994618,0.010434785857796669,0.010434785857796669,0.004434785857796669,close,0,0,35,2025-03-01
2025-03-31,2891,37.38041687011719,0.8134119028786821,1,0.005069783888757229,0.015209143050014973,0.005069783888757229,0.011406919918954372,0.011406919918954372,0.005406919918954372,close,0,0,35,2025-03-01
2025-03-31,2892,25.554553985595703,0.8050231219729848,1,0.0018483895109966397,0.012938952073454857,0.0018483895109966397,0.007393670734018087,0.007393670734018087,0.0013936707340180873,close,0,0,35,2025-03-01
2025-03-31,3045,111.8606185913086,0.8040505465567491,0,1.0877437617295982e-08,0.008583702147006989,-0.0042918347753584385,-0.0042918347753584385,-0.0042918347753584385,-0.010291834775358439,close,0,0,35,2025-03-01
2025-03-31,2812,18.809410095214844,0.8031295702650811,1,0.009732244536280632,0.026763916015625,0.007299148943275213,0.009732244536280632,0.009732244536280632,0.003732244536280632,close,0,0,35,2025-03-01
2025-03-31,2886,38.41535186767578,0.801794295339464,0,0.0012531292159110308,0.00751879345625639,-0.005012535024434328,-0.005012535024434328,-0.005012535024434328,-0.011012535024434328,close,0,0,35,2025-03-01
2025-03-31,4904,92.0,0.7969924138695019,1,0.0010869399411603808,0.01521740760654211,0.0,0.005434782709926367,0.005434782709926367,-0.0005652172900736333,close,0,0,35,2025-03-01
2025-03-31,2887,16.2646541595459,0.7939005783921979,1,0.014534842222929,0.02325575053691864,0.005813824012875557,0.008720867335796356,0.008720867335796356,0.002720867335796356,close,0,0,35,2025-03-01
2025-03-31,1101,30.824378967285156,0.7830141583484413,1,0.003120152046903968,0.018720775842666626,0.003120152046903968,0.010920464061200619,0.010920464061200619,0.004920464061200619,close,0,0,35,2025-03-01
2025-03-31,2347,67.38312530517578,0.7828365119812193,1,0.007002771832048893,0.0406162366271019,0.007002771832048893,0.009803849272429943,0.03,0.024,take_profit,1,0,35,2025-03-01
2025-03-31,1402,31.272798538208008,0.7792918694444019,1,0.006078963167965412,0.04559273272752762,0.006078963167965412,0.03799394890666008,0.03,0.024,take_profit,1,0,35,2025-03-01
2025-03-31,1210,55.02894592285156,0.7749649300931903,1,-2.4063478321068033e-08,0.01213170401751995,-2.4063478321068033e-08,0.01213170401751995,0.01213170401751995,0.006131704017519951,close,0,0,35,2025-03-01
2025-03-31,2412,123.72305297851562,0.7733459120512305,1,0.0038910408038645983,0.011673142202198505,0.0038910408038645983,0.011673142202198505,0.011673142202198505,0.005673142202198505,close,0,0,35,2025-03-01
2025-03-31,2002,22.030399322509766,0.7716731759857196,1,0.0044642966240644455,0.03125002980232239,0.0044642966240644455,0.02455361746251583,0.03,0.024,take_profit,1,0,35,2025-03-01
2025-03-31,1104,27.525800704956055,0.7701625521559714,1,0.003424614667892456,0.020547902211546898,-0.00171235844027251,0.013698626309633255,0.013698626309633255,0.007698626309633255,close,0,0,35,2025-03-01
2025-03-31,2006,71.19999694824219,0.7684567971763082,1,0.004213526379317045,0.05898883193731308,0.004213526379317045,0.05337083339691162,0.03,0.024,take_profit,1,0,35,2025-03-01
2025-03-31,2542,43.45000076293945,0.7674232027998249,0,0.0023014608304947615,0.008055200800299644,-0.018411949276924133,-0.014959759078919888,-0.014959759078919888,-0.020959759078919886,close,0,0,35,2025-03-01
2025-04-01,3011,15.100000381469727,0.7092820443359901,0,0.003311207750812173,0.02980131097137928,-0.023178832605481148,0.0,-0.02,-0.026000000000000002,stop_loss,0,1,36,2025-04-01
2025-04-01,3691,68.0999984741211,0.7030108939495314,1,0.004405331332236528,0.027900170534849167,-0.007342143915593624,0.027900170534849167,0.027900170534849167,0.02190017053484917,close,0,0,36,2025-04-01
2025-04-01,4979,163.12652587890625,0.7026566576762512,1,0.01215806882828474,0.030395150184631348,-0.006079013925045729,0.02127660997211933,0.03,0.024,take_profit,1,0,36,2025-04-01
2025-04-01,4577,21.100000381469727,0.702589729318643,1,0.01895732805132866,0.03317530080676079,0.009478618390858173,0.026066314429044724,0.03,0.024,take_profit,1,0,36,2025-04-01
2025-04-01,3363,224.5,0.7021085370817017,0,0.0,0.022271715104579926,-0.055679287761449814,-0.03340757265686989,-0.02,-0.026000000000000002,stop_loss,0,1,36,2025-04-01
2025-04-01,5522,66.18333435058594,0.7015931947583567,0,-0.010233994573354721,-1.0240537307026898e-08,-0.017543936148285866,-0.00584798539057374,-0.00584798539057374,-0.01184798539057374,close,0,0,36,2025-04-01
2025-04-01,5478,107.5,0.7010323648459867,0,0.0,0.0,-0.023255813866853714,-0.009302325546741486,-0.02,-0.026000000000000002,stop_loss,0,1,36,2025-04-01
2025-04-01,3605,53.79999923706055,0.700825482892497,0,0.005576194263994694,0.026022333651781082,-0.005576194263994694,-0.0018587077502161264,-0.0018587077502161264,-0.007858707750216127,close,0,0,36,2025-04-01
2025-04-01,3032,70.2860107421875,0.7005711820839308,1,0.009722104296088219,0.02361099235713482,-0.0055556511506438255,0.018055520951747894,0.018055520951747894,0.012055520951747894,close,0,0,36,2025-04-01
2025-04-01,6658,65.921875,0.7005711820839308,1,0.0014968893956393003,0.07335309684276581,-0.020958196371793747,0.040419016033411026,-0.02,-0.026000000000000002,ambiguous_stop_loss,1,1,36,2025-04-01
2025-04-01,3323,33.0985221862793,0.7005711820839308,1,0.004464300815016031,0.034226205199956894,-0.0074405064806342125,0.020833326503634453,0.03,0.024,take_profit,1,0,36,2025-04-01
2025-04-01,2476,78.28651428222656,0.7000092526855435,1,0.013496898114681244,0.013496898114681244,-0.008588935248553753,0.007361928466707468,0.007361928466707468,0.001361928466707468,close,0,0,36,2025-04-01
2025-04-01,4510,46.20000076293945,0.699384306808726,1,0.0,0.03138529881834984,-0.0248918067663908,0.02813851088285446,-0.02,-0.026000000000000002,ambiguous_stop_loss,1,1,36,2025-04-01
2025-04-01,1536,62.42486572265625,0.6989901683273775,1,-0.0031496125739067793,0.01889759488403797,-0.028346439823508263,0.01889759488403797,-0.02,-0.026000000000000002,stop_loss,0,1,36,2025-04-01
2025-04-01,3379,54.214683532714844,0.6987326706240475,1,-3.7087879434238857e-09,0.021897820755839348,-0.014598529785871506,0.02007303014397621,0.02007303014397621,0.014073030143976211,close,0,0,36,2025-04-01
2025-04-01,8234,78.0,0.6956735120580221,1,-0.00384619296528399,0.07179485261440277,-0.012820512987673283,0.044871795922517776,0.03,0.024,take_profit,1,0,36,2025-04-01
2025-04-01,7734,842.2789306640625,0.6951393026035079,1,0.009259247221052647,0.04629627615213394,-9.568067227405663e-09,0.04166661202907562,0.03,0.024,take_profit,1,0,36,2025-04-01
2025-04-01,4162,89.81539154052734,0.6951184038635505,1,0.007194186560809612,0.024665890261530876,-0.0010278383269906044,0.015416211448609829,0.015416211448609829,0.009416211448609829,close,0,0,36,2025-04-01
2025-04-01,8114,260.97052001953125,0.6951018412964319,1,0.0037313487846404314,0.05223881080746651,5.400370817199018e-09,0.0503731407225132,0.03,0.024,take_profit,1,0,36,2025-04-01
2025-04-01,6937,216.78628540039062,0.6944807030181218,1,0.0022830988746136427,0.03424656763672829,-0.01826484687626362,0.009132414124906063,0.03,0.024,take_profit,1,0,36,2025-04-01
2025-04-02,9906,97.0,0.7209843375797114,0,-0.09999997168779373,-0.09999997168779373,-0.09999997168779373,-0.09999997168779373,-0.09999997168779373,-0.10599997168779374,gap_stop,0,1,36,2025-04-01
2025-04-02,1476,421.1245422363281,0.720916950672495,0,-0.09908881038427353,-0.09908881038427353,-0.09908881038427353,-0.09908881038427353,-0.09908881038427353,-0.10508881038427353,gap_stop,0,1,36,2025-04-01
2025-04-02,2383,527.0,0.7208027097669409,0,-0.09962049126625061,-0.09962049126625061,-0.09962049126625061,-0.09962049126625061,-0.09962049126625061,-0.10562049126625062,gap_stop,0,1,36,2025-04-01
2025-04-02,3605,53.70000076293945,0.7187823994899345,0,-0.09962759912014008,-0.09962759912014008,-0.09962759912014008,-0.09962759912014008,-0.09962759912014008,-0.10562759912014008,gap_stop,0,1,36,2025-04-01
2025-04-02,3466,48.5,0.7181727843558331,0,-0.09999997168779373,-0.09999997168779373,-0.09999997168779373,-0.09999997168779373,-0.09999997168779373,-0.10599997168779374,gap_stop,0,1,36,2025-04-01
2025-04-02,6547,48.349998474121094,0.7150709779286963,0,-0.0992760956287384,-0.0992760956287384,-0.0992760956287384,-0.0992760956287384,-0.0992760956287384,-0.10527609562873841,gap_stop,0,1,36,2025-04-01
2025-04-02,3163,165.1685333251953,0.712002867868494,0,-0.0982142835855484,-0.0982142835855484,-0.0982142835855484,-0.0982142835855484,-0.0982142835855484,-0.1042142835855484,gap_stop,0,1,36,2025-04-01
2025-04-02,6515,945.5328369140625,0.7083956475100556,0,-0.09958506375551224,-0.09958506375551224,-0.09958506375551224,-0.09958506375551224,-0.09958506375551224,-0.10558506375551224,gap_stop,0,1,36,2025-04-01
2025-04-02,8068,25.149999618530273,0.7077450579397561,0,-0.09940358251333237,-0.09940358251333237,-0.09940358251333237,-0.09940358251333237,-0.09940358251333237,-0.10540358251333237,gap_stop,0,1,36,2025-04-01
2025-04-02,8045,115.0143814086914,0.7057011985082238,0,-0.09704643487930298,-0.09704643487930298,-0.09704643487930298,-0.09704643487930298,-0.09704643487930298,-0.10304643487930298,gap_stop,0,1,36,2025-04-01
2025-04-02,5488,10.0,0.7054576956264333,0,-0.10000000149011612,-0.10000000149011612,-0.10000000149011612,-0.10000000149011612,-0.10000000149011612,-0.10600000149011612,gap_stop,0,1,36,2025-04-01
2025-04-02,4147,87.9000015258789,0.7043620831200671,0,-0.09897615760564804,-0.09897615760564804,-0.09897615760564804,-0.09897615760564804,-0.09897615760564804,-0.10497615760564805,gap_stop,0,1,36,2025-04-01
2025-04-02,2545,57.88162612915039,0.7029441912848828,0,-0.09936908632516861,-0.09936908632516861,-0.09936908632516861,-0.09936908632516861,-0.09936908632516861,-0.10536908632516861,gap_stop,0,1,36,2025-04-01
2025-04-02,7712,137.5,0.7020633467341195,0,-0.0981818214058876,-0.0981818214058876,-0.0981818214058876,-0.0981818214058876,-0.0981818214058876,-0.10418182140588761,gap_stop,0,1,36,2025-04-01
2025-04-02,6550,36.099998474121094,0.7009357560571827,0,-0.0997229516506195,-0.0997229516506195,-0.0997229516506195,-0.0997229516506195,-0.0997229516506195,-0.10572295165061951,gap_stop,0,1,36,2025-04-01
2025-04-02,8476,22.813617706298828,0.7004828986570252,0,-0.0983264148235321,-0.0983264148235321,-0.0983264148235321,-0.0983264148235321,-0.0983264148235321,-0.10432641482353211,gap_stop,0,1,36,2025-04-01
2025-04-02,8111,49.53435516357422,0.6980276078547542,0,-0.09920637309551239,-0.09920637309551239,-0.09920637309551239,-0.09920637309551239,-0.09920637309551239,-0.1052063730955124,gap_stop,0,1,36,2025-04-01
2025-04-02,3689,85.19285583496094,0.6977054318757546,0,-0.0990888923406601,-0.0990888923406601,-0.0990888923406601,-0.0990888923406601,-0.0990888923406601,-0.1050888923406601,gap_stop,0,1,36,2025-04-01
2025-04-02,8176,13.800000190734863,0.6972661752575994,0,-0.09782611578702927,-0.09782611578702927,-0.09782611578702927,-0.09782611578702927,-0.09782611578702927,-0.10382611578702927,gap_stop,0,1,36,2025-04-01
2025-04-02,3581,38.9073600769043,0.6953039479223311,0,-0.09885932505130768,-0.09885932505130768,-0.09885932505130768,-0.09885932505130768,-0.09885932505130768,-0.10485932505130768,gap_stop,0,1,36,2025-04-01
2025-04-07,1216,71.7974624633789,0.5610797455511152,1,0.030872520059347153,0.061744943261146545,0.017449703067541122,0.0510067492723465,0.03,0.024,gap_take_profit,1,0,36,2025-04-01
2025-04-07,2616,14.844965934753418,0.5572557612983496,1,5.778185752092213e-08,0.026402737945318222,5.778185752092213e-08,0.026402737945318222,0.026402737945318222,0.020402737945318224,close,0,0,36,2025-04-01
2025-04-07,6757,81.5,0.5530667365135258,1,-0.029447872191667557,0.042944785207509995,-0.029447872191667557,0.042944785207509995,-0.029447872191667557,-0.035447872191667555,gap_stop,1,1,36,2025-04-01
2025-04-07,2801,15.208019256591797,0.5397355133918049,1,0.018292678520083427,0.036585353314876556,0.01219507958739996,0.03048781491816044,0.03,0.024,take_profit,1,0,36,2025-04-01
2025-04-07,6415,368.0,0.5343244024187129,0,0.02445652149617672,0.029891304671764374,-0.04619565233588219,-0.032608695328235626,-0.02,-0.026000000000000002,stop_loss,0,1,36,2025-04-01
2025-04-07,2880,23.92461585998535,0.5332743732936689,1,0.009901008568704128,0.06138614937663078,0.007920798845589161,0.023762397468090057,0.03,0.024,take_profit,1,0,36,2025-04-01
2025-04-07,2892,23.051057815551758,0.5332517449529843,1,0.024590108543634415,0.06352457404136658,0.016393395140767097,0.05532778427004814,0.03,0.024,take_profit,1,0,36,2025-04-01
2025-04-07,8908,39.400001525878906,0.5325598219137976,1,0.015228386968374252,0.016497403383255005,-0.001269112923182547,0.008883209899067879,0.008883209899067879,0.0028832098990678786,close,0,0,36,2025-04-01
2025-04-07,3546,65.70223999023438,0.5320843808054345,1,0.0066224355250597,0.09933771938085556,0.0066224355250597,0.09933771938085556,0.03,0.024,take_profit,1,0,36,2025-04-01
2025-04-07,2412,119.39033508300781,0.5310471760847096,1,0.01209681760519743,0.0282258503139019,0.008064559660851955,0.024193592369556427,0.024193592369556427,0.01819359236955643,close,0,0,36,2025-04-01
2025-04-07,2912,227.9085693359375,0.5310041118218273,1,0.038135599344968796,0.08474576473236084,0.02542373351752758,0.076271191239357,0.03,0.024,gap_take_profit,1,0,36,2025-04-01
2025-04-07,8926,35.78392791748047,0.5294806413379739,1,0.01198410615324974,0.03994680568575859,0.006657853722572327,0.03328901529312134,0.03,0.024,take_profit,1,0,36,2025-04-01
2025-04-07,1227,30.725685119628906,0.529222261765138,1,0.00623056897893548,0.040498554706573486,0.00623056897893548,0.038940828293561935,0.03,0.024,take_profit,1,0,36,2025-04-01
2025-04-07,9907,15.183157920837402,0.5269555813488609,0,0.02499997615814209,0.02812504768371582,-0.00937497615814209,0.0,0.0,-0.006,close,0,0,36,2025-04-01
2025-04-07,1709,17.600000381469727,0.5267582006619388,0,-0.08806824684143066,-0.019886385649442673,-0.08806824684143066,-0.04261363670229912,-0.08806824684143066,-0.09406824684143067,gap_stop,0,1,36,2025-04-01
2025-04-07,2207,533.0958862304688,0.5251880943510224,1,0.04891309514641762,0.059782661497592926,-0.0018115452257916331,0.02717396430671215,0.03,0.024,gap_take_profit,1,0,36,2025-04-01
2025-04-07,1723,83.75296020507812,0.5250271059898591,1,0.004540277644991875,0.038592491298913956,0.0011350215645506978,0.03632237762212753,0.03,0.024,take_profit,1,0,36,2025-04-01
2025-04-07,1104,25.169139862060547,0.5243931742406034,1,-6.418279241415803e-10,0.014981257729232311,-0.009363296441733837,0.00374526041559875,0.00374526041559875,-0.00225473958440125,close,0,0,36,2025-04-01
2025-04-07,3135,24.700000762939453,0.5236703434867511,0,0.0,0.05668014660477638,-0.03643730655312538,-0.028340110555291176,-0.02,-0.026000000000000002,ambiguous_stop_loss,1,1,36,2025-04-01
2025-04-07,3057,8.569999694824219,0.5211031227576292,0,-0.05484239384531975,-0.019836649298667908,-0.07467909902334213,-0.04434073716402054,-0.05484239384531975,-0.060842393845319746,gap_stop,0,1,36,2025-04-01
2025-04-08,5876,43.59073257446289,0.4924661681979828,0,-0.029768457636237144,0.018743136897683144,-0.029768457636237144,-0.007717740722000599,-0.029768457636237144,-0.03576845763623714,gap_stop,0,1,36,2025-04-01
2025-04-08,6148,49.150001525878906,0.48195689270865416,1,0.0783316045999527,0.09664292633533478,-0.051882054656744,0.015259409323334694,0.03,0.024,gap_take_profit,1,1,36,2025-04-01
2025-04-08,3434,47.5,0.4799249028708075,0,0.0757894441485405,0.09894738346338272,-0.10000000149011612,-0.10000000149011612,0.03,0.024,gap_take_profit,1,1,36,2025-04-01
2025-04-08,8072,30.93752670288086,0.4783655118816753,0,0.026898691430687904,0.09018982946872711,-0.09968358278274536,-0.09968358278274536,-0.02,-0.026000000000000002,ambiguous_stop_loss,1,1,36,2025-04-01
2025-04-08,3546,72.22895050048828,0.47500748233589374,0,0.007228915113955736,0.056626494973897934,-0.06385546922683716,-0.013253030367195606,-0.02,-0.026000000000000002,ambiguous_stop_loss,1,1,36,2025-04-01
2025-04-08,8932,81.4000015258789,0.46868347130604765,0,-0.03562655299901962,-0.034398071467876434,-0.09950857609510422,-0.04668308421969414,-0.03562655299901962,-0.04162655299901962,gap_stop,0,1,36,2025-04-01
2025-04-08,6931,55.862857818603516,0.4637647028298122,0,1.8111909749762845e-09,0.014184385538101196,-0.042553216218948364,-0.010638336651027203,-0.02,-0.026000000000000002,stop_loss,0,1,36,2025-04-01
2025-04-08,1414,16.600000381469727,0.46302788612887824,0,-0.012048238888382912,-0.012048238888382912,-0.09939762204885483,-0.09939762204885483,-0.02,-0.026000000000000002,stop_loss,0,1,36,2025-04-01
2025-04-08,8464,327.0,0.4617144385953298,0,-0.03975535184144974,-0.00917431153357029,-0.09938837587833405,-0.09938837587833405,-0.03975535184144974,-0.045755351841449736,gap_stop,0,1,36,2025-04-01
2025-04-08,2753,164.24920654296875,0.4616197147788718,0,-0.008823561482131481,0.032352905720472336,-0.04117650166153908,-0.026470620185136795,-0.02,-0.026000000000000002,ambiguous_stop_loss,1,1,36,2025-04-01
2025-04-08,2884,25.546154022216797,0.46031076583102726,0,2.82636865023278e-08,0.01682244800031185,-0.04672890529036522,-0.03177561238408089,-0.02,-0.026000000000000002,stop_loss,0,1,36,2025-04-01
2025-04-08,5289,216.0,0.45816262467124796,0,0.004629629664123058,0.0347222238779068,-0.09953703731298447,-0.07870370149612427,-0.02,-0.026000000000000002,ambiguous_stop_loss,1,1,36,2025-04-01
2025-04-08,4743,57.099998474121094,0.45780828411949026,0,-0.019264422357082367,-0.019264422357082367,-0.09982481598854065,-0.09982481598854065,-0.02,-0.026000000000000002,stop_loss,0,1,36,2025-04-01
2025-04-08,2382,182.78021240234375,0.45696563451335576,0,0.0052219657227396965,0.049608390778303146,-0.09138378500938416,-0.06788508594036102,-0.02,-0.026000000000000002,ambiguous_stop_loss,1,1,36,2025-04-01
2025-04-08,1809,13.830469131469727,0.45696563451335576,0,-0.007117448840290308,0.007117412984371185,-0.0818505585193634,-0.06761562824249268,-0.02,-0.026000000000000002,stop_loss,0,1,36,2025-04-01
2025-04-08,3002,11.949999809265137,0.4568065484280128,0,0.012552348896861076,0.012552348896861076,-0.0962342768907547,-0.09205016493797302,-0.02,-0.026000000000000002,stop_loss,0,1,36,2025-04-01
2025-04-08,2323,7.389999866485596,0.4568065484280128,0,-0.02571042813360691,-0.008119071833789349,-0.09742893278598785,-0.09336942434310913,-0.02571042813360691,-0.03171042813360691,gap_stop,0,1,36,2025-04-01
2025-04-08,2880,24.493122100830078,0.4552441502427057,0,-0.007737013977020979,0.023210790008306503,-0.03094782866537571,-0.03094782866537571,-0.02,-0.026000000000000002,stop_loss,0,1,36,2025-04-01
2025-04-08,1722,47.29999923706055,0.45448509818702537,0,-0.002114132745191455,0.0,-0.042283300310373306,-0.03382660821080208,-0.02,-0.026000000000000002,stop_loss,0,1,36,2025-04-01
2025-04-08,8039,34.69820022583008,0.4535210875456258,0,-0.015047811903059483,-0.015047811903059483,-0.09986309707164764,-0.09439122676849365,-0.02,-0.026000000000000002,stop_loss,0,1,36,2025-04-01
2025-04-09,2887,13.427794456481934,0.7490327403637209,1,0.09859160333871841,0.09859160333871841,0.08098597079515457,0.09859160333871841,0.03,0.024,gap_take_profit,1,0,36,2025-04-01
2025-04-09,1215,90.54469299316406,0.7460158322611055,1,0.06574762612581253,0.08165431022644043,0.04772008955478668,0.04772008955478668,0.03,0.024,gap_take_profit,1,0,36,2025-04-01
2025-04-09,2892,23.051057815551758,0.7442280652958206,1,0.08606560528278351,0.09221313893795013,0.06352464109659195,0.0758197084069252,0.03,0.024,gap_take_profit,1,0,36,2025-04-01
2025-04-09,2883,13.355576515197754,0.7430475982239669,1,0.09929074347019196,0.09929074347019196,0.09929074347019196,0.09929074347019196,0.03,0.024,gap_take_profit,1,0,36,2025-04-01
2025-04-09,2615,58.902156829833984,0.7396515432907378,1,0.09983629733324051,0.09983629733324051,0.09983629733324051,0.09983629733324051,0.03,0.024,gap_take_profit,1,0,36,2025-04-01
2025-04-09,6415,320.5,0.7371301449433183,1,0.09984399378299713,0.09984399378299713,0.059282369911670685,0.09984399378299713,0.03,0.024,gap_take_profit,1,0,36,2025-04-01
2025-04-09,1210,50.54651641845703,0.7365214301353319,1,0.052830182015895844,0.08490566909313202,0.052830182015895844,0.05849054828286171,0.03,0.024,gap_take_profit,1,0,36,2025-04-01
2025-04-09,1736,153.93569946289062,0.7359838717273207,1,0.09810127317905426,0.09810127317905426,0.09810127317905426,0.09810127317905426,0.03,0.024,gap_take_profit,1,0,36,2025-04-01
2025-04-09,1590,675.0,0.7358927380521059,1,0.09925925731658936,0.09925925731658936,0.07407407462596893,0.09925925731658936,0.03,0.024,gap_take_profit,1,0,36,2025-04-01
2025-04-09,3338,38.13430404663086,0.7358927380521059,1,0.09962158650159836,0.09962158650159836,0.08448921144008636,0.09962158650159836,0.03,0.024,gap_take_profit,1,0,36,2025-04-01
2025-04-09,2017,8.380000114440918,0.7355722566627271,1,0.08711211383342743,0.09904533624649048,0.08353219926357269,0.09904533624649048,0.03,0.024,gap_take_profit,1,0,36,2025-04-01
2025-04-09,2886,35.47883605957031,0.7353142963585491,1,0.0719132125377655,0.08005430549383163,0.03256447613239288,0.03256447613239288,0.03,0.024,gap_take_profit,1,0,36,2025-04-01
2025-04-09,5880,21.001747131347656,0.7345533075540446,1,0.09662926197052002,0.09662926197052002,0.05842699483036995,0.06741580367088318,0.03,0.024,gap_take_profit,1,0,36,2025-04-01
2025-04-09,6552,23.0,0.7345022212837049,1,0.09565220773220062,0.09999996423721313,0.06521739065647125,0.09999996423721313,0.03,0.024,gap_take_profit,1,0,36,2025-04-01
2025-04-09,6505,30.276260375976562,0.7341325975867341,1,0.09531503170728683,0.09854600578546524,0.0597737655043602,0.09854600578546524,0.03,0.024,gap_take_profit,1,0,36,2025-04-01
2025-04-09,2538,10.526568412780762,0.734106613587815,1,0.0990990400314331,0.0990990400314331,0.0990990400314331,0.0990990400314331,0.03,0.024,gap_take_profit,1,0,36,2025-04-01
2025-04-09,6026,10.139785766601562,0.7339184822696682,1,0.08558553457260132,0.09909901022911072,0.05855849012732506,0.09909901022911072,0.03,0.024,gap_take_profit,1,0,36,2025-04-01
2025-04-09,2536,26.486942291259766,0.7338691698598114,1,0.09833023697137833,0.09833023697137833,0.08163262158632278,0.09833023697137833,0.03,0.024,gap_take_profit,1,0,36,2025-04-01
2025-04-09,2881,68.58997344970703,0.7337164985823214,1,0.09986145794391632,0.09986145794391632,0.09986145794391632,0.09986145794391632,0.03,0.024,gap_take_profit,1,0,36,2025-04-01
2025-04-09,2882,46.94845199584961,0.7335823590823695,1,0.09898998588323593,0.09898998588323593,0.09090914577245712,0.09898998588323593,0.03,0.024,gap_take_profit,1,0,36,2025-04-01
2025-04-10,8222,52.030799865722656,0.2297003137428882,1,0.041666727513074875,0.06628792732954025,0.003787936409935355,0.007575829979032278,0.03,0.024,gap_take_profit,1,0,36,2025-04-01
2025-04-10,3434,47.0,0.22692804354273632,1,-0.06914893537759781,0.10000001639127731,-0.06914893537759781,0.10000001639127731,-0.06914893537759781,-0.07514893537759781,gap_stop,1,1,36,2025-04-01
2025-04-10,3081,232.16302490234375,0.2127888040870372,0,-0.09892474859952927,-0.032258085906505585,-0.09892474859952927,-0.053763460367918015,-0.09892474859952927,-0.10492474859952927,gap_stop,0,1,36,2025-04-01
2025-04-10,2313,46.62405014038086,0.21001021571810188,1,-0.08650878071784973,0.011328497901558876,-0.08753863722085953,0.004119466058909893,-0.08650878071784973,-0.09250878071784974,gap_stop,0,1,36,2025-04-01
2025-04-10,3379,44.46989440917969,0.209961390491108,1,-0.060066767036914825,0.041156794875860214,-0.08787544071674347,0.03781980648636818,-0.060066767036914825,-0.06606676703691483,gap_stop,1,1,36,2025-04-01
2025-04-10,4303,61.79999923706055,0.20871756290581808,1,-0.006472454871982336,0.09223302453756332,-0.07443363219499588,0.04854375123977661,-0.02,-0.026000000000000002,ambiguous_stop_loss,1,1,36,2025-04-01
2025-04-10,4541,43.58797073364258,0.20689520134976852,0,0.022547977045178413,0.037204157561063766,-0.0484779067337513,-0.03945879265666008,-0.02,-0.026000000000000002,ambiguous_stop_loss,1,1,36,2025-04-01
2025-04-10,3533,1122.2177734375,0.20686725907392964,0,-0.09956712275743484,-2.7792975032525646e-08,-0.09956712275743484,-0.017316045239567757,-0.09956712275743484,-0.10556712275743485,gap_stop,0,1,36,2025-04-01
2025-04-10,1477,248.33457946777344,0.20662018298789692,1,-0.01574805937707424,0.009842490777373314,-0.09842522442340851,0.007873986847698689,-0.02,-0.026000000000000002,stop_loss,0,1,36,2025-04-01
2025-04-10,4906,23.327585220336914,0.20597907821135014,1,-0.04646462947130203,0.018181852996349335,-0.0787879079580307,0.01414143294095993,-0.04646462947130203,-0.05246462947130203,gap_stop,0,1,36,2025-04-01
2025-04-10,4949,34.25,0.20585218667305058,0,-0.09489051252603531,-0.07299269735813141,-0.0992700606584549,-0.08905107527971268,-0.09489051252603531,-0.10089051252603531,gap_stop,0,1,36,2025-04-01
2025-04-10,3017,371.25201416015625,0.20572138946273846,1,-0.02403203397989273,0.09879840910434723,-0.07343123108148575,0.09879840910434723,-0.02403203397989273,-0.03003203397989273,gap_stop,1,1,36,2025-04-01
2025-04-10,6683,268.3283386230469,0.20572138946273846,0,-0.039783038198947906,-0.012658265419304371,-0.09945753961801529,-0.019891537725925446,-0.039783038198947906,-0.045783038198947905,gap_stop,0,1,36,2025-04-01
2025-04-10,6275,35.20000076293945,0.20572138946273846,1,-0.01704551838338375,0.028409089893102646,-0.0724431574344635,0.028409089893102646,-0.02,-0.026000000000000002,stop_loss,0,1,36,2025-04-01
2025-04-10,3289,89.68793487548828,0.20572138946273846,1,0.011052974499762058,0.07299930602312088,-0.022132571786642075,0.07299930602312088,-0.02,-0.026000000000000002,ambiguous_stop_loss,1,1,36,2025-04-01
2025-04-10,3324,430.309326171875,0.20572138946273846,1,-0.056128282099962234,0.09736541658639908,-0.09507444500923157,0.09736541658639908,-0.056128282099962234,-0.06212828209996223,gap_stop,1,1,36,2025-04-01
2025-04-10,9910,92.7367935180664,0.20572138946273846,1,0.02272723615169525,0.07954541593790054,-0.00413225032389164,0.0692148357629776,0.03,0.024,take_profit,1,0,36,2025-04-01
2025-04-10,3527,54.51988220214844,0.20572138946273846,1,-0.008896819315850735,0.05871882289648056,-0.03914594277739525,0.053380757570266724,-0.02,-0.026000000000000002,ambiguous_stop_loss,1,1,36,2025-04-01
2025-04-10,6215,65.14585876464844,0.20515988048943748,1,-0.0558912567794323,0.03021141327917576,-0.09969792515039444,0.024169210344552994,-0.0558912567794323,-0.061891256779432295,gap_stop,1,1,36,2025-04-01
2025-04-10,6862,115.8692626953125,0.2051408106036118,0,-0.04132230207324028,-0.008264451287686825,-0.09917354583740234,-0.008264451287686825,-0.04132230207324028,-0.04732230207324028,gap_stop,0,1,36,2025-04-01
2025-04-11,4909,61.81436538696289,0.8435387638412631,1,0.03264092653989792,0.06824926286935806,0.010385734960436821,0.02373887412250042,0.03,0.024,gap_take_profit,1,0,36,2025-04-01
2025-04-11,2530,32.06283187866211,0.8434936600247069,1,0.018237117677927017,0.039513736963272095,0.0030395493377000093,0.013677801005542278,0.03,0.024,take_profit,1,0,36,2025-04-01
2025-04-11,1526,18.299999237060547,0.8409980872021735,1,0.0027323029935359955,0.08196721971035004,0.0027323029935359955,0.010929004289209843,0.03,0.024,take_profit,1,0,36,2025-04-01
2025-04-11,6425,43.717777252197266,0.8407212702290012,1,0.04026845470070839,0.09955260902643204,0.029082773253321648,0.09955260902643204,0.03,0.024,gap_take_profit,1,0,36,2025-04-01
2025-04-11,2429,40.150001525878906,0.8405598814356877,1,0.021170571446418762,0.09962639957666397,0.021170571446418762,0.09962639957666397,0.03,0.024,take_profit,1,0,36,2025-04-01
2025-04-11,3230,37.09267807006836,0.8404617726435034,1,0.014725684188306332,0.03882201015949249,-0.005354638677090406,0.014725684188306332,0.03,0.024,take_profit,1,0,36,2025-04-01
2025-04-11,3207,72.19999694824219,0.8401968363484198,1,0.03047097846865654,0.08033245801925659,0.018005583435297012,0.05401664227247238,0.03,0.024,gap_take_profit,1,0,36,2025-04-01
2025-04-11,6679,185.34564208984375,0.8401968363484198,1,0.046391744166612625,0.0850515365600586,0.03865978494286537,0.04896906390786171,0.03,0.024,gap_take_profit,1,0,36,2025-04-01
2025-04-11,2006,63.29999923706055,0.8393846239483345,1,0.006319139618426561,0.028436006978154182,-0.0031595698092132807,0.0015798150561749935,0.0015798150561749935,-0.004420184943825007,close,0,0,36,2025-04-01
2025-04-11,1569,57.599998474121094,0.8392953768584075,1,0.07638891786336899,0.07638891786336899,0.02430558204650879,0.0347222238779068,0.03,0.024,gap_take_profit,1,0,36,2025-04-01
2025-04-11,6237,32.0427360534668,0.8391832150222901,1,0.04806199669837952,0.08527132123708725,0.023255817592144012,0.026356546208262444,0.03,0.024,gap_take_profit,1,0,36,2025-04-01
2025-04-11,6167,10.00395679473877,0.8381492131644889,1,0.014778321608901024,0.06403940171003342,0.004926067311316729,0.004926067311316729,0.03,0.024,take_profit,1,0,36,2025-04-01
2025-04-11,6890,273.5400085449219,0.8376063027908084,0,-0.033687982708215714,0.035460952669382095,-0.049645427614450455,-0.031914934515953064,-0.033687982708215714,-0.03968798270821571,gap_stop,1,1,36,2025-04-01
2025-04-11,6234,19.700000762939453,0.8374828256943464,1,0.02284258045256138,0.07614213228225708,0.015228386968374252,0.02284258045256138,0.03,0.024,take_profit,1,0,36,2025-04-01
2025-04-11,3060,19.608558654785156,0.8373415028895256,1,0.030075090005993843,0.07769417017698288,0.017543762922286987,0.05263151600956917,0.03,0.024,gap_take_profit,1,0,36,2025-04-01
2025-04-11,1466,12.949999809265137,0.8371658988733085,1,-0.007721963804215193,0.03088807500898838,-0.019305018708109856,0.007722037378698587,0.03,0.024,take_profit,1,0,36,2025-04-01
2025-04-11,3219,25.84813690185547,0.8370758024505667,1,0.03846153989434242,0.10000001639127731,0.03846153989434242,0.10000001639127731,0.03,0.024,gap_take_profit,1,0,36,2025-04-01
2025-04-11,2537,10.25,0.8370640587448571,1,0.019512176513671875,0.05853662267327309,0.0,0.01463410910218954,0.03,0.024,take_profit,1,0,36,2025-04-01
2025-04-11,3709,28.630807876586914,0.8368987936682015,1,0.03056025691330433,0.08149404078722,0.0016977657796815038,0.03565362095832825,0.03,0.024,gap_take_profit,1,0,36,2025-04-01
2025-04-11,6901,21.299999237060547,0.8368428120536854,1,0.02582165040075779,0.07511739432811737,0.009389707818627357,0.021126797422766685,0.03,0.024,take_profit,1,0,36,2025-04-01
2025-04-14,8111,37.249046325683594,0.8099130269531757,1,0.01846960373222828,0.09894461929798126,0.015831122174859047,0.09894461929798126,0.03,0.024,take_profit,1,0,36,2025-04-01
2025-04-14,6668,31.350000381469727,0.8087715381947577,1,0.00637954892590642,0.07177027314901352,0.00637954892590642,0.06698565930128098,0.03,0.024,take_profit,1,0,36,2025-04-01
2025-04-14,6890,264.80999755859375,0.8085145232197611,1,0.02564103528857231,0.09890110790729523,0.020146530121564865,0.09890110790729523,0.03,0.024,take_profit,1,0,36,2025-04-01
2025-04-14,5245,19.649999618530273,0.8083923251345791,1,0.017811724916100502,0.08142495900392532,0.017811724916100502,0.08142495900392532,0.03,0.024,take_profit,1,0,36,2025-04-01
2025-04-14,3227,189.0,0.806989436845473,1,0.018518518656492233,0.07671957463026047,0.01587301678955555,0.06084655970335007,0.03,0.024,take_profit,1,0,36,2025-04-01
2025-04-14,3450,187.561767578125,0.8061153336804998,1,0.01861703395843506,0.09840426594018936,0.013297884725034237,0.09840426594018936,0.03,0.024,take_profit,1,0,36,2025-04-01
2025-04-14,6670,282.3587341308594,0.8060612113417108,1,0.013266929425299168,0.05140954628586769,0.013266929425299168,0.03316742554306984,0.03,0.024,take_profit,1,0,36,2025-04-01
2025-04-14,6147,54.62193298339844,0.8059389834968942,1,0.01202748715877533,0.017182113602757454,0.005154609214514494,0.010309235192835331,0.010309235192835331,0.004309235192835331,close,0,0,36,2025-04-01
2025-04-14,2330,861.3450317382812,0.8057834141249457,1,0.010404677130281925,0.01618502475321293,5.2195833433188454e-08,0.013872885145246983,0.013872885145246983,0.007872885145246982,close,0,0,36,2025-04-01
2025-04-14,3390,20.585914611816406,0.8051045815078032,1,0.016203731298446655,0.03703701123595238,0.01157408393919468,0.03240736573934555,0.03,0.024,take_profit,1,0,36,2025-04-01
2025-04-14,3563,379.6753234863281,0.8048668086892248,1,0.01827683486044407,0.0953003391623497,0.01827683486044407,0.08746743947267532,0.03,0.024,take_profit,1,0,36,2025-04-01
2025-04-14,2006,63.400001525878906,0.8047588543504808,1,0.007886434905230999,0.02365930564701557,0.0015772629994899035,0.015772869810461998,0.015772869810461998,0.009772869810461998,close,0,0,36,2025-04-01
2025-04-14,9802,92.5,0.8047287469092468,1,0.006486469879746437,0.08648648858070374,0.006486469879746437,0.06594593077898026,0.03,0.024,take_profit,1,0,36,2025-04-01
2025-04-14,6221,56.29999923706055,0.8044154179477961,1,0.012433405965566635,0.08348136395215988,0.003552411450073123,0.065719373524189,0.03,0.024,take_profit,1,0,36,2025-04-01
2025-04-14,4523,28.700000762939453,0.8043241521630077,1,0.022648070007562637,0.045296140015125275,0.006968601141124964,0.03832747042179108,0.03,0.024,take_profit,1,0,36,2025-04-01
2025-04-14,4938,73.7684326171875,0.804224170684386,1,-0.0025641333777457476,0.017948666587471962,-0.00641032587736845,0.005128154065459967,0.005128154065459967,-0.0008718459345400335,close,0,0,36,2025-04-01
2025-04-14,8210,221.66091918945312,0.804224170684386,1,0.011111114174127579,0.04222222417593002,0.011111114174127579,0.031111113727092743,0.03,0.024,take_profit,1,0,36,2025-04-01
2025-04-14,6485,50.708648681640625,0.8034995440699987,1,0.011718710884451866,0.06445310264825821,0.011718710884451866,0.05078120902180672,0.03,0.024,take_profit,1,0,36,2025-04-01
2025-04-14,6209,23.600000381469727,0.8026558929496268,1,0.01483052410185337,0.0656779333949089,0.01271183229982853,0.050847407430410385,0.03,0.024,take_profit,1,0,36,2025-04-01
2025-04-14,6291,75.9000015258789,0.8015347278904416,1,-0.0013175029307603836,0.06587614864110947,-0.0013175029307603836,0.04084319248795509,0.03,0.024,take_profit,1,0,36,2025-04-01
2025-04-15,3128,23.022735595703125,0.6449406079292831,1,0.08267726749181747,0.09842526912689209,0.04724419116973877,0.06299219280481339,0.03,0.024,gap_take_profit,1,0,36,2025-04-01
2025-04-15,6189,52.12868881225586,0.6410159247601394,1,0.09609614312648773,0.09909913688898087,0.05405410751700401,0.08408410102128983,0.03,0.024,gap_take_profit,1,0,36,2025-04-01
2025-04-15,6130,32.20000076293945,0.632775307958151,1,0.09627324342727661,0.09937890619039536,0.029503129422664642,0.09937890619039536,0.03,0.024,gap_take_profit,1,0,36,2025-04-01
2025-04-15,3219,31.26630401611328,0.6315487899962171,1,0.04292519390583038,0.0953894704580307,0.017488017678260803,0.033386267721652985,0.03,0.024,gap_take_profit,1,0,36,2025-04-01
2025-04-15,8072,39.455135345458984,0.6240031193763665,0,0.050868477672338486,0.08684864640235901,-0.06947888433933258,-0.06947888433933258,0.03,0.024,gap_take_profit,1,1,36,2025-04-01
2025-04-15,1524,33.40970230102539,0.6223123402072948,1,0.07152870297431946,0.07433371245861053,0.012622611597180367,0.02664785645902157,0.03,0.024,gap_take_profit,1,0,36,2025-04-01
2025-04-15,2474,185.57704162597656,0.6221863600785859,1,1.0461003174810912e-09,0.020725389942526817,1.0461003174810912e-09,0.018134716898202896,0.018134716898202896,0.012134716898202896,close,0,0,36,2025-04-01
2025-04-15,2633,25.523683547973633,0.6219466232966893,0,-0.005660344380885363,1.87977349241919e-08,-0.015094306319952011,-0.011320707388222218,-0.011320707388222218,-0.017320707388222216,close,0,0,36,2025-04-01
2025-04-15,3034,473.78277587890625,0.6210027299079859,0,-0.0039999703876674175,-0.002999970456585288,-0.01799997128546238,-0.01799997128546238,-0.01799997128546238,-0.023999971285462378,close,0,0,36,2025-04-01
2025-04-15,3325,14.949999809265137,0.6187120397177743,0,-0.010033419355750084,-0.0033444943837821484,-0.05016722530126572,-0.030100321397185326,-0.02,-0.026000000000000002,stop_loss,0,1,36,2025-04-01
2025-04-15,2466,95.30000305175781,0.6186804368230808,1,0.012591782957315445,0.09653721749782562,0.012591782957315445,0.09653721749782562,0.03,0.024,take_profit,1,0,36,2025-04-01
2025-04-15,8096,59.577842712402344,0.6186292889358349,0,0.0033167838118970394,0.031509168446063995,-0.04643446207046509,-0.039800938218832016,-0.02,-0.026000000000000002,ambiguous_stop_loss,1,1,36,2025-04-01
2025-04-15,1216,72.85755920410156,0.6174019924478099,1,-0.006613788660615683,0.015873044729232788,-0.011904814280569553,0.015873044729232788,0.015873044729232788,0.009873044729232788,close,0,0,36,2025-04-01
2025-04-15,8068,22.049999237060547,0.616661418901433,0,0.0,0.024943362921476364,-0.013605408370494843,-0.006802704185247421,-0.006802704185247421,-0.012802704185247421,close,0,0,36,2025-04-01
2025-04-15,4977,90.50464630126953,0.6156655504603493,0,-0.0021552019752562046,0.0032327291555702686,-0.04741378873586655,-0.04741378873586655,-0.02,-0.026000000000000002,stop_loss,0,1,36,2025-04-01
2025-04-15,6664,170.41700744628906,0.6155657039920065,0,-0.011236006394028664,-0.0028090409468859434,-0.028089938685297966,-0.025280950590968132,-0.02,-0.026000000000000002,stop_loss,0,1,36,2025-04-01
2025-04-15,7714,97.48965454101562,0.615393359725705,1,0.008064517751336098,0.08366935700178146,-0.03629033640027046,0.02822580747306347,-0.02,-0.026000000000000002,ambiguous_stop_loss,1,1,36,2025-04-01
2025-04-15,4931,73.76803588867188,0.6153144859917048,0,0.035856496542692184,0.07038502395153046,-0.014608346857130527,-0.014608346857130527,0.03,0.024,gap_take_profit,1,0,36,2025-04-01
2025-04-15,6877,72.55260467529297,0.6145632921900869,0,0.001251601381227374,0.023779714480042458,-0.0362953245639801,-0.028785917907953262,-0.02,-0.026000000000000002,stop_loss,0,1,36,2025-04-01
2025-04-15,4903,26.649999618530273,0.6145319369199451,1,0.028142590075731277,0.04315195605158806,-0.009380863048136234,0.0075047193095088005,0.03,0.024,take_profit,1,0,36,2025-04-01
2025-04-16,3434,68.5999984741211,0.42145096255746745,0,0.08163262903690338,0.09183678030967712,-0.09912535548210144,-0.09912535548210144,0.03,0.024,gap_take_profit,1,1,36,2025-04-01
2025-04-16,6148,65.30000305175781,0.3967029453468081,0,0.032159239053726196,0.06738121807575226,-0.09188366681337357,-0.07503830641508102,0.03,0.024,gap_take_profit,1,1,36,2025-04-01
2025-04-16,6547,48.25,0.39003322144094943,1,0.014507788233458996,0.08186530321836472,-0.019689135253429413,0.05699481815099716,0.03,0.024,take_profit,1,0,36,2025-04-01
2025-04-16,4949,39.29999923706055,0.3892876171688282,0,0.0012722451938316226,0.09669209271669388,-0.07379129528999329,-0.02035621553659439,-0.02,-0.026000000000000002,ambiguous_stop_loss,1,1,36,2025-04-01
2025-04-16,6499,46.20000076293945,0.38898251955597335,1,-0.00865804124623537,0.049783531576395035,-0.020562786608934402,0.023809490725398064,-0.02,-0.026000000000000002,ambiguous_stop_loss,1,1,36,2025-04-01
2025-04-16,1515,31.797822952270508,0.3859600378599136,0,0.003039495088160038,0.012158012948930264,-0.057750776410102844,-0.03343469277024269,-0.02,-0.026000000000000002,stop_loss,0,1,36,2025-04-01
2025-04-16,3466,38.400001525878906,0.3819475684471999,1,0.010416606441140175,0.08854160457849503,0.005208253860473633,0.0585937462747097,0.03,0.024,take_profit,1,0,36,2025-04-01
2025-04-16,6550,36.599998474121094,0.38042253923063957,1,0.09972681850194931,0.09972681850194931,0.054644811898469925,0.09972681850194931,0.03,0.024,gap_take_profit,1,0,36,2025-04-01
2025-04-16,6130,35.400001525878906,0.37950927333736584,1,0.012711777351796627,0.08898298442363739,0.011299369856715202,0.04802251234650612,0.03,0.024,take_profit,1,0,36,2025-04-01
2025-04-16,4541,50.418556213378906,0.3754420800827212,0,0.023391861468553543,0.05068233981728554,-0.08869391679763794,-0.03996096923947334,-0.02,-0.026000000000000002,ambiguous_stop_loss,1,1,36,2025-04-01
2025-04-16,8222,58.92882537841797,0.3752321075628667,0,0.041805971413850784,0.07357850670814514,-0.09698999673128128,-0.06856188923120499,0.03,0.024,gap_take_profit,1,1,36,2025-04-01
2025-04-16,2243,12.949999809265137,0.37074234126768807,1,0.05405404046177864,0.07335905730724335,-0.06949803978204727,0.0038610186893492937,0.03,0.024,gap_take_profit,1,1,36,2025-04-01
2025-04-16,7402,92.15216827392578,0.3669379754012211,0,-0.02016972377896309,-0.0042461552657186985,-0.09978756308555603,-0.09978756308555603,-0.02016972377896309,-0.026169723778963087,gap_stop,0,1,36,2025-04-01
2025-04-16,2466,104.5,0.36674210312705724,1,-0.03349282220005989,0.07655502110719681,-0.09952154755592346,0.038277510553598404,-0.03349282220005989,-0.03949282220005989,gap_stop,1,1,36,2025-04-01
2025-04-16,8255,122.5,0.3588815033512207,0,0.004081632476300001,0.01224489789456129,-0.0367346927523613,-0.004081632476300001,-0.02,-0.026000000000000002,stop_loss,0,1,36,2025-04-01
2025-04-16,4909,76.48839569091797,0.35727237513999394,0,-0.0011989331105723977,0.0935252234339714,-0.05995195358991623,-0.04196634143590927,-0.02,-0.026000000000000002,ambiguous_stop_loss,1,1,36,2025-04-01
2025-04-16,2314,11.899999618530273,0.3572038608512298,1,0.05042020231485367,0.05042020231485367,-0.058823514729738235,0.008403393439948559,0.03,0.024,gap_take_profit,1,1,36,2025-04-01
2025-04-16,8155,109.53710174560547,0.35117262474050054,0,0.008849577978253365,0.008849577978253365,-0.03982298821210861,-0.008849537931382656,-0.02,-0.026000000000000002,stop_loss,0,1,36,2025-04-01
2025-04-16,8210,219.6905975341797,0.34701126009425715,1,1.6865651097930368e-09,0.029147984459996223,-0.004484303295612335,0.01569506898522377,0.01569506898522377,0.00969506898522377,close,0,0,36,2025-04-01
2025-04-16,6153,11.149999618530273,0.3467022926126703,1,0.0,0.022421525791287422,-0.008968559093773365,0.022421525791287422,0.022421525791287422,0.016421525791287424,close,0,0,36,2025-04-01
2025-04-17,1586,26.700000762939453,0.6359463746035456,1,0.009363295510411263,0.011235926300287247,0.0018726305570453405,0.003745261114090681,0.003745261114090681,-0.002254738885909319,close,0,0,36,2025-04-01
2025-04-17,2228,81.95330810546875,0.633873496362713,1,0.06077348068356514,0.08287292718887329,0.028729265555739403,0.0441988967359066,0.03,0.024,gap_take_profit,1,0,36,2025-04-01
2025-04-17,8942,47.0635871887207,0.6335159533582008,1,0.010277541354298592,0.010277541354298592,-0.003083229763433337,0.004110983572900295,0.004110983572900295,-0.0018890164270997049,close,0,0,36,2025-04-01
2025-04-17,2892,23.712358474731445,0.6327584576847071,0,1.0175829956438065e-08,0.003984070383012295,-0.003984049893915653,-0.0019920198246836662,-0.0019920198246836662,-0.007992019824683666,close,0,0,36,2025-04-01
2025-04-17,2885,27.99594497680664,0.6320281131052662,0,0.00826443824917078,0.00991733931005001,-0.001652900711633265,0.0,0.0,-0.006,close,0,0,36,2025-04-01
2025-04-17,2472,65.5033187866211,0.6315178293769342,1,0.02202642895281315,0.049926597625017166,0.005873733665794134,0.02055802196264267,0.03,0.024,take_profit,1,0,36,2025-04-01
2025-04-17,3040,43.159446716308594,0.6310494055703476,0,0.009122057817876339,0.017103780061006546,-0.007981705479323864,-0.002280451124534011,-0.002280451124534011,-0.008280451124534011,close,0,0,36,2025-04-01
2025-04-17,6205,44.69112014770508,0.6298484518113994,1,0.012959074229001999,0.0215983334928751,0.00323983421549201,0.008639402687549591,0.008639402687549591,0.002639402687549591,close,0,0,36,2025-04-01
2025-04-17,2886,35.91209411621094,0.6285467048497091,1,0.009383391588926315,0.009383391588926315,-0.005361998453736305,0.0067023648880422115,0.0067023648880422115,0.0007023648880422114,close,0,0,36,2025-04-01
2025-04-17,2883,14.729022026062012,0.6276468526014981,1,0.0032154491636902094,0.012861726805567741,-0.0032154435757547617,0.0032154491636902094,0.0032154491636902094,-0.0027845508363097907,close,0,0,36,2025-04-01
2025-04-17,2881,75.724853515625,0.6262880161849578,0,0.005025136284530163,0.008794018998742104,-0.0012562707997858524,-0.0012562707997858524,-0.0012562707997858524,-0.0072562707997858526,close,0,0,36,2025-04-01
2025-04-17,1402,30.559892654418945,0.6245272379566073,0,-0.0015552834374830127,0.004665580112487078,-0.009331273846328259,-0.004665655549615622,-0.004665655549615622,-0.010665655549615622,close,0,0,36,2025-04-01
2025-04-17,6113,20.153282165527344,0.6232145887965664,1,0.0121654337272048,0.09975673258304596,0.0121654337272048,0.09975673258304596,0.03,0.024,take_profit,1,0,36,2025-04-01
2025-04-17,1101,28.227630615234375,0.6228448699727979,0,-0.0017036633798852563,-0.0017036633798852563,-0.01362865325063467,-0.01362865325063467,-0.01362865325063467,-0.01962865325063467,close,0,0,36,2025-04-01
2025-04-17,4523,29.25,0.6224807324749109,1,0.0034188164863735437,0.011965825222432613,-0.0034188164863735437,0.0017093756468966603,0.0017093756468966603,-0.00429062435310334,close,0,0,36,2025-04-01
2025-04-17,4534,18.850000381469727,0.6222330070557679,0,0.013262598775327206,0.029177676886320114,-0.0026525806169956923,0.0,0.0,-0.006,close,0,0,36,2025-04-01
2025-04-17,1440,11.433079719543457,0.6216303450824049,1,0.004273528698831797,0.008547049947082996,-0.008546951226890087,0.004273528698831797,0.004273528698831797,-0.0017264713011682035,close,0,0,36,2025-04-01
2025-04-17,2105,46.1710205078125,0.6211652393853176,1,-0.001027792226523161,0.016443992033600807,-0.001027792226523161,0.01541625801473856,0.01541625801473856,0.00941625801473856,close,0,0,36,2025-04-01
2025-04-17,4542,57.400001525878906,0.6210797737432276,0,0.0,0.0,-0.026132402941584587,-0.026132402941584587,-0.02,-0.026000000000000002,stop_loss,0,1,36,2025-04-01
2025-04-17,2548,90.61981964111328,0.6210350980299298,1,-5.693891580449417e-08,0.01990044303238392,-0.0049751619808375835,0.014925338327884674,0.014925338327884674,0.008925338327884674,close,0,0,36,2025-04-01
2025-04-18,4542,55.900001525878906,0.6139901687921852,0,-0.0322004109621048,-0.001788949710316956,-0.09838997572660446,-0.09838997572660446,-0.0322004109621048,-0.038200410962104796,gap_stop,0,1,36,2025-04-01
2025-04-18,1569,50.599998474121094,0.6137338571815636,0,0.0,0.0019763298332691193,-0.09980235993862152,-0.09980235993862152,-0.02,-0.026000000000000002,stop_loss,0,1,36,2025-04-01
2025-04-18,1903,44.650001525878906,0.612680366943593,0,0.012318011373281479,0.012318011373281479,-0.029115408658981323,-0.02687571570277214,-0.02,-0.026000000000000002,stop_loss,0,1,36,2025-04-01
2025-04-18,2006,62.5,0.6119116779435403,0,0.00800000037997961,0.02240002527832985,-0.006400024518370628,-0.006400024518370628,-0.006400024518370628,-0.012400024518370628,close,0,0,36,2025-04-01
2025-04-18,3045,108.98008728027344,0.6116834929908841,0,-0.0044052861630916595,0.017621144652366638,-0.0044052861630916595,0.0,0.0,-0.006,close,0,0,36,2025-04-01
2025-04-18,6823,40.5,0.6115058200760185,0,-0.009876580908894539,-0.009876580908894539,-0.022222260013222694,-0.022222260013222694,-0.02,-0.026000000000000002,stop_loss,0,1,36,2025-04-01
2025-04-18,2420,48.904762268066406,0.6113105882299217,0,1.2771052659843463e-08,1.2771052659843463e-08,-0.03461535647511482,-0.03461535647511482,-0.02,-0.026000000000000002,stop_loss,0,1,36,2025-04-01
2025-04-18,2428,118.60811614990234,0.6106206579720393,0,0.004048610106110573,0.004048610106110573,-0.07692304998636246,-0.06072871759533882,-0.02,-0.026000000000000002,stop_loss,0,1,36,2025-04-01
2025-04-18,3138,76.29147338867188,0.6099621531923286,0,0.003812015289440751,0.003812015289440751,-0.024142203852534294,-0.016518335789442062,-0.02,-0.026000000000000002,stop_loss,0,1,36,2025-04-01
2025-04-18,3511,21.200000762939453,0.6099501454920268,0,0.02594335936009884,0.028301814571022987,-0.007075543515384197,-0.004716998897492886,-0.004716998897492886,-0.010716998897492886,close,0,0,36,2025-04-01
2025-04-18,4912,79.54430389404297,0.6095301982691733,0,0.010714220814406872,0.010714220814406872,-0.06071426719427109,-0.04761907830834389,-0.02,-0.026000000000000002,stop_loss,0,1,36,2025-04-01
2025-04-18,1101,27.842926025390625,0.6094791158168964,0,0.008635626174509525,0.008635626174509525,-0.008635531179606915,-0.008635531179606915,-0.008635531179606915,-0.014635531179606915,close,0,0,36,2025-04-01
2025-04-18,8415,31.88298988342285,0.6089046515351799,0,-0.010494745336472988,-0.005996948108077049,-0.023988021537661552,-0.007496289908885956,-0.02,-0.026000000000000002,stop_loss,0,1,36,2025-04-01
2025-04-18,4904,86.0999984741211,0.6088900657060183,0,0.0,0.010452979244291782,-0.009291468188166618,-0.0011614224640652537,-0.0011614224640652537,-0.007161422464065254,close,0,0,36,2025-04-01
2025-04-18,2408,35.29999923706055,0.6084394274377294,1,0.001416409038938582,0.0991501435637474,-0.007082153111696243,0.0991501435637474,0.03,0.024,take_profit,1,0,36,2025-04-01
2025-04-18,6209,23.549999237060547,0.6079797680734997,0,0.004246301017701626,0.016985204070806503,-0.03609335422515869,-0.033970244228839874,-0.02,-0.026000000000000002,stop_loss,0,1,36,2025-04-01
2025-04-18,6469,133.3568115234375,0.6076874040222887,0,6.521983664242725e-08,6.521983664242725e-08,-0.029126150533556938,-0.029126150533556938,-0.02,-0.026000000000000002,stop_loss,0,1,36,2025-04-01
2025-04-18,1216,72.18295288085938,0.6072897284374214,0,0.005340477917343378,0.009345756843686104,-0.0053404709324240685,-0.002670284593477845,-0.002670284593477845,-0.008670284593477845,close,0,0,36,2025-04-01
2025-04-18,2504,36.60330581665039,0.6068826820202725,0,2.747906613365103e-08,0.006393889896571636,-0.011508846655488014,-0.006393834948539734,-0.006393834948539734,-0.012393834948539734,close,0,0,36,2025-04-01
2025-04-18,2501,17.781007766723633,0.6068612655882534,0,-0.005333351902663708,0.005333355627954006,-0.02400003932416439,-0.02133331075310707,-0.02,-0.026000000000000002,stop_loss,0,1,36,2025-04-01
2025-04-21,8088,29.519683837890625,0.5281759534691067,1,0.05175293982028961,0.09849756211042404,0.011686135083436966,0.02504177950322628,0.03,0.024,gap_take_profit,1,0,36,2025-04-01
2025-04-21,2472,63.0986442565918,0.5262731246289231,1,-0.0015243503730744123,0.030487822368741035,-0.0030487175099551678,0.006097601260989904,0.03,0.024,take_profit,1,0,36,2025-04-01
2025-04-21,3685,10.649999618530273,0.5262731246289231,1,0.014084561727941036,0.03755874186754227,0.004694853909313679,0.023474179208278656,0.03,0.024,take_profit,1,0,36,2025-04-01
2025-04-21,2408,38.79999923706055,0.5253368968294542,1,0.010309318080544472,0.06185571104288101,-0.015463878400623798,0.014175238087773323,0.03,0.024,take_profit,1,0,36,2025-04-01
2025-04-21,9955,31.399999618530273,0.5248055195160565,1,0.06687899678945541,0.09872613102197647,0.06687899678945541,0.09872613102197647,0.03,0.024,gap_take_profit,1,0,36,2025-04-01
2025-04-21,5269,1515.425537109375,0.5207927336945491,0,-0.0032467672135680914,0.032467518001794815,-0.0324675478041172,-0.0324675478041172,-0.02,-0.026000000000000002,ambiguous_stop_loss,1,1,36,2025-04-01
2025-04-21,6861,44.72756576538086,0.5202206238520651,0,-0.006479417439550161,0.006479513831436634,-0.029157588258385658,-0.01835845224559307,-0.02,-0.026000000000000002,stop_loss,0,1,36,2025-04-01
2025-04-21,8155,98.87419891357422,0.5181143962398325,0,-0.00980396382510662,0.01470583863556385,-0.03823535144329071,-0.037254974246025085,-0.02,-0.026000000000000002,stop_loss,0,1,36,2025-04-01
2025-04-21,6187,220.5,0.517745416270208,0,-0.011337868869304657,0.011337868869304657,-0.03628117963671684,-0.02947845868766308,-0.02,-0.026000000000000002,stop_loss,0,1,36,2025-04-01
2025-04-21,2428,111.40519714355469,0.517322968443241,1,-3.7982328393582065e-08,0.04741375148296356,-3.7982328393582065e-08,0.025862030684947968,0.03,0.024,take_profit,1,0,36,2025-04-01
2025-04-21,8255,123.0,0.5148535410136321,0,-0.024390242993831635,0.012195121496915817,-0.024390242993831635,-0.016260161995887756,-0.024390242993831635,-0.030390242993831633,gap_stop,0,1,36,2025-04-01
2025-04-21,6683,256.6829833984375,0.5140469638049577,0,-0.007561436854302883,0.026465028524398804,-0.03213610500097275,0.0,-0.02,-0.026000000000000002,stop_loss,0,1,36,2025-04-01
2025-04-21,8089,46.49161911010742,0.5137828144480094,0,-0.025925949215888977,0.011111106723546982,-0.03703704848885536,-0.03703704848885536,-0.025925949215888977,-0.031925949215888975,gap_stop,0,1,36,2025-04-01
2025-04-21,5258,57.74300003051758,0.5127172726969147,1,-0.013377905823290348,0.03678932040929794,-0.013377905823290348,0.023411406204104424,0.03,0.024,take_profit,1,0,36,2025-04-01
2025-04-21,6133,13.25,0.5111470601556577,1,-0.02641512267291546,0.015094324946403503,-0.02641512267291546,0.003773599397391081,-0.02641512267291546,-0.03241512267291546,gap_stop,0,1,36,2025-04-01
2025-04-21,3548,113.5,0.508569491877512,0,-0.04845815151929855,0.008810572326183319,-0.04845815151929855,-0.017621144652366638,-0.04845815151929855,-0.05445815151929855,gap_stop,0,1,36,2025-04-01
2025-04-21,3705,61.47418975830078,0.5079023280818005,0,0.0015479640569537878,0.023219814524054527,-0.02167179249227047,0.0,-0.02,-0.026000000000000002,stop_loss,0,1,36,2025-04-01
2025-04-21,6127,16.200000762939453,0.5078623504120374,0,-0.024691391736268997,0.01234560739248991,-0.030864255502820015,-0.012345725670456886,-0.024691391736268997,-0.030691391736268996,gap_stop,0,1,36,2025-04-01
2025-04-21,6134,18.26363754272461,0.5078623504120374,0,-0.016260284930467606,0.01355007290840149,-0.016260284930467606,-0.005420135799795389,-0.005420135799795389,-0.01142013579979539,close,0,0,36,2025-04-01
2025-04-21,2329,30.212217330932617,0.5069516947084745,0,-0.03554122522473335,0.006461980286985636,-0.03554122522473335,-0.011308591812849045,-0.03554122522473335,-0.04154122522473335,gap_stop,0,1,36,2025-04-01
2025-04-22,4174,45.400001525878906,0.7955353333998807,1,0.03744486719369888,0.03964756056666374,0.01982373744249344,0.031938258558511734,0.03,0.024,gap_take_profit,1,0,36,2025-04-01
2025-04-22,2385,134.12091064453125,0.7931099675377177,1,0.024390289559960365,0.04181189090013504,0.013937327079474926,0.04181189090013504,0.03,0.024,take_profit,1,0,36,2025-04-01
2025-04-22,2328,31.634382247924805,0.7930715677000594,1,0.04307694733142853,0.09538454562425613,0.03999995440244675,0.07999993115663528,0.03,0.024,gap_take_profit,1,0,36,2025-04-01
2025-04-22,3078,66.4000015258789,0.7925122749678822,1,0.03162648156285286,0.05120484158396721,0.02560236304998398,0.04216860607266426,0.03,0.024,gap_take_profit,1,0,36,2025-04-01
2025-04-22,8155,95.19064331054688,0.79110201048225,1,0.04887986183166504,0.099796362221241,0.043788209557533264,0.099796362221241,0.03,0.024,gap_take_profit,1,0,36,2025-04-01
2025-04-22,2453,53.31999969482422,0.7909224911477964,1,0.03763447701931,0.09139791876077652,0.03225807845592499,0.07168461382389069,0.03,0.024,gap_take_profit,1,0,36,2025-04-01
2025-04-22,3563,338.53558349609375,0.7905970954204431,1,0.054172780364751816,0.09956077486276627,0.042459748685359955,0.09956077486276627,0.03,0.024,gap_take_profit,1,0,36,2025-04-01
2025-04-22,5522,56.410648345947266,0.7904164135571725,0,0.010291598737239838,0.02915949560701847,-0.003430580487474799,-0.0017152753425762057,-0.0017152753425762057,-0.007715275342576206,close,0,0,36,2025-04-01
2025-04-22,3035,184.85794067382812,0.790330209476573,0,0.02127658762037754,0.023936161771416664,-0.06382979452610016,-0.053191497921943665,-0.02,-0.026000000000000002,stop_loss,0,1,36,2025-04-01
2025-04-22,1736,164.1656036376953,0.7895700921965743,1,0.0385756716132164,0.050445109605789185,0.008902081288397312,0.02967359498143196,0.03,0.024,gap_take_profit,1,0,36,2025-04-01
2025-04-22,5515,25.426372528076172,0.7895005826284783,1,0.01992754638195038,0.01992754638195038,0.005434805992990732,0.016304343938827515,0.016304343938827515,0.010304343938827515,close,0,0,36,2025-04-01
2025-04-22,9906,82.0,0.7893615395650888,1,0.018292682245373726,0.03170729801058769,0.012195121496915817,0.017073189839720726,0.03,0.024,take_profit,1,0,36,2025-04-01
2025-04-22,4958,87.10877990722656,0.7885502752271202,1,0.02302643284201622,0.040570277720689774,0.021929873153567314,0.03947380185127258,0.03,0.024,take_profit,1,0,36,2025-04-01
2025-04-22,6146,158.0281982421875,0.7883657201502122,1,0.020958073437213898,0.03592813387513161,0.020958073437213898,0.03592813387513161,0.03,0.024,take_profit,1,0,36,2025-04-01
2025-04-22,2458,111.0,0.7882151073867305,1,0.03153153136372566,0.054054055362939835,0.022522522136569023,0.04954954981803894,0.03,0.024,gap_take_profit,1,0,36,2025-04-01
2025-04-22,3034,452.93634033203125,0.7880850665457881,1,0.020920488983392715,0.04811714217066765,0.018828438594937325,0.021966513246297836,0.03,0.024,take_profit,1,0,36,2025-04-01
2025-04-22,2634,43.60420608520508,0.787758119957987,1,0.017758086323738098,0.0432853139936924,0.016648225486278534,0.023307476192712784,0.03,0.024,take_profit,1,0,36,2025-04-01
2025-04-22,2545,44.643714904785156,0.787289582520105,1,0.022494882345199585,0.03885478526353836,0.014314891770482063,0.02658487670123577,0.03,0.024,take_profit,1,0,36,2025-04-01
2025-04-22,2454,1274.903564453125,0.7870068553616254,1,0.03076915815472603,0.057692233473062515,0.03076915815472603,0.0538460798561573,0.03,0.024,gap_take_profit,1,0,36,2025-04-01
2025-04-22,6290,67.69999694824219,0.7869150989069147,1,0.020679492503404617,0.04579034447669983,0.020679492503404617,0.03840481862425804,0.03,0.024,take_profit,1,0,36,2025-04-01
2025-04-23,3213,83.88995361328125,0.7866125285035794,0,0.019101114943623543,0.019101114943623543,-0.005617952439934015,-0.0033707953989505768,-0.0033707953989505768,-0.009370795398950577,close,0,0,36,2025-04-01
2025-04-23,6668,32.400001525878906,0.7807991490339834,1,0.01543209794908762,0.01543209794908762,-0.006172862835228443,0.009259235113859177,0.009259235113859177,0.0032592351138591765,close,0,0,36,2025-04-01
2025-04-23,2348,107.7391357421875,0.7796890872662545,0,0.008474520407617092,0.0338982492685318,-0.004237343557178974,-0.004237343557178974,0.03,0.024,take_profit,1,0,36,2025-04-01
2025-04-23,5904,440.32916259765625,0.7791380201828338,1,0.020386256277561188,0.02575106918811798,0.005364794284105301,0.01502144429832697,0.01502144429832697,0.009021444298326969,close,0,0,36,2025-04-01
2025-04-23,8299,424.16961669921875,0.7787956806545392,1,0.009205988608300686,0.019562721252441406,-0.00920597929507494,0.0023015011101961136,0.0023015011101961136,-0.0036984988898038865,close,0,0,36,2025-04-01
2025-04-23,8042,29.600000381469727,0.7784877101254817,1,0.021959446370601654,0.021959446370601654,-0.005067554768174887,0.0016891633858904243,0.0016891633858904243,-0.004310836614109576,close,0,0,36,2025-04-01
2025-04-23,5493,64.19999694824219,0.7784877101254817,0,0.0,0.012461107224225998,-0.018691541627049446,-0.015576265752315521,-0.015576265752315521,-0.02157626575231552,close,0,0,36,2025-04-01
2025-04-23,3661,2085.0,0.7768600064783346,1,0.023980814963579178,0.035971224308013916,0.007194244768470526,0.011990407481789589,0.03,0.024,take_profit,1,0,36,2025-04-01
2025-04-23,5222,94.54545593261719,0.774815475477839,0,0.019230710342526436,0.019230710342526436,-0.014423113316297531,-0.00961543619632721,-0.00961543619632721,-0.01561543619632721,close,0,0,36,2025-04-01
2025-04-23,3035,175.0250701904297,0.7739306164863834,0,0.01404495071619749,0.02528090588748455,-0.01966291479766369,-0.016853926703333855,-0.016853926703333855,-0.022853926703333853,close,0,0,36,2025-04-01
2025-04-23,4739,42.48682403564453,0.7731894842670852,0,0.012672804296016693,0.012672804296016693,-0.018433239310979843,-0.01152072660624981,-0.01152072660624981,-0.017520726606249808,close,0,0,36,2025-04-01
2025-04-23,5381,16.899999618530273,0.7728982324604396,1,0.008875717408955097,0.01183436531573534,-0.002958534751087427,0.00591718265786767,0.00591718265786767,-8.281734213233007e-05,close,0,0,36,2025-04-01
2025-04-23,3581,31.066713333129883,0.7722971819677973,1,0.03650796785950661,0.10000003129243851,0.019047554582357407,0.10000003129243851,0.03,0.024,gap_take_profit,1,0,36,2025-04-01
2025-04-23,1316,14.5,0.772119214865554,1,0.013793090358376503,0.04137933626770973,-0.003448289120569825,0.027586180716753006,0.03,0.024,take_profit,1,0,36,2025-04-01
2025-04-23,4714,14.25,0.7716132902345021,1,0.010526289232075214,0.024561429396271706,0.007017570547759533,0.010526289232075214,0.010526289232075214,0.004526289232075214,close,0,0,36,2025-04-01
2025-04-23,1784,68.69999694824219,0.7715260475332656,1,0.014556040987372398,0.023289754986763,-0.0014555819798260927,0.0029112750198692083,0.0029112750198692083,-0.003088724980130792,close,0,0,36,2025-04-01
2025-04-23,2426,15.060881614685059,0.7712334384090197,1,0.0033003194257616997,0.013201347552239895,-0.0033003028947860003,0.013201347552239895,0.013201347552239895,0.007201347552239895,close,0,0,36,2025-04-01
2025-04-23,5203,87.8484115600586,0.770917859346952,1,0.014207711443305016,0.03387979418039322,0.005464508198201656,0.01748635061085224,0.03,0.024,take_profit,1,0,36,2025-04-01
2025-04-23,6903,89.24957275390625,0.7707963271898773,1,0.010438456200063229,0.012526107020676136,4.301712763776777e-08,0.007306900806725025,0.007306900806725025,0.001306900806725025,close,0,0,36,2025-04-01
2025-04-23,1903,44.45000076293945,0.7707935837959146,0,-0.0011248422088101506,0.00787398125976324,-0.006749139167368412,-0.004499454516917467,-0.004499454516917467,-0.010499454516917467,close,0,0,36,2025-04-01
2025-04-24,4971,94.5999984741211,0.8115935333257042,1,0.04651164636015892,0.0729387030005455,0.017970450222492218,0.020084582269191742,0.03,0.024,gap_take_profit,1,0,36,2025-04-01
2025-04-24,1736,165.13987731933594,0.8096373199325002,1,0.017699094489216805,0.06784658879041672,0.01474924199283123,0.038348060101270676,0.03,0.024,take_profit,1,0,36,2025-04-01
2025-04-24,3035,172.07521057128906,0.8095719906348252,1,0.03714282065629959,0.04571424797177315,0.01428567711263895,0.01999996230006218,0.03,0.024,gap_take_profit,1,0,36,2025-04-01
2025-04-24,4542,51.0,0.8084888672188202,1,0.017647089436650276,0.06470587104558945,0.0058823381550610065,0.013725505210459232,0.03,0.024,take_profit,1,0,36,2025-04-01
2025-04-24,8048,39.81871795654297,0.8076482571951493,1,0.0023753715213388205,0.02137772925198078,0.0023753715213388205,0.005938262678682804,0.005938262678682804,-6.173732131719602e-05,close,0,0,36,2025-04-01
2025-04-24,6282,24.649999618530273,0.8054396793441932,1,0.018255610018968582,0.02839759737253189,0.012170432135462761,0.014198798686265945,0.014198798686265945,0.008198798686265945,close,0,0,36,2025-04-01
2025-04-24,5493,63.20000076293945,0.8048931020051047,1,0.023734116926789284,0.04272153228521347,0.01424046978354454,0.025316491723060608,0.03,0.024,take_profit,1,0,36,2025-04-01
2025-04-24,2377,128.2158203125,0.8047539003718909,1,0.026315901428461075,0.0413534976541996,0.01879710517823696,0.026315901428461075,0.03,0.024,take_profit,1,0,36,2025-04-01
2025-04-24,1569,44.099998474121094,0.804226946785412,1,0.03628123179078102,0.06575967371463776,0.017006803303956985,0.03854877129197121,0.03,0.024,gap_take_profit,1,0,36,2025-04-01
2025-04-24,3213,83.607177734375,0.8041899740751208,1,0.021420534700155258,0.047350671142339706,0.007891819812357426,0.033821869641542435,0.03,0.024,take_profit,1,0,36,2025-04-01
2025-04-24,3088,97.5,0.8041007527266397,1,0.02358977496623993,0.041025642305612564,0.016410240903496742,0.025641025975346565,0.03,0.024,take_profit,1,0,36,2025-04-01
2025-04-24,3479,84.83200073242188,0.8038699867226196,1,0.027932940050959587,0.045810017734766006,0.027932940050959587,0.04245811328291893,0.03,0.024,take_profit,1,0,36,2025-04-01
2025-04-24,4714,14.399999618530273,0.8035892211380694,1,0.013888942077755928,0.020833346992731094,0.0,0.003472235519438982,0.003472235519438982,-0.002527764480561018,close,0,0,36,2025-04-01
2025-04-24,3323,26.05523681640625,0.8032569147379278,1,0.03969751298427582,0.04347824305295944,-1.340615285450042e-09,0.007561391685158014,0.03,0.024,gap_take_profit,1,0,36,2025-04-01
2025-04-24,1597,65.05976104736328,0.8032472394575828,1,0.01524392794817686,0.09908539801836014,0.01524392794817686,0.09908539801836014,0.03,0.024,take_profit,1,0,36,2025-04-01
2025-04-24,3661,2110.0,0.8031272493151066,1,0.056872036308050156,0.061611372977495193,0.02132701501250267,0.02369668334722519,0.03,0.024,gap_take_profit,1,0,36,2025-04-01
2025-04-24,3023,194.25735473632812,0.8030106423895222,1,0.034482792019844055,0.07881776988506317,0.02709363028407097,0.059113334864377975,0.03,0.024,gap_take_profit,1,0,36,2025-04-01
2025-04-24,4533,24.852191925048828,0.8028222566317021,1,0.011494176462292671,0.022988472133874893,0.0019156329799443483,0.009578497149050236,0.009578497149050236,0.0035784971490502356,close,0,0,36,2025-04-01
2025-04-24,3645,46.519710540771484,0.8026298736892215,1,0.030526336282491684,0.03578949347138405,0.011578936129808426,0.02526317909359932,0.03,0.024,gap_take_profit,1,0,36,2025-04-01
2025-04-24,2328,33.72711944580078,0.8025424377754511,1,0.03318900242447853,0.03463198244571686,0.010101000778377056,0.0187589880079031,0.03,0.024,gap_take_profit,1,0,36,2025-04-01
2025-04-25,3709,46.4217643737793,0.6615002678263013,1,0.0031414213590323925,0.046073343604803085,-0.04083768650889397,0.014659730717539787,-0.02,-0.026000000000000002,ambiguous_stop_loss,1,1,36,2025-04-01
2025-04-25,8059,27.25,0.6523950557665327,0,-0.01834862306714058,0.0,-0.0532110370695591,-0.023853197693824768,-0.02,-0.026000000000000002,stop_loss,0,1,36,2025-04-01
2025-04-25,3147,245.86953735351562,0.6505385558902628,1,-0.05132745951414108,0.07256627827882767,-0.07964608073234558,0.04070790857076645,-0.05132745951414108,-0.05732745951414108,gap_stop,1,1,36,2025-04-01
2025-04-25,5880,22.4175968170166,0.6502627150632772,1,-5.236612210524072e-08,0.0063156853429973125,-0.0021053259260952473,0.0063156853429973125,0.0063156853429973125,0.0003156853429973124,close,0,0,36,2025-04-01
2025-04-25,4513,22.25,0.6476969518523432,1,0.008988798595964909,0.02471906691789627,0.0,0.01123595517128706,0.01123595517128706,0.00523595517128706,close,0,0,36,2025-04-01
2025-04-25,6129,11.699999809265137,0.6476969518523432,1,0.03418808430433273,0.03418808430433273,0.012820562347769737,0.017094001173973083,0.03,0.024,gap_take_profit,1,0,36,2025-04-01
2025-04-25,6462,93.80000305175781,0.6472488510219622,1,0.012793144211173058,0.05970147252082825,0.005330490414053202,0.052238740026950836,0.03,0.024,take_profit,1,0,36,2025-04-01
2025-04-25,3581,37.575927734375,0.6465934436267989,0,0.023622067645192146,0.06824150681495667,-0.04986872896552086,-0.01443569641560316,-0.02,-0.026000000000000002,ambiguous_stop_loss,1,1,36,2025-04-01
2025-04-25,6716,48.21473693847656,0.6462363820644436,1,0.003906266763806343,0.042968764901161194,0.003906266763806343,0.042968764901161194,0.03,0.024,take_profit,1,0,36,2025-04-01
2025-04-25,2002,19.965049743652344,0.6460724286684368,1,0.004926091525703669,0.01724136248230934,-3.564927197885481e-08,0.007389202248305082,0.007389202248305082,0.0013892022483050822,close,0,0,36,2025-04-01
2025-04-25,2527,26.06376838684082,0.6452264787782743,1,0.003558752126991749,0.0266904104501009,0.003558752126991749,0.02491101063787937,0.02491101063787937,0.018911010637879373,close,0,0,36,2025-04-01
2025-04-25,3527,58.98236083984375,0.6448710163878395,0,0.0032895072363317013,0.009868480265140533,-0.011513150297105312,-0.001644690870307386,-0.001644690870307386,-0.007644690870307386,close,0,0,36,2025-04-01
2025-04-25,2324,27.100000381469727,0.6447532000634275,1,0.009225091896951199,0.014760132879018784,0.0,0.0036900509148836136,0.0036900509148836136,-0.0023099490851163865,close,0,0,36,2025-04-01
2025-04-25,6282,25.0,0.6446558790164404,1,0.009999999776482582,0.031999967992305756,0.009999999776482582,0.02599998563528061,0.03,0.024,take_profit,1,0,36,2025-04-01
2025-04-25,2302,16.593557357788086,0.6446443185383999,1,0.011627819389104843,0.020348727703094482,-0.0029070633463561535,0.008720886893570423,0.008720886893570423,0.002720886893570423,close,0,0,36,2025-04-01
2025-04-25,2395,324.7195129394531,0.644494888954908,1,0.0015015528770163655,0.02852858044207096,5.126255331333596e-08,0.024024076759815216,0.024024076759815216,0.018024076759815218,close,0,0,36,2025-04-01
2025-04-25,5864,12.047123908996582,0.6443586338915968,1,-6.647211847621293e-08,0.00803209189325571,-6.647211847621293e-08,0.00803209189325571,0.00803209189325571,0.0020320918932557105,close,0,0,36,2025-04-01
2025-04-25,2317,134.12872314453125,0.6437836830397262,1,0.007194190751761198,0.03237404674291611,0.007194190751761198,0.025179801508784294,0.03,0.024,take_profit,1,0,36,2025-04-01
2025-04-25,6166,70.92025756835938,0.6435099928247232,1,0.006944429595023394,0.022222185507416725,0.006944429595023394,0.019444450736045837,0.019444450736045837,0.013444450736045837,close,0,0,36,2025-04-01
2025-04-25,6753,99.69999694824219,0.6434436839553863,1,0.001003070268779993,0.033099330961704254,-0.004011975135654211,0.023069238290190697,0.03,0.024,take_profit,1,0,36,2025-04-01
2025-04-28,1229,40.21870803833008,0.6054108090360923,1,-0.0011507204035297036,0.009206064976751804,-0.0011507204035297036,0.00805532094091177,0.00805532094091177,0.0020553209409117697,close,0,0,36,2025-04-01
2025-04-28,6505,34.042449951171875,0.5956104802894941,1,0.0057470654137432575,0.020114880055189133,-0.004310361575335264,0.018678121268749237,0.018678121268749237,0.012678121268749237,close,0,0,36,2025-04-01
2025-04-28,2834,12.98868465423584,0.5939390495752467,1,-1.2864465048778584e-08,0.01792115904390812,-1.2864465048778584e-08,0.010752647183835506,0.010752647183835506,0.004752647183835506,close,0,0,36,2025-04-01
2025-04-28,1101,28.227630615234375,0.593736298553997,1,0.003407126059755683,0.011925012804567814,0.001703509595245123,0.00511067733168602,0.00511067733168602,-0.0008893226683139802,close,0,0,36,2025-04-01
2025-04-28,7714,131.6896514892578,0.593428515799135,1,0.037313446402549744,0.09701494127511978,0.014925386756658554,0.09701494127511978,0.03,0.024,gap_take_profit,1,0,36,2025-04-01
2025-04-28,3236,14.16100025177002,0.5909487509473805,1,1.8974934956617062e-09,0.034602079540491104,1.8974934956617062e-09,0.024221481755375862,0.03,0.024,take_profit,1,0,36,2025-04-01
2025-04-28,2883,15.060543060302734,0.5908179611922992,1,0.0031446819193661213,0.02830195240676403,1.5688719656736794e-08,0.018868012353777885,0.018868012353777885,0.012868012353777885,close,0,0,36,2025-04-01
2025-04-28,4904,85.30000305175781,0.5901891009239639,1,0.004689259920269251,0.018757307901978493,0.004689259920269251,0.012895643711090088,0.012895643711090088,0.006895643711090088,close,0,0,36,2025-04-01
2025-04-28,2850,97.2458724975586,0.5890218820342441,1,0.004784691613167524,0.0191387590020895,2.5904849376701122e-09,0.014354069717228413,0.014354069717228413,0.008354069717228413,close,0,0,36,2025-04-01
2025-04-28,1476,374.1197509765625,0.5886954202082659,1,0.002564134541898966,0.02307695522904396,-0.008974327705800533,0.02307695522904396,0.02307695522904396,0.017076955229043962,close,0,0,36,2025-04-01
2025-04-28,6768,100.29541015625,0.5884998767348412,1,0.014084463939070702,0.09859149903059006,-4.2910848208066454e-08,0.09859149903059006,0.03,0.024,take_profit,1,0,36,2025-04-01
2025-04-28,2468,80.0,0.5884055397641758,1,0.02500000037252903,0.07749996334314346,-0.030000019818544388,0.012500000186264515,-0.02,-0.026000000000000002,ambiguous_stop_loss,1,1,36,2025-04-01
2025-04-28,8422,171.10269165039062,0.5881828238192868,1,0.0027700811624526978,0.011080330237746239,0.0027700811624526978,0.005540164187550545,0.005540164187550545,-0.0004598358124494554,close,0,0,36,2025-04-01
2025-04-28,4542,56.79999923706055,0.5878008355872657,1,0.09683098644018173,0.09859158843755722,0.06690139323472977,0.09859158843755722,0.03,0.024,gap_take_profit,1,0,36,2025-04-01
2025-04-28,3066,18.850000381469727,0.5854623312023886,1,0.05039781704545021,0.05039781704545021,-0.03448273614048958,0.005305059719830751,0.03,0.024,gap_take_profit,1,1,36,2025-04-01
2025-04-28,4414,12.677704811096191,0.5849684208554059,1,0.011976045556366444,0.059880226850509644,0.005988097749650478,0.04491017013788223,0.03,0.024,take_profit,1,0,36,2025-04-01
2025-04-28,5515,25.93305778503418,0.5843672769201577,1,0.001776204677298665,0.01420954242348671,0.001776204677298665,0.008880959823727608,0.008880959823727608,0.0028809598237276076,close,0,0,36,2025-04-01
2025-04-28,3045,108.01991271972656,0.58375548393644,1,0.004444433376193047,0.013333321548998356,-1.1250719467170711e-08,0.004444433376193047,0.004444433376193047,-0.0015555666238069536,close,0,0,36,2025-04-01
2025-04-28,2889,11.438077926635742,0.5837548141938727,1,0.004166718106716871,0.016666701063513756,5.696450600112257e-08,0.008333379402756691,0.008333379402756691,0.002333379402756691,close,0,0,36,2025-04-01
2025-04-28,1301,33.37590789794922,0.583368535607167,1,0.004431365057826042,0.02511085756123066,-0.004431242123246193,0.020679496228694916,0.020679496228694916,0.014679496228694916,close,0,0,36,2025-04-01
2025-04-29,8111,47.76526641845703,0.5856072997299967,0,2.493998341179804e-10,2.493998341179804e-10,-0.08950614184141159,-0.083333320915699,-0.02,-0.026000000000000002,stop_loss,0,1,36,2025-04-01
2025-04-29,3580,72.2140884399414,0.5623905582482249,0,0.006631305906921625,0.03315650299191475,-0.05702921003103256,-0.00795753300189972,-0.02,-0.026000000000000002,ambiguous_stop_loss,1,1,36,2025-04-01
2025-04-29,4931,79.93985748291016,0.5589738289854786,1,0.024509770795702934,0.09681370854377747,0.00735288904979825,0.015931375324726105,0.03,0.024,take_profit,1,0,36,2025-04-01
2025-04-29,3073,35.650001525878906,0.5575141369555857,1,0.02384287305176258,0.09957921504974365,0.02384287305176258,0.09957921504974365,0.03,0.024,take_profit,1,0,36,2025-04-01
2025-04-29,4543,30.6519832611084,0.5575141369555857,1,0.058176152408123016,0.09905663132667542,0.026729609817266464,0.07075469195842743,0.03,0.024,gap_take_profit,1,0,36,2025-04-01
2025-04-29,3535,34.93012619018555,0.5573727091987154,0,0.03971643000841141,0.03971643000841141,-0.0312055591493845,-0.01560274325311184,0.03,0.024,gap_take_profit,1,1,36,2025-04-01
2025-04-29,3379,54.90720748901367,0.5573727091987154,1,0.03063069097697735,0.09909914433956146,0.0270270723849535,0.09909914433956146,0.03,0.024,gap_take_profit,1,0,36,2025-04-01
2025-04-29,6215,85.6146469116211,0.5573727091987154,1,0.02873563952744007,0.09999997168779373,0.0252873282879591,0.09999997168779373,0.03,0.024,take_profit,1,0,36,2025-04-01
2025-04-29,6994,110.32867431640625,0.5557177665362159,0,0.04035874456167221,0.06726457178592682,-0.0044843051582574844,0.0,0.03,0.024,gap_take_profit,1,0,36,2025-04-01
2025-04-29,4583,664.0,0.5556397485957874,1,0.034638553857803345,0.052710842341184616,0.010542168281972408,0.010542168281972408,0.03,0.024,gap_take_profit,1,0,36,2025-04-01
2025-04-29,1560,241.32028198242188,0.5553454899881383,0,0.012295089662075043,0.014344270341098309,-0.022540975362062454,-0.0020491722971200943,-0.02,-0.026000000000000002,stop_loss,0,1,36,2025-04-01
2025-04-29,1586,27.600000381469727,0.5548300841040739,1,0.007246335037052631,0.030797114595770836,0.007246335037052631,0.014492739923298359,0.03,0.024,take_profit,1,0,36,2025-04-01
2025-04-29,2633,25.812631607055664,0.5542239786245314,1,-0.0018656754400581121,0.01492539793252945,-0.0018656754400581121,0.01305968314409256,0.01305968314409256,0.00705968314409256,close,0,0,36,2025-04-01
2025-04-29,2207,590.0753784179688,0.5533350374720827,1,-0.0032733469270169735,0.013093264773488045,-0.0032733469270169735,0.013093264773488045,0.013093264773488045,0.007093264773488045,close,0,0,36,2025-04-01
2025-04-29,6768,110.18368530273438,0.5525433326665635,0,-0.012820453383028507,0.02564108744263649,-0.02136746235191822,-0.008546948432922363,-0.02,-0.026000000000000002,stop_loss,0,1,36,2025-04-01
2025-04-29,8415,32.36099624633789,0.5514437541944117,0,-0.004431269131600857,-0.0014771041460335255,-0.022156596183776855,-0.016248153522610664,-0.02,-0.026000000000000002,stop_loss,0,1,36,2025-04-01
2025-04-29,6220,21.29032325744629,0.55073079123327,1,0.013636293821036816,0.013636293821036816,-0.0022727272007614374,0.0022726578172296286,0.0022726578172296286,-0.0037273421827703716,close,0,0,36,2025-04-01
2025-04-29,3311,38.77655029296875,0.5495282328539919,0,-0.0012772207846865058,0.0025542357470840216,-0.003831460140645504,-0.0012772207846865058,-0.0012772207846865058,-0.007277220784686506,close,0,0,36,2025-04-01
2025-04-29,2611,18.414079666137695,0.5491436273652675,0,0.004987476393580437,0.004987476393580437,-0.007481351029127836,-0.004987528547644615,-0.004987528547644615,-0.010987528547644615,close,0,0,36,2025-04-01
2025-04-29,5876,44.84030532836914,0.5476553106947497,1,-0.008574585430324078,0.011789845302700996,-0.009646380320191383,0.007502583786845207,0.007502583786845207,0.001502583786845207,close,0,0,36,2025-04-01
2025-04-30,4510,53.0,0.6038469151529555,0,0.03962261229753494,0.07547169923782349,-0.01886792480945587,-0.015094324946403503,0.03,0.024,gap_take_profit,1,0,36,2025-04-01
2025-04-30,1597,87.27529907226562,0.6033547917363704,0,0.02840905450284481,0.06931812316179276,-0.027272779494524002,-0.011363672092556953,-0.02,-0.026000000000000002,ambiguous_stop_loss,1,1,36,2025-04-01
2025-04-30,6215,94.17610931396484,0.5964082320103046,1,0.042842328548431396,0.06060614436864853,-0.0031347027979791164,0.00522470660507679,0.03,0.024,gap_take_profit,1,0,36,2025-04-01
2025-04-30,4915,70.53794860839844,0.5874383120674999,1,0.016107244417071342,0.022818652912974358,0.010738199576735497,0.022818652912974358,0.022818652912974358,0.01681865291297436,close,0,0,36,2025-04-01
2025-04-30,2395,328.62005615234375,0.5862028410851472,1,0.005934722721576691,0.017804158851504326,-0.011869431473314762,0.007418402004987001,0.007418402004987001,0.0014184020049870013,close,0,0,36,2025-04-01
2025-04-30,4714,14.75,0.5842785993880546,1,0.016949152573943138,0.09830513596534729,0.016949152573943138,0.09830513596534729,0.03,0.024,take_profit,1,0,36,2025-04-01
2025-04-30,6691,335.030029296875,0.5829607195769153,1,0.011221970431506634,0.04114716127514839,0.009975084103643894,0.02119697630405426,0.03,0.024,take_profit,1,0,36,2025-04-01
2025-04-30,3714,35.10988998413086,0.5820322794287994,1,0.01388893648982048,0.06250005215406418,0.012500068172812462,0.04305558279156685,0.03,0.024,take_profit,1,0,36,2025-04-01
2025-04-30,3548,123.0,0.5808764539124942,1,0.016260161995887756,0.028455285355448723,0.004065040498971939,0.016260161995887756,0.016260161995887756,0.010260161995887756,close,0,0,36,2025-04-01
2025-04-30,3390,21.96784019470215,0.5808746082957255,1,0.004338356666266918,0.019522754475474358,0.004338356666266918,0.013015178963541985,0.013015178963541985,0.007015178963541984,close,0,0,36,2025-04-01
2025-04-30,2206,65.92617797851562,0.5808105335139642,1,-4.4714777658327876e-08,0.010115628130733967,-4.4714777658327876e-08,0.00867056380957365,0.00867056380957365,0.0026705638095736502,close,0,0,36,2025-04-01
2025-04-30,2439,113.0,0.5804667438711727,1,0.013274336233735085,0.013274336233735085,0.0,0.008849557489156723,0.008849557489156723,0.002849557489156723,close,0,0,36,2025-04-01
2025-04-30,3537,39.026973724365234,0.5802923631455071,1,0.012165439315140247,0.018248165026307106,0.009732386097311974,0.009732386097311974,0.009732386097311974,0.0037323860973119734,close,0,0,36,2025-04-01
2025-04-30,6668,34.0,0.5799521061634895,1,0.03529414162039757,0.04411764815449715,0.022058824077248573,0.03823527321219444,0.03,0.024,gap_take_profit,1,0,36,2025-04-01
2025-04-30,2382,227.64010620117188,0.5799479435728262,1,0.025157270953059196,0.05241094157099724,0.023060834035277367,0.05241094157099724,0.03,0.024,take_profit,1,0,36,2025-04-01
2025-04-30,6150,59.5,0.5798868739766725,1,0.021848727017641068,0.06722689419984818,0.021848727017641068,0.040336161851882935,0.03,0.024,take_profit,1,0,36,2025-04-01
2025-04-30,2317,136.54110717773438,0.5796977348952761,1,0.02120133861899376,0.04593631997704506,0.017667770385742188,0.04240275174379349,0.03,0.024,take_profit,1,0,36,2025-04-01
2025-04-30,2405,16.470853805541992,0.5794454495225779,1,0.01501503400504589,0.02702709287405014,0.009009004570543766,0.009009004570543766,0.009009004570543766,0.003009004570543766,close,0,0,36,2025-04-01
2025-04-30,2606,49.4293327331543,0.5793872813846553,1,0.017208382487297058,0.09942633658647537,0.017208382487297058,0.09942633658647537,0.03,0.024,take_profit,1,0,36,2025-04-01
2025-04-30,1712,40.04999923706055,0.5784585806568168,1,0.006242197472602129,0.022471949458122253,0.006242197472602129,0.016229750588536263,0.016229750588536263,0.010229750588536262,close,0,0,36,2025-04-01
2025-05-02,5490,28.62197494506836,0.680204699310994,1,0.09999994933605194,0.09999994933605194,0.034482721239328384,0.05172409862279892,0.03,0.024,gap_take_profit,1,0,37,2025-05-01
2025-05-02,2850,99.57232666015625,0.6718822893777885,1,2.6372097394755656e-08,0.014018718153238297,-0.004672870971262455,0.004672923590987921,0.004672923590987921,-0.0013270764090120794,close,0,0,37,2025-05-01
2025-05-02,3014,122.39415740966797,0.6639123833849255,0,0.003816802753135562,0.003816802753135562,-0.04961831122636795,-0.03816793113946915,-0.02,-0.026000000000000002,stop_loss,0,1,37,2025-05-01
2025-05-02,3008,2184.4296875,0.6636523570586021,0,-0.004524931777268648,0.0022623983677476645,-0.05882357060909271,-0.033936694264411926,-0.02,-0.026000000000000002,stop_loss,0,1,37,2025-05-01
2025-05-02,3090,62.31939697265625,0.6616909672137278,0,0.0030395013745874166,0.00455923518165946,-0.04103346914052963,-0.03799394518136978,-0.02,-0.026000000000000002,stop_loss,0,1,37,2025-05-01
2025-05-02,6691,342.13165283203125,0.6612124553627879,0,-0.002442010445520282,0.0036630146205425262,-0.04151399806141853,-0.02808303013443947,-0.02,-0.026000000000000002,stop_loss,0,1,37,2025-05-01
2025-05-02,8048,40.197044372558594,0.6610338845827309,0,0.009411804378032684,0.009411804378032684,-0.047058820724487305,-0.009411796927452087,-0.02,-0.026000000000000002,stop_loss,0,1,37,2025-05-01
2025-05-02,3035,177.9749298095703,0.6588641028861414,0,0.008287308737635612,0.008287308737635612,-0.07734805345535278,-0.04143644869327545,-0.02,-0.026000000000000002,stop_loss,0,1,37,2025-05-01
2025-05-02,3653,995.1868896484375,0.6585403355859825,0,0.024875622242689133,0.03980099409818649,-0.022885572165250778,0.0,-0.02,-0.026000000000000002,ambiguous_stop_loss,1,1,37,2025-05-01
2025-05-02,2355,30.414230346679688,0.6582249203036291,0,0.010852658189833164,0.010852658189833164,-0.05271320790052414,-0.03875969722867012,-0.02,-0.026000000000000002,stop_loss,0,1,37,2025-05-01
2025-05-02,4716,16.649999618530273,0.6579328950891564,0,0.027027074247598648,0.06906905025243759,-0.00300295720808208,0.0,0.03,0.024,take_profit,1,0,37,2025-05-01
2025-05-02,6840,40.730262756347656,0.6578138076114953,0,-0.0012194651644676924,2.8411614394485696e-08,-0.0036585454363375902,-0.0036585454363375902,-0.0036585454363375902,-0.00965854543633759,close,0,0,37,2025-05-01
2025-05-02,6269,51.0,0.6569835632443622,0,0.013725505210459232,0.013725505210459232,-0.025490181520581245,-0.011764676310122013,-0.02,-0.026000000000000002,stop_loss,0,1,37,2025-05-01
2025-05-02,4174,39.75,0.6568055223625404,0,0.007547150831669569,0.017610082402825356,-0.056603774428367615,-0.040251534432172775,-0.02,-0.026000000000000002,stop_loss,0,1,37,2025-05-01
2025-05-02,2383,611.0,0.6562317865822598,1,0.0,0.02782324142754078,-0.011456628330051899,0.019639935344457626,0.019639935344457626,0.013639935344457626,close,0,0,37,2025-05-01
2025-05-02,3665,577.1983032226562,0.6561507450353873,1,0.00508474325761199,0.038983043283224106,-0.020339008420705795,0.02203384041786194,-0.02,-0.026000000000000002,ambiguous_stop_loss,1,1,37,2025-05-01
2025-05-02,6257,68.86591339111328,0.6561209251454503,0,0.001379283843562007,0.005517256911844015,-0.04413789510726929,-0.028965501114726067,-0.02,-0.026000000000000002,stop_loss,0,1,37,2025-05-01
2025-05-02,6005,24.188688278198242,0.6557432544405367,0,1.358538792572972e-08,0.0173410102725029,-0.005780391860753298,-0.005780391860753298,-0.005780391860753298,-0.011780391860753298,close,0,0,37,2025-05-01
2025-05-02,2211,78.50243377685547,0.6556309647017565,0,-0.0011961566051468253,0.007177012972533703,-0.03110046312212944,-0.02751190960407257,-0.02,-0.026000000000000002,stop_loss,0,1,37,2025-05-01
2025-05-02,6768,105.47498321533203,0.6551244597914168,0,4.2254331589219873e-08,4.2254331589219873e-08,-0.09821424633264542,-0.09821424633264542,-0.02,-0.026000000000000002,stop_loss,0,1,37,2025-05-01
2025-05-05,1440,14.169201850891113,0.5797239868606993,0,-0.020689668133854866,0.0,-0.04827585071325302,0.0,-0.020689668133854866,-0.026689668133854864,gap_stop,0,1,37,2025-05-01
2025-05-05,1219,16.005592346191406,0.5633658162903856,0,0.057401806116104126,0.08157096803188324,-0.03323263302445412,-0.009063473902642727,0.03,0.024,gap_take_profit,1,1,37,2025-05-01
2025-05-05,3546,98.33580017089844,0.5537061444728656,1,0.03982309252023697,0.09734519571065903,0.013274350203573704,0.09734519571065903,0.03,0.024,gap_take_profit,1,0,37,2025-05-01
2025-05-05,6757,94.4000015258789,0.5433641263247654,1,0.0275423564016819,0.09639828652143478,0.0275423564016819,0.09639828652143478,0.03,0.024,take_profit,1,0,37,2025-05-01
2025-05-05,3062,21.149999618530273,0.5349782485156511,1,0.0,0.018912510946393013,0.0,0.009456301108002663,0.009456301108002663,0.0034563011080026625,close,0,0,37,2025-05-01
2025-05-05,2887,14.94078540802002,0.5327465645135128,1,-0.0031645488925278187,0.012658236548304558,-0.006329117808490992,0.00949366670101881,0.00949366670101881,0.00349366670101881,close,0,0,37,2025-05-01
2025-05-05,6245,82.0999984741211,0.5312934212442596,0,0.0024361093528568745,0.007308142259716988,-0.017052393406629562,-0.0036540247965604067,-0.0036540247965604067,-0.009654024796560407,close,0,0,37,2025-05-01
2025-05-05,3615,22.489089965820312,0.5302538426633813,1,-0.0021929137874394655,0.017543962225317955,-0.0021929137874394655,0.006579049862921238,0.006579049862921238,0.0005790498629212378,close,0,0,37,2025-05-01
2025-05-05,6605,164.45596313476562,0.5301223906014718,1,1.8556686853798965e-08,0.026086974889039993,1.8556686853798965e-08,0.01449277251958847,0.01449277251958847,0.00849277251958847,close,0,0,37,2025-05-01
2025-05-05,2102,20.350000381469727,0.5293921314106452,1,0.019656000658869743,0.02211296558380127,-0.0319410115480423,0.007370988372713327,-0.02,-0.026000000000000002,stop_loss,0,1,37,2025-05-01
2025-05-05,6550,40.54999923706055,0.5291663889915487,0,0.007398255169391632,0.02959311380982399,-0.033292192965745926,-0.003699080552905798,-0.02,-0.026000000000000002,stop_loss,0,1,37,2025-05-01
2025-05-05,2606,51.98113250732422,0.5289148333569359,1,0.009090897627174854,0.01999996043741703,-0.005454542580991983,0.001818142831325531,0.001818142831325531,-0.004181857168674469,close,0,0,37,2025-05-01
2025-05-05,2211,76.34268188476562,0.5284276752795062,1,0.008610119111835957,0.036900442093610764,7.028716453305606e-08,0.020910242572426796,0.03,0.024,take_profit,1,0,37,2025-05-01
2025-05-05,6412,98.90612030029297,0.5282550399472102,1,5.3850875758598704e-08,0.02884620986878872,-0.014423023909330368,0.01923082396388054,0.01923082396388054,0.013230823963880539,close,0,0,37,2025-05-01
2025-05-05,9945,29.960525512695312,0.5276065678532526,1,0.0016103461384773254,0.02415459416806698,-0.008051526732742786,0.02415459416806698,0.02415459416806698,0.01815459416806698,close,0,0,37,2025-05-01
2025-05-05,1904,17.53714370727539,0.5273573064753009,1,0.005555540323257446,0.03333331644535065,0.005555540323257446,0.022222165018320084,0.03,0.024,take_profit,1,0,37,2025-05-01
2025-05-05,3294,26.399999618530273,0.5273185199536312,1,-0.0037878933362662792,0.030303074046969414,-0.0037878933362662792,0.015151500701904297,0.03,0.024,take_profit,1,0,37,2025-05-01
2025-05-05,6679,196.81031799316406,0.5269200260361895,1,2.0674782774676714e-08,0.02669905126094818,2.0674782774676714e-08,0.019417496398091316,0.019417496398091316,0.013417496398091316,close,0,0,37,2025-05-01
2025-05-05,1342,90.0,0.526141674968227,1,-0.0011110941413789988,0.01666666753590107,-0.0022221882827579975,0.013333299197256565,0.013333299197256565,0.007333299197256565,close,0,0,37,2025-05-01
2025-05-05,5425,42.68497848510742,0.5260572647227456,1,5.892435872567603e-09,0.026966314762830734,5.892435872567603e-09,0.022471915930509567,0.022471915930509567,0.01647191593050957,close,0,0,37,2025-05-01
2025-05-06,1532,24.492345809936523,0.5755115793136731,0,0.01526711042970419,0.01526711042970419,-0.005725298076868057,-0.0019084898522123694,-0.0019084898522123694,-0.00790848985221237,close,0,0,37,2025-05-01
2025-05-06,1210,58.939144134521484,0.5722556531814053,1,-0.0016180501552298665,0.04207128658890724,-0.008090566843748093,0.017799438908696175,0.03,0.024,take_profit,1,0,37,2025-05-01
2025-05-06,3044,176.49424743652344,0.5722097596526171,1,0.016304410994052887,0.02173919416964054,0.005434845574200153,0.01902180351316929,0.01902180351316929,0.013021803513169289,close,0,0,37,2025-05-01
2025-05-06,2301,98.50746154785156,0.5718068493190226,0,0.005000046920031309,0.015000047162175179,-0.01099993847310543,-0.0069999233819544315,-0.0069999233819544315,-0.012999923381954432,close,0,0,37,2025-05-01
2025-05-06,3038,22.75,0.571761684362905,1,0.00659338990226388,0.021978022530674934,0.004395621363073587,0.008791242726147175,0.008791242726147175,0.0027912427261471747,close,0,0,37,2025-05-01
2025-05-06,1215,98.89823150634766,0.5706382982595616,1,1.4990044761020727e-08,0.024271860718727112,-0.009708723053336143,0.024271860718727112,0.024271860718727112,0.018271860718727113,close,0,0,37,2025-05-01
2025-05-06,2501,19.535400390625,0.5694995334362862,0,0.009708680212497711,0.009708680212497711,-0.009708777070045471,-0.009708777070045471,-0.009708777070045471,-0.01570877707004547,close,0,0,37,2025-05-01
2025-05-06,1409,12.602531433105469,0.5686663447417989,1,0.007633534260094166,0.022900694981217384,0.007633534260094166,0.015267150476574898,0.015267150476574898,0.009267150476574898,close,0,0,37,2025-05-01
2025-05-06,2474,207.69244384765625,0.5662428883239478,0,0.006944454740732908,0.011574084870517254,-0.009259249083697796,-0.006944434251636267,-0.006944434251636267,-0.012944434251636267,close,0,0,37,2025-05-01
2025-05-06,3665,584.04638671875,0.5660186214482122,0,0.006700187921524048,0.010050239972770214,-0.026800645515322685,-0.013400333002209663,-0.02,-0.026000000000000002,stop_loss,0,1,37,2025-05-01
2025-05-06,3546,107.90831756591797,0.5658030490635855,0,0.01209669467061758,0.09677412360906601,-0.03629038855433464,-0.01612909324467182,-0.02,-0.026000000000000002,ambiguous_stop_loss,1,1,37,2025-05-01
2025-05-06,1227,35.55948257446289,0.5648801504365903,1,0.001345780328847468,0.028263676911592484,-0.022880367934703827,0.01749647781252861,-0.02,-0.026000000000000002,stop_loss,0,1,37,2025-05-01
2025-05-06,4939,19.58724594116211,0.5648281478863514,0,0.0049751680344343185,0.007462691981345415,-0.004975118674337864,-0.0024875947274267673,-0.0024875947274267673,-0.008487594727426767,close,0,0,37,2025-05-01
2025-05-06,2360,305.2182312011719,0.5633547844328131,0,-0.012779525481164455,0.0031949160620570183,-0.030351411551237106,-0.027156522497534752,-0.02,-0.026000000000000002,stop_loss,0,1,37,2025-05-01
2025-05-06,2536,30.074228286743164,0.5620964193030917,0,-3.3310726621493814e-08,-3.3310726621493814e-08,-0.013071916066110134,-0.00980399176478386,-0.00980399176478386,-0.015803991764783858,close,0,0,37,2025-05-01
2025-05-06,4714,16.0,0.5620600494950865,0,0.00625002384185791,0.015625,-0.02499997615814209,-0.02499997615814209,-0.02,-0.026000000000000002,stop_loss,0,1,37,2025-05-01
2025-05-06,3380,24.584379196166992,0.5618660149784193,1,0.003921591676771641,0.01176468376070261,-0.007843159139156342,0.00784317497164011,0.00784317497164011,0.0018431749716401099,close,0,0,37,2025-05-01
2025-05-06,6691,330.8526306152344,0.56145554239854,0,0.010100952349603176,0.010100952349603176,-0.005050520412623882,0.0,0.0,-0.006,close,0,0,37,2025-05-01
2025-05-06,1216,77.77255249023438,0.5607947047429803,0,0.00991329737007618,0.00991329737007618,-0.003717415500432253,0.0,0.0,-0.006,close,0,0,37,2025-05-01
2025-05-06,2723,88.94970703125,0.5607079127403312,0,0.007592213340103626,0.007592213340103626,-0.005423020571470261,-0.005423020571470261,-0.005423020571470261,-0.01142302057147026,close,0,0,37,2025-05-01
2025-05-07,4545,38.728614807128906,0.6542119920802432,1,0.09926467388868332,0.09926467388868332,0.09926467388868332,0.09926467388868332,0.03,0.024,gap_take_profit,1,0,37,2025-05-01
2025-05-07,6596,98.19999694824219,0.6496226809621475,1,0.048879869282245636,0.0997963696718216,0.028513269498944283,0.0997963696718216,0.03,0.024,gap_take_profit,1,0,37,2025-05-01
2025-05-07,6962,48.35038757324219,0.6398274595785134,1,0.013916516676545143,0.06560634821653366,0.013916516676545143,0.03180919215083122,0.03,0.024,take_profit,1,0,37,2025-05-01
2025-05-07,6143,99.9000015258789,0.6386672150974974,1,0.026026010513305664,0.031031014397740364,0.016016000881791115,0.026026010513305664,0.03,0.024,take_profit,1,0,37,2025-05-01
2025-05-07,6423,72.03994750976562,0.6341928054825664,1,0.035374194383621216,0.039455775171518326,0.010884392075240612,0.025850364938378334,0.03,0.024,gap_take_profit,1,0,37,2025-05-01
2025-05-07,4129,82.2272720336914,0.6325755643356147,1,0.09824567288160324,0.09941524267196655,0.09239771962165833,0.09941524267196655,0.03,0.024,gap_take_profit,1,0,37,2025-05-01
2025-05-07,3527,58.01225662231445,0.6287407712442495,1,-0.006688931956887245,0.028428100049495697,-0.006688931956887245,0.01672240160405636,0.01672240160405636,0.010722401604056358,close,0,0,37,2025-05-01
2025-05-07,2474,206.25013732910156,0.6280193996195925,0,-0.004661994520574808,0.011655022390186787,-0.013986003585159779,-0.006992996670305729,-0.006992996670305729,-0.012992996670305729,close,0,0,37,2025-05-01
2025-05-07,4716,16.549999237060547,0.6244487483829967,1,0.012084638699889183,0.036253802478313446,0.012084638699889183,0.021148059517145157,0.03,0.024,take_profit,1,0,37,2025-05-01
2025-05-07,8938,65.30000305175781,0.6228802356398303,1,0.0,0.016845304518938065,0.0,0.010719708167016506,0.010719708167016506,0.004719708167016506,close,0,0,37,2025-05-01
2025-05-07,6015,10.350000381469727,0.6225048288517409,0,-0.014492807909846306,0.0,-0.014492807909846306,-0.009661871939897537,-0.009661871939897537,-0.015661871939897536,close,0,0,37,2025-05-01
2025-05-07,2023,15.800000190734863,0.622385844256291,0,0.0,0.003164568915963173,-0.012658216059207916,0.0,0.0,-0.006,close,0,0,37,2025-05-01
2025-05-07,4128,22.75,0.622008881488197,1,0.004395621363073587,0.04615381360054016,0.004395621363073587,0.041758276522159576,0.03,0.024,take_profit,1,0,37,2025-05-01
2025-05-07,2912,250.6028594970703,0.6218130565232629,1,0.007707093842327595,0.007707093842327595,-0.0038535993080586195,0.005780311767011881,0.005780311767011881,-0.00021968823298811925,close,0,0,37,2025-05-01
2025-05-07,5371,57.40252685546875,0.6213964943521372,1,0.00847453810274601,0.037288110703229904,0.00847453810274601,0.027118578553199768,0.03,0.024,take_profit,1,0,37,2025-05-01
2025-05-07,4768,102.85713958740234,0.6189398553353289,1,0.00462968647480011,0.018518522381782532,-0.009259223937988281,0.00925929844379425,0.00925929844379425,0.0032592984437942504,close,0,0,37,2025-05-01
2025-05-07,6245,80.9000015258789,0.6186022182605142,1,0.011124864220619202,0.03213842213153839,-0.0024722444359213114,0.018541408702731133,0.03,0.024,take_profit,1,0,37,2025-05-01
2025-05-07,6418,16.201583862304688,0.618221674883947,1,0.02325580082833767,0.09883715212345123,0.02325580082833767,0.09883715212345123,0.03,0.024,take_profit,1,0,37,2025-05-01
2025-05-07,4114,28.75255012512207,0.6174403992491841,1,0.004658444784581661,0.013975194655358791,0.0031056206207722425,0.009316787123680115,0.009316787123680115,0.0033167871236801146,close,0,0,37,2025-05-01
2025-05-07,9907,18.884052276611328,0.6172417697464426,1,0.02763826958835125,0.03266331925988197,-0.017587939277291298,0.01758798025548458,0.03,0.024,take_profit,1,0,37,2025-05-01
2025-05-08,6499,56.70000076293945,0.6695183392276239,1,0.09876540303230286,0.09876540303230286,0.09876540303230286,0.09876540303230286,0.03,0.024,gap_take_profit,1,0,37,2025-05-01
2025-05-08,4545,42.572998046875,0.6563669704708748,0,0.09699006378650665,0.09699006378650665,-0.0958750918507576,-0.09476028382778168,0.03,0.024,gap_take_profit,1,1,37,2025-05-01
2025-05-08,3219,42.500301361083984,0.6358494197863744,0,0.029239749535918236,0.05263156071305275,-0.054970741271972656,-0.03391816094517708,-0.02,-0.026000000000000002,ambiguous_stop_loss,1,1,37,2025-05-01
2025-05-08,3207,70.5999984741211,0.629062041652755,1,0.001416409038938582,0.036827173084020615,0.0,0.02407938614487648,0.03,0.024,take_profit,1,0,37,2025-05-01
2025-05-08,6596,108.0,0.6211047828014544,1,0.09259258955717087,0.0972222238779068,0.0555555559694767,0.0972222238779068,0.03,0.024,gap_take_profit,1,0,37,2025-05-01
2025-05-08,5011,14.5,0.6190247327951643,0,-0.024137957021594048,0.020689668133854866,-0.024137957021594048,0.0,-0.024137957021594048,-0.030137957021594046,gap_stop,0,1,37,2025-05-01
2025-05-08,8431,53.099998474121094,0.6155867298882784,0,0.007532985415309668,0.009416196495294571,-0.0018832104979082942,-0.0018832104979082942,-0.0018832104979082942,-0.007883210497908294,close,0,0,37,2025-05-01
2025-05-08,3045,108.98008728027344,0.6152364630554198,0,0.0,0.008810572326183319,-0.0044052861630916595,0.0,0.0,-0.006,close,0,0,37,2025-05-01
2025-05-08,3491,346.0,0.6141488598223488,1,0.011560693383216858,0.02601156011223793,-0.024566473439335823,0.01589595340192318,-0.02,-0.026000000000000002,stop_loss,0,1,37,2025-05-01
2025-05-08,6461,17.950000762939453,0.6128728361909322,0,0.0027854726649820805,0.0027854726649820805,-0.0027855790685862303,0.0,0.0,-0.006,close,0,0,37,2025-05-01
2025-05-08,3596,215.66705322265625,0.612436144427897,1,0.01342278253287077,0.0693511888384819,0.004474237095564604,0.051454100757837296,0.03,0.024,take_profit,1,0,37,2025-05-01
2025-05-08,3038,22.950000762939453,0.6123184876986042,1,0.006535931024700403,0.017429176717996597,0.0,0.006535931024700403,0.006535931024700403,0.0005359310247004031,close,0,0,37,2025-05-01
2025-05-08,2915,48.2221794128418,0.6113858049317807,1,0.0019763116724789143,0.009881405159831047,-0.009881441481411457,0.00395256606861949,0.00395256606861949,-0.0020474339313805105,close,0,0,37,2025-05-01
2025-05-08,4129,90.40191650390625,0.6100093950001161,1,0.01595744863152504,0.04042556509375572,0.002127629006281495,0.032978709787130356,0.03,0.024,take_profit,1,0,37,2025-05-01
2025-05-08,3062,21.299999237060547,0.6063107331092501,1,0.009389707818627357,0.032863885164260864,0.004694853909313679,0.030516505241394043,0.03,0.024,take_profit,1,0,37,2025-05-01
2025-05-08,2474,204.80783081054688,0.6047853760722416,1,0.014084476046264172,0.025821564719080925,0.007042222656309605,0.021126728504896164,0.021126728504896164,0.015126728504896164,close,0,0,37,2025-05-01
2025-05-08,5245,21.0,0.6034958238234389,0,0.0,0.014285678043961525,-0.0071428390219807625,0.0,0.0,-0.006,close,0,0,37,2025-05-01
2025-05-08,6443,15.199999809265137,0.6034755751865751,0,0.0032894862815737724,0.009868458844721317,-0.016447369009256363,0.0,0.0,-0.006,close,0,0,37,2025-05-01
2025-05-08,8464,374.0,0.6031892072671613,1,-0.004010695032775402,0.014705882407724857,-0.022727273404598236,0.006684491876512766,-0.02,-0.026000000000000002,stop_loss,0,1,37,2025-05-01
2025-05-08,4904,86.80000305175781,0.6027474405331077,1,-0.0011521440465003252,0.00921653676778078,-0.0011521440465003252,0.0034561683423817158,0.0034561683423817158,-0.0025438316576182844,close,0,0,37,2025-05-01
2025-05-09,6499,62.29999923706055,0.6719978568557465,1,0.09630824625492096,0.09951847046613693,0.00642057042568922,0.09951847046613693,0.03,0.024,gap_take_profit,1,0,37,2025-05-01
2025-05-09,6658,64.63895416259766,0.6507134218023393,1,0.0977100357413292,0.09923672676086426,0.07633596658706665,0.09923672676086426,0.03,0.024,gap_take_profit,1,0,37,2025-05-01
2025-05-09,6227,102.5,0.6292915524029868,1,0.039024390280246735,0.09756097197532654,0.019512195140123367,0.09756097197532654,0.03,0.024,gap_take_profit,1,0,37,2025-05-01
2025-05-09,6596,118.5,0.6236928014994806,1,0.004219409078359604,0.05485232174396515,-0.029535865411162376,0.04219409450888634,-0.02,-0.026000000000000002,ambiguous_stop_loss,1,1,37,2025-05-01
2025-05-09,3027,36.45000076293945,0.6222653543261278,1,0.037036992609500885,0.09739366918802261,-0.012345699593424797,0.06721538305282593,0.03,0.024,gap_take_profit,1,0,37,2025-05-01
2025-05-09,3081,282.0905456542969,0.610610448257888,1,0.026548773050308228,0.07256647944450378,0.01415939163416624,0.03539833053946495,0.03,0.024,take_profit,1,0,37,2025-05-01
2025-05-09,5244,47.04999923706055,0.6078307849806437,0,0.014877806417644024,0.024442115798592567,-0.02550479955971241,-0.006376179400831461,-0.02,-0.026000000000000002,stop_loss,0,1,37,2025-05-01
2025-05-09,6442,418.36376953125,0.605786683470725,1,0.021101990714669228,0.05041031539440155,-0.007034000474959612,0.021101990714669228,0.03,0.024,take_profit,1,0,37,2025-05-01
2025-05-09,4979,164.614013671875,0.6051026750190366,0,0.02409629337489605,0.033132437616586685,-0.018072377890348434,-0.015060328878462315,0.03,0.024,take_profit,1,0,37,2025-05-01
2025-05-09,3450,204.02330017089844,0.6043201177414406,1,0.009779985062777996,0.06356971710920334,0.009779985062777996,0.022004924714565277,0.03,0.024,take_profit,1,0,37,2025-05-01
2025-05-09,6757,108.0,0.6012116553116789,0,0.009259259328246117,0.009259259328246117,-0.08796296268701553,-0.07685188204050064,-0.02,-0.026000000000000002,stop_loss,0,1,37,2025-05-01
2025-05-09,5340,37.6739501953125,0.5977516053782841,1,0.08322326838970184,0.09643330425024033,0.01981503516435623,0.046235114336013794,0.03,0.024,gap_take_profit,1,0,37,2025-05-01
2025-05-09,3379,63.71215057373047,0.5928624546014163,1,0.05590057373046875,0.09937887638807297,0.05590057373046875,0.09937887638807297,0.03,0.024,gap_take_profit,1,0,37,2025-05-01
2025-05-09,4562,51.900001525878906,0.5892764893165034,1,0.06165697053074837,0.0982658639550209,0.0500963069498539,0.0982658639550209,0.03,0.024,gap_take_profit,1,0,37,2025-05-01
2025-05-09,6840,40.23355484008789,0.5741540100928096,0,0.003703726688399911,0.007407373748719692,-0.009876595810055733,-0.006172853987663984,-0.006172853987663984,-0.012172853987663984,close,0,0,37,2025-05-01
2025-05-09,4416,66.9000015258789,0.5725762968756392,0,-0.044843047857284546,-0.044843047857284546,-0.06576982885599136,-0.04932739958167076,-0.044843047857284546,-0.050843047857284544,gap_stop,0,1,37,2025-05-01
2025-05-09,2211,79.44145965576172,0.5713877563034835,1,0.046099334955215454,0.046099334955215454,0.02127665840089321,0.03900715708732605,0.03,0.024,gap_take_profit,1,0,37,2025-05-01
2025-05-09,8415,31.88298988342285,0.570248119941043,1,0.005996996071189642,0.008995565585792065,-0.00149925600271672,0.005996996071189642,0.005996996071189642,-3.0039288103581724e-06,close,0,0,37,2025-05-01
2025-05-09,3490,22.055437088012695,0.5695871305282635,1,0.004319625906646252,0.015118761919438839,-0.006479509640485048,0.002159831812605262,0.002159831812605262,-0.0038401681873947383,close,0,0,37,2025-05-01
2025-05-09,6486,71.94116973876953,0.5658100618572334,1,-2.1772375902173735e-08,0.009009046480059624,-0.0012870033970102668,0.007722064852714539,0.007722064852714539,0.0017220648527145384,close,0,0,37,2025-05-01
2025-05-12,4721,56.928314208984375,0.6689740382717064,1,0.09847189486026764,0.09847189486026764,0.09847189486026764,0.09847189486026764,0.03,0.024,gap_take_profit,1,0,37,2025-05-01
2025-05-12,6470,49.69021987915039,0.6665927765037706,1,0.007648209109902382,0.045889127999544144,-0.01529635675251484,0.017208438366651535,0.03,0.024,take_profit,1,0,37,2025-05-01
2025-05-12,1103,15.157522201538086,0.663574892504798,1,1.600214716290793e-08,0.006349246483296156,-0.006349214818328619,0.003174631390720606,0.003174631390720606,-0.0028253686092793943,close,0,0,37,2025-05-01
2025-05-12,3665,598.720947265625,0.6633439732534673,0,0.02287580445408821,0.031045712530612946,-0.0065359873697161674,0.0,0.03,0.024,take_profit,1,0,37,2025-05-01
2025-05-12,2357,573.71142578125,0.663035739462592,1,0.011608620174229145,0.016583744436502457,-0.0016583778196945786,0.008291871286928654,0.008291871286928654,0.0022918712869286536,close,0,0,37,2025-05-01
2025-05-12,1560,265.55120849609375,0.66109127724596,1,0.02979511395096779,0.05214148014783859,-4.337828940492727e-08,0.04096829891204834,0.03,0.024,take_profit,1,0,37,2025-05-01
2025-05-12,5269,1810.6383056640625,0.6608668452105257,0,0.03532608225941658,0.04891303926706314,-0.01630435325205326,-0.013586962595582008,0.03,0.024,gap_take_profit,1,0,37,2025-05-01
2025-05-12,3376,185.04348754882812,0.6602805398110817,1,0.052631575614213943,0.07105262577533722,0.015789471566677094,0.028947366401553154,0.03,0.024,gap_take_profit,1,0,37,2025-05-01
2025-05-12,6270,21.968608856201172,0.6598356074785494,0,0.01521744392812252,0.01521744392812252,-0.013043410144746304,-0.006521687377244234,-0.006521687377244234,-0.012521687377244234,close,0,0,37,2025-05-01
2025-05-12,3515,195.6551055908203,0.6586971170764832,1,0.1000000387430191,0.1000000387430191,0.037500038743019104,0.04750003665685654,0.03,0.024,gap_take_profit,1,0,37,2025-05-01
2025-05-12,6591,54.70000076293945,0.6549081403962987,1,0.0987202525138855,0.0987202525138855,0.06581349670886993,0.0987202525138855,0.03,0.024,gap_take_profit,1,0,37,2025-05-01
2025-05-12,4130,20.428367614746094,0.6544859430767033,1,0.004773356020450592,0.009546645916998386,0.0023867571726441383,0.0023867571726441383,0.0023867571726441383,-0.003613242827355862,close,0,0,37,2025-05-01
2025-05-12,1313,8.493067741394043,0.6537903459007443,0,0.010392656549811363,0.010392656549811363,-0.019630465656518936,-0.016166184097528458,-0.016166184097528458,-0.022166184097528456,close,0,0,37,2025-05-01
2025-05-12,8028,132.50067138671875,0.6537271913047692,1,0.02973978966474533,0.055762093514204025,0.018587373197078705,0.0446096770465374,0.03,0.024,take_profit,1,0,37,2025-05-01
2025-05-12,3518,17.299999237060547,0.6533635512855278,1,0.02601160667836666,0.049132972955703735,0.014450867660343647,0.02601160667836666,0.03,0.024,take_profit,1,0,37,2025-05-01
2025-05-12,3207,71.5,0.653359386569778,1,0.01258743368089199,0.03356645628809929,-0.015384593978524208,0.0139860138297081,0.03,0.024,take_profit,1,0,37,2025-05-01
2025-05-12,1536,63.29999923706055,0.6530978337962247,1,0.026856252923607826,0.034755147993564606,-0.009478649124503136,0.009478709660470486,0.03,0.024,take_profit,1,0,37,2025-05-01
2025-05-12,6021,20.649999618530273,0.6526238367733767,1,0.004842633381485939,0.007263903971761465,0.0,0.007263903971761465,0.007263903971761465,0.001263903971761465,close,0,0,37,2025-05-01
2025-05-12,3413,279.0281066894531,0.6522355083599921,0,0.022184301167726517,0.02559726871550083,0.0,0.0,0.0,-0.006,close,0,0,37,2025-05-01
2025-05-12,2023,15.949999809265137,0.6519463222128414,0,0.0031348082702606916,0.009404424577951431,-0.009404364973306656,-0.009404364973306656,-0.009404364973306656,-0.015404364973306656,close,0,0,37,2025-05-01
2025-05-13,6591,60.099998474121094,0.6013102876203785,1,-0.014975003898143768,0.07820307463407516,-0.019966671243309975,0.06156407296657562,0.03,0.024,take_profit,1,0,37,2025-05-01
2025-05-13,4721,62.53415298461914,0.5989369943010165,1,0.07882542163133621,0.09428136795759201,0.020092759281396866,0.05100465938448906,0.03,0.024,gap_take_profit,1,0,37,2025-05-01
2025-05-13,3057,9.3100004196167,0.59454114295388,1,0.0955960601568222,0.0955960601568222,0.0955960601568222,0.0955960601568222,0.03,0.024,gap_take_profit,1,0,37,2025-05-01
2025-05-13,6499,75.30000305175781,0.5855805066817078,1,0.0,0.09694548696279526,-0.019920317456126213,0.06108895316720009,0.03,0.024,take_profit,1,0,37,2025-05-01
2025-05-13,8038,25.850000381469727,0.5776824217047587,1,0.06382977217435837,0.09864600747823715,0.029013538733124733,0.09864600747823715,0.03,0.024,gap_take_profit,1,0,37,2025-05-01
2025-05-13,2408,40.900001525878906,0.5573308653894549,1,0.01833740808069706,0.09902198612689972,-0.013447507284581661,0.09902198612689972,0.03,0.024,take_profit,1,0,37,2025-05-01
2025-05-13,8088,33.9057502746582,0.5565917569735706,1,0.04215098172426224,0.09883704781532288,0.002906846348196268,0.055232398211956024,0.03,0.024,gap_take_profit,1,0,37,2025-05-01
2025-05-13,3167,84.80000305175781,0.5484466902969011,1,0.017688678577542305,0.03773581236600876,-0.017688678577542305,0.007075453642755747,0.03,0.024,take_profit,1,0,37,2025-05-01
2025-05-13,5438,22.785839080810547,0.545329343896286,0,0.02985069341957569,0.036247264593839645,-0.031982943415641785,-0.0234542079269886,-0.02,-0.026000000000000002,ambiguous_stop_loss,1,1,37,2025-05-01
2025-05-13,4973,27.0,0.5446213642191771,1,0.016666695475578308,0.06666664034128189,-0.018518518656492233,0.046296294778585434,0.03,0.024,take_profit,1,0,37,2025-05-01
2025-05-13,8069,227.6171112060547,0.5410524635567019,1,0.030042920261621475,0.05150214582681656,-0.01287553459405899,0.002145924372598529,0.03,0.024,gap_take_profit,1,0,37,2025-05-01
2025-05-13,4577,22.049999237060547,0.5390697025448187,0,-0.002267539268359542,-0.002267539268359542,-0.056689344346523285,-0.04308385029435158,-0.02,-0.026000000000000002,stop_loss,0,1,37,2025-05-01
2025-05-13,3498,44.75,0.5378137504393287,1,0.03128495067358017,0.08826817572116852,-0.016759777441620827,0.02793296054005623,0.03,0.024,gap_take_profit,1,0,37,2025-05-01
2025-05-13,4576,134.75784301757812,0.5373465416631843,1,0.011111147701740265,0.05185189098119736,-0.018518483266234398,0.044444482773542404,0.03,0.024,take_profit,1,0,37,2025-05-01
2025-05-13,2465,56.70000076293945,0.5370833994859555,1,0.06525574624538422,0.09876540303230286,0.014109333977103233,0.09876540303230286,0.03,0.024,gap_take_profit,1,0,37,2025-05-01
2025-05-13,8249,48.500328063964844,0.5327430976243086,0,0.02976188436150551,0.03968251869082451,-0.01785719208419323,-0.005952460691332817,0.03,0.024,take_profit,1,0,37,2025-05-01
2025-05-13,6261,62.099998474121094,0.5255633008460574,1,0.0,0.004830967169255018,0.0,0.004830967169255018,0.004830967169255018,-0.0011690328307449819,close,0,0,37,2025-05-01
2025-05-13,6461,17.752361297607422,0.522234582883708,1,0.002770068822428584,0.008310206234455109,0.0,0.002770068822428584,0.002770068822428584,-0.003229931177571416,close,0,0,37,2025-05-01
2025-05-13,5381,20.25,0.5179176933108853,1,0.03703703731298447,0.09876543283462524,0.022222260013222694,0.09876543283462524,0.03,0.024,gap_take_profit,1,0,37,2025-05-01
2025-05-13,9802,107.0,0.5176914503343497,1,0.05140186846256256,0.06542056053876877,-0.014018691144883633,0.037383176386356354,0.03,0.024,gap_take_profit,1,0,37,2025-05-01
2025-05-14,3057,10.199999809265137,0.5901214243965937,1,0.09803921729326248,0.09803921729326248,0.06862743198871613,0.09803921729326248,0.03,0.024,gap_take_profit,1,0,37,2025-05-01
2025-05-14,3701,34.20000076293945,0.5808831438801164,0,0.0058479756116867065,0.05847953259944916,-0.020467858761548996,-0.008771907538175583,-0.02,-0.026000000000000002,ambiguous_stop_loss,1,1,37,2025-05-01
2025-05-14,2102,21.600000381469727,0.5742458033033306,0,-0.00694442680105567,0.020833279937505722,-0.0347222201526165,-0.009259294718503952,-0.02,-0.026000000000000002,stop_loss,0,1,37,2025-05-01
2025-05-14,8038,28.399999618530273,0.5543044378344795,1,0.03169012814760208,0.05281690135598183,-0.02816898748278618,0.05281690135598183,0.03,0.024,gap_take_profit,1,1,37,2025-05-01
2025-05-14,2543,86.9000015258789,0.5461491103865148,1,0.0034521911293268204,0.03682389855384827,0.0,0.014959670603275299,0.03,0.024,take_profit,1,0,37,2025-05-01
2025-05-14,4991,96.19999694824219,0.5450784853550245,0,0.007276555057615042,0.007276555057615042,-0.032224517315626144,-0.032224517315626144,-0.02,-0.026000000000000002,stop_loss,0,1,37,2025-05-01
2025-05-14,2329,35.87395477294922,0.5443841686252098,1,-0.0013604976702481508,0.04353740066289902,-0.012244893237948418,0.006802747026085854,0.03,0.024,take_profit,1,0,37,2025-05-01
2025-05-14,6657,68.4000015258789,0.5438932495493444,1,0.01461988314986229,0.08918125927448273,-0.013157917186617851,0.05409352108836174,0.03,0.024,take_profit,1,0,37,2025-05-01
2025-05-14,6664,200.09637451171875,0.5434818304542536,0,0.019138721749186516,0.019138721749186516,-0.028708167374134064,-0.028708167374134064,-0.02,-0.026000000000000002,stop_loss,0,1,37,2025-05-01
2025-05-14,4749,533.7426147460938,0.5429521977205326,1,0.024118682369589806,0.05194799602031708,0.009276383556425571,0.024118682369589806,0.03,0.024,take_profit,1,0,37,2025-05-01
2025-05-14,3693,333.0,0.5421975386475568,1,0.006006006151437759,0.036036036908626556,0.0,0.015015015378594398,0.03,0.024,take_profit,1,0,37,2025-05-01
2025-05-14,4772,209.12026977539062,0.5421975386475568,1,0.03317534551024437,0.07582937180995941,0.023696674033999443,0.03317534551024437,0.03,0.024,gap_take_profit,1,0,37,2025-05-01
2025-05-14,2613,32.54999923706055,0.5414057545110263,1,0.016897058114409447,0.058371782302856445,-0.021505340933799744,0.0030722669325768948,-0.02,-0.026000000000000002,ambiguous_stop_loss,1,1,37,2025-05-01
2025-05-14,3234,37.79999923706055,0.5409061082523401,1,0.015873076394200325,0.06878313422203064,0.007936487905681133,0.022486833855509758,0.03,0.024,take_profit,1,0,37,2025-05-01
2025-05-14,1569,52.099998474121094,0.5409061082523401,1,0.03454900532960892,0.09980808198451996,0.01727450266480446,0.08829179406166077,0.03,0.024,gap_take_profit,1,0,37,2025-05-01
2025-05-14,8045,88.12916564941406,0.5405603295166116,1,0.022026412189006805,0.057268667966127396,-0.008810624480247498,0.007709198165684938,0.03,0.024,take_profit,1,0,37,2025-05-01
2025-05-14,4722,58.20149230957031,0.5398807385047354,1,0.030302979052066803,0.0370369479060173,0.01346796378493309,0.03535347059369087,0.03,0.024,gap_take_profit,1,0,37,2025-05-01
2025-05-14,3558,199.0,0.5398050684790268,0,0.01005025114864111,0.030150754377245903,-0.035175878554582596,-0.01256281416863203,-0.02,-0.026000000000000002,ambiguous_stop_loss,1,1,37,2025-05-01
2025-05-14,2408,44.95000076293945,0.538662624760376,1,0.011123470030725002,0.027808675542473793,-0.012235800735652447,0.0077863954938948154,0.0077863954938948154,0.0017863954938948153,close,0,0,37,2025-05-01
2025-05-14,2449,96.70755004882812,0.5341254388090396,0,-0.0069651491940021515,-0.0069651491940021515,-0.03681589663028717,-0.022885607555508614,-0.02,-0.026000000000000002,stop_loss,0,1,37,2025-05-01
2025-05-15,3057,11.199999809265137,0.6515259387044701,1,0.07142858952283859,0.09821432083845139,0.03571433573961258,0.09821432083845139,0.03,0.024,gap_take_profit,1,0,37,2025-05-01
2025-05-15,6591,70.0999984741211,0.6342821161025196,1,0.022824514657258987,0.04850216209888458,-0.012838823720812798,0.041369494050741196,0.03,0.024,take_profit,1,0,37,2025-05-01
2025-05-15,6658,83.09313201904297,0.633356011370655,0,0.014251811429858208,0.033254168927669525,-0.02850351482629776,-0.02850351482629776,-0.02,-0.026000000000000002,ambiguous_stop_loss,1,1,37,2025-05-01
2025-05-15,1618,47.756160736083984,0.6320873436510321,1,0.007099437527358532,0.05882355943322182,0.004056809935718775,0.011156170628964901,0.03,0.024,take_profit,1,0,37,2025-05-01
2025-05-15,2404,489.3420715332031,0.6278042368386736,1,0.003929284866899252,0.07269156724214554,-0.01768171787261963,0.060903746634721756,0.03,0.024,take_profit,1,0,37,2025-05-01
2025-05-15,8034,15.565789222717285,0.6067939925030701,0,-4.642220829964572e-09,-4.642220829964572e-09,-0.015384620055556297,-0.006153874099254608,-0.006153874099254608,-0.012153874099254608,close,0,0,37,2025-05-01
2025-05-15,3147,211.92648315429688,0.6059598594673211,0,0.016427144408226013,0.026694035157561302,-0.055441439151763916,-0.03490758687257767,-0.02,-0.026000000000000002,stop_loss,0,1,37,2025-05-01
2025-05-15,3228,169.5,0.6054132020757639,1,0.008849557489156723,0.0914454311132431,-0.023598819971084595,0.06489675492048264,-0.02,-0.026000000000000002,ambiguous_stop_loss,1,1,37,2025-05-01
2025-05-15,2539,61.099998474121094,0.6052430780069815,1,0.009820004925131798,0.034369923174381256,-0.001636636327020824,0.02454991824924946,0.03,0.024,take_profit,1,0,37,2025-05-01
2025-05-15,2324,26.899999618530273,0.6052062808042201,1,0.0,0.0631970539689064,-0.00929368007928133,0.033457234501838684,0.03,0.024,take_profit,1,0,37,2025-05-01
2025-05-15,9955,28.799999237060547,0.6050610620600766,1,0.010416707023978233,0.03125005215406418,0.0017361509380862117,0.0017361509380862117,0.03,0.024,take_profit,1,0,37,2025-05-01
2025-05-15,4105,74.4000015258789,0.6032848414801674,1,-0.002688233507797122,0.010752626694738865,-0.002688233507797122,0.009408560581505299,0.009408560581505299,0.0034085605815052985,close,0,0,37,2025-05-01
2025-05-15,2027,36.313323974609375,0.6029520788566223,0,0.00266317673958838,0.009320966899394989,-0.007989327423274517,0.0,0.0,-0.006,close,0,0,37,2025-05-01
2025-05-15,3362,133.0,0.6019883313068779,1,0.0,0.01879699155688286,-0.003759398590773344,0.007518797181546688,0.007518797181546688,0.001518797181546688,close,0,0,37,2025-05-01
2025-05-15,6492,32.70000076293945,0.6012681001417828,1,0.012232345528900623,0.0657491609454155,0.0,0.02905200980603695,0.03,0.024,take_profit,1,0,37,2025-05-01
2025-05-15,1101,28.948949813842773,0.6012611647589408,0,0.0016611041501164436,0.00996675156056881,-0.0016611675964668393,0.0,0.0,-0.006,close,0,0,37,2025-05-01
2025-05-15,5347,84.46240234375,0.5997521318223623,1,0.013590024784207344,0.01812005415558815,-0.0033975173719227314,0.0022649967577308416,0.0022649967577308416,-0.0037350032422691585,close,0,0,37,2025-05-01
2025-05-15,2023,15.5,0.5996172342642472,0,-0.0064516374841332436,0.0,-0.01935485191643238,-0.016129031777381897,-0.016129031777381897,-0.022129031777381895,close,0,0,37,2025-05-01
2025-05-15,3356,52.29999923706055,0.5994101055397173,1,0.0057361233048141,0.01529635302722454,-0.00382410641759634,0.001912089646793902,0.001912089646793902,-0.004087910353206098,close,0,0,37,2025-05-01
2025-05-15,2834,13.593892097473145,0.5988937998631919,0,0.0,0.010274014435708523,-0.003424648428335786,0.0,0.0,-0.006,close,0,0,37,2025-05-01
2025-05-16,2615,107.00719451904297,0.6089758630693259,1,0.004504491575062275,0.018018005415797234,-0.03603604808449745,0.009008996188640594,-0.02,-0.026000000000000002,stop_loss,0,1,37,2025-05-01
2025-05-16,3004,121.0,0.6049669216642226,1,0.03305784985423088,0.09917355328798294,0.028925620019435883,0.09917355328798294,0.03,0.024,gap_take_profit,1,0,37,2025-05-01
2025-05-16,3257,60.599998474121094,0.5915450729782314,1,0.049504950642585754,0.08745879679918289,0.024752475321292877,0.0330033004283905,0.03,0.024,gap_take_profit,1,0,37,2025-05-01
2025-05-16,8438,32.9390983581543,0.5796831558197098,0,0.033478885889053345,0.06259096413850784,-0.0393013171851635,-0.0393013171851635,0.03,0.024,gap_take_profit,1,1,37,2025-05-01
2025-05-16,9902,16.272624969482422,0.5785091426308594,1,0.042296152561903,0.0996980145573616,0.009063567034900188,0.054380789399147034,0.03,0.024,gap_take_profit,1,0,37,2025-05-01
2025-05-16,3466,46.900001525878906,0.5782734188710921,1,0.008528735488653183,0.05543706566095352,-0.019189797341823578,0.015991469845175743,0.03,0.024,take_profit,1,0,37,2025-05-01
2025-05-16,6412,110.31836700439453,0.5761409070518304,1,0.004310333635658026,0.09051723033189774,-0.0043103559873998165,0.06896550208330154,0.03,0.024,take_profit,1,0,37,2025-05-01
2025-05-16,8054,82.30000305175781,0.5759165791565546,0,-0.007290475070476532,0.026731431484222412,-0.031591810286045074,-0.030376669019460678,-0.02,-0.026000000000000002,stop_loss,0,1,37,2025-05-01
2025-05-16,2491,10.850000381469727,0.5757150467061862,0,-0.009216624312102795,-0.009216624312102795,-0.050691261887550354,-0.01843324862420559,-0.02,-0.026000000000000002,stop_loss,0,1,37,2025-05-01
2025-05-16,1503,179.45054626464844,0.5750033362549292,1,0.02173919416964054,0.09782615303993225,0.005434845108538866,0.051630500704050064,0.03,0.024,take_profit,1,0,37,2025-05-01
2025-05-16,1504,50.112545013427734,0.5713115359102392,0,-0.00382410641759634,0.013384335674345493,-0.009560229256749153,0.0,0.0,-0.006,close,0,0,37,2025-05-01
2025-05-16,4744,20.96181869506836,0.5713079957795574,0,1.2634959745128072e-10,0.004683858714997768,-0.025761177763342857,-0.01873534545302391,-0.02,-0.026000000000000002,stop_loss,0,1,37,2025-05-01
2025-05-16,4707,10.800000190734863,0.5708101982647877,1,0.009259206242859364,0.01388885360211134,0.004629647359251976,0.009259206242859364,0.009259206242859364,0.0032592062428593634,close,0,0,37,2025-05-01
2025-05-16,2616,15.089932441711426,0.5693700354896001,0,2.1536495253826615e-08,0.0032467872370034456,-0.02272721566259861,-0.019480450078845024,-0.02,-0.026000000000000002,stop_loss,0,1,37,2025-05-01
2025-05-16,2834,13.593892097473145,0.5681239811393044,0,-1.9408057383429878e-08,0.010273994877934456,-0.010273965075612068,-0.003424667753279209,-0.003424667753279209,-0.00942466775327921,close,0,0,37,2025-05-01
2025-05-16,3131,1054.41064453125,0.5679344286193568,0,0.009345758706331253,0.009345758706331253,-0.04205610975623131,-0.014018726535141468,-0.02,-0.026000000000000002,stop_loss,0,1,37,2025-05-01
2025-05-16,6462,109.0,0.5646948189884186,0,-0.01834862306714058,0.004587155766785145,-0.06422018259763718,-0.06422018259763718,-0.02,-0.026000000000000002,stop_loss,0,1,37,2025-05-01
2025-05-16,1904,17.926856994628906,0.5646346161575697,0,-1.8576551852333978e-08,0.005434784572571516,-0.005434821825474501,-0.005434821825474501,-0.005434821825474501,-0.0114348218254745,close,0,0,37,2025-05-01
2025-05-16,4157,9.800000190734863,0.5642486499246825,1,0.0010204315185546875,0.07653061300516129,0.0010204315185546875,0.02551020309329033,0.03,0.024,take_profit,1,0,37,2025-05-01
2025-05-16,3057,12.300000190734863,0.5634958707909188,0,-0.08943092077970505,-0.04065040498971939,-0.09756095707416534,-0.05284557491540909,-0.08943092077970505,-0.09543092077970505,gap_stop,0,1,37,2025-05-01
2025-05-19,3004,133.0,0.6279889013377965,1,0.003759398590773344,0.02631578966975212,-0.030075188726186752,0.015037594363093376,-0.02,-0.026000000000000002,stop_loss,0,1,37,2025-05-01
2025-05-19,1325,32.272361755371094,0.6130238359840567,0,-0.009202438406646252,0.007668704725801945,-0.04601221904158592,-0.03374229371547699,-0.02,-0.026000000000000002,stop_loss,0,1,37,2025-05-01
2025-05-19,1732,28.950000762939453,0.6102396406308803,0,0.022452490404248238,0.027633825317025185,-0.05526771396398544,-0.04490504786372185,-0.02,-0.026000000000000002,stop_loss,0,1,37,2025-05-01
2025-05-19,1419,51.03541564941406,0.600973592916524,1,0.059160325676202774,0.0992366299033165,0.04961834102869034,0.0992366299033165,0.03,0.024,gap_take_profit,1,0,37,2025-05-01
2025-05-19,8431,46.0,0.5997524717108731,1,0.0065217227675020695,0.0315217562019825,-0.003260902827605605,0.0021738798823207617,0.03,0.024,take_profit,1,0,37,2025-05-01
2025-05-19,1727,23.633028030395508,0.595695810193281,1,-2.8027109522099636e-08,0.05833328887820244,-2.8027109522099636e-08,0.016666622832417488,0.03,0.024,take_profit,1,0,37,2025-05-01
2025-05-19,6869,170.67169189453125,0.5917696930116919,0,0.00847463496029377,0.0564972385764122,-0.025423672050237656,-0.016949094831943512,-0.02,-0.026000000000000002,ambiguous_stop_loss,1,1,37,2025-05-01
2025-05-19,9919,18.336166381835938,0.5909713954287198,0,0.040431298315525055,0.040431298315525055,-0.026954151690006256,-0.01078158151358366,0.03,0.024,gap_take_profit,1,1,37,2025-05-01
2025-05-19,6488,318.7096862792969,0.5899242883269479,1,0.012307669967412949,0.01846151612699032,-0.0015384837752208114,0.010769207961857319,0.010769207961857319,0.004769207961857319,close,0,0,37,2025-05-01
2025-05-19,2616,14.795973777770996,0.587539584200267,1,1.737475052721038e-08,0.023178787901997566,1.737475052721038e-08,0.023178787901997566,0.023178787901997566,0.017178787901997568,close,0,0,37,2025-05-01
2025-05-19,6233,20.342260360717773,0.5872766487991532,1,0.012077203020453453,0.026569917798042297,-9.034421566411766e-08,0.0024153313133865595,0.0024153313133865595,-0.0035846686866134406,close,0,0,37,2025-05-01
2025-05-19,1584,26.607946395874023,0.5870897734900452,0,0.009140752255916595,0.01462519820779562,-0.009140782989561558,-0.009140782989561558,-0.009140782989561558,-0.015140782989561558,close,0,0,37,2025-05-01
2025-05-19,6492,37.0,0.5861160095927667,0,0.021621601656079292,0.02972968854010105,-0.0513513907790184,-0.04729729890823364,-0.02,-0.026000000000000002,stop_loss,0,1,37,2025-05-01
2025-05-19,4171,23.299999237060547,0.5854739321957243,0,0.0,0.0,-0.05579395964741707,-0.04721023514866829,-0.02,-0.026000000000000002,stop_loss,0,1,37,2025-05-01
2025-05-19,7402,79.92391204833984,0.5851365737532263,0,0.01223992183804512,0.024479825049638748,-0.006119932513684034,-0.003671895945444703,-0.003671895945444703,-0.009671895945444703,close,0,0,37,2025-05-01
2025-05-19,5371,58.76462173461914,0.5843684289645691,0,0.008278174325823784,0.011589381843805313,-0.00662251329049468,-0.0033112422097474337,-0.0033112422097474337,-0.009311242209747434,close,0,0,37,2025-05-01
2025-05-19,3227,209.0,0.5840671267895935,1,0.011961722746491432,0.0550239235162735,0.011961722746491432,0.04066985473036766,0.03,0.024,take_profit,1,0,37,2025-05-01
2025-05-19,4949,50.70000076293945,0.583737030234846,1,0.027613366022706032,0.09861932694911957,0.017751432955265045,0.09861932694911957,0.03,0.024,take_profit,1,0,37,2025-05-01
2025-05-19,3529,2368.364990234375,0.5834022956239594,0,0.018828457221388817,0.071129709482193,-0.012552296742796898,-0.010460246354341507,0.03,0.024,take_profit,1,0,37,2025-05-01
2025-05-19,8454,276.0549621582031,0.5824949945235118,1,0.003294954542070627,0.004942421335726976,-0.003294806694611907,0.004942421335726976,0.004942421335726976,-0.0010575786642730237,close,0,0,37,2025-05-01
2025-05-20,6499,89.0999984741211,0.623303729961997,1,0.01010102778673172,0.0953984335064888,0.01010102778673172,0.0953984335064888,0.03,0.024,take_profit,1,0,37,2025-05-01
2025-05-20,1419,56.099998474121094,0.6196322041380534,1,0.0017361516365781426,0.06770836561918259,-0.024305514991283417,0.06770836561918259,-0.02,-0.026000000000000002,ambiguous_stop_loss,1,1,37,2025-05-01
2025-05-20,3661,2865.0,0.5982834750222122,1,0.015706805512309074,0.040139615535736084,-0.0069808028638362885,0.040139615535736084,0.03,0.024,take_profit,1,0,37,2025-05-01
2025-05-20,3434,62.20000076293945,0.5961779174674189,1,0.030546586960554123,0.06270092725753784,-0.006430892739444971,0.019292617216706276,0.03,0.024,gap_take_profit,1,0,37,2025-05-01
2025-05-20,8072,47.140567779541016,0.5955697243609862,1,0.048805736005306244,0.0986500009894371,0.02180679328739643,0.02180679328739643,0.03,0.024,gap_take_profit,1,0,37,2025-05-01
2025-05-20,6175,33.31654357910156,0.5875075395337007,1,-0.0042675030417740345,0.009957246482372284,-0.007112409919500351,0.0056897783651947975,0.0056897783651947975,-0.0003102216348052026,close,0,0,37,2025-05-01
2025-05-20,4949,55.70000076293945,0.5842049713889985,0,0.03949731960892677,0.0664273053407669,-0.008976660668849945,-0.008976660668849945,0.03,0.024,gap_take_profit,1,0,37,2025-05-01
2025-05-20,2207,590.0753784179688,0.5823662297461719,1,-8.512606797239641e-08,0.054009731858968735,-8.512606797239641e-08,0.054009731858968735,0.03,0.024,take_profit,1,0,37,2025-05-01
2025-05-20,4915,73.09435272216797,0.5815416878216924,1,0.006476666312664747,0.015544082969427109,-1.7987897393823005e-08,0.015544082969427109,0.015544082969427109,0.009544082969427109,close,0,0,37,2025-05-01
2025-05-20,1712,42.349998474121094,0.5792580212126235,1,0.003541948739439249,0.014167705550789833,0.001180709688924253,0.012987085618078709,0.012987085618078709,0.0069870856180787085,close,0,0,37,2025-05-01
2025-05-20,5014,13.75,0.5786236582127126,0,-0.021818196401000023,0.0,-0.050909075886011124,-0.032727260142564774,-0.021818196401000023,-0.02781819640100002,gap_stop,0,1,37,2025-05-01
2025-05-20,9918,37.97343063354492,0.577193900174433,1,0.006329093128442764,0.006329093128442764,-2.0849567405889502e-08,0.006329093128442764,0.006329093128442764,0.00032909312844276416,close,0,0,37,2025-05-01
2025-05-20,6234,22.450000762939453,0.5768439526847112,1,0.008908635005354881,0.04677056521177292,0.002227137330919504,0.020044492557644844,0.03,0.024,take_profit,1,0,37,2025-05-01
2025-05-20,4729,20.600000381469727,0.5765120157093001,1,0.0,0.00970868207514286,-0.009708774276077747,0.004854387138038874,0.004854387138038874,-0.0011456128619611265,close,0,0,37,2025-05-01
2025-05-20,2385,155.15032958984375,0.5747591426852866,1,0.009036133997142315,0.02108432725071907,0.003012037603184581,0.02108432725071907,0.02108432725071907,0.01508432725071907,close,0,0,37,2025-05-01
2025-05-20,2330,973.8676147460938,0.5746706590429129,1,0.008179943077266216,0.021472375839948654,0.005112458020448685,0.012269922532141209,0.012269922532141209,0.0062699225321412085,close,0,0,37,2025-05-01
2025-05-20,3023,217.70220947265625,0.5736893830314721,1,0.010989028960466385,0.026373645290732384,-0.004395586438477039,0.021978041157126427,0.021978041157126427,0.01597804115712643,close,0,0,37,2025-05-01
2025-05-20,2356,39.704315185546875,0.5736506403009805,1,0.006053321994841099,0.027845127508044243,0.006053321994841099,0.027845127508044243,0.027845127508044243,0.021845127508044244,close,0,0,37,2025-05-01
2025-05-20,8039,44.14408874511719,0.5736191798229328,1,0.0010752402013167739,0.015053767710924149,-0.0032258513383567333,0.012903180904686451,0.012903180904686451,0.006903180904686451,close,0,0,37,2025-05-01
2025-05-20,6257,71.05062866210938,0.5727386301814379,1,0.009358245879411697,0.014705860055983067,0.0040106321685016155,0.01203200127929449,0.01203200127929449,0.006032001279294491,close,0,0,37,2025-05-01
2025-05-21,3004,148.5,0.4825051788484958,0,0.03030303120613098,0.03030303120613098,-0.023569023236632347,-0.013468013145029545,0.03,0.024,gap_take_profit,1,1,37,2025-05-01
2025-05-21,3686,19.25,0.47666115471921305,0,-0.007792187854647636,-0.005194825120270252,-0.051948051899671555,-0.01818183809518814,-0.02,-0.026000000000000002,stop_loss,0,1,37,2025-05-01
2025-05-21,6499,97.5999984741211,0.472481950583782,1,0.05020493268966675,0.09631149470806122,0.014344277791678905,0.09631149470806122,0.03,0.024,gap_take_profit,1,0,37,2025-05-01
2025-05-21,5439,192.77806091308594,0.4666179875405327,0,0.002570686163380742,0.046272486448287964,-0.015424172393977642,-0.0025707019958645105,0.03,0.024,take_profit,1,0,37,2025-05-01
2025-05-21,6834,38.24767303466797,0.46645662449080505,0,0.007722077891230583,0.02445303648710251,-0.03989702835679054,-0.030887961387634277,-0.02,-0.026000000000000002,stop_loss,0,1,37,2025-05-01
2025-05-21,3228,185.0,0.46234625420594416,1,-0.018918918445706367,0.0972972959280014,-0.027027027681469917,0.045945946127176285,-0.02,-0.026000000000000002,ambiguous_stop_loss,1,1,37,2025-05-01
2025-05-21,6130,38.650001525878906,0.46040687239313216,0,-0.010349327698349953,-0.010349327698349953,-0.05304018035531044,-0.04786551743745804,-0.02,-0.026000000000000002,stop_loss,0,1,37,2025-05-01
2025-05-21,2368,238.56771850585938,0.45859135574883025,1,-4.09343954288488e-08,0.04713110625743866,-0.00409840140491724,0.02459012158215046,0.03,0.024,take_profit,1,0,37,2025-05-01
2025-05-21,3219,45.9798583984375,0.4573862332809541,1,0.02162160351872444,0.09837834537029266,0.011891856789588928,0.09837834537029266,0.03,0.024,take_profit,1,0,37,2025-05-01
2025-05-21,6284,69.4230728149414,0.4568903197338591,1,1.2732474630183788e-08,0.012465408071875572,-0.005540069192647934,0.012465408071875572,0.012465408071875572,0.006465408071875572,close,0,0,37,2025-05-01
2025-05-21,8131,25.334392547607422,0.4536849095672726,0,-4.180710533319143e-08,-4.180710533319143e-08,-0.007490706630051136,-0.003745374269783497,-0.003745374269783497,-0.009745374269783497,close,0,0,37,2025-05-01
2025-05-21,3057,12.5,0.4528992691342461,0,-0.011999969370663166,0.004000015091150999,-0.0480000302195549,-0.008000030182301998,-0.02,-0.026000000000000002,stop_loss,0,1,37,2025-05-01
2025-05-21,4934,11.850000381469727,0.4493055649309799,1,0.0,0.0970463752746582,0.0,0.0970463752746582,0.03,0.024,take_profit,1,0,37,2025-05-01
2025-05-21,3071,18.646215438842773,0.44750975277844596,1,7.643598110007588e-08,0.005128301680088043,-0.005128148477524519,0.0025641401298344135,0.0025641401298344135,-0.0034358598701655866,close,0,0,37,2025-05-01
2025-05-21,2344,18.149999618530273,0.4466633011438937,0,-0.002754779066890478,0.0,-0.02479332499206066,-0.016528883948922157,-0.02,-0.026000000000000002,stop_loss,0,1,37,2025-05-01
2025-05-21,3207,67.0,0.44610837115813723,1,-0.010447715409100056,0.02985074557363987,-0.016417887061834335,0.02985074557363987,0.02985074557363987,0.02385074557363987,close,0,0,37,2025-05-01
2025-05-21,5278,31.200000762939453,0.445547151263736,0,0.0,0.0,-0.02083338238298893,-0.016025640070438385,-0.02,-0.026000000000000002,stop_loss,0,1,37,2025-05-01
2025-05-21,6156,26.64661979675293,0.44433186104820194,1,4.657331587054614e-08,0.028828850015997887,4.657331587054614e-08,0.003603663993999362,0.003603663993999362,-0.002396336006000638,close,0,0,37,2025-05-01
2025-05-21,2504,40.301082611083984,0.443585936236762,0,0.008130100555717945,0.008130100555717945,-0.01742163673043251,-0.01393727958202362,-0.01393727958202362,-0.01993727958202362,close,0,0,37,2025-05-01
2025-05-21,3576,9.069999694824219,0.4429244759583474,0,-0.0077177174389362335,-0.0077177174389362335,-0.04079381376504898,-0.03307599201798439,-0.02,-0.026000000000000002,stop_loss,0,1,37,2025-05-01
2025-05-22,6191,78.92726135253906,0.6502690406997318,1,0.018382390961050987,0.0698530375957489,0.006127487402409315,0.06372558325529099,0.03,0.024,take_profit,1,0,37,2025-05-01
2025-05-22,8059,35.900001525878906,0.6479110388999137,1,0.011141996830701828,0.06685230135917664,-0.03899725526571274,0.06545956432819366,-0.02,-0.026000000000000002,ambiguous_stop_loss,1,1,37,2025-05-01
2025-05-22,2615,121.94963836669922,0.644619663369988,0,0.015810277312994003,0.05533596873283386,-0.023715414106845856,0.0,-0.02,-0.026000000000000002,ambiguous_stop_loss,1,1,37,2025-05-01
2025-05-22,6499,107.0,0.6435327540429954,1,0.037383176386356354,0.09813084453344345,0.028037382289767265,0.09813084453344345,0.03,0.024,gap_take_profit,1,0,37,2025-05-01
2025-05-22,1419,65.8395767211914,0.642700408377183,1,0.03994094207882881,0.09911254048347473,0.031065111979842186,0.09911254048347473,0.03,0.024,gap_take_profit,1,0,37,2025-05-01
2025-05-22,2467,160.73016357421875,0.6357539492443938,1,0.021084314212203026,0.08433732390403748,0.0060240738093853,0.009036121889948845,0.03,0.024,take_profit,1,0,37,2025-05-01
2025-05-22,6291,89.0999984741211,0.6300136464301985,0,0.048260416835546494,0.09988778829574585,-0.034792352467775345,-0.034792352467775345,0.03,0.024,gap_take_profit,1,1,37,2025-05-01
2025-05-22,9902,17.501676559448242,0.6296473346673576,1,0.06460673362016678,0.09831450879573822,0.05056178942322731,0.09831450879573822,0.03,0.024,gap_take_profit,1,0,37,2025-05-01
2025-05-22,6640,425.4772644042969,0.6287088341881049,1,0.030927853658795357,0.0939290001988411,0.025200476869940758,0.09049257636070251,0.03,0.024,gap_take_profit,1,0,37,2025-05-01
2025-05-22,3294,31.100000381469727,0.624054358944262,1,0.00803858507424593,0.09967846423387527,0.0,0.09967846423387527,0.03,0.024,take_profit,1,0,37,2025-05-01
2025-05-22,6143,119.0,0.618924064667842,0,0.012605042196810246,0.02521008439362049,-0.03361344709992409,-0.03361344709992409,-0.02,-0.026000000000000002,stop_loss,0,1,37,2025-05-01
2025-05-22,5386,68.30563354492188,0.6174156979996338,0,0.07780606299638748,0.07780606299638748,-0.043367426842451096,-0.03698979318141937,0.03,0.024,gap_take_profit,1,1,37,2025-05-01
2025-05-22,2461,16.23567008972168,0.6168194118361671,1,-0.002932481002062559,0.017595402896404266,-0.002932481002062559,0.017595402896404266,0.017595402896404266,0.011595402896404266,close,0,0,37,2025-05-01
2025-05-22,4583,820.0,0.6126765949143527,0,-0.0012195121962577105,0.018292682245373726,-0.03292682766914368,-0.015853658318519592,-0.02,-0.026000000000000002,stop_loss,0,1,37,2025-05-01
2025-05-22,9908,29.71343994140625,0.6105063158939443,0,-0.0016180737875401974,0.011326897889375687,-0.0016180737875401974,-0.0016180737875401974,-0.0016180737875401974,-0.0076180737875401975,close,0,0,37,2025-05-01
2025-05-22,4168,18.399999618530273,0.6090877068500589,0,-0.01358695700764656,-0.008152153342962265,-0.01358695700764656,-0.01358695700764656,-0.01358695700764656,-0.01958695700764656,close,0,0,37,2025-05-01
2025-05-22,1102,40.96574783325195,0.6057652736274316,0,-0.0011533978395164013,0.0011534601217135787,-0.01614757813513279,-0.009227180853486061,-0.009227180853486061,-0.015227180853486061,close,0,0,37,2025-05-01
2025-05-22,2441,56.900001525878906,0.6047790022072487,1,0.0,0.005272394046187401,0.0,0.0017574423691257834,0.0017574423691257834,-0.004242557630874217,close,0,0,37,2025-05-01
2025-05-22,5324,13.949999809265137,0.6043199683931517,1,-0.039426539093256,0.07526883482933044,-0.0716845914721489,0.028673876076936722,-0.039426539093256,-0.045426539093255995,gap_stop,1,1,37,2025-05-01
2025-05-22,6187,326.5,0.6042519409701026,1,0.007656967733055353,0.0658499225974083,-0.01225114893168211,0.0030627872329205275,0.03,0.024,take_profit,1,0,37,2025-05-01
2025-05-23,1903,72.5999984741211,0.4705918517318984,0,0.0055096629075706005,0.04958675801753998,-0.013774105347692966,-0.012396715581417084,0.03,0.024,take_profit,1,0,37,2025-05-01
2025-05-23,1419,72.36510467529297,0.47058854491193153,1,0.048452164977788925,0.09959611296653748,0.03633908927440643,0.09959611296653748,0.03,0.024,gap_take_profit,1,0,37,2025-05-01
2025-05-23,5475,15.5,0.4576982101404333,1,0.06451612710952759,0.09999994933605194,0.0,0.09677419066429138,0.03,0.024,gap_take_profit,1,0,37,2025-05-01
2025-05-23,6499,117.5,0.45597760727902437,0,0.05531914904713631,0.09787233918905258,-0.059574469923973083,-0.04680851101875305,0.03,0.024,gap_take_profit,1,1,37,2025-05-01
2025-05-23,4949,60.0,0.4474917475707163,1,0.0599999763071537,0.09166666865348816,0.011666679754853249,0.018333308398723602,0.03,0.024,gap_take_profit,1,0,37,2025-05-01
2025-05-23,6167,13.108633041381836,0.4423902394631312,1,0.015037559904158115,0.06766912341117859,0.0037593937013298273,0.007518734782934189,0.03,0.024,take_profit,1,0,37,2025-05-01
2025-05-23,9902,19.22234535217285,0.44185976437781116,1,0.03580572083592415,0.09974434226751328,0.005115161184221506,0.09974434226751328,0.03,0.024,gap_take_profit,1,0,37,2025-05-01
2025-05-23,5484,44.75,0.44068248406739313,1,-0.001117301406338811,0.09497206658124924,-0.03575415536761284,0.03910614550113678,-0.02,-0.026000000000000002,ambiguous_stop_loss,1,1,37,2025-05-01
2025-05-23,6531,275.1595458984375,0.4354341776576497,0,0.012433337047696114,0.014209535904228687,-0.031971633434295654,-0.028419235721230507,-0.02,-0.026000000000000002,stop_loss,0,1,37,2025-05-01
2025-05-23,6517,71.84272003173828,0.42965016223928015,1,0.009536683559417725,0.09673015773296356,0.009536683559417725,0.08446855843067169,0.03,0.024,take_profit,1,0,37,2025-05-01
2025-05-23,3128,25.832599639892578,0.4261879807358084,1,0.09999991208314896,0.09999991208314896,0.049122799187898636,0.09999991208314896,0.03,0.024,gap_take_profit,1,0,37,2025-05-01
2025-05-23,3630,24.549999237060547,0.42542791482960696,0,-0.030549898743629456,-0.010183299891650677,-0.04073319956660271,-0.03665986284613609,-0.030549898743629456,-0.036549898743629454,gap_stop,0,1,37,2025-05-01
2025-05-23,3229,15.399999618530273,0.424930666234855,1,0.035714298486709595,0.09740260243415833,0.035714298486709595,0.09740260243415833,0.03,0.024,gap_take_profit,1,0,37,2025-05-01
2025-05-23,3294,34.20000076293945,0.42366000663584025,1,0.007309941574931145,0.0994151383638382,-0.0029240434523671865,0.0994151383638382,0.03,0.024,take_profit,1,0,37,2025-05-01
2025-05-23,1515,32.18442153930664,0.41701354906445476,0,0.051051024347543716,0.060060009360313416,-0.06456460058689117,-0.06456460058689117,0.03,0.024,gap_take_profit,1,1,37,2025-05-01
2025-05-23,2314,8.729999542236328,0.4091329853509481,1,0.02061859332025051,0.02749149315059185,-0.018327590078115463,0.013745801523327827,0.013745801523327827,0.007745801523327827,close,0,0,37,2025-05-01
2025-05-23,6237,41.18361282348633,0.3999060301450487,1,0.03980688750743866,0.08564528077840805,0.020506545901298523,0.07358255982398987,0.03,0.024,gap_take_profit,1,0,37,2025-05-01
2025-05-23,2731,162.03125,0.39603396847409866,0,-0.0029411765281111,0.020588235929608345,-0.026470588520169258,-0.008823529817163944,-0.02,-0.026000000000000002,stop_loss,0,1,37,2025-05-01
2025-05-23,2891,40.55467224121094,0.39018104669983733,0,-0.003504606429487467,0.004672928247600794,-0.03387850895524025,-0.03387850895524025,-0.02,-0.026000000000000002,stop_loss,0,1,37,2025-05-01
2025-05-23,5871,119.78395080566406,0.38731680426944964,0,-0.007782110944390297,0.007782096043229103,-0.03501947224140167,-0.03501947224140167,-0.02,-0.026000000000000002,stop_loss,0,1,37,2025-05-01
2025-05-26,3128,28.415857315063477,0.4917813614001929,1,0.05422647297382355,0.08452953398227692,-0.020733652636408806,0.031897906213998795,0.03,0.024,gap_take_profit,1,1,37,2025-05-01
2025-05-26,6213,87.46925354003906,0.4870161257685214,1,0.01119816955178976,0.03695399686694145,-3.807937432043218e-08,0.005599065683782101,0.03,0.024,take_profit,1,0,37,2025-05-01
2025-05-26,1419,79.5723876953125,0.47779375254064915,0,0.02203192748129368,0.02203192748129368,-0.0991431325674057,-0.08200725167989731,-0.02,-0.026000000000000002,stop_loss,0,1,37,2025-05-01
2025-05-26,3294,37.599998474121094,0.46710719674767537,1,0.023936212062835693,0.04654255509376526,-0.03457444906234741,0.022606445476412773,-0.02,-0.026000000000000002,ambiguous_stop_loss,1,1,37,2025-05-01
2025-05-26,9902,21.139665603637695,0.46323451477064964,1,0.06976746022701263,0.10000000149011612,0.002325560199096799,0.027907008305191994,0.03,0.024,gap_take_profit,1,0,37,2025-05-01
2025-05-26,5475,17.0,0.4615433618451806,0,-0.002941131591796875,0.04117651656270027,-0.029411764815449715,-0.011764750815927982,-0.02,-0.026000000000000002,ambiguous_stop_loss,1,1,37,2025-05-01
2025-05-26,6781,1007.7404174804688,0.45409861047792544,1,-0.009803944267332554,0.029411740601062775,-0.020588258281350136,0.004901937209069729,-0.02,-0.026000000000000002,stop_loss,0,1,37,2025-05-01
2025-05-26,6658,87.5,0.45307464074070164,0,0.017142856493592262,0.02742858976125717,-0.09600001573562622,-0.09600001573562622,-0.02,-0.026000000000000002,stop_loss,0,1,37,2025-05-01
2025-05-26,2537,13.350000381469727,0.4496103043673654,0,0.0,0.07116103172302246,-0.026217255741357803,-0.014981330372393131,-0.02,-0.026000000000000002,ambiguous_stop_loss,1,1,37,2025-05-01
2025-05-26,4562,59.599998474121094,0.448594581042213,0,0.016778523102402687,0.03523493930697441,-0.04697985574603081,-0.028523439541459084,-0.02,-0.026000000000000002,ambiguous_stop_loss,1,1,37,2025-05-01
2025-05-26,3236,17.639999389648438,0.44629049109756624,0,0.022222278639674187,0.02777785435318947,-0.04722217097878456,-0.04166659340262413,-0.02,-0.026000000000000002,stop_loss,0,1,37,2025-05-01
2025-05-26,5490,31.681564331054688,0.44517852262940855,0,0.04672892764210701,0.05919003486633301,-0.06853583455085754,-0.0451713465154171,0.03,0.024,gap_take_profit,1,1,37,2025-05-01
2025-05-26,6515,1044.5980224609375,0.4430834187453161,0,-0.01408450584858656,1.6694090554381091e-09,-0.03286384791135788,-0.01408450584858656,-0.02,-0.026000000000000002,stop_loss,0,1,37,2025-05-01
2025-05-26,3229,16.899999618530273,0.43763549238389715,1,0.06213024631142616,0.06213024631142616,0.00591718265786767,0.03550298139452934,0.03,0.024,gap_take_profit,1,0,37,2025-05-01
2025-05-26,3379,76.67222595214844,0.4323095771201294,0,0.030967770144343376,0.0490323044359684,-0.05032259225845337,-0.034838661551475525,0.03,0.024,gap_take_profit,1,1,37,2025-05-01
2025-05-26,1711,18.216766357421875,0.42657670689596716,1,0.0997304767370224,0.0997304767370224,0.0997304767370224,0.0997304767370224,0.03,0.024,gap_take_profit,1,0,37,2025-05-01
2025-05-26,2727,239.71823120117188,0.3958037505405801,1,0.00392159866169095,0.01568630523979664,-0.00196075439453125,0.00392159866169095,0.00392159866169095,-0.0020784013383090497,close,0,0,37,2025-05-01
2025-05-26,6591,75.0,0.39382486619702994,1,0.019999999552965164,0.08266662806272507,0.019999999552965164,0.07200001925230026,0.03,0.024,take_profit,1,0,37,2025-05-01
2025-05-26,6291,84.0,0.3937986474270483,1,0.02976190485060215,0.03452382609248161,0.008333297446370125,0.008333297446370125,0.03,0.024,take_profit,1,0,37,2025-05-01
2025-05-26,6191,86.37506103515625,0.3895095494263347,1,0.0011198228457942605,0.09966400265693665,-0.006718974094837904,0.06494957208633423,0.03,0.024,take_profit,1,0,37,2025-05-01
2025-05-27,5289,231.5,0.6759506712292705,1,0.008639308623969555,0.021598272025585175,0.0,0.008639308623969555,0.008639308623969555,0.0026393086239695548,close,0,0,37,2025-05-01
2025-05-27,2382,253.88792419433594,0.6735308190464302,1,0.015037556178867817,0.022556353360414505,0.007518759462982416,0.01127815805375576,0.01127815805375576,0.00527815805375576,close,0,0,37,2025-05-01
2025-05-27,5258,59.481082916259766,0.6732616982240859,1,0.02272729203104973,0.042207762598991394,0.006493525113910437,0.006493525113910437,0.03,0.024,take_profit,1,0,37,2025-05-01
2025-05-27,3036,116.9962158203125,0.6731137285439882,1,0.008163295686244965,0.012244927696883678,-0.012244869023561478,0.004081662278622389,0.004081662278622389,-0.0019183377213776113,close,0,0,37,2025-05-01
2025-05-27,6221,59.900001525878906,0.6729770036661166,0,0.013355579227209091,0.013355579227209091,-0.0250417347997427,-0.0250417347997427,-0.02,-0.026000000000000002,stop_loss,0,1,37,2025-05-01
2025-05-27,6111,54.099998474121094,0.6702709152845145,0,0.016635887324810028,0.020332759246230125,-0.0036968013737350702,-0.0036968013737350702,-0.0036968013737350702,-0.00969680137373507,close,0,0,37,2025-05-01
2025-05-27,3060,22.901220321655273,0.6689915630934301,0,0.015021536499261856,0.025751151144504547,-0.010729555040597916,-0.010729555040597916,-0.010729555040597916,-0.016729555040597914,close,0,0,37,2025-05-01
2025-05-27,4541,45.99587631225586,0.6686889347439022,1,0.02136750891804695,0.03525643050670624,-1.3125866615837367e-08,0.0042735072784125805,0.03,0.024,take_profit,1,0,37,2025-05-01
2025-05-27,4563,64.61680603027344,0.6682707192926866,0,0.011730278842151165,0.014662785455584526,-0.016128983348608017,-0.013196364045143127,-0.013196364045143127,-0.019196364045143126,close,0,0,37,2025-05-01
2025-05-27,4938,79.72665405273438,0.6672968914554147,1,0.008303666487336159,0.013048643246293068,0.0023724683560431004,0.004744911100715399,0.004744911100715399,-0.0012550888992846013,close,0,0,37,2025-05-01
2025-05-27,2395,334.4708557128906,0.6664797737333663,1,0.005830908194184303,0.014577263966202736,-0.0043731736950576305,0.0072886343114078045,0.0072886343114078045,0.0012886343114078044,close,0,0,37,2025-05-01
2025-05-27,2474,197.11550903320312,0.6660197937507192,1,0.00975613109767437,0.029268328100442886,0.004878082312643528,0.012195155955851078,0.012195155955851078,0.006195155955851078,close,0,0,37,2025-05-01
2025-05-27,3312,48.51380157470703,0.6658986269977797,1,0.018000027164816856,0.09999999403953552,0.01599998213350773,0.019999997690320015,0.03,0.024,take_profit,1,0,37,2025-05-01
2025-05-27,1736,143.21865844726562,0.6652882767856597,1,0.010204041376709938,0.051020365208387375,0.006802680902183056,0.01360540185123682,0.03,0.024,take_profit,1,0,37,2025-05-01
2025-05-27,3653,1272.452880859375,0.6649882620761366,1,0.023346252739429474,0.058365706354379654,0.023346252739429474,0.03891045227646828,0.03,0.024,take_profit,1,0,37,2025-05-01
2025-05-27,5871,114.19092559814453,0.6632605138410947,0,0.008163267746567726,0.016326535493135452,-0.01224490161985159,0.0,0.0,-0.006,close,0,0,37,2025-05-01
2025-05-27,2368,238.07884216308594,0.6627960109587601,1,0.020533893257379532,0.026694057509303093,-0.0041067651472985744,0.012320339679718018,0.012320339679718018,0.0063203396797180175,close,0,0,37,2025-05-01
2025-05-27,1102,39.689998626708984,0.6626387653003735,1,0.00238094013184309,0.010714327916502953,-0.009523821994662285,0.008333321660757065,0.008333321660757065,0.0023333216607570647,close,0,0,37,2025-05-01
2025-05-27,2891,38.65959548950195,0.662342028783032,1,0.012254870496690273,0.02941175177693367,0.0012254401808604598,0.007352890912443399,0.007352890912443399,0.0013528909124433993,close,0,0,37,2025-05-01
2025-05-27,6472,627.4196166992188,0.6616618968522353,0,0.018205441534519196,0.02080618217587471,-0.006502025295048952,-0.002600771142169833,-0.002600771142169833,-0.008600771142169833,close,0,0,37,2025-05-01
2025-05-28,4168,22.350000381469727,0.6312658870410003,1,0.06040269881486893,0.0984339490532875,0.01565997116267681,0.0984339490532875,0.03,0.024,gap_take_profit,1,0,37,2025-05-01
2025-05-28,1325,35.737186431884766,0.6180302574438333,1,0.08171743154525757,0.09972301125526428,-0.011080311611294746,0.09972301125526428,0.03,0.024,gap_take_profit,1,0,37,2025-05-01
2025-05-28,1732,30.950000762939453,0.6065751729669469,1,-0.01938611827790737,0.0856218934059143,-0.03554120659828186,0.011308512650430202,-0.02,-0.026000000000000002,ambiguous_stop_loss,1,1,37,2025-05-01
2025-05-28,6167,13.8478422164917,0.5781569479801754,0,-0.010676264762878418,0.0676155686378479,-0.028469858691096306,-0.028469858691096306,-0.02,-0.026000000000000002,ambiguous_stop_loss,1,1,37,2025-05-01
2025-05-28,6465,15.949999809265137,0.5773449343764465,1,0.034482769668102264,0.09717869758605957,0.034482769668102264,0.09717869758605957,0.03,0.024,gap_take_profit,1,0,37,2025-05-01
2025-05-28,4171,23.549999237060547,0.5760931266492842,1,0.016985204070806503,0.04033973813056946,-0.021231424063444138,0.010615712031722069,-0.02,-0.026000000000000002,ambiguous_stop_loss,1,1,37,2025-05-01
2025-05-28,3219,58.257720947265625,0.5742640952139532,0,0.06143350899219513,0.08191134035587311,-0.032423149794340134,-0.010238861665129662,0.03,0.024,gap_take_profit,1,1,37,2025-05-01
2025-05-28,2491,12.0,0.5661661134725857,0,-0.04583334922790527,-0.025000015273690224,-0.07916665077209473,-0.07499996572732925,-0.04583334922790527,-0.05183334922790527,gap_stop,0,1,37,2025-05-01
2025-05-28,3325,17.950000762939453,0.5550682773048453,0,0.01671304926276207,0.01671304926276207,-0.02228420600295067,-0.008356630802154541,-0.02,-0.026000000000000002,stop_loss,0,1,37,2025-05-01
2025-05-28,3188,29.700000762939453,0.5538211986178737,0,0.0050504920072853565,0.006733967922627926,-0.028619540855288506,-0.026936065405607224,-0.02,-0.026000000000000002,stop_loss,0,1,37,2025-05-01
2025-05-28,8047,15.149999618530273,0.550883307866116,0,-0.006600622553378344,-0.006600622553378344,-0.069306880235672,-0.06270626187324524,-0.02,-0.026000000000000002,stop_loss,0,1,37,2025-05-01
2025-05-28,6284,68.26922607421875,0.5497560980278716,1,0.00985915120691061,0.022535229101777077,0.004225434269756079,0.01549297571182251,0.01549297571182251,0.00949297571182251,close,0,0,37,2025-05-01
2025-05-28,3491,322.0,0.5490855963361834,1,0.012422360479831696,0.04037266969680786,0.0,0.04037266969680786,0.03,0.024,take_profit,1,0,37,2025-05-01
2025-05-28,3207,63.5,0.5480912899894143,0,0.014173252508044243,0.017322810366749763,-0.012598413042724133,-0.009448794648051262,-0.009448794648051262,-0.015448794648051262,close,0,0,37,2025-05-01
2025-05-28,8071,16.75,0.5477443854039465,1,0.011940344236791134,0.01791040226817131,-0.0029850290156900883,0.0029850290156900883,0.0029850290156900883,-0.003014970984309912,close,0,0,37,2025-05-01
2025-05-28,3230,34.95749282836914,0.5468701282033215,0,0.002840919652953744,0.014204599894583225,-0.03409087657928467,-0.02130676433444023,-0.02,-0.026000000000000002,stop_loss,0,1,37,2025-05-01
2025-05-28,6213,84.23690032958984,0.546304949174227,1,0.029069790616631508,0.032558199018239975,-0.011627884581685066,0.023255836218595505,0.03,0.024,take_profit,1,0,37,2025-05-01
2025-05-28,6207,40.29999923706055,0.5458197750855278,0,0.02233254536986351,0.02233254536986351,-0.024813896045088768,-0.012406948022544384,-0.02,-0.026000000000000002,stop_loss,0,1,37,2025-05-01
2025-05-28,3088,91.69999694824219,0.5436960966895189,1,0.008724133484065533,0.019629260525107384,0.0032715711276978254,0.005452563054859638,0.005452563054859638,-0.0005474369451403619,close,0,0,37,2025-05-01
2025-05-28,6133,14.550000190734863,0.5434849185416493,1,0.0034364392049610615,0.017182130366563797,0.0,0.013745691627264023,0.013745691627264023,0.007745691627264023,close,0,0,37,2025-05-01
2025-05-29,1325,39.30100631713867,0.6485138222010238,1,0.03274553641676903,0.09571782499551773,0.015113277360796928,0.03904276713728905,0.03,0.024,gap_take_profit,1,0,37,2025-05-01
2025-05-29,6838,27.850000381469727,0.6323764764361003,0,0.06822260469198227,0.07899457216262817,-0.03770201653242111,-0.03770201653242111,0.03,0.024,gap_take_profit,1,1,37,2025-05-01
2025-05-29,6890,294.8800048828125,0.6221822596062698,0,-0.023026328533887863,-0.01973685435950756,-0.06743422150611877,-0.05098685249686241,-0.023026328533887863,-0.02902632853388786,gap_stop,0,1,37,2025-05-01
2025-05-29,2528,34.61904525756836,0.6209791548982811,0,-0.006877553183585405,-0.006877553183585405,-0.031636856496334076,-0.022008171305060387,-0.02,-0.026000000000000002,stop_loss,0,1,37,2025-05-01
2025-05-29,4168,24.549999237060547,0.6189544855509385,0,-0.0020366287790238857,-0.0020366287790238857,-0.06109979748725891,-0.06109979748725891,-0.02,-0.026000000000000002,stop_loss,0,1,37,2025-05-01
2025-05-29,4939,19.002552032470703,0.6180195621771345,1,-8.019386399382711e-08,0.015384495258331299,-0.007692367769777775,0.007692207116633654,0.007692207116633654,0.0016922071166336535,close,0,0,37,2025-05-01
2025-05-29,2305,11.300000190734863,0.6158549692487757,1,0.08407077938318253,0.09734508395195007,0.013274302706122398,0.017699098214507103,0.03,0.024,gap_take_profit,1,0,37,2025-05-01
2025-05-29,4563,63.38511657714844,0.6142354808724193,0,0.007473843637853861,0.007473843637853861,-0.029895363375544548,-0.025411127135157585,-0.02,-0.026000000000000002,stop_loss,0,1,37,2025-05-01
2025-05-29,1608,23.202421188354492,0.6135717971656394,0,-5.282901938130635e-08,0.002074604155495763,-0.02489633299410343,-0.02282167598605156,-0.02,-0.026000000000000002,stop_loss,0,1,37,2025-05-01
2025-05-29,6275,42.29999923706055,0.6132879104438698,0,-0.007092180661857128,-0.00591016560792923,-0.030732842162251472,-0.030732842162251472,-0.02,-0.026000000000000002,stop_loss,0,1,37,2025-05-01
2025-05-29,2883,16.386629104614258,0.612278276871773,0,-0.002890137955546379,-0.002890137955546379,-0.01734100468456745,-0.014450876042246819,-0.014450876042246819,-0.020450876042246817,close,0,0,37,2025-05-01
2025-05-29,3230,34.21266174316406,0.6119563413331712,0,0.014513706788420677,0.014513706788420677,-0.033381834626197815,-0.013062509708106518,-0.02,-0.026000000000000002,stop_loss,0,1,37,2025-05-01
2025-05-29,1709,18.200000762939453,0.6116430081990114,0,-0.0027473154477775097,-0.0027473154477775097,-0.02747252583503723,-0.016483578830957413,-0.02,-0.026000000000000002,stop_loss,0,1,37,2025-05-01
2025-05-29,6207,39.79999923706055,0.6112652541089288,0,-0.0037687867879867554,-0.0037687867879867554,-0.047738637775182724,-0.03266329690814018,-0.02,-0.026000000000000002,stop_loss,0,1,37,2025-05-01
2025-05-29,6221,58.0,0.6104063575433349,0,-0.008620689623057842,-0.008620689623057842,-0.03620687127113342,-0.03448275849223137,-0.02,-0.026000000000000002,stop_loss,0,1,37,2025-05-01
2025-05-29,4114,30.493778228759766,0.6098884433166031,1,0.014641225337982178,0.01610538177192211,-2.988709368878517e-08,0.002928221132606268,0.002928221132606268,-0.003071778867393732,close,0,0,37,2025-05-01
2025-05-29,8431,42.79999923706055,0.6075731919502764,1,0.03504673019051552,0.056074801832437515,0.0,0.028037400916218758,0.03,0.024,gap_take_profit,1,0,37,2025-05-01
2025-05-29,3042,89.29632568359375,0.6075512899803986,1,-0.0031813858076930046,0.012725294567644596,-0.0053022438660264015,0.012725294567644596,0.012725294567644596,0.006725294567644596,close,0,0,37,2025-05-01
2025-05-29,6405,25.447595596313477,0.6074348710567992,0,-0.03131115064024925,-0.017612505704164505,-0.046966712921857834,-0.03913896903395653,-0.03131115064024925,-0.03731115064024925,gap_stop,0,1,37,2025-05-01
2025-05-29,3290,36.19522476196289,0.6066097709733557,0,-5.05679409457116e-09,0.0070672002620995045,-0.01413422729820013,-0.010600672103464603,-0.010600672103464603,-0.016600672103464602,close,0,0,37,2025-05-01
2025-06-02,4171,26.149999618530273,0.6796075648338875,1,0.013384335674345493,0.06883369386196136,-0.013384335674345493,0.03250479698181152,0.03,0.024,take_profit,1,0,38,2025-06-01
2025-06-02,3714,33.11057662963867,0.6685795982773531,0,0.007363840471953154,0.013254879042506218,-0.008836432360112667,-0.007363700773566961,-0.007363700773566961,-0.013363700773566961,close,0,0,38,2025-06-01
2025-06-02,1326,22.44890785217285,0.6672220112264867,1,0.0021786463912576437,0.013071892783045769,-0.004357284400612116,0.0021786463912576437,0.0021786463912576437,-0.0038213536087423564,close,0,0,38,2025-06-01
2025-06-02,5258,57.93612289428711,0.666755282729067,0,0.015000025741755962,0.015000025741755962,-0.0033333459869027138,0.0,0.0,-0.006,close,0,0,38,2025-06-01
2025-06-02,3545,59.599998474121094,0.6648828100201392,0,0.02013424225151539,0.02013424225151539,0.0,0.0,0.0,-0.006,close,0,0,38,2025-06-01
2025-06-02,3588,44.843055725097656,0.6648828100201392,0,0.016268981620669365,0.016268981620669365,-0.005422993563115597,0.0,0.0,-0.006,close,0,0,38,2025-06-01
2025-06-02,6830,116.0,0.6635603785113986,1,1.7836105925539414e-08,0.01709403470158577,1.7836105925539414e-08,0.008547026664018631,0.008547026664018631,0.002547026664018631,close,0,0,38,2025-06-01
2025-06-02,3016,29.5238094329834,0.662284669982983,0,0.03333333507180214,0.03499997407197952,0.0,0.0,0.03,0.024,gap_take_profit,1,0,38,2025-06-01
2025-06-02,8222,55.67689895629883,0.662267088328511,0,2.5276809978436177e-08,0.024778813123703003,-0.03716808930039406,-0.023008812218904495,-0.02,-0.026000000000000002,stop_loss,0,1,38,2025-06-01
2025-06-02,3088,89.19999694824219,0.6614571944546463,1,0.012331907637417316,0.02017940767109394,0.01008970383554697,0.014574025757610798,0.014574025757610798,0.008574025757610798,close,0,0,38,2025-06-01
2025-06-02,3376,168.9739227294922,0.661259990015428,1,0.008645516820251942,0.017291048541665077,-0.005763705354183912,0.002881827764213085,0.002881827764213085,-0.003118172235786915,close,0,0,38,2025-06-01
2025-06-02,5388,93.69999694824219,0.6612416624266272,1,0.007470699958503246,0.013874099589884281,0.00533617939800024,0.008537919260561466,0.008537919260561466,0.002537919260561466,close,0,0,38,2025-06-01
2025-06-02,3056,24.08799934387207,0.6610850421426538,0,0.004335243720561266,0.011560649611055851,-0.004335243254899979,-0.002890162169933319,-0.002890162169933319,-0.00889016216993332,close,0,0,38,2025-06-01
2025-06-02,3491,316.5,0.6609600117351417,0,0.006319115404039621,0.01895734667778015,-0.01579778827726841,-0.012638230808079243,-0.012638230808079243,-0.01863823080807924,close,0,0,38,2025-06-01
2025-06-02,8085,20.200000762939453,0.660810518107992,0,0.002475209766998887,0.002475209766998887,-0.017326751723885536,-0.014851541258394718,-0.014851541258394718,-0.020851541258394717,close,0,0,38,2025-06-01
2025-06-02,1101,26.640727996826172,0.6607841944566513,0,0.010830307379364967,0.010830307379364967,-0.04151628911495209,-0.030685923993587494,-0.02,-0.026000000000000002,stop_loss,0,1,38,2025-06-01
2025-06-02,6706,66.69999694824219,0.6607237549504712,0,0.011994048953056335,0.02398809790611267,-0.005996910389512777,-0.004497682675719261,-0.004497682675719261,-0.010497682675719261,close,0,0,38,2025-06-01
2025-06-02,5009,39.185569763183594,0.6604641665928358,0,0.0023808309342712164,0.011904675513505936,-0.019047684967517853,-0.010714387521147728,-0.010714387521147728,-0.016714387521147726,close,0,0,38,2025-06-01
2025-06-02,3152,104.98040771484375,0.6604599176337523,1,-3.025362360631334e-08,0.0227272417396307,-3.025362360631334e-08,0.0045454241335392,0.0045454241335392,-0.0014545758664608003,close,0,0,38,2025-06-01
2025-06-02,2363,45.437679290771484,0.6603583196930036,1,-0.0010905307717621326,0.016357652842998505,-0.005452597513794899,0.011995669454336166,0.011995669454336166,0.005995669454336166,close,0,0,38,2025-06-01
2025-06-03,3030,119.78408813476562,0.721567282534987,1,-2.421782774320036e-09,0.06425702571868896,-0.01606426015496254,0.056224897503852844,0.03,0.024,take_profit,1,0,38,2025-06-01
2025-06-03,4168,25.350000381469727,0.6817008242072576,1,0.02564101107418537,0.09861932694911957,0.02564101107418537,0.09270218014717102,0.03,0.024,take_profit,1,0,38,2025-06-01
2025-06-03,6742,54.6939697265625,0.6811518094410546,0,0.04545454680919647,0.05454545468091965,-0.0036363773979246616,0.0,0.03,0.024,gap_take_profit,1,0,38,2025-06-01
2025-06-03,5234,230.0,0.681062789543932,1,0.006521739065647125,0.03478260710835457,-0.01304347813129425,0.0021739129442721605,0.03,0.024,take_profit,1,0,38,2025-06-01
2025-06-03,4563,61.111209869384766,0.6752270551205152,1,0.02015502005815506,0.05581386014819145,0.02015502005815506,0.048061925917863846,0.03,0.024,take_profit,1,0,38,2025-06-01
2025-06-03,6261,60.599998474121094,0.6741525315406137,1,0.00660068541765213,0.01320137083530426,0.0049505457282066345,0.009901028126478195,0.009901028126478195,0.003901028126478195,close,0,0,38,2025-06-01
2025-06-03,8042,29.299999237060547,0.6701149227255088,1,0.01706484705209732,0.030716776847839355,0.011945405974984169,0.018771370872855186,0.03,0.024,take_profit,1,0,38,2025-06-01
2025-06-03,3219,59.25188064575195,0.6685396505110035,0,0.04530206695199013,0.050335612148046494,-0.03523483872413635,-0.03523483872413635,0.03,0.024,gap_take_profit,1,1,38,2025-06-01
2025-06-03,3045,108.01991271972656,0.6683898253580131,0,0.004444444552063942,0.008888889104127884,0.0,0.0,0.0,-0.006,close,0,0,38,2025-06-01
2025-06-03,6885,25.350000381469727,0.6682141234566152,1,0.06114395335316658,0.09861932694911957,0.05917159840464592,0.09861932694911957,0.03,0.024,gap_take_profit,1,0,38,2025-06-01
2025-06-03,3057,12.350000381469727,0.6677648425175582,0,0.008097119629383087,0.01214571762830019,-0.03643730655312538,-0.03643730655312538,-0.02,-0.026000000000000002,stop_loss,0,1,38,2025-06-01
2025-06-03,4904,85.5,0.6674733312756452,0,0.007017525844275951,0.010526333935558796,-0.010526333935558796,-0.010526333935558796,-0.010526333935558796,-0.016526333935558794,close,0,0,38,2025-06-01
2025-06-03,4729,18.649999618530273,0.6668375581966656,1,0.00268102646805346,0.026809651404619217,0.0,0.02144770137965679,0.02144770137965679,0.015447701379656792,close,0,0,38,2025-06-01
2025-06-03,6150,68.80000305175781,0.6666144841415542,1,0.004360398277640343,0.01744181476533413,0.0029069322627037764,0.01598834991455078,0.01598834991455078,0.009988349914550781,close,0,0,38,2025-06-01
2025-06-03,8227,122.67733001708984,0.6662573058267358,1,0.008064547553658485,0.056451644748449326,0.008064547553658485,0.04032261297106743,0.03,0.024,take_profit,1,0,38,2025-06-01
2025-06-03,2393,72.155517578125,0.6662451958806515,0,0.010322647169232368,0.015483858995139599,-0.012903199531137943,-0.0025805789045989513,-0.0025805789045989513,-0.008580578904598951,close,0,0,38,2025-06-01
2025-06-03,2342,21.792743682861328,0.6662362662582776,1,0.013574597425758839,0.02714930847287178,0.006787284277379513,0.018099501729011536,0.018099501729011536,0.012099501729011536,close,0,0,38,2025-06-01
2025-06-03,3437,15.0,0.6662145918237405,1,0.013333320617675781,0.03333333507180214,0.0033333459869027138,0.026666641235351562,0.03,0.024,take_profit,1,0,38,2025-06-01
2025-06-03,6015,10.550000190734863,0.6653670349482861,1,0.0047393543645739555,0.01895732805132866,0.0047393543645739555,0.014217972755432129,0.014217972755432129,0.008217972755432129,close,0,0,38,2025-06-01
2025-06-03,3714,32.86676025390625,0.6653337807260951,1,0.013353075832128525,0.01632038876414299,0.0029672521632164717,0.008901992812752724,0.008901992812752724,0.0029019928127527236,close,0,0,38,2025-06-01
2025-06-04,1815,39.0,0.6291469292831584,1,-0.0012820317642763257,0.017948737367987633,-0.028205089271068573,0.0051282248459756374,-0.02,-0.026000000000000002,stop_loss,0,1,38,2025-06-01
2025-06-04,6885,27.850000381469727,0.6226885202286693,1,0.0987432673573494,0.0987432673573494,0.0987432673573494,0.0987432673573494,0.03,0.024,gap_take_profit,1,0,38,2025-06-01
2025-06-04,5475,19.75,0.6201077301058278,0,-0.002531606936827302,0.002531606936827302,-0.037974681705236435,-0.015189834870398045,-0.02,-0.026000000000000002,stop_loss,0,1,38,2025-06-01
2025-06-04,5522,66.86064910888672,0.616606996097749,0,-0.008683082647621632,-0.004341504070907831,-0.0448625311255455,-0.023154862225055695,-0.02,-0.026000000000000002,stop_loss,0,1,38,2025-06-01
2025-06-04,9958,199.0,0.6145569300126603,1,0.005025125574320555,0.05025125667452812,-0.005025125574320555,0.04522613063454628,0.03,0.024,take_profit,1,0,38,2025-06-01
2025-06-04,3073,48.650001525878906,0.6139588065690388,1,0.02774919755756855,0.09969164431095123,0.02774919755756855,0.09969164431095123,0.03,0.024,take_profit,1,0,38,2025-06-01
2025-06-04,3380,27.669479370117188,0.6127313510971274,1,0.0034842398017644882,0.03832744434475899,-0.013937362469732761,0.029616642743349075,0.03,0.024,take_profit,1,0,38,2025-06-01
2025-06-04,6838,29.149999618530273,0.6097221039317849,1,0.039451103657484055,0.07890226691961288,0.008576329797506332,0.010291634127497673,0.03,0.024,gap_take_profit,1,0,38,2025-06-01
2025-06-04,6112,51.9375,0.6089808945359406,0,-1.5390082097610502e-08,0.015238065272569656,-0.041904792189598083,-0.011428557336330414,-0.02,-0.026000000000000002,stop_loss,0,1,38,2025-06-01
2025-06-04,8249,50.04001998901367,0.6086852546261732,0,-0.009615378454327583,0.01730772852897644,-0.030769195407629013,-0.02499997988343239,-0.02,-0.026000000000000002,stop_loss,0,1,38,2025-06-01
2025-06-04,2392,53.107757568359375,0.6044025680051393,1,0.030630648136138916,0.06306307017803192,0.014414404518902302,0.025225257501006126,0.03,0.024,gap_take_profit,1,0,38,2025-06-01
2025-06-04,3379,79.9369888305664,0.6027422000247922,0,0.00742563558742404,0.011138449423015118,-0.051980335265398026,-0.044554613530635834,-0.02,-0.026000000000000002,stop_loss,0,1,38,2025-06-01
2025-06-04,4763,91.06827545166016,0.6022054119107204,1,0.03088398277759552,0.08626201003789902,0.012779566459357738,0.05324818566441536,0.03,0.024,gap_take_profit,1,0,38,2025-06-01
2025-06-04,3006,54.00457000732422,0.6014541136550693,1,2.5996718111542805e-09,0.06715065240859985,-0.009074407629668713,0.04537205398082733,0.03,0.024,take_profit,1,0,38,2025-06-01
2025-06-04,5351,26.5,0.6003456513354152,1,0.01886792480945587,0.09245286136865616,0.003773599397391081,0.032075487077236176,0.03,0.024,take_profit,1,0,38,2025-06-01
2025-06-04,6937,192.533935546875,0.5999769864301399,0,0.028277616947889328,0.03341900557279587,-0.038560427725315094,-0.035989731550216675,-0.02,-0.026000000000000002,ambiguous_stop_loss,1,1,38,2025-06-01
2025-06-04,5272,20.799999237060547,0.5992370274211363,1,0.0,0.06730777025222778,-0.014423040673136711,0.012019230984151363,0.03,0.024,take_profit,1,0,38,2025-06-01
2025-06-04,5245,23.649999618530273,0.5979174127929117,0,0.02959834225475788,0.048625778406858444,-0.004228346049785614,-0.002114132745191455,0.03,0.024,take_profit,1,0,38,2025-06-01
2025-06-04,2419,21.549999237060547,0.5949465319567966,1,0.041763413697481155,0.09976805746555328,0.037123024463653564,0.09976805746555328,0.03,0.024,gap_take_profit,1,0,38,2025-06-01
2025-06-04,4561,50.98855209350586,0.5939029975043503,0,-0.007633603643625975,-0.007633603643625975,-0.06488551199436188,-0.06488551199436188,-0.02,-0.026000000000000002,stop_loss,0,1,38,2025-06-01
2025-06-05,6885,30.600000381469727,0.6694137614479305,1,0.08823525905609131,0.09313726425170898,-0.011437920853495598,0.07516343146562576,0.03,0.024,gap_take_profit,1,0,38,2025-06-01
2025-06-05,2419,23.700000762939453,0.6098551509485568,1,0.02531639114022255,0.08860752731561661,0.01687762141227722,0.05063286051154137,0.03,0.024,take_profit,1,0,38,2025-06-01
2025-06-05,5284,171.2750244140625,0.6082860528820956,1,0.002898569218814373,0.0782608911395073,-0.011594184674322605,0.05507248267531395,0.03,0.024,take_profit,1,0,38,2025-06-01
2025-06-05,3535,36.4165153503418,0.607361831244612,1,0.019047630950808525,0.07891159504652023,-0.008163253776729107,0.047619037330150604,0.03,0.024,take_profit,1,0,38,2025-06-01
2025-06-05,8038,31.600000381469727,0.6057600860153105,0,0.011075961403548717,0.044303786009550095,-0.07436709851026535,-0.012658216059207916,-0.02,-0.026000000000000002,ambiguous_stop_loss,1,1,38,2025-06-01
2025-06-05,8027,88.5,0.6024257196913547,0,-0.011299435049295425,-0.011299435049295425,-0.0903954803943634,-0.08248590677976608,-0.02,-0.026000000000000002,stop_loss,0,1,38,2025-06-01
2025-06-05,3073,53.5,0.5984476391673008,0,0.04672897234559059,0.09906540811061859,-0.001869130413979292,0.0,0.03,0.024,gap_take_profit,1,0,38,2025-06-01
2025-06-05,7714,109.08621215820312,0.5974881474073713,0,0.0045045106671750546,0.027027033269405365,-0.0855855792760849,-0.06756756454706192,-0.02,-0.026000000000000002,stop_loss,0,1,38,2025-06-01
2025-06-05,1587,31.25,0.5961011206784618,0,0.03999999910593033,0.04959997534751892,-0.01920001208782196,-0.01920001208782196,0.03,0.024,gap_take_profit,1,0,38,2025-06-01
2025-06-05,3207,74.5,0.5940662620484168,1,0.0469798669219017,0.07919465005397797,0.01342281885445118,0.0469798669219017,0.03,0.024,gap_take_profit,1,0,38,2025-06-01
2025-06-05,3483,124.0,0.5912015340025139,0,0.0,0.02016128972172737,-0.052419353276491165,-0.04032257944345474,-0.02,-0.026000000000000002,stop_loss,0,1,38,2025-06-01
2025-06-05,6485,58.334754943847656,0.5895251648967905,1,0.02546696364879608,0.0984719842672348,0.011884568259119987,0.0984719842672348,0.03,0.024,take_profit,1,0,38,2025-06-01
2025-06-05,1477,242.46839904785156,0.5768394856784621,0,0.010080625303089619,0.022177400067448616,-0.01209679339081049,-0.01209679339081049,-0.01209679339081049,-0.018096793390810488,close,0,0,38,2025-06-01
2025-06-05,3349,19.0,0.5760424545170861,0,-0.04736839979887009,-0.031578969210386276,-0.09473679959774017,-0.08684208244085312,-0.04736839979887009,-0.053368399798870085,gap_stop,0,1,38,2025-06-01
2025-06-05,3141,63.2517204284668,0.5725681202186326,0,-0.01408456452190876,-0.01408456452190876,-0.08137719333171844,-0.07981227338314056,-0.02,-0.026000000000000002,stop_loss,0,1,38,2025-06-01
2025-06-05,2371,40.57093048095703,0.5713358285090346,0,0.010638275183737278,0.016548417508602142,-0.01654846780002117,-0.01654846780002117,-0.01654846780002117,-0.02254846780002117,close,0,0,38,2025-06-01
2025-06-05,6509,34.33064270019531,0.5694694564893974,1,8.700176579168328e-08,0.014005689881742,8.700176579168328e-08,0.007002888713032007,0.007002888713032007,0.001002888713032007,close,0,0,38,2025-06-01
2025-06-05,4105,75.9000015258789,0.5635344069947723,1,0.0065876152366399765,0.01976284570991993,0.0065876152366399765,0.014492733404040337,0.014492733404040337,0.008492733404040336,close,0,0,38,2025-06-01
2025-06-05,6670,294.0651550292969,0.5596103050420275,0,0.0031847127247601748,0.011146496050059795,-0.019108280539512634,-0.019108280539512634,-0.019108280539512634,-0.025108280539512633,close,0,0,38,2025-06-01
2025-06-05,6146,173.0,0.5594369641285597,0,0.005780346691608429,0.008670520037412643,-0.011560693383216858,-0.005780346691608429,-0.005780346691608429,-0.011780346691608429,close,0,0,38,2025-06-01
2025-06-06,8034,17.00263214111328,0.6941899070896298,1,0.09859152138233185,0.09859152138233185,0.07323936372995377,0.09859152138233185,0.03,0.024,gap_take_profit,1,0,38,2025-06-01
2025-06-06,2208,16.049999237060547,0.6660674561030232,0,0.0,0.0031153361778706312,-0.006230494007468224,-0.006230494007468224,-0.006230494007468224,-0.012230494007468224,close,0,0,38,2025-06-01
2025-06-06,6109,10.0,0.6641286040799774,1,-0.010000037960708141,0.014999961480498314,-0.01400003395974636,0.010000037960708141,0.010000037960708141,0.004000037960708141,close,0,0,38,2025-06-01
2025-06-06,2547,12.48264217376709,0.6637559734699368,0,0.0,0.003816735465079546,-0.019083969295024872,0.0,0.0,-0.006,close,0,0,38,2025-06-01
2025-06-06,6133,14.199999809265137,0.6631612115439759,0,0.0,0.0,-0.017605634406208992,-0.01408449374139309,-0.01408449374139309,-0.020084493741393088,close,0,0,38,2025-06-01
2025-06-06,2880,25.014251708984375,0.6621998813491595,0,0.007575801108032465,0.01515152957290411,0.0,0.0,0.0,-0.006,close,0,0,38,2025-06-01
2025-06-06,1477,239.53530883789062,0.6606748823508942,1,0.01632659323513508,0.03673475608229637,0.010204142890870571,0.018367409706115723,0.03,0.024,take_profit,1,0,38,2025-06-01
2025-06-06,3152,104.98040771484375,0.6602640528457915,1,0.01363633293658495,0.01363633293658495,-0.00454548466950655,0.0045454241335392,0.0045454241335392,-0.0014545758664608003,close,0,0,38,2025-06-01
2025-06-06,2385,146.271240234375,0.6570818922056219,1,0.015974482521414757,0.022364258766174316,4.13962091272424e-08,0.006389818154275417,0.006389818154275417,0.0003898181542754172,close,0,0,38,2025-06-01
2025-06-06,5521,12.300000190734863,0.6563725788575856,0,0.012195090763270855,0.012195090763270855,-0.016260147094726562,-0.016260147094726562,-0.016260147094726562,-0.02226014709472656,close,0,0,38,2025-06-01
2025-06-06,4908,71.9485855102539,0.6553020466830888,1,0.019073618575930595,0.028610361739993095,-0.0027248295955359936,0.009536772035062313,0.009536772035062313,0.003536772035062313,close,0,0,38,2025-06-01
2025-06-06,2753,174.39401245117188,0.6522409246045079,0,0.005540123675018549,0.013850372284650803,-0.008310290984809399,-0.0027701251674443483,-0.0027701251674443483,-0.008770125167444348,close,0,0,38,2025-06-01
2025-06-06,1409,12.121519088745117,0.6520897793492146,0,0.007936466485261917,0.007936466485261917,-0.015873072668910027,-0.007936534471809864,-0.007936534471809864,-0.013936534471809864,close,0,0,38,2025-06-01
2025-06-06,8213,29.82457733154297,0.6519109525724799,0,0.004823177587240934,0.004823177587240934,-0.012861685827374458,-0.009646300226449966,-0.009646300226449966,-0.015646300226449965,close,0,0,38,2025-06-01
2025-06-06,6219,24.857141494750977,0.6518753505516951,0,0.0,0.0,-0.042145587503910065,-0.024904197081923485,-0.02,-0.026000000000000002,stop_loss,0,1,38,2025-06-01
2025-06-06,2399,18.899999618530273,0.6516761206654764,0,0.015873076394200325,0.015873076394200325,-0.026455026119947433,-0.005291025619953871,-0.02,-0.026000000000000002,stop_loss,0,1,38,2025-06-01
2025-06-06,2412,125.16728973388672,0.6511417432060181,1,-3.565209283351578e-08,0.019230732694268227,-3.565209283351578e-08,0.019230732694268227,0.019230732694268227,0.013230732694268226,close,0,0,38,2025-06-01
2025-06-06,1727,22.796024322509766,0.6504203097971467,0,0.01295898575335741,0.01295898575335741,-0.012958956882357597,-0.008639286272227764,-0.008639286272227764,-0.014639286272227764,close,0,0,38,2025-06-01
2025-06-06,6265,9.300000190734863,0.6496830796663443,1,0.007526848930865526,0.009677435271441936,-0.005376364570111036,0.007526848930865526,0.007526848930865526,0.001526848930865526,close,0,0,38,2025-06-01
2025-06-06,1526,21.5,0.6496466954284287,0,0.0,0.0069767264649271965,-0.0069767264649271965,0.0,0.0,-0.006,close,0,0,38,2025-06-01
2025-06-09,6449,108.80465698242188,0.6700332626672586,0,0.03555558994412422,0.044444479048252106,-0.03555552288889885,-0.03555552288889885,0.03,0.024,gap_take_profit,1,1,38,2025-06-01
2025-06-09,8034,18.67894744873047,0.6556976792539402,0,-7.557472869734738e-09,0.005128216929733753,-0.03589748218655586,-0.010256457142531872,-0.02,-0.026000000000000002,stop_loss,0,1,38,2025-06-01
2025-06-09,3167,121.0,0.6356333493856602,0,0.00413223123177886,0.00413223123177886,-0.04958677664399147,-0.04545454680919647,-0.02,-0.026000000000000002,stop_loss,0,1,38,2025-06-01
2025-06-09,2429,71.5,0.6316332231256451,1,0.03496503457427025,0.09930067509412766,-0.030769187957048416,0.09930067509412766,0.03,0.024,gap_take_profit,1,1,38,2025-06-01
2025-06-09,6274,207.5,0.6262308574888763,1,0.0024096386041492224,0.08433734625577927,-0.012048192322254181,0.04578313231468201,0.03,0.024,take_profit,1,0,38,2025-06-01
2025-06-09,3535,41.9656982421875,0.6231573353207538,0,-0.0082644522190094,0.05076742544770241,-0.01770958863198757,-0.01416764035820961,0.03,0.024,take_profit,1,0,38,2025-06-01
2025-06-09,1802,17.100000381469727,0.6088141947338813,0,0.0,0.008771907538175583,-0.02923976629972458,-0.02923976629972458,-0.02,-0.026000000000000002,stop_loss,0,1,38,2025-06-01
2025-06-09,8227,141.47467041015625,0.6033041847200633,0,0.01748250611126423,0.03496502339839935,-0.020979031920433044,-0.013986025005578995,-0.02,-0.026000000000000002,ambiguous_stop_loss,1,1,38,2025-06-01
2025-06-09,6838,34.150001525878906,0.5999805103128716,1,0.05417272076010704,0.08052708208560944,-0.008784862235188484,0.016105394810438156,0.03,0.024,gap_take_profit,1,0,38,2025-06-01
2025-06-09,9802,108.0,0.5955523578309431,0,0.0,0.018518518656492233,-0.023148147389292717,-0.013888888992369175,-0.02,-0.026000000000000002,stop_loss,0,1,38,2025-06-01
2025-06-09,8932,119.0,0.5886516547869319,1,0.02521008439362049,0.09663865715265274,0.016806723549962044,0.09663865715265274,0.03,0.024,take_profit,1,0,38,2025-06-01
2025-06-09,4533,26.328086853027344,0.5774738378239209,1,0.02350815199315548,0.04339969530701637,2.8179416133866653e-08,0.0090416194871068,0.03,0.024,take_profit,1,0,38,2025-06-01
2025-06-09,1595,32.20000076293945,0.5641786055796715,1,0.018633492290973663,0.09782601147890091,0.018633492290973663,0.043478187173604965,0.03,0.024,take_profit,1,0,38,2025-06-01
2025-06-09,3230,31.878849029541016,0.5635418518391708,1,-4.4203979143730976e-08,0.04205610230565071,-0.0015576528385281563,0.03426793962717056,0.03,0.024,take_profit,1,0,38,2025-06-01
2025-06-09,6202,44.29999923706055,0.5589470978265823,1,0.02708805352449417,0.040632039308547974,0.02031606249511242,0.02031606249511242,0.03,0.024,take_profit,1,0,38,2025-06-01
2025-06-09,3537,46.33859634399414,0.5548617761501176,0,-0.0624999925494194,-0.03176228702068329,-0.0655737966299057,-0.04815571382641792,-0.0624999925494194,-0.06849999254941941,gap_stop,0,1,38,2025-06-01
2025-06-09,6021,20.850000381469727,0.5537329536444129,0,0.0,0.002398044802248478,-0.002398136304691434,0.0,0.0,-0.006,close,0,0,38,2025-06-01
2025-06-09,6419,59.151153564453125,0.5531339856885229,1,0.0016154509503394365,0.01938602328300476,0.0016154509503394365,0.01938602328300476,0.01938602328300476,0.01338602328300476,close,0,0,38,2025-06-01
2025-06-09,8255,121.0,0.5530393791778905,0,0.012396694160997868,0.020661156624555588,-0.00413223123177886,0.0,0.0,-0.006,close,0,0,38,2025-06-01
2025-06-09,2409,12.328688621520996,0.5514593864623005,1,0.007905122824013233,0.027667967602610588,0.003952538128942251,0.007905122824013233,0.007905122824013233,0.001905122824013233,close,0,0,38,2025-06-01
2025-06-10,2427,27.100000381469727,0.7091478537260814,1,0.04059042036533356,0.07011068612337112,0.014760132879018784,0.05535055324435234,0.03,0.024,gap_take_profit,1,0,38,2025-06-01
2025-06-10,2429,78.5999984741211,0.6751286076827456,0,-0.008905814029276371,-0.008905814029276371,-0.09923658519983292,-0.09923658519983292,-0.02,-0.026000000000000002,stop_loss,0,1,38,2025-06-01
2025-06-10,4722,74.5,0.6745611824656398,1,0.008053670637309551,0.033557046204805374,-0.016107341274619102,0.024161115288734436,0.03,0.024,take_profit,1,0,38,2025-06-01
2025-06-10,8038,35.54999923706055,0.673066951647093,1,0.0998593345284462,0.0998593345284462,0.060478243976831436,0.09845288842916489,0.03,0.024,gap_take_profit,1,0,38,2025-06-01
2025-06-10,8932,130.5,0.671806110458467,1,0.0,0.07279693335294724,-0.04597701132297516,0.049808427691459656,-0.02,-0.026000000000000002,ambiguous_stop_loss,1,1,38,2025-06-01
2025-06-10,3013,110.95829772949219,0.6538950518013562,1,0.026905853301286697,0.09417042881250381,0.022421548143029213,0.04932737722992897,0.03,0.024,take_profit,1,0,38,2025-06-01
2025-06-10,8996,258.553466796875,0.6537418379269814,1,0.013333343900740147,0.05142858251929283,-0.015238084830343723,0.047619059681892395,0.03,0.024,take_profit,1,0,38,2025-06-01
2025-06-10,3663,57.318511962890625,0.6509489730887846,1,-0.013864792883396149,0.048526860773563385,-0.015597933903336525,0.017331033945083618,0.03,0.024,take_profit,1,0,38,2025-06-01
2025-06-10,6658,85.5999984741211,0.6502363109937278,1,-0.005841121543198824,0.0747663751244545,-0.005841121543198824,0.025700988247990608,0.03,0.024,take_profit,1,0,38,2025-06-01
2025-06-10,2374,55.099998474121094,0.6488293505715071,0,0.016333965584635735,0.023593522608280182,-0.01996367610991001,-0.003629708895459771,-0.003629708895459771,-0.009629708895459771,close,0,0,38,2025-06-01
2025-06-10,5443,80.37934875488281,0.6474851428793673,1,0.014580795541405678,0.06925880163908005,0.013365747407078743,0.03888213261961937,0.03,0.024,take_profit,1,0,38,2025-06-01
2025-06-10,5392,32.70000076293945,0.6453898101587295,0,0.02140675112605095,0.0305810384452343,-0.01223246194422245,-0.009174288250505924,0.03,0.024,take_profit,1,0,38,2025-06-01
2025-06-10,3081,287.58258056640625,0.6445226108733955,1,0.017361165955662727,0.09895839542150497,0.008680609054863453,0.09895839542150497,0.03,0.024,take_profit,1,0,38,2025-06-01
2025-06-10,3581,32.989891052246094,0.6398468132152135,1,-4.871487391255869e-08,0.07623310387134552,-4.871487391255869e-08,0.0029894420877099037,0.03,0.024,take_profit,1,0,38,2025-06-01
2025-06-10,4171,25.149999618530273,0.6397589327849091,1,-0.043737590312957764,0.07355866581201553,-0.05168982967734337,0.025844914838671684,-0.043737590312957764,-0.04973759031295776,gap_stop,1,1,38,2025-06-01
2025-06-10,6640,473.7272644042969,0.6393510395634062,1,0.043209921568632126,0.07613173127174377,0.018518563359975815,0.024691402912139893,0.03,0.024,gap_take_profit,1,0,38,2025-06-01
2025-06-10,2467,160.0,0.6364533602350215,1,0.01875000074505806,0.03750000149011612,-0.01875000074505806,0.00937500037252903,0.03,0.024,take_profit,1,0,38,2025-06-01
2025-06-10,6706,71.9000015258789,0.6339172463832636,0,0.0013907992979511619,0.030598009005188942,-0.019471509382128716,-0.008344901725649834,0.03,0.024,take_profit,1,0,38,2025-06-01
2025-06-10,6218,19.700000762939453,0.6327999036497083,1,0.020304547622799873,0.04060909524559975,0.0,0.005076064262539148,0.03,0.024,take_profit,1,0,38,2025-06-01
2025-06-10,1103,14.435735702514648,0.6175887905175171,0,-3.286477578967606e-08,-3.286477578967606e-08,-0.023333391174674034,-0.020000044256448746,-0.02,-0.026000000000000002,stop_loss,0,1,38,2025-06-01
2025-06-11,4743,63.29999923706055,0.6593343310066256,1,0.0995260551571846,0.0995260551571846,0.0995260551571846,0.0995260551571846,0.03,0.024,gap_take_profit,1,0,38,2025-06-01
2025-06-11,1616,30.47411346435547,0.6345069488497388,1,0.026438448578119278,0.09953325986862183,0.004665487911552191,0.09953325986862183,0.03,0.024,take_profit,1,0,38,2025-06-01
2025-06-11,8038,39.04999923706055,0.6187877691991478,1,0.0,0.0217670239508152,-0.04865551367402077,0.002560878172516823,-0.02,-0.026000000000000002,stop_loss,0,1,38,2025-06-01
2025-06-11,4128,25.200000762939453,0.6102111640585559,1,0.09920634329319,0.09920634329319,0.09920634329319,0.09920634329319,0.03,0.024,gap_take_profit,1,0,38,2025-06-01
2025-06-11,6805,757.1867065429688,0.6054382675414937,0,-0.01310618408024311,0.011795519851148129,-0.014416799880564213,-0.01310618408024311,-0.01310618408024311,-0.01910618408024311,close,0,0,38,2025-06-01
2025-06-11,3189,91.5,0.6038274468774417,0,-0.016393441706895828,0.007650239858776331,-0.020765043795108795,-0.003278721822425723,-0.02,-0.026000000000000002,stop_loss,0,1,38,2025-06-01
2025-06-11,7751,400.47021484375,0.6031527792657349,1,-0.003662959672510624,0.050061095505952835,-0.003662959672510624,0.02442006953060627,0.03,0.024,take_profit,1,0,38,2025-06-01
2025-06-11,6461,19.799999237060547,0.603118464379667,1,0.07070714980363846,0.09848488867282867,0.03535357490181923,0.09848488867282867,0.03,0.024,gap_take_profit,1,0,38,2025-06-01
2025-06-11,2208,17.75,0.5957523497293822,1,0.0028168584685772657,0.039436664432287216,-0.014084506779909134,0.019718332216143608,0.03,0.024,take_profit,1,0,38,2025-06-01
2025-06-11,6290,107.5,0.5950346437023433,0,-0.004651162773370743,0.023255813866853714,-0.06976744532585144,-0.06976744532585144,-0.02,-0.026000000000000002,stop_loss,0,1,38,2025-06-01
2025-06-11,3322,13.800000190734863,0.5927244729137613,1,0.014492739923298359,0.0615941621363163,0.0,0.00362320221029222,0.03,0.024,take_profit,1,0,38,2025-06-01
2025-06-11,6499,99.5999984741211,0.5924032346264378,1,0.0010040007764473557,0.044176723808050156,0.0010040007764473557,0.01907632127404213,0.03,0.024,take_profit,1,0,38,2025-06-01
2025-06-11,4979,182.9595489501953,0.5898552340671687,0,0.010840077884495258,0.021680185571312904,-0.016260191798210144,-0.010840138420462608,-0.010840138420462608,-0.016840138420462607,close,0,0,38,2025-06-01
2025-06-11,4971,111.5,0.5878681252445759,1,0.008968610316514969,0.026905829086899757,-0.008968610316514969,0.008968610316514969,0.008968610316514969,0.0029686103165149687,close,0,0,38,2025-06-01
2025-06-11,4949,57.0,0.587144699724621,1,0.02631578966975212,0.061403509229421616,0.0210526455193758,0.0210526455193758,0.03,0.024,take_profit,1,0,38,2025-06-01
2025-06-11,8227,153.34666442871094,0.5869665898312632,0,3.751835109255808e-08,0.035483911633491516,-0.016128994524478912,-0.016128994524478912,0.03,0.024,take_profit,1,0,38,2025-06-01
2025-06-11,6451,141.64744567871094,0.5839554937368742,0,0.021126745268702507,0.024647872895002365,-0.03169015422463417,-0.021126775071024895,-0.02,-0.026000000000000002,stop_loss,0,1,38,2025-06-01
2025-06-11,8096,48.660179138183594,0.5834218337242038,1,0.012182721868157387,0.05583757534623146,0.010152295231819153,0.03147207573056221,0.03,0.024,take_profit,1,0,38,2025-06-01
2025-06-11,4991,82.5,0.5819901520723507,1,0.00727270869538188,0.09818179905414581,-0.0181818176060915,0.07878787815570831,0.03,0.024,take_profit,1,0,38,2025-06-01
2025-06-11,6901,23.200000762939453,0.5735879518790413,1,0.06681030988693237,0.08405166864395142,0.0,0.008620640262961388,0.03,0.024,gap_take_profit,1,0,38,2025-06-01
2025-06-12,4128,27.700000762939453,0.6919308297883859,1,0.0,0.09386275708675385,-0.034296054393053055,0.03068586438894272,-0.02,-0.026000000000000002,ambiguous_stop_loss,1,1,38,2025-06-01
2025-06-12,4743,69.5999984741211,0.6868903546291406,1,0.07614947110414505,0.09913795441389084,0.014367816038429737,0.09913795441389084,0.03,0.024,gap_take_profit,1,0,38,2025-06-01
2025-06-12,1616,33.507301330566406,0.6579830778453003,0,-5.5957296574149495e-09,0.02970305271446705,-0.046676039695739746,-0.03536068648099899,-0.02,-0.026000000000000002,stop_loss,0,1,38,2025-06-01
2025-06-12,6461,21.75,0.6535152008818932,0,-0.009195437654852867,-0.009195437654852867,-0.06896551698446274,-0.06666669994592667,-0.02,-0.026000000000000002,stop_loss,0,1,38,2025-06-01
2025-06-12,3324,684.1573486328125,0.6533511359352926,1,2.277757316093698e-09,0.044668588787317276,-0.008645530790090561,0.015850147232413292,0.03,0.024,take_profit,1,0,38,2025-06-01
2025-06-12,6840,43.760196685791016,0.6488061167626273,1,0.007945558987557888,0.08740072697401047,0.007945558987557888,0.05334851145744324,0.03,0.024,take_profit,1,0,38,2025-06-01
2025-06-12,6552,28.049999237060547,0.6400968550537938,0,-0.026737969368696213,-0.017825312912464142,-0.048128288239240646,-0.048128288239240646,-0.026737969368696213,-0.03273796936869621,gap_stop,0,1,38,2025-06-01
2025-06-12,6640,533.1868896484375,0.6395813214494458,0,0.005484442226588726,0.06764166057109833,-0.03290678188204765,-0.012797093018889427,-0.02,-0.026000000000000002,ambiguous_stop_loss,1,1,38,2025-06-01
2025-06-12,8054,99.30000305175781,0.6388835552142909,1,-0.0050352467224001884,0.0624370276927948,-0.033232659101486206,0.03222554549574852,-0.02,-0.026000000000000002,ambiguous_stop_loss,1,1,38,2025-06-01
2025-06-12,3362,142.0,0.6337286808283285,0,-0.007042253389954567,0.0211267601698637,-0.04929577559232712,-0.03169013932347298,-0.02,-0.026000000000000002,stop_loss,0,1,38,2025-06-01
2025-06-12,4931,84.74017333984375,0.6321928968257955,1,-0.01965317502617836,0.0578034333884716,-0.02196536771953106,0.008092417381703854,-0.02,-0.026000000000000002,ambiguous_stop_loss,1,1,38,2025-06-01
2025-06-12,6890,291.9700012207031,0.6231088613694676,1,0.026578126475214958,0.09966783225536346,0.019933607429265976,0.04318942129611969,0.03,0.024,take_profit,1,0,38,2025-06-01
2025-06-12,2468,68.19999694824219,0.6157608584709856,0,0.004398872144520283,0.03665689378976822,-0.04105565324425697,-0.011730139143764973,-0.02,-0.026000000000000002,ambiguous_stop_loss,1,1,38,2025-06-01
2025-06-12,6148,62.099998474121094,0.6128641480918098,0,0.0,0.014492778107523918,-0.04025765135884285,-0.030595777556300163,-0.02,-0.026000000000000002,stop_loss,0,1,38,2025-06-01
2025-06-12,8240,30.851821899414062,0.6085058790361629,0,3.301698914270901e-10,3.301698914270901e-10,-0.01999998837709427,-0.018461549654603004,-0.018461549654603004,-0.024461549654603003,close,0,0,38,2025-06-01
2025-06-12,1449,12.600000381469727,0.5994515885993418,0,0.0,0.0,-0.05158734694123268,-0.04761907830834389,-0.02,-0.026000000000000002,stop_loss,0,1,38,2025-06-01
2025-06-12,2409,12.328688621520996,0.5958362511493644,1,-2.3055349629430566e-08,0.015810314565896988,-0.007905116304755211,0.003952561412006617,0.003952561412006617,-0.0020474385879933835,close,0,0,38,2025-06-01
2025-06-12,3066,15.199999809265137,0.5938242407837115,0,0.009868458844721317,0.009868458844721317,-0.01973685435950756,-0.016447369009256363,-0.016447369009256363,-0.02244736900925636,close,0,0,38,2025-06-01
2025-06-12,6670,288.914306640625,0.5928254383775169,0,-0.004862167872488499,0.004862306173890829,-0.022690370678901672,-0.022690370678901672,-0.02,-0.026000000000000002,stop_loss,0,1,38,2025-06-01
2025-06-12,1786,93.69999694824219,0.5923015586832507,0,-0.012806798331439495,-0.008537838235497475,-0.03628595545887947,-0.0234791561961174,-0.02,-0.026000000000000002,stop_loss,0,1,38,2025-06-01
2025-06-13,6499,111.5,0.5044162329850985,1,0.07623318582773209,0.09865470975637436,0.06726457178592682,0.09865470975637436,0.03,0.024,gap_take_profit,1,0,38,2025-06-01
2025-06-13,4743,76.5,0.4858505723829849,0,0.0,0.020915012806653976,-0.04052285477519035,-0.011764725670218468,-0.02,-0.026000000000000002,stop_loss,0,1,38,2025-06-01
2025-06-13,2327,117.875,0.4754906854360937,1,-0.001060445443727076,0.020148461684584618,-0.0053022271022200584,0.016967127099633217,0.016967127099633217,0.010967127099633217,close,0,0,38,2025-06-01
2025-06-13,6823,40.099998474121094,0.4601127985012192,0,0.0,0.006234414409846067,-0.03491266071796417,-0.002493727719411254,-0.02,-0.026000000000000002,stop_loss,0,1,38,2025-06-01
2025-06-13,6419,55.61545944213867,0.4497541022074352,1,-0.003436438739299774,0.013745691627264023,-0.006872877944260836,0.013745691627264023,0.013745691627264023,0.007745691627264023,close,0,0,38,2025-06-01
2025-06-13,4513,20.600000381469727,0.44857946141601324,1,0.004854387138038874,0.014563069678843021,-0.016990309581160545,0.014563069678843021,0.014563069678843021,0.008563069678843021,close,0,0,38,2025-06-01
2025-06-13,6944,430.2386779785156,0.444921639860817,0,-0.027087999507784843,0.00564337894320488,-0.03950335085391998,-0.0180586539208889,-0.027087999507784843,-0.03308799950778484,gap_stop,0,1,38,2025-06-01
2025-06-13,5228,16.100000381469727,0.44269558629035943,0,-0.03105589933693409,-0.03105589933693409,-0.03105589933693409,-0.03105589933693409,-0.03105589933693409,-0.03705589933693409,gap_stop,0,1,38,2025-06-01
2025-06-13,9958,236.5,0.43677055997169156,0,-0.004228329751640558,0.006342494860291481,-0.023255813866853714,-0.006342494860291481,-0.02,-0.026000000000000002,stop_loss,0,1,38,2025-06-01
2025-06-13,3167,130.0,0.4352296108671853,1,-0.007692307699471712,0.023076923564076424,-0.03076923079788685,0.007692307699471712,-0.02,-0.026000000000000002,stop_loss,0,1,38,2025-06-01
2025-06-13,3324,695.0013427734375,0.43423362101122587,0,0.008631144650280476,0.02733614481985569,-0.008635008707642555,-0.008635008707642555,-0.008635008707642555,-0.014635008707642555,close,0,0,38,2025-06-01
2025-06-13,4114,32.2796516418457,0.4339080646351382,1,0.0041493577882647514,0.01244803611189127,-0.006915623787790537,0.00968184880912304,0.00968184880912304,0.003681848809123039,close,0,0,38,2025-06-01
2025-06-13,4915,74.60926818847656,0.43150621005891593,1,0.0012690206058323383,0.022842586040496826,-0.006345172878354788,0.02030455321073532,0.02030455321073532,0.014304553210735321,close,0,0,38,2025-06-01
2025-06-13,8054,102.5,0.43103699243437205,1,-0.009756097570061684,0.043902438133955,-0.014634146355092525,0.043902438133955,0.03,0.024,take_profit,1,0,38,2025-06-01
2025-06-13,3665,735.6832275390625,0.42981877344900576,1,-0.01728718914091587,0.02260638400912285,-0.01861700415611267,0.018617019057273865,0.018617019057273865,0.012617019057273865,close,0,0,38,2025-06-01
2025-06-13,4938,78.49717712402344,0.4260107497948663,0,0.0,0.00481929536908865,-0.01807228848338127,0.0,0.0,-0.006,close,0,0,38,2025-06-01
2025-06-13,4105,78.19999694824219,0.42599722218438973,0,0.0,0.001278850482776761,-0.008951367810368538,-0.00127875292673707,-0.00127875292673707,-0.00727875292673707,close,0,0,38,2025-06-01
2025-06-13,6431,17.100000381469727,0.4246614818540907,1,-0.011695951223373413,0.023391790688037872,-0.011695951223373413,0.023391790688037872,0.023391790688037872,0.017391790688037874,close,0,0,38,2025-06-01
2025-06-13,4707,10.0,0.42459524516690045,0,0.0,0.010000037960708141,-0.0039999959990382195,0.0,0.0,-0.006,close,0,0,38,2025-06-01
2025-06-13,4714,17.25,0.4238141967770116,0,0.0,0.008695630356669426,-0.008695630356669426,-0.00289850658737123,-0.00289850658737123,-0.00889850658737123,close,0,0,38,2025-06-01
2025-06-16,5222,99.54545593261719,0.6161008767882686,1,0.009132391773164272,0.031963448971509933,0.004566195886582136,0.02739725261926651,0.03,0.024,take_profit,1,0,38,2025-06-01
2025-06-16,5011,13.600000381469727,0.6157636524762267,0,0.0,0.011029383167624474,-0.007352969143539667,-0.0036764845717698336,-0.0036764845717698336,-0.009676484571769834,close,0,0,38,2025-06-01
2025-06-16,1442,69.6905746459961,0.6151308489091373,0,0.002670170273631811,0.017356397584080696,-0.006675582844763994,-0.006675582844763994,-0.006675582844763994,-0.012675582844763994,close,0,0,38,2025-06-01
2025-06-16,4958,99.0,0.6133229198998795,0,0.005050505045801401,0.010101010091602802,-0.019191933795809746,-0.011111095547676086,-0.011111095547676086,-0.017111095547676085,close,0,0,38,2025-06-01
2025-06-16,6261,61.70000076293945,0.6118641252588376,1,0.011345230974256992,0.012965952046215534,0.004862224217504263,0.011345230974256992,0.011345230974256992,0.005345230974256992,close,0,0,38,2025-06-01
2025-06-16,2633,27.498157501220703,0.6117442922167345,1,0.0035026511177420616,0.02101578563451767,1.0589467969168709e-08,0.015761859714984894,0.015761859714984894,0.009761859714984894,close,0,0,38,2025-06-01
2025-06-16,4551,103.40480041503906,0.6088310805799039,1,0.014018705114722252,0.09813085198402405,-0.009345781058073044,0.09813085198402405,0.03,0.024,take_profit,1,0,38,2025-06-01
2025-06-16,3042,89.9000015258789,0.6087180265832034,0,0.0,0.006674065254628658,-0.02113461121916771,-0.014460545033216476,-0.02,-0.026000000000000002,stop_loss,0,1,38,2025-06-01
2025-06-16,3094,24.984922409057617,0.6078452268921047,1,0.03379722312092781,0.05765409767627716,0.017892666161060333,0.02783302403986454,0.03,0.024,gap_take_profit,1,0,38,2025-06-01
2025-06-16,6015,10.699999809265137,0.6073311885600847,1,0.004672915209084749,0.009345830418169498,0.004672915209084749,0.004672915209084749,0.004672915209084749,-0.001327084790915251,close,0,0,38,2025-06-01
2025-06-16,1616,35.545230865478516,0.6061359624016008,1,0.05599996820092201,0.10000000894069672,0.052000030875205994,0.10000000894069672,0.03,0.024,gap_take_profit,1,0,38,2025-06-01
2025-06-16,2515,10.399999618530273,0.6050068373957156,1,0.004807710647583008,0.014423132874071598,0.004807710647583008,0.009615421295166016,0.009615421295166016,0.0036154212951660155,close,0,0,38,2025-06-01
2025-06-16,1319,105.12705993652344,0.6048555589928662,0,0.004524943418800831,0.004524943418800831,-0.027149265632033348,-0.009049718268215656,-0.02,-0.026000000000000002,stop_loss,0,1,38,2025-06-01
2025-06-16,5522,68.6990737915039,0.6047165938791023,0,0.005633858032524586,0.032394442707300186,-0.014084474183619022,-0.014084474183619022,0.03,0.024,take_profit,1,0,38,2025-06-01
2025-06-16,6499,122.5,0.6043180456183734,1,0.07755102217197418,0.09795918315649033,-0.004081632476300001,0.09795918315649033,0.03,0.024,gap_take_profit,1,0,38,2025-06-01
2025-06-16,3443,1070.0,0.6041557883558283,1,0.014018691144883633,0.04205607622861862,0.009345794096589088,0.014018691144883633,0.03,0.024,take_profit,1,0,38,2025-06-01
2025-06-16,2881,81.81328582763672,0.6023333859615161,0,0.0034884854685515165,0.01627916656434536,-0.0023254684638231993,-0.0023254684638231993,-0.0023254684638231993,-0.0083254684638232,close,0,0,38,2025-06-01
2025-06-16,2880,25.1563777923584,0.601183418111541,0,0.005649677477777004,0.013182677328586578,-0.0018832499627023935,0.0,0.0,-0.006,close,0,0,38,2025-06-01
2025-06-16,5475,23.0,0.6010652762657697,1,0.06956523656845093,0.09999996423721313,0.06521739065647125,0.09999996423721313,0.03,0.024,gap_take_profit,1,0,38,2025-06-01
2025-06-16,2504,42.454219818115234,0.6006690714466799,1,-6.049558631815444e-09,0.01764063537120819,-6.049558631815444e-09,0.002205116208642721,0.002205116208642721,-0.003794883791357279,close,0,0,38,2025-06-01
2025-06-17,6141,13.350000381469727,0.6289357126696631,1,0.0973782166838646,0.0973782166838646,0.0973782166838646,0.0973782166838646,0.03,0.024,gap_take_profit,1,0,38,2025-06-01
2025-06-17,5475,25.299999237060547,0.5598054796605079,1,0.06324112415313721,0.0988142341375351,0.00790516845881939,0.0948617234826088,0.03,0.024,gap_take_profit,1,0,38,2025-06-01
2025-06-17,4551,113.552001953125,0.5493459481751475,0,0.029787234961986542,0.09787233918905258,0.0,0.0,0.03,0.024,take_profit,1,0,38,2025-06-01
2025-06-17,8038,39.25,0.542869515297652,1,0.03312100097537041,0.09044583886861801,0.006369426846504211,0.07770698517560959,0.03,0.024,gap_take_profit,1,0,38,2025-06-01
2025-06-17,6231,255.0061492919922,0.5423521611903445,0,0.020992368459701538,0.04198473319411278,-0.02671755477786064,-0.02671755477786064,-0.02,-0.026000000000000002,ambiguous_stop_loss,1,1,38,2025-06-01
2025-06-17,1616,39.099754333496094,0.5406335852896934,1,0.018181826919317245,0.08727269619703293,-0.03272722661495209,0.055757567286491394,-0.02,-0.026000000000000002,ambiguous_stop_loss,1,1,38,2025-06-01
2025-06-17,2351,75.62220764160156,0.5405912521630216,0,0.0025608253199607134,0.0025608253199607134,-0.05505761131644249,-0.05121643841266632,-0.02,-0.026000000000000002,stop_loss,0,1,38,2025-06-01
2025-06-17,6412,124.0,0.535583618903076,0,0.0,0.0,-0.04435483738780022,-0.012096773833036423,-0.02,-0.026000000000000002,stop_loss,0,1,38,2025-06-01
2025-06-17,6233,21.128433227539062,0.5347877394263268,0,-3.0486464908108246e-08,0.03720923513174057,-0.018604664131999016,-0.018604664131999016,0.03,0.024,take_profit,1,0,38,2025-06-01
2025-06-17,3147,182.33509826660156,0.5296557753124781,1,0.01431984081864357,0.0525059774518013,0.01431984081864357,0.031026285141706467,0.03,0.024,take_profit,1,0,38,2025-06-01
2025-06-17,6499,134.5,0.5257743737413576,1,-0.011152416467666626,0.09293680638074875,-0.05947955325245857,0.026022305712103844,-0.02,-0.026000000000000002,ambiguous_stop_loss,1,1,38,2025-06-01
2025-06-17,5426,24.353992462158203,0.5191339443848869,1,0.006036156788468361,0.09859145432710648,-0.006036246195435524,0.08651904761791229,0.03,0.024,take_profit,1,0,38,2025-06-01
2025-06-17,3122,20.399999618530273,0.5164705101064514,0,0.0,0.022058861330151558,-0.007352922577410936,-0.004901979584246874,-0.004901979584246874,-0.010901979584246874,close,0,0,38,2025-06-01
2025-06-17,6122,51.099998474121094,0.512298320462836,1,0.0,0.0058709015138447285,-0.0019569173455238342,0.003913909196853638,0.003913909196853638,-0.0020860908031463624,close,0,0,38,2025-06-01
2025-06-17,8076,25.850000381469727,0.511323302250937,1,0.0019342064624652267,0.013539666309952736,-0.001934280269779265,0.007736899424344301,0.007736899424344301,0.001736899424344301,close,0,0,38,2025-06-01
2025-06-17,4523,39.0,0.5105899133288456,0,-0.0025640635285526514,0.0012820317642763257,-0.011538481339812279,-0.010256449691951275,-0.010256449691951275,-0.016256449691951273,close,0,0,38,2025-06-01
2025-06-17,4563,61.963924407958984,0.508158922205043,1,0.018348611891269684,0.05810394138097763,0.006116265896707773,0.03516815975308418,0.03,0.024,take_profit,1,0,38,2025-06-01
2025-06-17,4949,60.0,0.5079125916490137,0,0.011666679754853249,0.04000002518296242,-0.026666641235351562,-0.01666666753590107,-0.02,-0.026000000000000002,ambiguous_stop_loss,1,1,38,2025-06-01
2025-06-17,3005,121.16629028320312,0.5026653352950214,1,-7.265343882068009e-09,0.031372539699077606,-0.007843144237995148,0.01960783638060093,0.03,0.024,take_profit,1,0,38,2025-06-01
2025-06-17,6176,144.96644592285156,0.5026165166871706,0,0.006410167086869478,0.006410167086869478,-0.0160257276147604,-0.00961547251790762,-0.00961547251790762,-0.01561547251790762,close,0,0,38,2025-06-01
2025-06-18,5011,13.550000190734863,0.6842030818712403,0,0.0,0.0036900509148836136,-0.0036900509148836136,-0.0036900509148836136,-0.0036900509148836136,-0.009690050914883614,close,0,0,38,2025-06-01
2025-06-18,2345,720.5751342773438,0.6816116882220254,0,-0.0027397219091653824,0.005479456391185522,-0.023287666961550713,-0.020547941327095032,-0.02,-0.026000000000000002,stop_loss,0,1,38,2025-06-01
2025-06-18,3042,88.0999984741211,0.6769571014918283,0,0.0,0.005675368942320347,-0.017026107758283615,-0.015891050919890404,-0.015891050919890404,-0.021891050919890402,close,0,0,38,2025-06-01
2025-06-18,6164,10.686238288879395,0.6766914503481543,0,8.278423280216884e-09,8.278423280216884e-09,-0.0446428507566452,-0.03571424260735512,-0.02,-0.026000000000000002,stop_loss,0,1,38,2025-06-01
2025-06-18,4772,220.02227783203125,0.6752641778184416,0,0.009008961729705334,0.01576571725308895,-0.022522568702697754,-0.00900905579328537,-0.02,-0.026000000000000002,stop_loss,0,1,38,2025-06-01
2025-06-18,5291,23.549999237060547,0.6749459497978826,1,0.010615712031722069,0.08280258625745773,0.010615712031722069,0.04458603635430336,0.03,0.024,take_profit,1,0,38,2025-06-01
2025-06-18,5340,42.650001525878906,0.6738875203865572,0,0.008206294849514961,0.010550924576818943,-0.015240363776683807,-0.015240363776683807,-0.015240363776683807,-0.021240363776683806,close,0,0,38,2025-06-01
2025-06-18,1216,75.17049407958984,0.673424844511921,0,6.482554226749926e-08,0.0051282900385558605,-0.008974255993962288,-0.006410192232578993,-0.006410192232578993,-0.012410192232578993,close,0,0,38,2025-06-01
2025-06-18,5904,472.4561767578125,0.6717656644886105,0,0.004000014625489712,0.006000041961669922,-0.00199994258582592,-0.00199994258582592,-0.00199994258582592,-0.00799994258582592,close,0,0,38,2025-06-01
2025-06-18,4129,99.53827667236328,0.6699042617681427,0,-0.0048309266567230225,-8.599514877971615e-09,-0.01449276227504015,-0.009661844000220299,-0.009661844000220299,-0.015661844000220297,close,0,0,38,2025-06-01
2025-06-18,1210,58.080810546875,0.6678809605878797,0,-0.00821016076952219,-0.006568149663507938,-0.014778329990804195,-0.014778329990804195,-0.014778329990804195,-0.020778329990804194,close,0,0,38,2025-06-01
2025-06-18,3015,57.20000076293945,0.6678133320139786,0,-0.0017482917755842209,0.0,-0.022727258503437042,-0.020979033783078194,-0.02,-0.026000000000000002,stop_loss,0,1,38,2025-06-01
2025-06-18,5213,29.6778507232666,0.6658137230802652,0,-1.1531580135226704e-09,-1.1531580135226704e-09,-0.02100166492164135,-0.01938612014055252,-0.02,-0.026000000000000002,stop_loss,0,1,38,2025-06-01
2025-06-18,4513,20.600000381469727,0.6644658926697282,0,-0.004854387138038874,-0.004854387138038874,-0.03155338019132614,-0.03155338019132614,-0.02,-0.026000000000000002,stop_loss,0,1,38,2025-06-01
2025-06-18,8415,32.40879821777344,0.6640565011813878,1,-0.0014750034315511584,0.007374643813818693,-0.007374618202447891,0.0029498201329261065,0.0029498201329261065,-0.0030501798670738937,close,0,0,38,2025-06-01
2025-06-18,3122,20.299999237060547,0.6636511101748661,0,0.01231527142226696,0.01231527142226696,-0.02463054284453392,-0.019704414531588554,-0.02,-0.026000000000000002,stop_loss,0,1,38,2025-06-01
2025-06-18,1110,19.433155059814453,0.6635055869441377,0,-0.007594923954457045,0.0025316004175692797,-0.02784806862473488,-0.02784806862473488,-0.02,-0.026000000000000002,stop_loss,0,1,38,2025-06-01
2025-06-18,5309,34.599998474121094,0.6629635283712063,0,0.00578036904335022,0.00578036904335022,-0.015895932912826538,-0.013005692511796951,-0.013005692511796951,-0.01900569251179695,close,0,0,38,2025-06-01
2025-06-18,4938,77.5999984741211,0.661936008085892,0,0.0012886401964351535,0.005154659040272236,-0.020618537440896034,-0.020618537440896034,-0.02,-0.026000000000000002,stop_loss,0,1,38,2025-06-01
2025-06-18,2723,84.9942398071289,0.6604997236602845,0,-0.0011350522981956601,-0.0011350522981956601,-0.017026102170348167,-0.017026102170348167,-0.017026102170348167,-0.023026102170348166,close,0,0,38,2025-06-01
2025-06-19,4416,62.5,0.6736396827118297,1,0.03359997645020485,0.03359997645020485,0.00800000037997961,0.00800000037997961,0.03,0.024,gap_take_profit,1,0,38,2025-06-01
2025-06-19,3052,13.199999809265137,0.6697976763823134,1,0.0,0.02272728830575943,0.0,0.015151500701904297,0.015151500701904297,0.009151500701904297,close,0,0,38,2025-06-01
2025-06-19,3466,39.5,0.6669531630043365,1,0.0037975069135427475,0.03544307500123978,-0.007594917435199022,0.0037975069135427475,0.03,0.024,take_profit,1,0,38,2025-06-01
2025-06-19,2606,52.20000076293945,0.6646082994607001,0,0.0,0.005747111514210701,-0.032567065209150314,-0.024904198944568634,-0.02,-0.026000000000000002,stop_loss,0,1,38,2025-06-01
2025-06-19,3257,58.099998474121094,0.6621627573553976,1,0.015490559861063957,0.027538767084479332,-0.02237520180642605,0.010327061638236046,-0.02,-0.026000000000000002,stop_loss,0,1,38,2025-06-01
2025-06-19,2211,78.40853881835938,0.6617839318076776,1,-7.70723147525132e-08,0.005987946409732103,-0.010778537951409817,0.0011975093511864543,0.0011975093511864543,-0.004802490648813546,close,0,0,38,2025-06-01
2025-06-19,4744,20.76545524597168,0.6615624080995608,0,-5.679310888240252e-08,0.009456243366003036,-0.014184417203068733,-0.0023640869185328484,-0.0023640869185328484,-0.008364086918532848,close,0,0,38,2025-06-01
2025-06-19,5269,1771.2764892578125,0.6608622509067298,1,0.0027778204530477524,0.016666710376739502,-0.03333329036831856,0.0027778204530477524,-0.02,-0.026000000000000002,stop_loss,0,1,38,2025-06-01
2025-06-19,2474,199.5193634033203,0.6595208140768408,0,-0.0024096386041492224,0.012048192322254181,-0.012048192322254181,0.0,0.0,-0.006,close,0,0,38,2025-06-01
2025-06-19,9904,28.877960205078125,0.6590526663224268,0,0.004942308645695448,0.004942308645695448,-0.009884734638035297,-0.00823725014925003,-0.00823725014925003,-0.01423725014925003,close,0,0,38,2025-06-01
2025-06-19,6143,113.5,0.6587174598579234,0,-0.0044052861630916595,0.0044052861630916595,-0.030837005004286766,-0.008810572326183319,-0.02,-0.026000000000000002,stop_loss,0,1,38,2025-06-01
2025-06-19,4938,76.0,0.6569748367736461,0,0.0013157693902030587,0.007894717156887054,-0.01315789483487606,-0.0026315387804061174,-0.0026315387804061174,-0.008631538780406118,close,0,0,38,2025-06-01
2025-06-19,1529,26.948863983154297,0.6554478469372104,1,0.014814822003245354,0.014814822003245354,-0.0111110620200634,0.003703738795593381,0.003703738795593381,-0.002296261204406619,close,0,0,38,2025-06-01
2025-06-19,2887,15.744562149047852,0.6545294462607475,0,-2.3263293513764438e-08,0.009008962661027908,-0.012011966668069363,-0.012011966668069363,-0.012011966668069363,-0.01801196666806936,close,0,0,38,2025-06-01
2025-06-19,6233,19.998308181762695,0.6544411523349233,1,0.002456913935020566,0.05651098117232323,-0.03931214287877083,0.027026936411857605,-0.02,-0.026000000000000002,ambiguous_stop_loss,1,1,38,2025-06-01
2025-06-19,2610,20.620519638061523,0.6544294514805238,0,0.002336544916033745,0.0046729580499231815,-0.025700857862830162,-0.0210279431194067,-0.02,-0.026000000000000002,stop_loss,0,1,38,2025-06-01
2025-06-19,2006,62.400001525878906,0.6529736993965397,0,0.009615359827876091,0.009615359827876091,-0.009615421295166016,-0.009615421295166016,-0.009615421295166016,-0.015615421295166016,close,0,0,38,2025-06-01
2025-06-19,8070,39.75,0.6528400855493363,0,0.001257842406630516,0.007547150831669569,-0.02641507424414158,-0.02641507424414158,-0.02,-0.026000000000000002,stop_loss,0,1,38,2025-06-01
2025-06-19,8289,20.291000366210938,0.6519133846390123,0,4.636972050775512e-08,4.636972050775512e-08,-0.02184465155005455,-0.016990263015031815,-0.02,-0.026000000000000002,stop_loss,0,1,38,2025-06-01
2025-06-19,1504,48.75,0.6513929508719416,0,-0.0041025797836482525,0.0030769542790949345,-0.025641025975346565,-0.007179455831646919,-0.02,-0.026000000000000002,stop_loss,0,1,38,2025-06-01
2025-06-20,3040,54.330711364746094,0.6470836722397415,1,-0.003623244585469365,0.09963763505220413,-0.009058012627065182,0.09963763505220413,0.03,0.024,take_profit,1,0,38,2025-06-01
2025-06-20,6139,294.0,0.5833392852542456,1,0.010204081423580647,0.09863945841789246,-0.006802720949053764,0.09863945841789246,0.03,0.024,take_profit,1,0,38,2025-06-01
2025-06-20,5475,28.600000381469727,0.5818367245100834,1,-0.04545458406209946,0.08041955530643463,-0.054195843636989594,0.047202810645103455,-0.04545458406209946,-0.051454584062099455,gap_stop,1,1,38,2025-06-01
2025-06-20,6838,39.849998474121094,0.5789139546018554,1,0.026348885148763657,0.09033883363008499,0.0012547817314043641,0.0025094677694141865,0.03,0.024,take_profit,1,0,38,2025-06-01
2025-06-20,6854,152.5,0.5429338845190765,1,-0.02295081876218319,0.03606557473540306,-0.02295081876218319,0.019672131165862083,-0.02295081876218319,-0.028950818762183188,gap_stop,1,1,38,2025-06-01
2025-06-20,2314,8.670000076293945,0.5403080959629537,1,0.07266437262296677,0.09919257462024689,0.07266437262296677,0.09919257462024689,0.03,0.024,gap_take_profit,1,0,38,2025-06-01
2025-06-20,6609,41.28364562988281,0.5087064775404404,1,-5.679365244759538e-08,0.013079592026770115,-0.03923900052905083,0.005945246201008558,-0.02,-0.026000000000000002,stop_loss,0,1,38,2025-06-01
2025-06-20,2357,649.8257446289062,0.5056695572623875,0,-0.01610541343688965,0.0014641318703070283,-0.02196192927658558,-0.007320641074329615,-0.02,-0.026000000000000002,stop_loss,0,1,38,2025-06-01
2025-06-20,6669,2461.435302734375,0.5038898347906346,1,-0.009861936792731285,0.02366863563656807,-0.011834323406219482,0.0059171561151742935,0.0059171561151742935,-8.284388482570661e-05,close,0,0,38,2025-06-01
2025-06-20,6130,34.54999923706055,0.5032648081050206,1,0.001447155955247581,0.013024624437093735,-0.028943561017513275,0.013024624437093735,-0.02,-0.026000000000000002,stop_loss,0,1,38,2025-06-01
2025-06-20,2547,11.625055313110352,0.4968420041025598,0,-0.01639341190457344,0.004098393023014069,-0.020491788163781166,-0.00409835996106267,-0.02,-0.026000000000000002,stop_loss,0,1,38,2025-06-01
2025-06-20,3526,230.0,0.49529027387499647,0,-0.01304347813129425,-0.0021739129442721605,-0.0260869562625885,-0.008695651777088642,-0.02,-0.026000000000000002,stop_loss,0,1,38,2025-06-01
2025-06-20,8081,220.53375244140625,0.49524843817267494,1,-0.012685006484389305,0.008456641808152199,-0.016913335770368576,0.008456641808152199,0.008456641808152199,0.0024566418081521987,close,0,0,38,2025-06-01
2025-06-20,2344,18.950000762939453,0.49245482276491415,1,-0.02110825851559639,0.03693925216794014,-0.02374674193561077,0.03430077061057091,-0.02110825851559639,-0.027108258515596388,gap_stop,1,1,38,2025-06-01
2025-06-20,6219,22.428571701049805,0.49101351919176217,0,-0.002123134210705757,-0.002123134210705757,-0.0615711435675621,-0.002123134210705757,-0.02,-0.026000000000000002,stop_loss,0,1,38,2025-06-01
2025-06-20,2241,22.899999618530273,0.4886356299242258,0,-0.006550201680511236,-0.006550201680511236,-0.043668124824762344,-0.017467232421040535,-0.02,-0.026000000000000002,stop_loss,0,1,38,2025-06-01
2025-06-20,5452,24.593141555786133,0.48834939748542056,0,-0.008048314601182938,-0.002012112643569708,-0.03420523926615715,-0.004024154506623745,-0.02,-0.026000000000000002,stop_loss,0,1,38,2025-06-01
2025-06-20,2607,33.04999923706055,0.4874412428111739,0,-0.01512859296053648,0.0060514602810144424,-0.01966710202395916,-0.012102805078029633,-0.012102805078029633,-0.01810280507802963,close,0,0,38,2025-06-01
2025-06-20,2382,266.7732238769531,0.48555498201510905,1,-0.01610027439892292,0.00894444715231657,-0.023255906999111176,0.00894444715231657,-0.02,-0.026000000000000002,stop_loss,0,1,38,2025-06-01
2025-06-20,6125,65.22061920166016,0.48554523370504915,0,-0.013657080009579659,-0.006069826893508434,-0.034901414066553116,-0.012139652855694294,-0.02,-0.026000000000000002,stop_loss,0,1,38,2025-06-01
2025-06-23,1225,32.599998474121094,0.671359093905521,1,0.09969325363636017,0.09969325363636017,0.09969325363636017,0.09969325363636017,0.03,0.024,gap_take_profit,1,0,38,2025-06-01
2025-06-23,3040,59.74409484863281,0.6399421433591043,1,0.0461285226047039,0.06589782983064651,3.4055766207075067e-08,0.023064246401190758,0.03,0.024,gap_take_profit,1,0,38,2025-06-01
2025-06-23,6139,323.0,0.6393431813226557,1,0.03560371696949005,0.07275541871786118,0.006191950291395187,0.04334365203976631,0.03,0.024,gap_take_profit,1,0,38,2025-06-01
2025-06-23,4551,117.90080261230469,0.6242432079644529,1,0.053278692066669464,0.09836065769195557,2.5988067253734926e-09,0.02049180679023266,0.03,0.024,gap_take_profit,1,0,38,2025-06-01
2025-06-23,6739,345.0,0.6225207982283001,1,0.023188406601548195,0.10000000149011612,0.015942029654979706,0.08115942031145096,0.03,0.024,take_profit,1,0,38,2025-06-01
2025-06-23,6640,678.0,0.6209800389316064,1,0.04129793494939804,0.06784661114215851,0.014749262481927872,0.04277286306023598,0.03,0.024,gap_take_profit,1,0,38,2025-06-01
2025-06-23,3037,108.65301513671875,0.6027721564469823,1,0.027272764593362808,0.05909094959497452,0.004545491188764572,0.013636400923132896,0.03,0.024,take_profit,1,0,38,2025-06-01
2025-06-23,2316,53.80636215209961,0.6023486347731901,0,0.023941053077578545,0.04051566869020462,-0.0386740043759346,-0.029465902596712112,-0.02,-0.026000000000000002,ambiguous_stop_loss,1,1,38,2025-06-01
2025-06-23,5443,89.80000305175781,0.5986155468589411,1,0.024498851969838142,0.03897549957036972,0.0,0.0077950661070644855,0.03,0.024,take_profit,1,0,38,2025-06-01
2025-06-23,2314,9.529999732971191,0.5905301508163111,1,0.09129065275192261,0.0965372622013092,0.09129065275192261,0.0965372622013092,0.03,0.024,gap_take_profit,1,0,38,2025-06-01
2025-06-23,6257,74.47017669677734,0.5722958205239842,1,0.016581574454903603,0.02678569406270981,0.0038264719769358635,0.008928531780838966,0.008928531780838966,0.0029285317808389662,close,0,0,38,2025-06-01
2025-06-23,2615,93.80000305175781,0.5642135077408924,1,0.0202557984739542,0.052238740026950836,0.007462653797119856,0.008528735488653183,0.03,0.024,take_profit,1,0,38,2025-06-01
2025-06-23,2347,62.5,0.5620443523247102,1,0.0015999756287783384,0.046400025486946106,0.0015999756287783384,0.03999999910593033,0.03,0.024,take_profit,1,0,38,2025-06-01
2025-06-23,4545,30.850000381469727,0.5595788572706383,1,0.04700158163905144,0.06320904195308685,0.02593190409243107,0.029173407703638077,0.03,0.024,gap_take_profit,1,0,38,2025-06-01
2025-06-23,4938,74.5,0.5578127773301813,1,0.012080557644367218,0.03892619535326958,0.012080557644367218,0.024161115288734436,0.03,0.024,take_profit,1,0,38,2025-06-01
2025-06-23,2838,15.559120178222656,0.5552933110072131,1,0.011764769442379475,0.023529505357146263,0.011764769442379475,0.023529505357146263,0.023529505357146263,0.017529505357146265,close,0,0,38,2025-06-01
2025-06-23,4168,25.600000381469727,0.5538093569242049,1,0.0,0.048828125,-0.005859360098838806,0.02734370529651642,0.03,0.024,take_profit,1,0,38,2025-06-01
2025-06-23,2302,15.149999618530273,0.5509728574364334,1,0.019801992923021317,0.04620467126369476,0.01320137083530426,0.0330033004283905,0.03,0.024,take_profit,1,0,38,2025-06-01
2025-06-23,3709,34.95000076293945,0.5460204260610872,1,0.024320414289832115,0.07153075933456421,0.015736743807792664,0.05007153004407883,0.03,0.024,take_profit,1,0,38,2025-06-01
2025-06-23,1504,47.0,0.5449437202999379,1,0.012765925377607346,0.018085073679685593,0.002127627143636346,0.018085073679685593,0.018085073679685593,0.012085073679685593,close,0,0,38,2025-06-01
2025-06-24,6412,108.0,0.7102933563151814,1,0.013888888992369175,0.0555555559694767,0.004629629664123058,0.004629629664123058,0.03,0.024,take_profit,1,0,38,2025-06-01
2025-06-24,4989,14.350000381469727,0.6989669512412521,1,0.0034842672757804394,0.017421603202819824,0.0034842672757804394,0.0034842672757804394,0.0034842672757804394,-0.0025157327242195607,close,0,0,38,2025-06-01
2025-06-24,2393,63.5899658203125,0.6976818578412785,1,0.010248808190226555,0.038067277520895004,0.0073205954395234585,0.03074663318693638,0.03,0.024,take_profit,1,0,38,2025-06-01
2025-06-24,6147,55.0,0.6963162817517938,1,0.0018181541236117482,0.012727286666631699,-0.0036363773979246616,0.007272754795849323,0.007272754795849323,0.0012727547958493231,close,0,0,38,2025-06-01
2025-06-24,4739,44.20000076293945,0.6945398096305768,1,0.04185516759753227,0.09954746067523956,0.023755637928843498,0.09954746067523956,0.03,0.024,gap_take_profit,1,0,38,2025-06-01
2025-06-24,6605,175.41969299316406,0.6941330720830738,1,0.010869593359529972,0.024456549435853958,0.002717419061809778,0.021739158779382706,0.021739158779382706,0.015739158779382707,close,0,0,38,2025-06-01
2025-06-24,4543,25.54332160949707,0.6939318131987791,1,0.011320658028125763,0.013207493349909782,-6.708167177293944e-08,0.005660295486450195,0.005660295486450195,-0.0003397045135498048,close,0,0,38,2025-06-01
2025-06-24,2883,15.060543060302734,0.6938930988933107,1,0.006289342883974314,0.015723280608654022,-0.009433927945792675,0.012578675523400307,0.012578675523400307,0.006578675523400307,close,0,0,38,2025-06-01
2025-06-24,4904,86.5,0.6932338946146681,1,0.004624295048415661,0.03352602943778038,0.004624295048415661,0.028901733458042145,0.03,0.024,take_profit,1,0,38,2025-06-01
2025-06-24,3042,81.0999984741211,0.6931220659159533,1,0.013563483022153378,0.04562274366617203,0.013563483022153378,0.04192357137799263,0.03,0.024,take_profit,1,0,38,2025-06-01
2025-06-24,2887,14.94078540802002,0.6923745073144547,0,0.006329077761620283,0.012658216059207916,0.0,0.0,0.0,-0.006,close,0,0,38,2025-06-01
2025-06-24,6189,53.30276107788086,0.6923373772843247,1,0.024963313713669777,0.08516885340213776,0.024963313713669777,0.07342146337032318,0.03,0.024,take_profit,1,0,38,2025-06-01
2025-06-24,5521,11.699999809265137,0.691449403319237,1,0.008547041565179825,0.021367521956562996,0.008547041565179825,0.017094001173973083,0.017094001173973083,0.011094001173973083,close,0,0,38,2025-06-01
2025-06-24,3005,115.46434783935547,0.6909208981468618,0,0.004115215968340635,0.012345668859779835,-0.01646091602742672,-0.008230462670326233,-0.008230462670326233,-0.014230462670326233,close,0,0,38,2025-06-01
2025-06-24,3014,122.39415740966797,0.6906623891190944,1,0.02290082350373268,0.05725197121500969,0.02290082350373268,0.053435176610946655,0.03,0.024,take_profit,1,0,38,2025-06-01
2025-06-24,3045,108.01991271972656,0.6904691087788885,1,-8.219815050836132e-09,0.03555554524064064,-8.219815050836132e-09,0.031111102551221848,0.03,0.024,take_profit,1,0,38,2025-06-01
2025-06-24,6753,97.5,0.6899849929016934,1,0.008205159567296505,0.010256410576403141,-0.0020512507762759924,0.0030769542790949345,0.0030769542790949345,-0.0029230457209050657,close,0,0,38,2025-06-01
2025-06-24,2451,94.98795318603516,0.6895001279006971,1,0.01492542214691639,0.0298507958650589,0.004975172691047192,0.019900547340512276,0.019900547340512276,0.013900547340512276,close,0,0,38,2025-06-01
2025-06-24,1442,68.2948989868164,0.6894563458503108,0,9.417062685201927e-09,0.005449621472507715,-0.010899215005338192,-0.004087225534021854,-0.004087225534021854,-0.010087225534021855,close,0,0,38,2025-06-01
2025-06-24,3596,192.5,0.6877130538324435,1,0.012987012974917889,0.041558440774679184,0.005194805096834898,0.031168831512331963,0.03,0.024,take_profit,1,0,38,2025-06-01
2025-06-25,3122,22.600000381469727,0.6989126822505035,1,0.09955751895904541,0.09955751895904541,0.09955751895904541,0.09955751895904541,0.03,0.024,gap_take_profit,1,0,38,2025-06-01
2025-06-25,2314,11.449999809265137,0.6946279956575064,1,0.09606990218162537,0.09606990218162537,-0.0698690116405487,0.03930129483342171,0.03,0.024,gap_take_profit,1,1,38,2025-06-01
2025-06-25,3211,228.0,0.6534008779937663,1,0.021929824724793434,0.09429824352264404,0.019736841320991516,0.04605263099074364,0.03,0.024,take_profit,1,0,38,2025-06-01
2025-06-25,6532,65.5999984741211,0.6459531618243785,1,0.0,0.07621951401233673,-0.0015243670204654336,0.044207341969013214,0.03,0.024,take_profit,1,0,38,2025-06-01
2025-06-25,6269,52.900001525878906,0.6458950764752842,1,-0.01134219765663147,0.06427216529846191,-0.01134219765663147,0.06049143522977829,0.03,0.024,take_profit,1,0,38,2025-06-01
2025-06-25,4931,91.98961639404297,0.6393380143597316,1,0.04685841128230095,0.09691163152456284,0.04366349056363106,0.09691163152456284,0.03,0.024,gap_take_profit,1,0,38,2025-06-01
2025-06-25,4721,64.17725372314453,0.6366173305768869,0,-0.0015060274163261056,0.07530117779970169,-0.021084384992718697,-0.021084384992718697,-0.02,-0.026000000000000002,ambiguous_stop_loss,1,1,38,2025-06-01
2025-06-25,3443,1225.0,0.6316072538793174,0,0.0,0.008163264952600002,-0.020408162847161293,-0.008163264952600002,-0.02,-0.026000000000000002,stop_loss,0,1,38,2025-06-01
2025-06-25,5272,22.100000381469727,0.6311811755573437,1,0.022624434903264046,0.09502264112234116,0.011312217451632023,0.04072396457195282,0.03,0.024,take_profit,1,0,38,2025-06-01
2025-06-25,6768,109.5,0.6302123427398433,0,0.0,0.004566209856420755,-0.02283105067908764,-0.01826483942568302,-0.02,-0.026000000000000002,stop_loss,0,1,38,2025-06-01
2025-06-25,1736,172.4469451904297,0.6298332696729276,1,-0.00847456231713295,0.03672317788004875,-0.00847456231713295,0.025423742830753326,0.03,0.024,take_profit,1,0,38,2025-06-01
2025-06-25,6221,50.099998474121094,0.6278170465999704,0,0.0019960536155849695,0.01596812531352043,-0.0019959774799644947,-0.0019959774799644947,-0.0019959774799644947,-0.007995977479964495,close,0,0,38,2025-06-01
2025-06-25,1225,39.29999923706055,0.6253890969037141,0,-0.019083969295024872,-0.007633568719029427,-0.08396945148706436,-0.08396945148706436,-0.02,-0.026000000000000002,stop_loss,0,1,38,2025-06-01
2025-06-25,4564,15.5,0.6169485715756153,1,0.0032258187420666218,0.09677419066429138,0.0032258187420666218,0.06774188578128815,0.03,0.024,take_profit,1,0,38,2025-06-01
2025-06-25,4532,24.549999237060547,0.6128972484070416,1,0.002036706544458866,0.016293341293931007,-0.0020366287790238857,0.004073335323482752,0.004073335323482752,-0.0019266646765172483,close,0,0,38,2025-06-01
2025-06-25,4958,100.0,0.6109755308948706,0,0.0,0.004999999888241291,-0.01300003007054329,-0.01300003007054329,-0.01300003007054329,-0.019000030070543288,close,0,0,38,2025-06-01
2025-06-25,2395,326.1822204589844,0.6103795903675836,1,0.00597913283854723,0.020926816388964653,5.936118796512346e-08,0.00597913283854723,0.00597913283854723,-2.0867161452770358e-05,close,0,0,38,2025-06-01
2025-06-25,2548,95.12826538085938,0.6096824484730258,1,0.009478650987148285,0.02369660511612892,0.004739256575703621,0.009478650987148285,0.009478650987148285,0.003478650987148285,close,0,0,38,2025-06-01
2025-06-25,2204,55.81041717529297,0.6091603419240573,1,0.0016610589809715748,0.02491689659655094,0.0016610589809715748,0.00830560177564621,0.00830560177564621,0.0023056017756462096,close,0,0,38,2025-06-01
2025-06-25,6591,77.80000305175781,0.6086787260585577,0,0.002570654731243849,0.005141309462487698,-0.09768644720315933,-0.09768644720315933,-0.02,-0.026000000000000002,stop_loss,0,1,38,2025-06-01
2025-06-26,3122,24.850000381469727,0.7274733459816644,1,0.09859149903059006,0.09859149903059006,0.07645873725414276,0.09859149903059006,0.03,0.024,gap_take_profit,1,0,38,2025-06-01
2025-06-26,4931,100.90447998046875,0.6743985701545828,1,0.03883494809269905,0.05339805409312248,-0.019417477771639824,0.014563104137778282,0.03,0.024,gap_take_profit,1,0,38,2025-06-01
2025-06-26,6153,13.75,0.6710191273294283,1,0.021818196401000023,0.050909075886011124,-0.014545440673828125,0.010909062810242176,0.03,0.024,take_profit,1,0,38,2025-06-01
2025-06-26,4739,53.400001525878906,0.6696367297356304,1,0.03745318204164505,0.0823969617486,0.0,0.035580478608608246,0.03,0.024,gap_take_profit,1,0,38,2025-06-01
2025-06-26,2233,190.25698852539062,0.6694388998902262,0,0.020202044397592545,0.05303032696247101,-0.02777775563299656,-0.010100987739861012,-0.02,-0.026000000000000002,ambiguous_stop_loss,1,1,38,2025-06-01
2025-06-26,3036,133.7099609375,0.6689574099407279,0,-0.02857142500579357,0.10000000149011612,-0.05714285373687744,-0.04642856866121292,-0.02857142500579357,-0.03457142500579357,gap_stop,1,1,38,2025-06-01
2025-06-26,2360,430.0,0.6663374867401297,0,-0.030232558026909828,0.0162790697067976,-0.03372092917561531,-0.0011627906933426857,-0.030232558026909828,-0.03623255802690983,gap_stop,0,1,38,2025-06-01
2025-06-26,6261,61.5,0.6651460099720785,0,0.0,0.0032520450185984373,-0.006504090037196875,-0.0048780362121760845,-0.0048780362121760845,-0.010878036212176085,close,0,0,38,2025-06-01
2025-06-26,4989,15.800000190734863,0.6642896887346128,0,0.006329077761620283,0.02215186133980751,-0.009493706747889519,-0.003164568915963173,-0.003164568915963173,-0.009164568915963173,close,0,0,38,2025-06-01
2025-06-26,2241,25.600000381469727,0.6625395239509805,0,0.01757808029651642,0.05664058029651642,-0.03710940480232239,-0.027343779802322388,-0.02,-0.026000000000000002,ambiguous_stop_loss,1,1,38,2025-06-01
2025-06-26,6609,46.58523178100586,0.6625054909755971,0,0.024235999211668968,0.08535299450159073,-0.00948367454111576,-0.00948367454111576,0.03,0.024,take_profit,1,0,38,2025-06-01
2025-06-26,2485,12.100000381469727,0.6623667373816902,0,0.03305782005190849,0.0454544797539711,-0.02479340322315693,-0.012396740727126598,0.03,0.024,gap_take_profit,1,1,38,2025-06-01
2025-06-26,4542,68.30000305175781,0.6604622998977849,0,0.03513900190591812,0.052708614617586136,-0.03806743770837784,-0.03367500752210617,0.03,0.024,gap_take_profit,1,1,38,2025-06-01
2025-06-26,3217,151.71435546875,0.6580506300690613,0,0.0031152646988630295,0.012461058795452118,-0.0031152646988630295,0.0,0.0,-0.006,close,0,0,38,2025-06-01
2025-06-26,6492,35.45000076293945,0.6572549325815711,1,0.09873060137033463,0.09873060137033463,0.005641770549118519,0.03243999183177948,0.03,0.024,gap_take_profit,1,0,38,2025-06-01
2025-06-26,4938,75.19999694824219,0.6571457423931426,1,0.0013298684498295188,0.009308571927249432,-0.0013297670520842075,0.0066489363089203835,0.0066489363089203835,0.0006489363089203833,close,0,0,38,2025-06-01
2025-06-26,2474,203.3655242919922,0.6570641135500999,1,0.002364055486395955,0.007092188112437725,-0.009456275030970573,0.007092188112437725,0.007092188112437725,0.001092188112437725,close,0,0,38,2025-06-01
2025-06-26,2611,18.551841735839844,0.655718889029601,1,-2.9991632288783876e-08,0.009900902397930622,-2.9991632288783876e-08,0.004950389266014099,0.004950389266014099,-0.001049610733985901,close,0,0,38,2025-06-01
2025-06-26,3707,38.0,0.6551755088083961,0,0.003947408404201269,0.007894717156887054,-0.03815791383385658,-0.031578969210386276,-0.02,-0.026000000000000002,stop_loss,0,1,38,2025-06-01
2025-06-26,6761,90.71358489990234,0.6550644576976759,1,-4.426379618394094e-08,0.009345686063170433,-4.426379618394094e-08,0.007268874906003475,0.007268874906003475,0.001268874906003475,close,0,0,38,2025-06-01
2025-06-27,3122,27.299999237060547,0.6981892875178448,1,0.021978037431836128,0.09157509356737137,-0.005494491662830114,0.05677660182118416,0.03,0.024,take_profit,1,0,38,2025-06-01
2025-06-27,3535,46.6725959777832,0.6571549682518467,1,0.009554104879498482,0.0997876524925232,0.009554104879498482,0.0997876524925232,0.03,0.024,take_profit,1,0,38,2025-06-01
2025-06-27,6763,63.57752990722656,0.6447333259050654,1,0.02177288569509983,0.09953337907791138,0.02021769993007183,0.02488337643444538,0.03,0.024,take_profit,1,0,38,2025-06-01
2025-06-27,4729,18.200000762939453,0.644649385670044,1,0.03846147283911705,0.09890105575323105,0.03846147283911705,0.09890105575323105,0.03,0.024,gap_take_profit,1,0,38,2025-06-01
2025-06-27,3374,156.0,0.6432656445128937,0,0.0,0.0,-0.05448717996478081,-0.05448717996478081,-0.02,-0.026000000000000002,stop_loss,0,1,38,2025-06-01
2025-06-27,6191,85.69798278808594,0.6390729755462803,1,0.01128667127341032,0.04063202813267708,-0.03837474435567856,0.006771981716156006,-0.02,-0.026000000000000002,ambiguous_stop_loss,1,1,38,2025-06-01
2025-06-27,3491,370.5,0.6384026422260436,0,0.01079622097313404,0.01889338716864586,-0.03373819217085838,-0.03373819217085838,-0.02,-0.026000000000000002,stop_loss,0,1,38,2025-06-01
2025-06-27,3128,37.16268539428711,0.6363023501606903,1,0.021951239556074142,0.1000000536441803,0.0012195538729429245,0.1000000536441803,0.03,0.024,take_profit,1,0,38,2025-06-01
2025-06-27,6679,228.5,0.6347070529019606,0,0.030634572729468346,0.035010941326618195,-0.039387308061122894,-0.039387308061122894,0.03,0.024,gap_take_profit,1,1,38,2025-06-01
2025-06-27,2010,18.899999618530273,0.6344756843876886,0,-0.0026454622857272625,0.0026455633342266083,-0.005291025619953871,-0.005291025619953871,-0.005291025619953871,-0.011291025619953871,close,0,0,38,2025-06-01
2025-06-27,3624,30.200557708740234,0.6327488512713214,0,-0.007961752824485302,-0.006369359791278839,-0.011146478354930878,-0.011146478354930878,-0.011146478354930878,-0.017146478354930876,close,0,0,38,2025-06-01
2025-06-27,4953,96.54924774169922,0.6323103927983743,1,4.437618983388347e-08,0.014925418421626091,-0.008955195546150208,0.009950293228030205,0.009950293228030205,0.003950293228030205,close,0,0,38,2025-06-01
2025-06-27,8227,157.0,0.6310974974565374,1,0.01592356711626053,0.07961783558130264,0.01592356711626053,0.0541401281952858,0.03,0.024,take_profit,1,0,38,2025-06-01
2025-06-27,3207,71.4000015258789,0.6302905949252892,0,0.011204417794942856,0.011204417794942856,-0.028011204674839973,-0.008403339423239231,-0.02,-0.026000000000000002,stop_loss,0,1,38,2025-06-01
2025-06-27,8176,10.550000190734863,0.6293060406777665,0,0.02369668148458004,0.02369668148458004,-0.0047393543645739555,0.0,0.0,-0.006,close,0,0,38,2025-06-01
2025-06-27,1785,54.099998474121094,0.6292115253094228,1,0.0018484712345525622,0.018484288826584816,-0.0018484006868675351,0.0036968719214200974,0.0036968719214200974,-0.0023031280785799028,close,0,0,38,2025-06-01
2025-06-27,9940,25.200000762939453,0.6290518339741464,0,0.0,0.001984096597880125,-0.00595244113355875,-0.003968269098550081,-0.003968269098550081,-0.009968269098550081,close,0,0,38,2025-06-01
2025-06-27,4130,19.69704246520996,0.6289306515503787,0,-3.913716284387192e-08,-3.913716284387192e-08,-0.004950555041432381,-0.004950555041432381,-0.004950555041432381,-0.01095055504143238,close,0,0,38,2025-06-01
2025-06-27,2883,15.249984741210938,0.6289284056522367,0,-0.029507212340831757,1.000577299237193e-06,-0.032785918563604355,-0.019671162590384483,-0.029507212340831757,-0.035507212340831755,gap_stop,0,1,38,2025-06-01
2025-06-27,8936,53.5,0.6284554292860547,1,0.007476664148271084,0.014953256584703922,-0.001869130413979292,0.005607462488114834,0.005607462488114834,-0.0003925375118851663,close,0,0,38,2025-06-01
2025-06-30,3515,274.0,0.678442733700189,1,0.005474452394992113,0.09854014962911606,-0.0018248175038024783,0.09854014962911606,0.03,0.024,take_profit,1,0,38,2025-06-01
2025-06-30,3535,51.3299446105957,0.6239711094016507,1,0.05791512131690979,0.09845570474863052,5.855549289890405e-08,0.01930508017539978,0.03,0.024,gap_take_profit,1,0,38,2025-06-01
2025-06-30,3128,40.87895584106445,0.6167340888973655,0,0.049889132380485535,0.0676274523139,-0.03769398108124733,-0.021064329892396927,0.03,0.024,gap_take_profit,1,1,38,2025-06-01
2025-06-30,5498,11.149999618530273,0.5920029968048234,1,0.00896864477545023,0.09865474700927734,-0.013452881015837193,0.09865474700927734,0.03,0.024,take_profit,1,0,38,2025-06-01
2025-06-30,6742,59.268375396728516,0.5872757388778205,1,0.04026844725012779,0.04194627329707146,-0.011744950897991657,0.006711399648338556,0.03,0.024,gap_take_profit,1,0,38,2025-06-01
2025-06-30,4729,20.0,0.5764341909140852,0,-0.0024999617598950863,0.0,-0.05000000074505806,-0.05000000074505806,-0.02,-0.026000000000000002,stop_loss,0,1,38,2025-06-01
2025-06-30,5475,28.100000381469727,0.5729003031806937,1,-0.010676196776330471,0.09964410215616226,-0.016014261171221733,0.09964410215616226,0.03,0.024,take_profit,1,0,38,2025-06-01
2025-06-30,3052,13.199999809265137,0.5514231851690848,1,0.01136367954313755,0.053030289709568024,0.0075757866725325584,0.04924246668815613,0.03,0.024,take_profit,1,0,38,2025-06-01
2025-06-30,2308,413.0,0.5422957835018879,1,0.009685230441391468,0.04721549525856972,0.009685230441391468,0.036319613456726074,0.03,0.024,take_profit,1,0,38,2025-06-01
2025-06-30,6266,30.25,0.5408060150256935,0,-0.0016528673004359007,0.011570260860025883,-0.0016528673004359007,0.0,0.0,-0.006,close,0,0,38,2025-06-01
2025-06-30,3533,1311.68310546875,0.5394546324942977,1,0.01111112255603075,0.033333346247673035,0.003703715279698372,0.007407418917864561,0.03,0.024,take_profit,1,0,38,2025-06-01
2025-06-30,2637,54.20000076293945,0.5391730584448302,1,0.001844990300014615,0.023985225707292557,0.001844990300014615,0.007380031514912844,0.007380031514912844,0.0013800315149128436,close,0,0,38,2025-06-01
2025-06-30,5434,262.5144348144531,0.5383804894840104,1,0.0018496704287827015,0.04184747114777565,0.0018496704287827015,0.04184747114777565,0.03,0.024,take_profit,1,0,38,2025-06-01
2025-06-30,6186,60.099998474121094,0.5376977338799206,1,0.0,0.01663893461227417,-0.0016638681991025805,0.011647267267107964,0.011647267267107964,0.0056472672671079634,close,0,0,38,2025-06-01
2025-06-30,2891,41.4074592590332,0.5373507023468426,1,0.0011441182577982545,0.026315707713365555,-0.003432558150961995,0.00686494167894125,0.00686494167894125,0.0008649416789412497,close,0,0,38,2025-06-01
2025-06-30,6257,75.32506561279297,0.5372404815542579,1,-2.5829260952292543e-10,0.010088213719427586,-0.0075662811286747456,0.00882719922810793,0.00882719922810793,0.002827199228107929,close,0,0,38,2025-06-01
2025-06-30,3709,34.29999923706055,0.536097516866961,1,0.016034962609410286,0.04810500144958496,0.004373222589492798,0.02186588943004608,0.03,0.024,take_profit,1,0,38,2025-06-01
2025-06-30,6278,99.02608489990234,0.535907875012811,1,0.009615384042263031,0.024038461968302727,-3.6513880807831356e-10,0.014423076994717121,0.014423076994717121,0.008423076994717121,close,0,0,38,2025-06-01
2025-06-30,5483,88.40814971923828,0.5340577432007434,1,0.010952893644571304,0.03943042457103729,-0.0076670898124575615,0.013143440708518028,0.03,0.024,take_profit,1,0,38,2025-06-01
2025-06-30,2887,14.893505096435547,0.5335987488188231,0,0.0,0.012698400765657425,0.0,0.0,0.0,-0.006,close,0,0,38,2025-06-01
2025-07-01,3515,301.0,0.6559402774800173,0,-0.004983388818800449,0.016611294820904732,-0.048172757029533386,-0.03488372266292572,-0.02,-0.026000000000000002,stop_loss,0,1,39,2025-07-01
2025-07-01,3025,53.5,0.6258260709637044,0,0.016822459176182747,0.018691588193178177,-0.04859810322523117,-0.04859810322523117,-0.02,-0.026000000000000002,stop_loss,0,1,39,2025-07-01
2025-07-01,2462,21.6595516204834,0.6248996705528354,1,0.049107179045677185,0.09821434319019318,0.03571435809135437,0.07589291036128998,0.03,0.024,gap_take_profit,1,0,39,2025-07-01
2025-07-01,6923,84.57129669189453,0.6226346815651543,1,3.618416499762134e-08,0.0734463632106781,3.618416499762134e-08,0.028248624876141548,0.03,0.024,take_profit,1,0,39,2025-07-01
2025-07-01,5475,30.899999618530273,0.61936669374246,1,0.0,0.08414240926504135,-0.029126200824975967,0.035598717629909515,-0.02,-0.026000000000000002,ambiguous_stop_loss,1,1,39,2025-07-01
2025-07-01,3041,28.200000762939453,0.6161541982838609,0,0.010638270527124405,0.05496450886130333,-0.03368796780705452,-0.03368796780705452,-0.02,-0.026000000000000002,ambiguous_stop_loss,1,1,39,2025-07-01
2025-07-01,4121,14.300000190734863,0.613618581152613,0,0.0,0.003496516728773713,-0.003496516728773713,0.0,0.0,-0.006,close,0,0,39,2025-07-01
2025-07-01,3444,49.567543029785156,0.6130039894412516,0,0.015533968806266785,0.015533968806266785,-0.007767016533762217,-0.005825224332511425,-0.005825224332511425,-0.011825224332511425,close,0,0,39,2025-07-01
2025-07-01,1201,15.5,0.6116275003379686,1,0.009374952875077724,0.02187499962747097,0.006250001024454832,0.012500024400651455,0.012500024400651455,0.006500024400651455,close,0,0,39,2025-07-01
2025-07-01,3447,53.0,0.6078955029656701,1,0.07547169923782349,0.09245286136865616,0.032075487077236176,0.09245286136865616,0.03,0.024,gap_take_profit,1,0,39,2025-07-01
2025-07-01,6117,109.0,0.6066273551283952,0,-0.004587155766785145,-0.004587155766785145,-0.08256880939006805,-0.07798165082931519,-0.02,-0.026000000000000002,stop_loss,0,1,39,2025-07-01
2025-07-01,6130,42.75,0.6044363759853215,1,0.02923976629972458,0.06549705564975739,-0.023391813039779663,0.010526333935558796,-0.02,-0.026000000000000002,ambiguous_stop_loss,1,1,39,2025-07-01
2025-07-01,4543,25.639711380004883,0.6041061802201734,1,0.0018796849763020873,0.011278181336820126,0.0018796849763020873,0.011278181336820126,0.011278181336820126,0.0052781813368201255,close,0,0,39,2025-07-01
2025-07-01,1342,85.0999984741211,0.6030865690675389,1,0.0011750701814889908,0.0129259517416358,0.0011750701814889908,0.010575811378657818,0.010575811378657818,0.004575811378657818,close,0,0,39,2025-07-01
2025-07-01,1808,33.150001525878906,0.6008519746594122,1,-0.01055813767015934,0.04826541244983673,-0.030165910720825195,0.024132706224918365,-0.02,-0.026000000000000002,ambiguous_stop_loss,1,1,39,2025-07-01
2025-07-01,6112,55.79571533203125,0.6003494259490048,0,0.005319171119481325,0.05496454983949661,-0.017730461433529854,-0.007092189975082874,0.03,0.024,take_profit,1,0,39,2025-07-01
2025-07-01,6129,10.100000381469727,0.5974753365314821,1,0.0,0.014851447194814682,0.0,0.014851447194814682,0.014851447194814682,0.008851447194814682,close,0,0,39,2025-07-01
2025-07-01,4716,15.100000381469727,0.5968746005757174,1,0.009933749213814735,0.01655629090964794,-0.003311270847916603,0.006622478365898132,0.006622478365898132,0.0006224783658981322,close,0,0,39,2025-07-01
2025-07-01,3093,26.56999969482422,0.5945280500140795,1,0.016183678060770035,0.029356442391872406,0.008656362071633339,0.012420020066201687,0.012420020066201687,0.006420020066201687,close,0,0,39,2025-07-01
2025-07-01,3625,15.550000190734863,0.5936905391908672,1,0.0064308312721550465,0.09967846423387527,-0.03215434029698372,0.09967846423387527,-0.02,-0.026000000000000002,ambiguous_stop_loss,1,1,39,2025-07-01
2025-07-02,6625,106.5,0.6891201809599254,0,-0.004694835748523474,0.014084506779909134,-0.0422535203397274,-0.0422535203397274,-0.02,-0.026000000000000002,stop_loss,0,1,39,2025-07-01
2025-07-02,6470,47.599998474121094,0.6740592056001169,1,0.012605090625584126,0.027310989797115326,0.008403393439948559,0.008403393439948559,0.008403393439948559,0.0024033934399485587,close,0,0,39,2025-07-01
2025-07-02,3167,138.0,0.6676967180726959,0,0.018115941435098648,0.054347824305295944,-0.018115941435098648,-0.014492753893136978,0.03,0.024,take_profit,1,0,39,2025-07-01
2025-07-02,5864,11.826716423034668,0.6619824655014954,1,0.007575705647468567,0.01893937774002552,0.003787919180467725,0.011363647878170013,0.011363647878170013,0.005363647878170013,close,0,0,39,2025-07-01
2025-07-02,8059,37.79999923706055,0.6475801414709296,0,0.0026455633342266083,0.009259319864213467,-0.02777775749564171,-0.0026454622857272625,-0.02,-0.026000000000000002,stop_loss,0,1,39,2025-07-01
2025-07-02,8299,487.5,0.6446028361044446,1,0.011282050982117653,0.013333333656191826,0.003076923079788685,0.013333333656191826,0.013333333656191826,0.007333333656191826,close,0,0,39,2025-07-01
2025-07-02,2412,129.5,0.639726889435984,1,0.0038610037881881,0.011583011597394943,0.0,0.011583011597394943,0.011583011597394943,0.005583011597394943,close,0,0,39,2025-07-01
2025-07-02,8043,23.498552322387695,0.6382723367087096,1,0.03305775299668312,0.09917346388101578,0.03305775299668312,0.09917346388101578,0.03,0.024,gap_take_profit,1,0,39,2025-07-01
2025-07-02,3219,48.51496505737305,0.6359922506983198,0,0.06557377427816391,0.08401643484830856,-0.0020491578616201878,-0.0020491578616201878,0.03,0.024,gap_take_profit,1,0,39,2025-07-01
2025-07-02,6177,42.694976806640625,0.6346411053016876,1,2.1042371400881166e-08,0.011305302381515503,-0.0010277243563905358,0.0010277663823217154,0.0010277663823217154,-0.004972233617678285,close,0,0,39,2025-07-01
2025-07-02,8163,33.54999923706055,0.6340750507184947,1,0.005961274728178978,0.035767532885074615,0.005961274728178978,0.02682567946612835,0.03,0.024,take_profit,1,0,39,2025-07-01
2025-07-02,6472,677.6177368164062,0.6336103161613705,0,0.0036900262348353863,0.006150103639811277,-0.014760104939341545,-0.011070079170167446,-0.011070079170167446,-0.017070079170167445,close,0,0,39,2025-07-01
2025-07-02,6122,49.400001525878906,0.6335952881907513,0,-0.003036468056961894,0.0050607286393642426,-0.003036468056961894,0.0,0.0,-0.006,close,0,0,39,2025-07-01
2025-07-02,6196,180.4676513671875,0.6330008711264823,1,0.010723874904215336,0.018766770139336586,-0.0026809507980942726,0.018766770139336586,0.018766770139336586,0.012766770139336586,close,0,0,39,2025-07-01
2025-07-02,6284,68.1730728149414,0.6313199218246409,1,0.007052280940115452,0.02115665376186371,0.007052280940115452,0.02115665376186371,0.02115665376186371,0.015156653761863708,close,0,0,39,2025-07-01
2025-07-02,6291,84.0999984741211,0.6282333228680365,1,0.03210469335317612,0.03210469335317612,0.00475626066327095,0.020214086398482323,0.03,0.024,gap_take_profit,1,0,39,2025-07-01
2025-07-02,3402,94.95458984375,0.6268848334945716,1,0.010000010021030903,0.025000009685754776,9.54627576987832e-09,0.010000010021030903,0.010000010021030903,0.004000010021030903,close,0,0,39,2025-07-01
2025-07-02,2491,10.050000190734863,0.6242101168286888,1,0.0,0.004975143354386091,0.0,0.004975143354386091,0.004975143354386091,-0.001024856645613909,close,0,0,39,2025-07-01
2025-07-02,6841,67.69999694824219,0.6241735760681186,0,0.0014771950663998723,0.01329396665096283,-0.004431247245520353,-0.0014770823763683438,-0.0014770823763683438,-0.007477082376368344,close,0,0,39,2025-07-01
2025-07-02,1513,163.0,0.6232302004282665,1,0.00920245423913002,0.01840490847826004,0.0061349691823124886,0.015337423421442509,0.015337423421442509,0.009337423421442509,close,0,0,39,2025-07-01
2025-07-03,6155,21.806535720825195,0.7076566676146092,0,0.00877196341753006,0.00877196341753006,-0.013157861307263374,0.0,0.0,-0.006,close,0,0,39,2025-07-01
2025-07-03,1784,70.5,0.7039098985750193,0,0.0,0.0,-0.026950376108288765,-0.026950376108288765,-0.02,-0.026000000000000002,stop_loss,0,1,39,2025-07-01
2025-07-03,6805,794.8971557617188,0.703231019744848,0,0.012484370730817318,0.026217203587293625,-0.013732857070863247,-0.012484417296946049,-0.012484417296946049,-0.018484417296946047,close,0,0,39,2025-07-01
2025-07-03,5425,44.795249938964844,0.7007991095462508,0,0.011777246370911598,0.011777246370911598,-0.014989347197115421,-0.014989347197115421,-0.014989347197115421,-0.02098934719711542,close,0,0,39,2025-07-01
2025-07-03,6418,16.049999237060547,0.6998767181678714,1,0.006230553612112999,0.07165119051933289,-0.0031152174342423677,0.0031153361778706312,0.03,0.024,take_profit,1,0,39,2025-07-01
2025-07-03,6122,49.400001525878906,0.6938416708305147,0,-0.0010122074745595455,0.0020242605824023485,-0.0050607286393642426,-0.0010122074745595455,-0.0010122074745595455,-0.007012207474559546,close,0,0,39,2025-07-01
2025-07-03,8936,53.900001525878906,0.6937308236534818,0,0.0037105183582752943,0.012986956164240837,-0.005565918982028961,-0.005565918982028961,-0.005565918982028961,-0.011565918982028961,close,0,0,39,2025-07-01
2025-07-03,3011,11.399999618530273,0.6912789892555867,1,0.0,0.0964912623167038,0.0,0.0964912623167038,0.03,0.024,take_profit,1,0,39,2025-07-01
2025-07-03,9911,85.9000015258789,0.6900310085603337,0,0.0011641265591606498,0.003492379793897271,-0.0034924685023725033,-0.0023283420596271753,-0.0023283420596271753,-0.008328342059627175,close,0,0,39,2025-07-01
2025-07-03,5386,63.51378631591797,0.6857867020318783,0,0.028806472197175026,0.04252395033836365,-0.010973970405757427,-0.008230510167777538,0.03,0.024,take_profit,1,0,39,2025-07-01
2025-07-03,2890,22.831912994384766,0.68519423031258,1,0.00204083533026278,0.00612248107790947,-0.0020408108830451965,0.004081618040800095,0.004081618040800095,-0.0019183819591999055,close,0,0,39,2025-07-01
2025-07-03,2608,33.900001525878906,0.6851939195547074,0,0.0014749036636203527,0.0014749036636203527,-0.0073746307753026485,-0.0073746307753026485,-0.0073746307753026485,-0.013374630775302649,close,0,0,39,2025-07-01
2025-07-03,3313,14.300000190734863,0.6848744738910801,0,0.0,0.003496516728773713,-0.013986000791192055,-0.013986000791192055,-0.013986000791192055,-0.019986000791192053,close,0,0,39,2025-07-01
2025-07-03,6206,110.84444427490234,0.6832643976989579,0,0.004310364834964275,0.047413814812898636,-0.004310324788093567,-0.004310324788093567,0.03,0.024,take_profit,1,0,39,2025-07-01
2025-07-03,2367,24.399999618530273,0.6827456916024054,0,0.0020492272451519966,0.012295128777623177,-0.02049180306494236,-0.014344277791678905,-0.02,-0.026000000000000002,stop_loss,0,1,39,2025-07-01
2025-07-03,4952,40.349998474121094,0.6826262994375186,0,-0.0012391385389491916,-0.0012391385389491916,-0.019826499745249748,-0.007434925530105829,-0.007434925530105829,-0.01343492553010583,close,0,0,39,2025-07-01
2025-07-03,3209,35.541473388671875,0.6825958808815173,0,0.0013089511776342988,0.0013089511776342988,-0.022251298651099205,-0.022251298651099205,-0.02,-0.026000000000000002,stop_loss,0,1,39,2025-07-01
2025-07-03,3059,40.29999923706055,0.6820973011457026,0,0.009925596415996552,0.014888394623994827,-0.04838711768388748,-0.04590567201375961,-0.02,-0.026000000000000002,stop_loss,0,1,39,2025-07-01
2025-07-03,6218,20.25,0.6817782656700843,0,0.007407388649880886,0.014814777299761772,-0.012345679104328156,-0.012345679104328156,-0.012345679104328156,-0.018345679104328154,close,0,0,39,2025-07-01
2025-07-03,8390,59.11996841430664,0.6815847550084688,0,3.5964578870562036e-08,3.5964578870562036e-08,-0.019512172788381577,-0.008130045607686043,-0.008130045607686043,-0.014130045607686043,close,0,0,39,2025-07-01
2025-07-04,4991,143.0,0.7269386368138114,0,0.04895104840397835,0.04895104840397835,-0.0419580414891243,-0.0419580414891243,0.03,0.024,gap_take_profit,1,1,39,2025-07-01
2025-07-04,3413,295.0,0.6969928302102107,1,0.0016949152341112494,0.011864406988024712,-0.008474576286971569,0.011864406988024712,0.011864406988024712,0.0058644069880247115,close,0,0,39,2025-07-01
2025-07-04,2887,15.08262825012207,0.6951243792005424,1,1.2136472271606635e-08,0.015674052760004997,-0.0031347961630672216,0.006269569043070078,0.006269569043070078,0.00026956904307007777,close,0,0,39,2025-07-01
2025-07-04,4749,590.1865844726562,0.6917769279686614,0,0.008389316499233246,0.008389316499233246,-0.013422765769064426,-0.013422765769064426,-0.013422765769064426,-0.019422765769064425,close,0,0,39,2025-07-01
2025-07-04,2881,81.0,0.6914475161878686,1,0.003703741356730461,0.014814777299761772,-0.0012345490977168083,0.012345679104328156,0.012345679104328156,0.006345679104328155,close,0,0,39,2025-07-01
2025-07-04,2353,29.950000762939453,0.6902537967626992,1,0.005008334293961525,0.011686092242598534,-0.01335564348846674,0.0016694235382601619,0.0016694235382601619,-0.004330576461739838,close,0,0,39,2025-07-01
2025-07-04,2884,31.849130630493164,0.6895251320322142,1,-0.0014991974458098412,0.019490281119942665,-0.0014991974458098412,0.019490281119942665,0.019490281119942665,0.013490281119942665,close,0,0,39,2025-07-01
2025-07-04,8210,487.5,0.6864200275042375,1,0.00615384615957737,0.05846153944730759,0.0,0.02769230678677559,0.03,0.024,take_profit,1,0,39,2025-07-01
2025-07-04,5314,45.0,0.6841623838593645,1,0.00888892263174057,0.10000000149011612,0.0055555556900799274,0.10000000149011612,0.03,0.024,take_profit,1,0,39,2025-07-01
2025-07-04,9938,57.29999923706055,0.6787951019941724,0,-0.0017451740568503737,0.005235588643699884,-0.022687595337629318,-0.00698076281696558,-0.02,-0.026000000000000002,stop_loss,0,1,39,2025-07-01
2025-07-04,2883,14.899999618530273,0.6786568144636375,1,0.0,0.02348995953798294,0.0,0.02348995953798294,0.02348995953798294,0.017489959537982942,close,0,0,39,2025-07-01
2025-07-04,3073,48.5,0.6784580988449161,0,0.0,0.005154639016836882,-0.03505156189203262,-0.025773195549845695,-0.02,-0.026000000000000002,stop_loss,0,1,39,2025-07-01
2025-07-04,2504,38.5,0.6771309205063283,1,0.0,0.01818183809518814,-0.0038961435202509165,0.007792187854647636,0.007792187854647636,0.0017921878546476363,close,0,0,39,2025-07-01
2025-07-04,2885,30.825241088867188,0.6754840321397534,0,0.0015748728765174747,0.006299244239926338,-0.01102361548691988,-0.00787399336695671,-0.00787399336695671,-0.013873993366956711,close,0,0,39,2025-07-01
2025-07-04,6605,181.6165771484375,0.6751235251790203,1,0.007874039933085442,0.02099739946424961,-0.002624647691845894,0.018372727558016777,0.018372727558016777,0.012372727558016777,close,0,0,39,2025-07-01
2025-07-04,2892,27.91634178161621,0.6745292706203774,1,-8.591632294496776e-09,0.006768174469470978,-0.0033841002732515335,0.001692037214525044,0.001692037214525044,-0.004307962785474956,close,0,0,39,2025-07-01
2025-07-04,2845,13.0,0.6741949088387744,1,0.0,0.01538460049778223,0.0,0.0076923370361328125,0.0076923370361328125,0.0016923370361328124,close,0,0,39,2025-07-01
2025-07-04,8016,205.0,0.6733880679633268,1,0.002439024392515421,0.012195121496915817,-0.009756097570061684,0.009756097570061684,0.009756097570061684,0.0037560975700616835,close,0,0,39,2025-07-01
2025-07-04,4755,112.5,0.6732294484872272,0,0.008888889104127884,0.017777778208255768,-0.008888889104127884,0.0,0.0,-0.006,close,0,0,39,2025-07-01
2025-07-04,3402,94.00504302978516,0.6722034255083276,1,-0.009090879932045937,0.009090970270335674,-0.009090879932045937,0.005050550680607557,0.005050550680607557,-0.0009494493193924428,close,0,0,39,2025-07-01
2025-07-07,3128,45.50162887573242,0.6194993728942916,0,0.03784862533211708,0.05179285630583763,-0.03187254071235657,-0.03187254071235657,0.03,0.024,gap_take_profit,1,1,39,2025-07-01
2025-07-07,3543,22.149999618530273,0.6002427608233205,1,0.03837473690509796,0.0993228331208229,0.029345355927944183,0.0993228331208229,0.03,0.024,gap_take_profit,1,0,39,2025-07-01
2025-07-07,5245,29.049999237060547,0.5842798054443343,0,-0.03270220011472702,-0.018932849168777466,-0.07745266705751419,-0.07745266705751419,-0.03270220011472702,-0.03870220011472702,gap_stop,0,1,39,2025-07-01
2025-07-07,3219,51.39802551269531,0.584253529797074,0,-0.009671131148934364,0.09864605963230133,-0.011605411767959595,-0.005802644416689873,0.03,0.024,take_profit,1,0,39,2025-07-01
2025-07-07,1727,25.110092163085938,0.5681237646674692,0,-0.02549014240503311,-0.003921544179320335,-0.047058816999197006,-0.017647050321102142,-0.02549014240503311,-0.03149014240503311,gap_stop,0,1,39,2025-07-01
2025-07-07,2889,14.96481990814209,0.5432183483304445,1,0.09872620552778244,0.09872620552778244,0.09872620552778244,0.09872620552778244,0.03,0.024,gap_take_profit,1,0,39,2025-07-01
2025-07-07,4729,22.950000762939453,0.5382877774603583,0,0.006535931024700403,0.02832242287695408,-0.056644927710294724,-0.056644927710294724,-0.02,-0.026000000000000002,stop_loss,0,1,39,2025-07-01
2025-07-07,8043,27.43115997314453,0.5304319628621603,0,-0.02300886996090412,0.058407027274370193,-0.02300886996090412,-0.005309756379574537,-0.02300886996090412,-0.02900886996090412,gap_stop,1,1,39,2025-07-01
2025-07-07,6465,18.25,0.5292467116293927,0,-0.04383557289838791,-0.04109589010477066,-0.08493146300315857,-0.08493146300315857,-0.04383557289838791,-0.04983557289838791,gap_stop,0,1,39,2025-07-01
2025-07-07,3011,13.75,0.5279722262737722,0,0.0181818176060915,0.021818196401000023,-0.050909075886011124,-0.04000001400709152,-0.02,-0.026000000000000002,stop_loss,0,1,39,2025-07-01
2025-07-07,4971,140.5,0.5110333303157963,1,0.0035587188322097063,0.03202847018837929,-0.024911031126976013,0.010676156729459763,-0.02,-0.026000000000000002,ambiguous_stop_loss,1,1,39,2025-07-01
2025-07-07,1210,62.1817512512207,0.4977487201570579,0,0.0046012550592422485,0.006134973838925362,-0.02914108894765377,-0.024539873003959656,-0.02,-0.026000000000000002,stop_loss,0,1,39,2025-07-01
2025-07-07,4147,87.5,0.49638985448698886,0,0.0,0.004571446217596531,-0.022857142612338066,-0.01028573140501976,-0.02,-0.026000000000000002,stop_loss,0,1,39,2025-07-01
2025-07-07,2308,450.0,0.4943171880383911,1,0.0,0.011111111380159855,-0.007777777966111898,0.0033333334140479565,0.0033333334140479565,-0.0026666665859520437,close,0,0,39,2025-07-01
2025-07-07,5314,49.5,0.4923205181234858,1,0.010101010091602802,0.09494951367378235,0.003030333900824189,0.07272724062204361,0.03,0.024,take_profit,1,0,39,2025-07-01
2025-07-07,6584,178.0,0.4892669988569581,1,0.0,0.04494382068514824,-0.016853932291269302,0.04494382068514824,0.03,0.024,take_profit,1,0,39,2025-07-01
2025-07-07,6776,60.0,0.48778214841542983,0,-0.008333333767950535,-0.008333333767950535,-0.02833334542810917,-0.02000001259148121,-0.02,-0.026000000000000002,stop_loss,0,1,39,2025-07-01
2025-07-07,4903,22.700000762939453,0.47954293555499405,0,-0.008810605853796005,-0.006607996299862862,-0.02863442711532116,-0.019823821261525154,-0.02,-0.026000000000000002,stop_loss,0,1,39,2025-07-01
2025-07-07,6670,283.0,0.47809237384525616,0,0.0,0.0017667844658717513,-0.03356890380382538,-0.030035335570573807,-0.02,-0.026000000000000002,stop_loss,0,1,39,2025-07-01
2025-07-07,4130,18.77069664001465,0.47766936991609993,0,5.0784901617362266e-08,5.0784901617362266e-08,-0.02857144922018051,-0.012986966408789158,-0.02,-0.026000000000000002,stop_loss,0,1,39,2025-07-01
2025-07-08,2889,16.44223976135254,0.7512382220146315,0,-0.017391471192240715,-0.005797173362225294,-0.09855081886053085,-0.08695663511753082,-0.02,-0.026000000000000002,stop_loss,0,1,39,2025-07-01
2025-07-08,1319,93.69999694824219,0.6995793055392435,1,0.0,0.017075838521122932,-0.0064033991657197475,0.007470699958503246,0.007470699958503246,0.0014706999585032462,close,0,0,39,2025-07-01
2025-07-08,5234,245.5,0.6991057350538632,1,0.006109979469329119,0.028513237833976746,-0.006109979469329119,0.020366597920656204,0.020366597920656204,0.014366597920656204,close,0,0,39,2025-07-01
2025-07-08,4162,67.56922912597656,0.6952738263682835,1,0.016393505036830902,0.016393505036830902,-0.001366099575534463,0.010929003357887268,0.010929003357887268,0.004929003357887268,close,0,0,39,2025-07-01
2025-07-08,6469,126.12113189697266,0.6910460848067348,1,0.0,0.010526316240429878,-0.003508751979097724,0.007017564494162798,0.007017564494162798,0.0010175644941627978,close,0,0,39,2025-07-01
2025-07-08,4561,39.6523551940918,0.6890195500603608,1,3.1826786539568275e-08,0.015950990840792656,-0.002453918568789959,0.007361976429820061,0.007361976429820061,0.0013619764298200606,close,0,0,39,2025-07-01
2025-07-08,4956,23.950000762939453,0.6868174714379364,1,0.010438413359224796,0.0229644775390625,-0.0041753812693059444,0.006263032089918852,0.006263032089918852,0.00026303208991885173,close,0,0,39,2025-07-01
2025-07-08,3543,24.350000381469727,0.685299295750005,1,0.026694029569625854,0.06776179373264313,0.006160148419439793,0.04928126558661461,0.03,0.024,take_profit,1,0,39,2025-07-01
2025-07-08,3027,29.549999237060547,0.6849337196211565,1,0.008460236713290215,0.0456852950155735,0.00507619371637702,0.04060916230082512,0.03,0.024,take_profit,1,0,39,2025-07-01
2025-07-08,1536,53.400001525878906,0.6849096601650344,1,0.0,0.014981258660554886,0.0,0.00749059347435832,0.00749059347435832,0.0014905934743583201,close,0,0,39,2025-07-01
2025-07-08,8222,47.349998474121094,0.6840153375360788,0,0.01144639402627945,0.01144639402627945,0.0,0.0,0.0,-0.006,close,0,0,39,2025-07-01
2025-07-08,6186,59.70000076293945,0.6814909450500704,1,0.010050226002931595,0.010050226002931595,-0.0016750801587477326,0.005025113001465797,0.005025113001465797,-0.0009748869985342027,close,0,0,39,2025-07-01
2025-07-08,6609,39.81098175048828,0.6799708421307141,0,0.020961819216609,0.020961819216609,-0.012330468744039536,-0.008631294593214989,-0.008631294593214989,-0.014631294593214989,close,0,0,39,2025-07-01
2025-07-08,4749,565.4304809570312,0.6799126672416483,1,0.010507874190807343,0.07180384546518326,0.010507874190807343,0.06479859352111816,0.03,0.024,take_profit,1,0,39,2025-07-01
2025-07-08,3264,75.5,0.6781977290848091,1,0.003973550163209438,0.026490066200494766,0.0,0.025165583938360214,0.025165583938360214,0.019165583938360216,close,0,0,39,2025-07-01
2025-07-08,1210,60.655818939208984,0.6781003441995125,0,0.007861635647714138,0.012578664347529411,-0.00628927256911993,0.0,0.0,-0.006,close,0,0,39,2025-07-01
2025-07-08,8112,42.79999923706055,0.67800651035897,1,-0.00817753467708826,0.021028073504567146,-0.00817753467708826,0.003504708642140031,0.003504708642140031,-0.0024952913578599693,close,0,0,39,2025-07-01
2025-07-08,4974,78.19999694824219,0.677649222504218,1,-0.00127875292673707,0.012787723913788795,-0.00255750585347414,0.0038363563362509012,0.0038363563362509012,-0.002163643663749099,close,0,0,39,2025-07-01
2025-07-08,2371,36.25,0.6775896486055808,0,-0.006896551698446274,-0.0027585786301642656,-0.019310366362333298,-0.015172393061220646,-0.015172393061220646,-0.021172393061220644,close,0,0,39,2025-07-01
2025-07-08,2614,15.713301658630371,0.6774634561169732,0,0.02779160998761654,0.030973700806498528,-0.010392562486231327,-0.0008465343271382153,0.03,0.024,take_profit,1,0,39,2025-07-01
2025-07-09,3045,106.5,0.7270649591574765,1,0.004694835748523474,0.014084506779909134,0.0,0.004694835748523474,0.004694835748523474,-0.0013051642514765264,close,0,0,39,2025-07-01
2025-07-09,6609,39.46736145019531,0.7133391338721811,1,0.012437835335731506,0.017412979155778885,2.470626547790289e-08,0.007462692447006702,0.007462692447006702,0.0014626924470067023,close,0,0,39,2025-07-01
2025-07-09,4904,80.69999694824219,0.710978100975731,1,0.016109084710478783,0.029739797115325928,0.012391573749482632,0.021065732464194298,0.021065732464194298,0.015065732464194298,close,0,0,39,2025-07-01
2025-07-09,4121,13.850000381469727,0.7037099425644757,1,0.0,0.010830297134816647,0.0,0.003610053099691868,0.003610053099691868,-0.0023899469003081323,close,0,0,39,2025-07-01
2025-07-09,6143,109.5,0.7012290171326931,0,0.0,0.004566209856420755,-0.00913241971284151,-0.004566209856420755,-0.004566209856420755,-0.010566209856420756,close,0,0,39,2025-07-01
2025-07-09,4540,35.29999923706055,0.6976356350945865,1,0.04107651114463806,0.04390932619571686,0.007082153111696243,0.018413640558719635,0.03,0.024,gap_take_profit,1,0,39,2025-07-01
2025-07-09,8222,47.349998474121094,0.6959496194126066,0,0.004223881289362907,0.014783543534576893,-0.011615612544119358,-0.011615612544119358,-0.011615612544119358,-0.017615612544119356,close,0,0,39,2025-07-01
2025-07-09,6219,19.571428298950195,0.6945552344403485,1,0.031630147248506546,0.06326029449701309,0.0097323227673769,0.02919706702232361,0.03,0.024,gap_take_profit,1,0,39,2025-07-01
2025-07-09,3038,22.049999237060547,0.6918088348743946,0,0.009070329368114471,0.009070329368114471,-0.004535078536719084,0.0,0.0,-0.006,close,0,0,39,2025-07-01
2025-07-09,4974,78.5,0.6907180305773122,1,0.0,0.012738853693008423,0.0,0.0012738659279420972,0.0012738659279420972,-0.004726134072057903,close,0,0,39,2025-07-01
2025-07-09,2312,18.700000762939453,0.6902824847009253,0,-0.00802147202193737,-0.002673857845366001,-0.02941182442009449,-0.026737967506051064,-0.02,-0.026000000000000002,stop_loss,0,1,39,2025-07-01
2025-07-09,2458,120.0,0.6887436689780391,1,0.004166666883975267,0.01666666753590107,0.004166666883975267,0.012500000186264515,0.012500000186264515,0.006500000186264515,close,0,0,39,2025-07-01
2025-07-09,8096,41.34880065917969,0.6881321120610735,1,0.00358425616286695,0.02986856922507286,0.00358425616286695,0.0047789812088012695,0.0047789812088012695,-0.0012210187911987306,close,0,0,39,2025-07-01
2025-07-09,8454,245.7142791748047,0.6868195958635879,0,-0.007751908618956804,-0.0019379460718482733,-0.01162786316126585,-0.005813900381326675,-0.005813900381326675,-0.011813900381326676,close,0,0,39,2025-07-01
2025-07-09,1342,82.5,0.6867092854349314,1,0.0,0.010909109376370907,-0.0012121027102693915,0.00727270869538188,0.00727270869538188,0.0012727086953818797,close,0,0,39,2025-07-01
2025-07-09,3708,78.4000015258789,0.6850583507844581,1,0.0994897335767746,0.0994897335767746,0.015306083485484123,0.0994897335767746,0.03,0.024,gap_take_profit,1,0,39,2025-07-01
2025-07-09,4541,41.400001525878906,0.683839257467362,1,0.003623133059591055,0.020531363785266876,0.002415421884506941,0.004830843769013882,0.004830843769013882,-0.0011691562309861184,close,0,0,39,2025-07-01
2025-07-09,3026,77.30000305175781,0.683790370556228,1,-0.002587381284683943,0.0025872825644910336,-0.0038810225669294596,0.0025872825644910336,0.0025872825644910336,-0.0034127174355089666,close,0,0,39,2025-07-01
2025-07-09,2027,32.251644134521484,0.6832176872541774,1,-0.0014991449424996972,0.010494905523955822,-0.010494625195860863,0.001499424921348691,0.001499424921348691,-0.004500575078651309,close,0,0,39,2025-07-01
2025-07-09,6456,40.400001525878906,0.6828269700787067,0,0.0,0.011138537898659706,-0.0037129088304936886,-0.0012376992963254452,-0.0012376992963254452,-0.007237699296325445,close,0,0,39,2025-07-01
2025-07-10,3543,28.100000381469727,0.6634251686743894,1,0.014234861359000206,0.06405691057443619,-0.012455529533326626,0.0071173966862261295,0.03,0.024,take_profit,1,0,39,2025-07-01
2025-07-10,3708,86.19999694824219,0.659776715083715,1,0.005800464190542698,0.0904872789978981,0.0034803140442818403,0.04756387695670128,0.03,0.024,take_profit,1,0,39,2025-07-01
2025-07-10,8358,67.85932922363281,0.6557240017036005,1,0.033285222947597504,0.07814772427082062,0.021707752719521523,0.05065131559967995,0.03,0.024,gap_take_profit,1,0,39,2025-07-01
2025-07-10,8074,22.850000381469727,0.6456033301062255,1,0.0787745788693428,0.09846826642751694,0.059080976992845535,0.06783366203308105,0.03,0.024,gap_take_profit,1,0,39,2025-07-01
2025-07-10,3555,33.75,0.6276915293881289,1,0.0014814588939771056,0.09925921261310577,0.0,0.09925921261310577,0.03,0.024,take_profit,1,0,39,2025-07-01
2025-07-10,4991,156.5,0.621264039188635,0,-0.00319488812237978,0.01277955248951912,-0.03833865746855736,-0.022364217787981033,-0.02,-0.026000000000000002,stop_loss,0,1,39,2025-07-01
2025-07-10,4903,25.100000381469727,0.6186967711451551,1,0.09960158914327621,0.09960158914327621,0.04581671580672264,0.09960158914327621,0.03,0.024,gap_take_profit,1,0,39,2025-07-01
2025-07-10,6698,30.649999618530273,0.6131108707768619,1,0.021207164973020554,0.07667211443185806,0.006525310222059488,0.013050558976829052,0.03,0.024,take_profit,1,0,39,2025-07-01
2025-07-10,5475,31.049999237060547,0.6076125817674073,0,0.006441248580813408,0.03542680665850639,-0.03220611810684204,-0.030595777556300163,-0.02,-0.026000000000000002,ambiguous_stop_loss,1,1,39,2025-07-01
2025-07-10,3709,37.849998474121094,0.6031890622397066,0,0.003963052295148373,0.025099096819758415,-0.01717299222946167,-0.01717299222946167,-0.01717299222946167,-0.02317299222946167,close,0,0,39,2025-07-01
2025-07-10,3680,320.0,0.5982069416810653,1,0.01406249962747097,0.07656250149011612,0.0031250000465661287,0.05937499925494194,0.03,0.024,take_profit,1,0,39,2025-07-01
2025-07-10,4561,39.50639343261719,0.5972901977189953,1,-1.2126765369657733e-08,0.09482762962579727,-1.2126765369657733e-08,0.0837438702583313,0.03,0.024,take_profit,1,0,39,2025-07-01
2025-07-10,6861,50.599998474121094,0.5968614540487063,1,0.03162059932947159,0.05928853899240494,-0.003952508792281151,0.0474308617413044,0.03,0.024,gap_take_profit,1,0,39,2025-07-01
2025-07-10,5426,23.324949264526367,0.5952068126724405,1,0.021008381620049477,0.03991597890853882,-0.004201637580990791,0.006302563939243555,0.03,0.024,take_profit,1,0,39,2025-07-01
2025-07-10,6944,472.0,0.5949192821899838,1,0.0021186440717428923,0.027542373165488243,-0.0021186440717428923,0.010593220591545105,0.010593220591545105,0.004593220591545105,close,0,0,39,2025-07-01
2025-07-10,5519,28.450000762939453,0.593524302872808,1,-0.0017575094243511558,0.01933213509619236,-0.005272461101412773,0.014059740118682384,0.014059740118682384,0.008059740118682384,close,0,0,39,2025-07-01
2025-07-10,8222,46.79999923706055,0.5931149817052147,1,0.005341880489140749,0.02564104273915291,0.0010683598229661584,0.008547041565179825,0.008547041565179825,0.0025470415651798247,close,0,0,39,2025-07-01
2025-07-10,6244,16.909725189208984,0.5930891179467519,1,0.008695668540894985,0.0695653036236763,3.852922247915558e-08,0.0637681782245636,0.03,0.024,take_profit,1,0,39,2025-07-01
2025-07-10,1536,53.0,0.592521320584092,1,0.0,0.02641512267291546,0.0,0.015094324946403503,0.015094324946403503,0.009094324946403503,close,0,0,39,2025-07-01
2025-07-10,8390,59.11996841430664,0.5914486217335192,1,0.0032520389650017023,0.019512200728058815,-0.0032520508393645287,0.013008112087845802,0.013008112087845802,0.007008112087845802,close,0,0,39,2025-07-01
2025-07-11,3555,37.099998474121094,0.6548497117206717,1,0.010781712830066681,0.05121298134326935,-0.029649555683135986,0.006738544907420874,-0.02,-0.026000000000000002,ambiguous_stop_loss,1,1,39,2025-07-01
2025-07-11,3535,60.34737014770508,0.6532749524857594,1,0.018062395974993706,0.04926110804080963,0.0016420354368165135,0.04926110804080963,0.03,0.024,take_profit,1,0,39,2025-07-01
2025-07-11,6196,204.0,0.6443644454751457,0,-0.0049019609577953815,0.009803921915590763,-0.02450980432331562,-0.022058824077248573,-0.02,-0.026000000000000002,stop_loss,0,1,39,2025-07-01
2025-07-11,6806,83.3827133178711,0.6305139647045954,1,0.010575847700238228,0.09165695309638977,0.010575847700238228,0.05757937580347061,0.03,0.024,take_profit,1,0,39,2025-07-01
2025-07-11,3712,47.824764251708984,0.6262343963977234,0,0.023668630048632622,0.043392494320869446,-0.003944811411201954,-0.003944811411201954,0.03,0.024,take_profit,1,0,39,2025-07-01
2025-07-11,6461,19.149999618530273,0.6016406264532991,1,0.09921669214963913,0.09921669214963913,0.06005220115184784,0.09660576283931732,0.03,0.024,gap_take_profit,1,0,39,2025-07-01
2025-07-11,2462,23.496746063232422,0.5984489406420938,0,0.02057606726884842,0.032921794801950455,-0.045267488807439804,-0.045267488807439804,-0.02,-0.026000000000000002,ambiguous_stop_loss,1,1,39,2025-07-01
2025-07-11,5314,64.30000305175781,0.5922294583168514,1,0.0108864214271307,0.0995333343744278,-0.004665676970034838,0.0995333343744278,0.03,0.024,take_profit,1,0,39,2025-07-01
2025-07-11,2349,11.0,0.5908131027019352,1,0.0318182148039341,0.09090909361839294,0.0045454720966517925,0.018181800842285156,0.03,0.024,gap_take_profit,1,0,39,2025-07-01
2025-07-11,6695,46.099998474121094,0.5786298014072987,0,0.017353646457195282,0.03904562070965767,-0.02386113815009594,-0.02386113815009594,-0.02,-0.026000000000000002,ambiguous_stop_loss,1,1,39,2025-07-01
2025-07-11,1449,13.199999809265137,0.5719461420828772,1,0.02272728830575943,0.09848486632108688,0.02272728830575943,0.030303074046969414,0.03,0.024,take_profit,1,0,39,2025-07-01
2025-07-11,3289,121.53401184082031,0.5693895808468795,0,-0.0040816194377839565,0.024489808827638626,-0.024489782750606537,-0.0040816194377839565,-0.02,-0.026000000000000002,stop_loss,0,1,39,2025-07-01
2025-07-11,6667,243.0,0.5661137716401308,1,0.008230452425777912,0.07407407462596893,0.0,0.010288066230714321,0.03,0.024,take_profit,1,0,39,2025-07-01
2025-07-11,3498,41.099998474121094,0.560403453361259,0,0.036496352404356,0.0948905497789383,-0.026763953268527985,-0.026763953268527985,0.03,0.024,gap_take_profit,1,1,39,2025-07-01
2025-07-11,6290,108.5,0.5537406483534084,0,0.02304147556424141,0.04147465527057648,-0.032258063554763794,-0.032258063554763794,-0.02,-0.026000000000000002,ambiguous_stop_loss,1,1,39,2025-07-01
2025-07-11,6706,67.0999984741211,0.553715989047207,0,0.02682567946612835,0.035767532885074615,-0.025335274636745453,-0.022354694083333015,-0.02,-0.026000000000000002,ambiguous_stop_loss,1,1,39,2025-07-01
2025-07-11,5272,22.700000762939453,0.5523475094308977,0,0.0,0.015418434515595436,-0.0264317337423563,-0.015418518334627151,-0.02,-0.026000000000000002,stop_loss,0,1,39,2025-07-01
2025-07-11,4903,27.600000381469727,0.54956158804169,0,-0.021739143878221512,-0.021739143878221512,-0.0525362603366375,-0.0525362603366375,-0.021739143878221512,-0.02773914387822151,gap_stop,0,1,39,2025-07-01
2025-07-11,1595,36.5,0.5476836799984641,1,0.02054794505238533,0.1000000387430191,0.02054794505238533,0.1000000387430191,0.03,0.024,take_profit,1,0,39,2025-07-01
2025-07-11,2646,26.0,0.5475722627654779,1,0.0019230475882068276,0.011538431979715824,0.0,0.0076923370361328125,0.0076923370361328125,0.0016923370361328124,close,0,0,39,2025-07-01
2025-07-14,5278,41.29999923706055,0.656278859442345,1,0.02542371116578579,0.0992736667394638,0.004842633381485939,0.0992736667394638,0.03,0.024,take_profit,1,0,39,2025-07-01
2025-07-14,5314,70.69999694824219,0.6360327523925897,0,0.005657730624079704,0.022630922496318817,-0.05374816805124283,-0.028288545086979866,-0.02,-0.026000000000000002,stop_loss,0,1,39,2025-07-01
2025-07-14,6698,34.150001525878906,0.6294178147685331,1,0.024890145286917686,0.04538796842098236,-0.043923862278461456,0.023426037281751633,-0.02,-0.026000000000000002,ambiguous_stop_loss,1,1,39,2025-07-01
2025-07-14,3708,99.30000305175781,0.6178749995703926,1,0.01711980812251568,0.04733128845691681,-0.03726087138056755,0.0050352467224001884,-0.02,-0.026000000000000002,ambiguous_stop_loss,1,1,39,2025-07-01
2025-07-14,1595,40.150001525878906,0.6053831597006247,1,0.01618923246860504,0.036114491522312164,-0.017434637993574142,0.018679950386285782,0.03,0.024,take_profit,1,0,39,2025-07-01
2025-07-14,6788,261.5,0.6002109125223888,1,0.009560229256749153,0.05927342176437378,0.005736137740314007,0.047801148146390915,0.03,0.024,take_profit,1,0,39,2025-07-01
2025-07-14,5434,280.0,0.5881432672706609,1,0.0,0.02321428619325161,0.0,0.012500000186264515,0.012500000186264515,0.006500000186264515,close,0,0,39,2025-07-01
2025-07-14,6669,2465.0,0.5881357842569425,1,0.0020283975172787905,0.02434077113866806,-0.004056795034557581,0.02231237292289734,0.02231237292289734,0.01631237292289734,close,0,0,39,2025-07-01
2025-07-14,7734,939.7648315429688,0.5864598823467139,1,0.004149428568780422,0.024896282702684402,-0.008298734202980995,0.012448182329535484,0.012448182329535484,0.006448182329535484,close,0,0,39,2025-07-01
2025-07-14,8105,14.300000190734863,0.5734102156957521,0,0.0,0.017482517287135124,-0.03496503457427025,-0.013986000791192055,-0.02,-0.026000000000000002,stop_loss,0,1,39,2025-07-01
2025-07-14,2376,266.7123718261719,0.5721491285400819,1,0.0018083762843161821,0.03797474503517151,5.791695656398588e-08,0.025316515937447548,0.03,0.024,take_profit,1,0,39,2025-07-01
2025-07-14,3052,13.149999618530273,0.5719725165883887,1,0.011406888253986835,0.01901140809059143,0.003802296007052064,0.015209184028208256,0.015209184028208256,0.009209184028208256,close,0,0,39,2025-07-01
2025-07-14,1102,38.083499908447266,0.570726168051959,1,0.001240606652572751,0.014888324774801731,-6.915873740354073e-08,0.008684850297868252,0.008684850297868252,0.0026848502978682517,close,0,0,39,2025-07-01
2025-07-14,2404,695.0772094726562,0.5668034056400885,1,0.002766313496977091,0.02904570661485195,0.0013831874821335077,0.024896329268813133,0.024896329268813133,0.018896329268813135,close,0,0,39,2025-07-01
2025-07-14,4755,111.0,0.565274774734562,1,0.0,0.027027027681469917,0.0,0.022522522136569023,0.022522522136569023,0.016522522136569025,close,0,0,39,2025-07-01
2025-07-14,6196,199.5,0.5647747184001034,1,0.01002506259828806,0.017543859779834747,-0.007518797181546688,0.00501253129914403,0.00501253129914403,-0.0009874687008559705,close,0,0,39,2025-07-01
2025-07-14,2308,473.0,0.5617806970332678,1,0.021141648292541504,0.04862579330801964,0.014799154363572598,0.04439746215939522,0.03,0.024,take_profit,1,0,39,2025-07-01
2025-07-14,9802,107.0,0.5616690181465261,0,0.0,0.014018691144883633,-0.018691588193178177,-0.004672897048294544,-0.004672897048294544,-0.010672897048294544,close,0,0,39,2025-07-01
2025-07-14,1784,66.5,0.5588229926616247,1,0.019548917189240456,0.021052654832601547,0.0,0.006015060469508171,0.006015060469508171,1.5060469508170957e-05,close,0,0,39,2025-07-01
2025-07-14,1402,30.749998092651367,0.5586256153407962,0,-0.006504028104245663,-0.00487797474488616,-0.055284518748521805,-0.05040641874074936,-0.02,-0.026000000000000002,stop_loss,0,1,39,2025-07-01
2025-07-15,3189,99.19999694824219,0.6540168874231035,1,0.013104869984090328,0.06350810080766678,-0.008064470253884792,0.033266160637140274,0.03,0.024,take_profit,1,0,39,2025-07-01
2025-07-15,1815,41.599998474121094,0.6391298391836241,1,0.027644269168376923,0.09375003725290298,0.010817326605319977,0.0697115808725357,0.03,0.024,take_profit,1,0,39,2025-07-01
2025-07-15,8046,157.5,0.6237656506496126,1,0.02222222276031971,0.09841269999742508,0.01587301678955555,0.09841269999742508,0.03,0.024,take_profit,1,0,39,2025-07-01
2025-07-15,3037,132.0,0.6210712804045843,1,0.011363636702299118,0.07196969538927078,-0.01515151560306549,0.02651515230536461,0.03,0.024,take_profit,1,0,39,2025-07-01
2025-07-15,6130,42.150001525878906,0.6021546601455534,0,-0.015421150252223015,0.0,-0.04863589629530907,-0.023724790662527084,-0.02,-0.026000000000000002,stop_loss,0,1,39,2025-07-01
2025-07-15,5278,45.400001525878906,0.5978569933188763,0,0.007709217257797718,0.04845808073878288,-0.049559470266103745,-0.03634364530444145,-0.02,-0.026000000000000002,ambiguous_stop_loss,1,1,39,2025-07-01
2025-07-15,6530,56.20000076293945,0.5963984256098557,1,0.012455529533326626,0.06227757781744003,-0.02135232649743557,0.017793593928217888,-0.02,-0.026000000000000002,ambiguous_stop_loss,1,1,39,2025-07-01
2025-07-15,6153,14.399999618530273,0.5956590727318717,0,0.027777818962931633,0.03125005215406418,-0.041666626930236816,-0.0347222238779068,-0.02,-0.026000000000000002,ambiguous_stop_loss,1,1,39,2025-07-01
2025-07-15,2455,139.0,0.5849265843370189,0,0.010791366919875145,0.017985612154006958,-0.035971224308013916,-0.032374098896980286,-0.02,-0.026000000000000002,stop_loss,0,1,39,2025-07-01
2025-07-15,2465,64.69999694824219,0.5827484795288967,0,0.09582696855068207,0.09582696855068207,-0.03245747461915016,-0.027820641174912453,0.03,0.024,gap_take_profit,1,1,39,2025-07-01
2025-07-15,6781,1125.0,0.5555277899425363,0,0.0,0.008888889104127884,-0.09333333373069763,-0.08888889104127884,-0.02,-0.026000000000000002,stop_loss,0,1,39,2025-07-01
2025-07-15,2801,19.0563907623291,0.5409335684463308,1,0.002433080691844225,0.007299242541193962,-0.007299242541193962,0.002433080691844225,0.002433080691844225,-0.003566919308155775,close,0,0,39,2025-07-01
2025-07-15,6456,44.099998474121094,0.5406659075303419,0,0.009070329368114471,0.019274428486824036,-0.026077046990394592,-0.022675737738609314,-0.02,-0.026000000000000002,stop_loss,0,1,39,2025-07-01
2025-07-15,6156,27.654870986938477,0.5394900803474623,0,-0.0017361057689413428,0.012152769602835178,-0.010416661389172077,-0.0017361057689413428,-0.0017361057689413428,-0.007736105768941343,close,0,0,39,2025-07-01
2025-07-15,1809,15.208593368530273,0.5369924691244823,1,3.7966692900681664e-08,0.019417526200413704,3.7966692900681664e-08,0.009708813391625881,0.009708813391625881,0.003708813391625881,close,0,0,39,2025-07-01
2025-07-15,2912,255.91427612304688,0.534713502962209,0,-0.005660342983901501,0.005660411901772022,-0.005660342983901501,-0.005660342983901501,-0.005660342983901501,-0.0116603429839015,close,0,0,39,2025-07-01
2025-07-15,1402,29.200000762939453,0.5346389621563558,0,0.0017123025609180331,0.0034246051218360662,-0.025684930384159088,-0.022260325029492378,-0.02,-0.026000000000000002,stop_loss,0,1,39,2025-07-01
2025-07-15,3508,21.799999237060547,0.5321667201214776,1,0.036697302013635635,0.09862392395734787,0.0,0.09862392395734787,0.03,0.024,gap_take_profit,1,0,39,2025-07-01
2025-07-15,1434,15.72123908996582,0.5317870389720712,0,-0.0030302568338811398,0.009090885519981384,-0.006060629151761532,0.0,0.0,-0.006,close,0,0,39,2025-07-01
2025-07-15,3455,102.0,0.5290807072274104,1,0.03921568766236305,0.06862745434045792,-0.014705882407724857,0.02450980432331562,0.03,0.024,gap_take_profit,1,0,39,2025-07-01
2025-07-16,3090,81.0,0.6156676171358315,0,-0.008641937747597694,-0.0024690981954336166,-0.05432100594043732,-0.023456808179616928,-0.02,-0.026000000000000002,stop_loss,0,1,39,2025-07-01
2025-07-16,8046,173.0,0.5975636483411999,0,0.011560693383216858,0.023121386766433716,-0.02601156011223793,-0.017341040074825287,-0.02,-0.026000000000000002,stop_loss,0,1,39,2025-07-01
2025-07-16,6127,21.549999237060547,0.5723059444360561,1,0.03944317623972893,0.04640371352434158,-0.0046403007581830025,0.016241317614912987,0.03,0.024,gap_take_profit,1,0,39,2025-07-01
2025-07-16,4768,110.0,0.5722602022671076,0,0.008657976053655148,0.017316021025180817,-0.03463204205036163,-0.03463204205036163,-0.02,-0.026000000000000002,stop_loss,0,1,39,2025-07-01
2025-07-16,2338,32.04999923706055,0.5721401935088971,1,0.020280858501791954,0.09828398376703262,0.00468023493885994,0.07332300394773483,0.03,0.024,take_profit,1,0,39,2025-07-01
2025-07-16,8086,85.5,0.5699481587923371,1,0.026900621131062508,0.05730995908379555,0.011695906519889832,0.04093567281961441,0.03,0.024,take_profit,1,0,39,2025-07-01
2025-07-16,3508,23.950000762939453,0.5694479288230034,0,0.04384130239486694,0.07306889444589615,-0.041753653436899185,-0.008350762538611889,0.03,0.024,gap_take_profit,1,1,39,2025-07-01
2025-07-16,6739,422.0,0.5681330048718845,1,0.029620852321386337,0.09004739671945572,-0.004739336669445038,0.02606634981930256,0.03,0.024,take_profit,1,0,39,2025-07-01
2025-07-16,6221,47.29999923706055,0.5668631044856883,1,0.006342478562146425,0.02748412825167179,0.0,0.023255862295627594,0.023255862295627594,0.017255862295627596,close,0,0,39,2025-07-01
2025-07-16,2402,40.83932113647461,0.5609208287238792,0,0.004661901388317347,0.01165497861802578,-0.048951130360364914,-0.045454591512680054,-0.02,-0.026000000000000002,stop_loss,0,1,39,2025-07-01
2025-07-16,2913,14.899999618530273,0.5577180193130096,1,0.006711435038596392,0.030201394110918045,0.003355717519298196,0.02013424225151539,0.03,0.024,take_profit,1,0,39,2025-07-01
2025-07-16,4583,766.0,0.5520438242359583,1,0.01044386439025402,0.027415143325924873,0.002610966097563505,0.002610966097563505,0.002610966097563505,-0.003389033902436495,close,0,0,39,2025-07-01
2025-07-16,4755,113.0,0.5504355531631896,1,0.0044247787445783615,0.03097345121204853,0.0044247787445783615,0.017699114978313446,0.03,0.024,take_profit,1,0,39,2025-07-01
2025-07-16,5519,28.399999618530273,0.5480738305425756,1,0.008802817203104496,0.024647913873195648,0.008802817203104496,0.01408449374139309,0.01408449374139309,0.00808449374139309,close,0,0,39,2025-07-01
2025-07-16,5498,14.100000381469727,0.547269526119411,1,0.03546099364757538,0.07092198729515076,0.0035460451617836952,0.02127654105424881,0.03,0.024,gap_take_profit,1,0,39,2025-07-01
2025-07-16,1210,59.702110290527344,0.5465073431812246,1,0.00638984888792038,0.01757197082042694,-0.0015973723493516445,0.01757197082042694,0.01757197082042694,0.01157197082042694,close,0,0,39,2025-07-01
2025-07-16,5521,11.25,0.5460248684545624,1,0.00888892263174057,0.02222222276031971,0.00888892263174057,0.013333299197256565,0.013333299197256565,0.007333299197256565,close,0,0,39,2025-07-01
2025-07-16,8071,16.850000381469727,0.5440862298144633,1,0.008902054280042648,0.03857564553618431,0.008902054280042648,0.029673589393496513,0.03,0.024,take_profit,1,0,39,2025-07-01
2025-07-16,1102,37.79999923706055,0.5432170511601153,1,-0.014550244435667992,0.026455026119947433,-0.021164001896977425,0.025132296606898308,-0.02,-0.026000000000000002,stop_loss,0,1,39,2025-07-01
2025-07-16,9907,17.935104370117188,0.5416863348727446,1,0.005291093606501818,0.010582119226455688,6.76928095799667e-08,0.005291093606501818,0.005291093606501818,-0.0007089063934981824,close,0,0,39,2025-07-01
2025-07-17,8358,80.23310089111328,0.6618938692922167,1,0.024479839950799942,0.06487155705690384,0.007344051264226437,0.02325586974620819,0.03,0.024,take_profit,1,0,39,2025-07-01
2025-07-17,3587,202.8216552734375,0.653772432975915,1,0.033333294093608856,0.0666666254401207,0.011904722079634666,0.011904722079634666,0.03,0.024,gap_take_profit,1,0,39,2025-07-01
2025-07-17,2340,22.100000381469727,0.6199971882012808,0,0.013574626296758652,0.03619905933737755,-0.029411746188998222,-0.011312217451632023,-0.02,-0.026000000000000002,ambiguous_stop_loss,1,1,39,2025-07-01
2025-07-17,2331,18.286651611328125,0.606280596149726,0,0.016216108575463295,0.016216108575463295,-0.013513579033315182,-0.005405491683632135,-0.005405491683632135,-0.011405491683632136,close,0,0,39,2025-07-01
2025-07-17,3543,28.450000762939453,0.6021286558526608,1,-0.015817249193787575,0.09841825067996979,-0.05448158457875252,0.09841825067996979,-0.02,-0.026000000000000002,ambiguous_stop_loss,1,1,39,2025-07-01
2025-07-17,6122,54.0,0.6019861302155234,0,0.011111082509160042,0.012962977401912212,-0.009259259328246117,-0.003703717840835452,-0.003703717840835452,-0.009703717840835452,close,0,0,39,2025-07-01
2025-07-17,3443,1235.0,0.5975616934767821,1,0.016194332391023636,0.028340080752968788,0.004048583097755909,0.004048583097755909,0.004048583097755909,-0.0019514169022440912,close,0,0,39,2025-07-01
2025-07-17,4931,106.0,0.5971392437848262,1,0.028301887214183807,0.09433962404727936,0.028301887214183807,0.04716981202363968,0.03,0.024,take_profit,1,0,39,2025-07-01
2025-07-17,3311,30.450000762939453,0.5961757646728513,0,0.008210180327296257,0.014778287149965763,0.0,0.0,0.0,-0.006,close,0,0,39,2025-07-01
2025-07-17,9958,201.5,0.593678201288115,0,0.009925558231770992,0.012406948022544384,-0.012406948022544384,-0.007444168906658888,-0.007444168906658888,-0.013444168906658888,close,0,0,39,2025-07-01
2025-07-17,6423,94.19999694824219,0.5923386042468811,0,-0.005307856015861034,0.008492602035403252,-0.005307856015861034,0.0,0.0,-0.006,close,0,0,39,2025-07-01
2025-07-17,6716,48.900001525878906,0.5922691766274149,0,0.01226990669965744,0.016359902918338776,-0.022494934499263763,-0.008179989643394947,-0.02,-0.026000000000000002,stop_loss,0,1,39,2025-07-01
2025-07-17,2882,63.099998474121094,0.592204175020241,0,-0.0015847618924453855,0.006339168641716242,-0.009508692659437656,-0.007923930883407593,-0.007923930883407593,-0.013923930883407593,close,0,0,39,2025-07-01
2025-07-17,2890,23.8104248046875,0.5895559381615645,1,0.0039138952270150185,0.005870887078344822,-0.005870833992958069,0.001956979976966977,0.001956979976966977,-0.004043020023033023,close,0,0,39,2025-07-01
2025-07-17,6179,26.612590789794922,0.5889821262878854,1,0.007380029186606407,0.01660512201488018,0.0018449878552928567,0.003690048586577177,0.003690048586577177,-0.002309951413422823,close,0,0,39,2025-07-01
2025-07-17,6592,65.30000305175781,0.5881939006392148,0,0.0015313701005652547,0.009188337251543999,-0.026033759117126465,-0.021439531818032265,-0.02,-0.026000000000000002,stop_loss,0,1,39,2025-07-01
2025-07-17,2360,432.0,0.5880120835500106,1,0.0069444444961845875,0.011574073694646358,-0.008101851679384708,0.005787036847323179,0.005787036847323179,-0.00021296315267682088,close,0,0,39,2025-07-01
2025-07-17,3707,40.20000076293945,0.586348258036893,0,0.011194048449397087,0.013681572861969471,-0.048507481813430786,-0.03980104997754097,-0.02,-0.026000000000000002,stop_loss,0,1,39,2025-07-01
2025-07-17,6217,32.29999923706055,0.5838115009767079,1,0.013931912370026112,0.030959753319621086,-0.02941172942519188,0.026315860450267792,-0.02,-0.026000000000000002,ambiguous_stop_loss,1,1,39,2025-07-01
2025-07-17,6275,43.54999923706055,0.5808821782399406,1,0.004592440091073513,0.004592440091073513,0.0,0.0034443519543856382,0.0034443519543856382,-0.002555648045614362,close,0,0,39,2025-07-01
2025-07-18,6739,476.0,0.6250762989600663,1,0.03991596773266792,0.054621849209070206,0.012605042196810246,0.012605042196810246,0.03,0.024,gap_take_profit,1,0,39,2025-07-01
2025-07-18,3543,31.25,0.617307057628927,1,0.0,0.07999999821186066,-0.03520001098513603,0.04319995269179344,-0.02,-0.026000000000000002,ambiguous_stop_loss,1,1,39,2025-07-01
2025-07-18,2392,61.0,0.6037458821058833,0,0.0,0.01475412305444479,-0.039344288408756256,-0.039344288408756256,-0.02,-0.026000000000000002,stop_loss,0,1,39,2025-07-01
2025-07-18,6215,110.0,0.5929909964747498,1,0.027272727340459824,0.09090909361839294,0.013636363670229912,0.06363636255264282,0.03,0.024,take_profit,1,0,39,2025-07-01
2025-07-18,4903,28.649999618530273,0.5829181355726571,1,0.005235588643699884,0.08900527656078339,0.0,0.06282726675271988,0.03,0.024,take_profit,1,0,39,2025-07-01
2025-07-18,6442,492.5,0.5750595345009971,1,0.03350253775715828,0.09847715497016907,0.03147207945585251,0.09847715497016907,0.03,0.024,gap_take_profit,1,0,39,2025-07-01
2025-07-18,2365,38.099998474121094,0.5739647489366682,1,0.019685039296746254,0.09842520207166672,0.013123360462486744,0.060367535799741745,0.03,0.024,take_profit,1,0,39,2025-07-01
2025-07-18,6596,138.5,0.5599602816937282,0,0.018050542101264,0.02527075819671154,-0.010830325074493885,-0.010830325074493885,-0.010830325074493885,-0.016830325074493883,close,0,0,39,2025-07-01
2025-07-18,3537,43.584869384765625,0.5598509837408687,1,-0.002178674330934882,0.019607817754149437,-0.008714605122804642,0.013071887195110321,0.013071887195110321,0.007071887195110321,close,0,0,39,2025-07-01
2025-07-18,3443,1240.0,0.5549730580569338,0,0.0,0.0,-0.04032257944345474,-0.03629032149910927,-0.02,-0.026000000000000002,stop_loss,0,1,39,2025-07-01
2025-07-18,6605,181.5,0.5531993629274885,1,-0.005509641952812672,0.011019283905625343,-0.005509641952812672,0.002754820976406336,0.002754820976406336,-0.0032451790235936643,close,0,0,39,2025-07-01
2025-07-18,9958,200.0,0.5522768364847712,0,0.004999999888241291,0.004999999888241291,-0.02500000037252903,-0.017500000074505806,-0.02,-0.026000000000000002,stop_loss,0,1,39,2025-07-01
2025-07-18,6243,37.29999923706055,0.5522408932678293,1,-0.013404825702309608,0.04557642713189125,-0.013404825702309608,0.040214478969573975,0.03,0.024,take_profit,1,0,39,2025-07-01
2025-07-18,2347,67.0999984741211,0.5515507127360899,1,0.0014902902767062187,0.022354694083333015,0.0014902902767062187,0.013412839733064175,0.013412839733064175,0.0074128397330641745,close,0,0,39,2025-07-01
2025-07-18,6218,21.200000762939453,0.5494725285211114,1,0.0023584545124322176,0.014150907285511494,-0.004716998897492886,0.004716909024864435,0.004716909024864435,-0.001283090975135565,close,0,0,39,2025-07-01
2025-07-18,3376,229.3565216064453,0.5490897500752225,1,0.008492599241435528,0.04033973440527916,0.0021231721621006727,0.006369456648826599,0.03,0.024,take_profit,1,0,39,2025-07-01
2025-07-18,5386,67.26013946533203,0.5486445330187792,1,0.0005926777375862002,0.0333014540374279,-0.0008941777050495148,0.018433809280395508,0.03,0.024,take_profit,1,0,39,2025-07-01
2025-07-18,2610,20.899999618530273,0.5471581025468703,0,0.004784707445651293,0.014354121871292591,-0.004784707445651293,-0.004784707445651293,-0.004784707445651293,-0.010784707445651293,close,0,0,39,2025-07-01
2025-07-18,8358,82.09899139404297,0.546786176489669,1,0.05238809809088707,0.09989174455404282,0.04142570495605469,0.09989174455404282,0.03,0.024,gap_take_profit,1,0,39,2025-07-01
2025-07-18,1442,66.99227142333984,0.5455515245446055,0,-0.006944390945136547,0.0013889215188100934,-0.006944390945136547,-0.005555523093789816,-0.005555523093789816,-0.011555523093789816,close,0,0,39,2025-07-01
2025-07-21,8358,90.30000305175781,0.669690655274639,0,0.02990029752254486,0.03543739393353462,-0.042081981897354126,-0.036544881761074066,-0.02,-0.026000000000000002,ambiguous_stop_loss,1,1,39,2025-07-01
2025-07-21,4760,142.85714721679688,0.6685754094248463,0,0.0,0.0,-0.07000000029802322,-0.06666672974824905,-0.02,-0.026000000000000002,stop_loss,0,1,39,2025-07-01
2025-07-21,6919,133.5,0.6561566260877659,0,0.07865168899297714,0.09737827628850937,-0.06367041170597076,-0.056179776787757874,0.03,0.024,gap_take_profit,1,1,39,2025-07-01
2025-07-21,6291,95.4000015258789,0.6475543622725883,1,0.07966455072164536,0.09538782387971878,0.0482180118560791,0.09538782387971878,0.03,0.024,gap_take_profit,1,0,39,2025-07-01
2025-07-21,3044,272.5,0.6326195591498812,0,-0.0073394495993852615,0.02568807266652584,-0.029357798397541046,-0.022018348798155785,-0.02,-0.026000000000000002,stop_loss,0,1,39,2025-07-01
2025-07-21,5284,228.0,0.6255417168677493,0,0.0021929824724793434,0.00657894741743803,-0.09868421405553818,-0.09868421405553818,-0.02,-0.026000000000000002,stop_loss,0,1,39,2025-07-01
2025-07-21,4989,20.100000381469727,0.6239622674680402,1,0.03980095684528351,0.09950248897075653,0.03980095684528351,0.09950248897075653,0.03,0.024,gap_take_profit,1,0,39,2025-07-01
2025-07-21,4908,85.2796630859375,0.6223071621918455,1,0.04022986814379692,0.07356321811676025,-0.005747142713516951,0.011494236066937447,0.03,0.024,gap_take_profit,1,0,39,2025-07-01
2025-07-21,6442,541.0,0.6200216903201883,1,0.018484288826584816,0.08502772450447083,0.007393715437501669,0.046210721135139465,0.03,0.024,take_profit,1,0,39,2025-07-01
2025-07-21,4551,128.04800415039062,0.6130416803422569,0,0.0150943323969841,0.04905659705400467,-0.060377366840839386,-0.05660378187894821,-0.02,-0.026000000000000002,ambiguous_stop_loss,1,1,39,2025-07-01
2025-07-21,7734,1103.541259765625,0.5995076182786995,0,9.107075982228707e-09,0.0070672002620995045,-0.0777384415268898,-0.067137710750103,-0.02,-0.026000000000000002,stop_loss,0,1,39,2025-07-01
2025-07-21,2884,32.6608772277832,0.5939837817511067,1,0.010383149608969688,0.01956842839717865,0.007321428973227739,0.016506707295775414,0.016506707295775414,0.010506707295775413,close,0,0,39,2025-07-01
2025-07-21,2401,20.350000381469727,0.5929513193722968,0,0.041769061237573624,0.05405407026410103,-0.019656000658869743,-0.017199035733938217,0.03,0.024,gap_take_profit,1,0,39,2025-07-01
2025-07-21,1713,47.6863899230957,0.5851670945703762,0,0.007246300112456083,0.007246300112456083,-0.005434803199023008,-0.0036232369020581245,-0.0036232369020581245,-0.009623236902058125,close,0,0,39,2025-07-01
2025-07-21,2753,187.0,0.5828758979957384,1,0.0,0.026737967506051064,-0.005347593687474728,0.010695187374949455,0.010695187374949455,0.004695187374949455,close,0,0,39,2025-07-01
2025-07-21,4755,113.5,0.5716214864140244,0,0.0,0.0,-0.026431718841195107,-0.013215859420597553,-0.02,-0.026000000000000002,stop_loss,0,1,39,2025-07-01
2025-07-21,6163,22.299999237060547,0.5695007211757274,0,0.0,0.011210762895643711,-0.022421525791287422,-0.020179321989417076,-0.02,-0.026000000000000002,stop_loss,0,1,39,2025-07-01
2025-07-21,1210,59.129886627197266,0.5663796442929067,0,5.4999144794010135e-08,5.4999144794010135e-08,-0.022580616176128387,-0.012903159484267235,-0.02,-0.026000000000000002,stop_loss,0,1,39,2025-07-01
2025-07-21,3583,352.0,0.5650898381529883,0,-0.0014204545877873898,0.005681818351149559,-0.044034089893102646,-0.039772726595401764,-0.02,-0.026000000000000002,stop_loss,0,1,39,2025-07-01
2025-07-21,4171,20.25,0.5642123762922558,0,0.0024690981954336166,0.03209874778985977,-0.029629647731781006,-0.027160456404089928,-0.02,-0.026000000000000002,ambiguous_stop_loss,1,1,39,2025-07-01
2025-07-22,4989,22.100000381469727,0.6988808205094822,1,0.009049721993505955,0.05429859086871147,-0.018099529668688774,0.04072396457195282,0.03,0.024,take_profit,1,0,39,2025-07-01
2025-07-22,6291,104.5,0.6579306641501981,0,0.014354066923260689,0.019138755276799202,-0.023923445492982864,-0.023923445492982864,-0.02,-0.026000000000000002,stop_loss,0,1,39,2025-07-01
2025-07-22,6191,104.5,0.6326819797271585,1,0.023923445492982864,0.04784689098596573,-0.023923445492982864,0.03349282220005989,-0.02,-0.026000000000000002,ambiguous_stop_loss,1,1,39,2025-07-01
2025-07-22,7728,270.5,0.6063687220319756,1,0.02218114584684372,0.09242144227027893,0.02218114584684372,0.04805915057659149,0.03,0.024,take_profit,1,0,39,2025-07-01
2025-07-22,8390,61.04256820678711,0.5683270285268937,1,0.014173280447721481,0.01574805937707424,0.00787404365837574,0.00787404365837574,0.00787404365837574,0.00187404365837574,close,0,0,39,2025-07-01
2025-07-22,6613,180.0,0.5573148783860953,1,0.0,0.01944444514811039,0.0,0.008333333767950535,0.008333333767950535,0.0023333337679505347,close,0,0,39,2025-07-01
2025-07-22,3265,100.0,0.5545235606100749,1,0.009999999776482582,0.019999999552965164,0.004999999888241291,0.009999999776482582,0.009999999776482582,0.003999999776482582,close,0,0,39,2025-07-01
2025-07-22,6122,52.900001525878906,0.5502747365555873,1,0.009451795369386673,0.03402645140886307,0.007561393082141876,0.026464983820915222,0.03,0.024,take_profit,1,0,39,2025-07-01
2025-07-22,6691,392.2608642578125,0.54264712223118,1,0.01972956396639347,0.0834626629948616,0.01972956396639347,0.05796942114830017,0.03,0.024,take_profit,1,0,39,2025-07-01
2025-07-22,4760,133.3333282470703,0.5423564049748679,1,0.03571438044309616,0.09642861038446426,0.02500007674098015,0.02500007674098015,0.03,0.024,gap_take_profit,1,0,39,2025-07-01
2025-07-22,4749,605.0,0.5414440172270124,1,0.0066115702502429485,0.07107438147068024,-0.0033057851251214743,0.059504132717847824,0.03,0.024,take_profit,1,0,39,2025-07-01
2025-07-22,2376,270.0885009765625,0.5399851367393568,1,0.008928508497774601,0.028571363538503647,0.008928508497774601,0.028571363538503647,0.028571363538503647,0.02257136353850365,close,0,0,39,2025-07-01
2025-07-22,3141,57.21360397338867,0.5369698996063366,1,0.013840807601809502,0.017301028594374657,-9.77359793097321e-09,0.0051902886480093,0.0051902886480093,-0.0008097113519906999,close,0,0,39,2025-07-01
2025-07-22,6739,462.0,0.5324622904718951,0,0.0043290043249726295,0.024891775101423264,-0.02380952425301075,-0.019480518996715546,-0.02,-0.026000000000000002,stop_loss,0,1,39,2025-07-01
2025-07-22,6223,1045.0,0.5311742663095178,1,0.014354066923260689,0.038277510553598404,0.0,0.009569377638399601,0.03,0.024,take_profit,1,0,39,2025-07-01
2025-07-22,3434,41.29999923706055,0.5307835350400609,1,0.01694917120039463,0.02542371116578579,0.0,0.0036319983191788197,0.0036319983191788197,-0.0023680016808211805,close,0,0,39,2025-07-01
2025-07-22,6869,137.88729858398438,0.5306443732010846,1,0.010489501059055328,0.03146852180361748,0.010489501059055328,0.024475514888763428,0.03,0.024,take_profit,1,0,39,2025-07-01
2025-07-22,3587,196.06092834472656,0.5297622197406919,1,0.020091058686375618,0.0430431067943573,0.009890148416161537,0.022641286253929138,0.03,0.024,take_profit,1,0,39,2025-07-01
2025-07-22,3032,96.74088287353516,0.5295636256931613,1,0.03430873528122902,0.0998990461230278,0.0292633268982172,0.0998990461230278,0.03,0.024,gap_take_profit,1,0,39,2025-07-01
2025-07-22,2233,180.64804077148438,0.5259646027731909,1,0.013297896832227707,0.03723406791687012,0.00797874853014946,0.00797874853014946,0.03,0.024,take_profit,1,0,39,2025-07-01
2025-07-23,2316,71.30000305175781,0.72595435094262,1,0.02524537593126297,0.03786811977624893,-0.021037867292761803,0.0014025031123310328,-0.02,-0.026000000000000002,ambiguous_stop_loss,1,1,39,2025-07-01
2025-07-23,8210,526.0,0.717475530234279,0,0.0,0.017110265791416168,-0.005703422240912914,-0.0019011406693607569,-0.0019011406693607569,-0.007901140669360757,close,0,0,39,2025-07-01
2025-07-23,2379,575.0,0.7153611185911382,0,0.0034782609436661005,0.006956521887332201,-0.008695651777088642,-0.005217391531914473,-0.005217391531914473,-0.011217391531914473,close,0,0,39,2025-07-01
2025-07-23,3313,13.300000190734863,0.7143457421431951,0,0.0,0.0,-0.015037579461932182,-0.003759412793442607,-0.003759412793442607,-0.009759412793442607,close,0,0,39,2025-07-01
2025-07-23,5274,4510.0,0.7084718336987159,0,0.011086474172770977,0.022172948345541954,-0.015521064400672913,-0.015521064400672913,-0.015521064400672913,-0.02152106440067291,close,0,0,39,2025-07-01
2025-07-23,3032,106.40520477294922,0.7075775872233041,1,0.013761471956968307,0.09633027762174606,-0.022935776039958,0.08256880939006805,-0.02,-0.026000000000000002,ambiguous_stop_loss,1,1,39,2025-07-01
2025-07-23,6806,80.2472915649414,0.7071114296329424,1,0.013431040570139885,0.02442006953060627,-0.006104961037635803,0.00854701641947031,0.00854701641947031,0.00254701641947031,close,0,0,39,2025-07-01
2025-07-23,2890,23.85702133178711,0.7042324514564976,0,0.001953039551153779,0.005859301891177893,-0.009765670634806156,-0.00390631565824151,-0.00390631565824151,-0.00990631565824151,close,0,0,39,2025-07-01
2025-07-23,4542,58.5,0.7027095936041057,1,0.005128192249685526,0.017094017937779427,0.0,0.005128192249685526,0.005128192249685526,-0.0008718077503144742,close,0,0,39,2025-07-01
2025-07-23,3008,2332.694091796875,0.7026386632729913,1,0.00847464706748724,0.01694922335445881,0.004237357992678881,0.01694922335445881,0.01694922335445881,0.010949223354458809,close,0,0,39,2025-07-01
2025-07-23,2308,520.0,0.6993223016345844,0,-0.009615384973585606,-0.001923076924867928,-0.023076923564076424,-0.003846153849735856,-0.02,-0.026000000000000002,stop_loss,0,1,39,2025-07-01
2025-07-23,2801,18.824560165405273,0.6982860627039887,0,0.0,0.002463143551722169,-0.009852180257439613,-0.004926090128719807,-0.004926090128719807,-0.010926090128719807,close,0,0,39,2025-07-01
2025-07-23,1310,9.069999694824219,0.6979663630777987,1,0.008820278570055962,0.025358378887176514,-0.012127856723964214,0.023153256624937057,0.023153256624937057,0.01715325662493706,close,0,0,39,2025-07-01
2025-07-23,4523,33.79999923706055,0.697916784111229,1,0.01331363245844841,0.023668617010116577,0.00591718265786767,0.01479289960116148,0.01479289960116148,0.00879289960116148,close,0,0,39,2025-07-01
2025-07-23,1216,83.1694107055664,0.6971682822723669,0,-2.4290022437867265e-08,0.0023174372036010027,-0.015063789673149586,-0.010428777895867825,-0.010428777895867825,-0.016428777895867823,close,0,0,39,2025-07-01
2025-07-23,7712,112.0,0.6965246380033425,1,0.008928571827709675,0.013392857275903225,0.008928571827709675,0.013392857275903225,0.013392857275903225,0.007392857275903225,close,0,0,39,2025-07-01
2025-07-23,2491,10.0,0.6940770456995137,0,0.0,0.005000018980354071,-0.005000018980354071,-0.0020000457298010588,-0.0020000457298010588,-0.008000045729801059,close,0,0,39,2025-07-01
2025-07-23,3308,17.450000762939453,0.6926159913293383,1,0.02005721814930439,0.02865329384803772,0.002865285612642765,0.01432664692401886,0.01432664692401886,0.00832664692401886,close,0,0,39,2025-07-01
2025-07-23,2812,20.090829849243164,0.6917977090889521,0,0.0022778406273573637,0.0022778406273573637,-0.006833798252046108,-0.006833798252046108,-0.006833798252046108,-0.012833798252046108,close,0,0,39,2025-07-01
2025-07-23,6486,72.9000015258789,0.69148881204949,0,0.0027434423100203276,0.0041151633486151695,0.0,0.0,0.0,-0.006,close,0,0,39,2025-07-01
2025-07-24,3305,74.5999984741211,0.6651783276260284,1,0.04825735464692116,0.09919573366641998,0.024128727614879608,0.06434320658445358,0.03,0.024,gap_take_profit,1,0,39,2025-07-01
2025-07-24,3543,33.099998474121094,0.6533047170081128,1,0.042296119034290314,0.09969798475503922,0.0060423193499445915,0.09969798475503922,0.03,0.024,gap_take_profit,1,0,39,2025-07-01
2025-07-24,1720,54.35292053222656,0.6504781909554487,1,-2.000968457593899e-08,0.007005260791629553,-2.000968457593899e-08,0.007005260791629553,0.007005260791629553,0.0010052607916295527,close,0,0,39,2025-07-01
2025-07-24,3628,42.599998474121094,0.6475160204161394,0,0.0011737806489691138,0.0011737806489691138,-0.002347382018342614,0.0,0.0,-0.006,close,0,0,39,2025-07-01
2025-07-24,6291,112.0,0.6455265557215251,1,0.008928571827709675,0.0982142835855484,-0.013392857275903225,0.0982142835855484,0.03,0.024,take_profit,1,0,39,2025-07-01
2025-07-24,4916,45.79999923706055,0.6453517584959123,1,0.024017518386244774,0.07751090079545975,0.020742375403642654,0.02947603352367878,0.03,0.024,take_profit,1,0,39,2025-07-01
2025-07-24,8103,42.79999923706055,0.6394989147187231,0,0.003504708642140031,0.003504708642140031,-0.002336412901058793,-0.0011682064505293965,-0.0011682064505293965,-0.007168206450529397,close,0,0,39,2025-07-01
2025-07-24,2548,97.83333587646484,0.6391434570318212,1,0.02214648202061653,0.03747867792844772,0.0017035515047609806,0.0017035515047609806,0.03,0.024,take_profit,1,0,39,2025-07-01
2025-07-24,6757,87.5,0.6366376644490521,0,0.0,0.0068571255542337894,-0.01028573140501976,-0.009142892435193062,-0.009142892435193062,-0.015142892435193062,close,0,0,39,2025-07-01
2025-07-24,6470,47.400001525878906,0.6336787165150383,1,-0.009493686258792877,0.011603359133005142,-0.009493686258792877,0.006329097785055637,0.006329097785055637,0.00032909778505563723,close,0,0,39,2025-07-01
2025-07-24,1802,20.25,0.6333960273073478,1,0.009876580908894539,0.03209874778985977,-0.02469135820865631,0.02469135820865631,-0.02,-0.026000000000000002,ambiguous_stop_loss,1,1,39,2025-07-01
2025-07-24,8045,74.19999694824219,0.6319988740135997,1,0.037735890597105026,0.099730484187603,0.010781712830066681,0.08086253702640533,0.03,0.024,gap_take_profit,1,0,39,2025-07-01
2025-07-24,6275,43.5,0.6315644601381522,0,0.0045977188274264336,0.0045977188274264336,-0.01149425283074379,-0.008045941591262817,-0.008045941591262817,-0.014045941591262818,close,0,0,39,2025-07-01
2025-07-24,2887,15.413594245910645,0.631271401210154,1,1.5313059265054108e-08,0.012270001694560051,-0.0030674226582050323,0.006135008297860622,0.006135008297860622,0.00013500829786062228,close,0,0,39,2025-07-01
2025-07-24,2413,17.799999237060547,0.630622097847074,0,0.005617999006062746,0.005617999006062746,0.0,0.0,0.0,-0.006,close,0,0,39,2025-07-01
2025-07-24,4903,31.950000762939453,0.6296430871892422,1,0.0015649213455617428,0.03599366918206215,-0.032863885164260864,0.010954568162560463,-0.02,-0.026000000000000002,ambiguous_stop_loss,1,1,39,2025-07-01
2025-07-24,2020,23.299999237060547,0.6295288822648448,1,-0.0021458901464939117,0.008583723567426205,-0.0021458901464939117,0.008583723567426205,0.008583723567426205,0.0025837235674262046,close,0,0,39,2025-07-01
2025-07-24,2611,16.5,0.6292509493006043,1,0.009090885519981384,0.03636366128921509,0.009090885519981384,0.01515151560306549,0.03,0.024,take_profit,1,0,39,2025-07-01
2025-07-24,9938,54.0,0.628659371135827,0,0.007407435681670904,0.012962977401912212,-0.003703717840835452,-0.003703717840835452,-0.003703717840835452,-0.009703717840835452,close,0,0,39,2025-07-01
2025-07-24,5439,246.29998779296875,0.6280744553348686,1,0.010962291620671749,0.027202649042010307,-0.023548468947410583,0.0008120674756355584,-0.02,-0.026000000000000002,stop_loss,0,1,39,2025-07-01
2025-07-25,8033,76.4000015258789,0.6363672260029163,1,0.020942388102412224,0.03795813396573067,-0.03141363337635994,0.03272251412272453,-0.02,-0.026000000000000002,ambiguous_stop_loss,1,1,39,2025-07-01
2025-07-25,6515,1115.0,0.6347657421905446,0,0.013452914543449879,0.026905829086899757,-0.03139013424515724,-0.013452914543449879,-0.02,-0.026000000000000002,stop_loss,0,1,39,2025-07-01
2025-07-25,6291,123.0,0.6333739396040184,1,0.08536585420370102,0.09756097197532654,0.03252032399177551,0.0731707289814949,0.03,0.024,gap_take_profit,1,0,39,2025-07-01
2025-07-25,2612,52.79999923706055,0.6319059609082006,0,-0.009469697251915932,-0.0037878933362662792,-0.06439390033483505,-0.04356059059500694,-0.02,-0.026000000000000002,stop_loss,0,1,39,2025-07-01
2025-07-25,3543,36.400001525878906,0.627491135820282,1,0.0013736053369939327,0.04395600035786629,-0.01236265804618597,0.008241737261414528,0.03,0.024,take_profit,1,0,39,2025-07-01
2025-07-25,4545,31.549999237060547,0.6150298200309708,0,-0.009508692659437656,0.007923930883407593,-0.009508692659437656,0.0,0.0,-0.006,close,0,0,39,2025-07-01
2025-07-25,6275,43.150001525878906,0.6077703951048707,1,0.0023174616508185863,0.01969868876039982,0.0023174616508185863,0.01042866613715887,0.01042866613715887,0.004428666137158871,close,0,0,39,2025-07-01
2025-07-25,2412,129.0,0.6003180612952549,1,0.0038759689778089523,0.0038759689778089523,-0.0038759689778089523,0.0038759689778089523,0.0038759689778089523,-0.002124031022191048,close,0,0,39,2025-07-01
2025-07-25,6223,1010.0,0.5971198855364714,0,0.009900989942252636,0.019801979884505272,-0.014851485379040241,-0.004950494971126318,-0.004950494971126318,-0.010950494971126318,close,0,0,39,2025-07-01
2025-07-25,3526,238.5,0.5896990353935623,1,0.006289307959377766,0.012578615918755531,0.0,0.006289307959377766,0.006289307959377766,0.00028930795937776553,close,0,0,39,2025-07-01
2025-07-25,2912,254.9485626220703,0.5882716898348748,0,0.001893974025733769,0.00568185281008482,-0.005681783892214298,-0.005681783892214298,-0.005681783892214298,-0.011681783892214298,close,0,0,39,2025-07-01
2025-07-25,1216,81.82019805908203,0.5877316000938051,0,0.0011778302723541856,0.007067111786454916,-0.024734972044825554,-0.017667852342128754,-0.02,-0.026000000000000002,stop_loss,0,1,39,2025-07-01
2025-07-25,2607,34.5,0.5870887613330025,0,0.00289850658737123,0.00289850658737123,-0.011594247072935104,-0.004347870126366615,-0.004347870126366615,-0.010347870126366615,close,0,0,39,2025-07-01
2025-07-25,2455,146.5,0.5843854891802686,1,0.02389078587293625,0.027303753420710564,-0.010238908231258392,0.006825938355177641,0.006825938355177641,0.0008259383551776408,close,0,0,39,2025-07-01
2025-07-25,1784,74.4000015258789,0.5842777694812528,1,0.03494621440768242,0.09543008357286453,0.03494621440768242,0.045698944479227066,0.03,0.024,gap_take_profit,1,0,39,2025-07-01
2025-07-25,8011,20.5,0.5841266982955952,1,0.0024389871396124363,0.01463410910218954,-0.004878067411482334,0.009756134822964668,0.009756134822964668,0.003756134822964668,close,0,0,39,2025-07-01
2025-07-25,1722,53.400001525878906,0.5835007290616737,0,0.00749059347435832,0.00749059347435832,-0.009363295510411263,-0.007490665186196566,-0.007490665186196566,-0.013490665186196566,close,0,0,39,2025-07-01
2025-07-25,4534,16.75,0.5831972692525178,0,0.0,0.014925372786819935,-0.011940344236791134,0.0,0.0,-0.006,close,0,0,39,2025-07-01
2025-07-25,8147,105.0,0.5809996360235398,1,0.009523809887468815,0.02857142873108387,0.009523809887468815,0.009523809887468815,0.009523809887468815,0.0035238098874688147,close,0,0,39,2025-07-01
2025-07-25,3189,100.0,0.5779530555498442,0,0.009999999776482582,0.019999999552965164,0.0,0.0,0.0,-0.006,close,0,0,39,2025-07-01
2025-07-28,1727,32.88929748535156,0.6451553631368897,0,4.133552167218113e-08,0.07485034316778183,-0.04790421947836876,-0.041916172951459885,-0.02,-0.026000000000000002,ambiguous_stop_loss,1,1,39,2025-07-01
2025-07-28,8358,107.0,0.6314289404934996,0,0.0,0.023364486172795296,-0.018691588193178177,-0.009345794096589088,-0.009345794096589088,-0.015345794096589089,close,0,0,39,2025-07-01
2025-07-28,3230,39.02924728393555,0.630240556073698,1,0.00763350585475564,0.0992366150021553,0.00763350585475564,0.07760805636644363,0.03,0.024,take_profit,1,0,39,2025-07-01
2025-07-28,3624,36.650001525878906,0.6259253075585239,1,0.017735270783305168,0.08049104362726212,0.010913988575339317,0.06684847921133041,0.03,0.024,take_profit,1,0,39,2025-07-01
2025-07-28,8021,57.70000076293945,0.6213842511961222,1,0.017331022769212723,0.07452338188886642,0.005199293605983257,0.019064098596572876,0.03,0.024,take_profit,1,0,39,2025-07-01
2025-07-28,5498,15.5,0.609976343832111,1,0.012903213500976562,0.07741940766572952,0.0,0.025806427001953125,0.03,0.024,take_profit,1,0,39,2025-07-01
2025-07-28,3290,36.51497268676758,0.6070088285388259,1,0.00700519559904933,0.01576177589595318,-0.008756612427532673,0.00700519559904933,0.00700519559904933,0.0010051955990493296,close,0,0,39,2025-07-01
2025-07-28,1303,37.0,0.5992119217412126,0,0.008108087815344334,0.008108087815344334,-0.03243245184421539,-0.031081121414899826,-0.02,-0.026000000000000002,stop_loss,0,1,39,2025-07-01
2025-07-28,8045,88.19999694824219,0.5959910714474151,1,0.0793650820851326,0.09977328032255173,0.07483000308275223,0.09977328032255173,0.03,0.024,gap_take_profit,1,0,39,2025-07-01
2025-07-28,6672,81.5,0.5879689780569949,1,0.0061349691823124886,0.022085927426815033,-0.025766853243112564,0.022085927426815033,-0.02,-0.026000000000000002,stop_loss,0,1,39,2025-07-01
2025-07-28,2362,45.0,0.5872917414164479,0,0.007777743972837925,0.013333299197256565,-0.011111111380159855,-0.00888892263174057,-0.00888892263174057,-0.01488892263174057,close,0,0,39,2025-07-01
2025-07-28,6127,20.5,0.586421225830013,0,0.009756134822964668,0.012195121496915817,-0.017073189839720726,-0.01463410910218954,-0.01463410910218954,-0.02063410910218954,close,0,0,39,2025-07-01
2025-07-28,1471,10.0,0.5853213216418715,0,0.010000037960708141,0.010000037960708141,-0.005000018980354071,-0.0039999959990382195,-0.0039999959990382195,-0.00999999599903822,close,0,0,39,2025-07-01
2025-07-28,6425,47.04999923706055,0.5806504079989845,1,0.017003173008561134,0.07332626730203629,0.0021254471503198147,0.004250813275575638,0.03,0.024,take_profit,1,0,39,2025-07-01
2025-07-28,2881,82.80000305175781,0.580188066197914,0,0.0,0.004830843769013882,-0.009661871939897537,-0.009661871939897537,-0.009661871939897537,-0.015661871939897536,close,0,0,39,2025-07-01
2025-07-28,6179,30.549999237060547,0.5776370133733789,0,-0.004909971263259649,0.02454991824924946,-0.042553167790174484,-0.042553167790174484,-0.02,-0.026000000000000002,stop_loss,0,1,39,2025-07-01
2025-07-28,2885,30.825241088867188,0.5758702689984011,0,0.0,0.0,-0.01417317520827055,-0.009448803961277008,-0.009448803961277008,-0.015448803961277008,close,0,0,39,2025-07-01
2025-07-28,8271,54.20000076293945,0.5741087665827338,1,0.001844990300014615,0.04059042036533356,0.001844990300014615,0.04059042036533356,0.03,0.024,take_profit,1,0,39,2025-07-01
2025-07-28,6716,47.5,0.5734827871833825,0,-0.005263158120214939,0.005263158120214939,-0.014736858196556568,-0.0021052309311926365,-0.0021052309311926365,-0.008105230931192637,close,0,0,39,2025-07-01
2025-07-28,4123,37.20000076293945,0.5727598992137041,1,0.00403219647705555,0.009408560581505299,-0.004032298922538757,0.0026881310623139143,0.0026881310623139143,-0.003311868937686086,close,0,0,39,2025-07-01
2025-07-29,5381,24.299999237060547,0.6472902963281401,1,0.028806617483496666,0.0946502536535263,0.01851855032145977,0.03292185813188553,0.03,0.024,take_profit,1,0,39,2025-07-01
2025-07-29,8045,97.0,0.6386688714794929,1,0.020618556067347527,0.09793814271688461,0.017525741830468178,0.0824742242693901,0.03,0.024,take_profit,1,0,39,2025-07-01
2025-07-29,8033,86.69999694824219,0.6347117300271148,1,0.02883506380021572,0.09919269382953644,0.02537490986287594,0.09919269382953644,0.03,0.024,take_profit,1,0,39,2025-07-01
2025-07-29,2429,80.0999984741211,0.6123439034010345,1,0.02996256574988365,0.09987515956163406,0.02996256574988365,0.09987515956163406,0.03,0.024,take_profit,1,0,39,2025-07-01
2025-07-29,6923,107.5,0.6045987853480489,0,0.0976744219660759,0.0976744219660759,-0.05116279050707817,-0.05116279050707817,0.03,0.024,gap_take_profit,1,1,39,2025-07-01
2025-07-29,5245,33.75,0.5879810686471256,0,0.048888932913541794,0.0962962955236435,-0.007407407276332378,-0.007407407276332378,0.03,0.024,gap_take_profit,1,0,39,2025-07-01
2025-07-29,3311,38.25,0.5472285604309354,1,0.04313729330897331,0.07189542800188065,0.026143791154026985,0.07189542800188065,0.03,0.024,gap_take_profit,1,0,39,2025-07-01
2025-07-29,6781,1200.0,0.5342166039612921,0,0.004166666883975267,0.03750000149011612,-0.02083333395421505,0.0,-0.02,-0.026000000000000002,ambiguous_stop_loss,1,1,39,2025-07-01
2025-07-29,3715,75.80000305175781,0.5220399055355402,1,0.010554028674960136,0.04221631586551666,-0.002638582605868578,0.04221631586551666,0.03,0.024,take_profit,1,0,39,2025-07-01
2025-07-29,5483,103.0,0.5211201571930661,0,0.014563106931746006,0.014563106931746006,-0.014563106931746006,-0.009708737954497337,-0.009708737954497337,-0.015708737954497336,close,0,0,39,2025-07-01
2025-07-29,2059,2595.0,0.5140556224765581,1,0.0019267823081463575,0.00770712923258543,-0.02119460515677929,0.003853564616292715,-0.02,-0.026000000000000002,stop_loss,0,1,39,2025-07-01
2025-07-29,3131,1450.0,0.5136846398740255,0,0.017241379246115685,0.02068965509533882,-0.017241379246115685,-0.01034482754766941,-0.01034482754766941,-0.01634482754766941,close,0,0,39,2025-07-01
2025-07-29,4958,127.5,0.5042286812431561,0,-0.019607843831181526,-0.003921568859368563,-0.0313725508749485,-0.027450980618596077,-0.02,-0.026000000000000002,stop_loss,0,1,39,2025-07-01
2025-07-29,6170,49.0,0.4990506253991223,1,0.013265336863696575,0.013265336863696575,-0.0020407852716743946,0.0010203926358371973,0.0010203926358371973,-0.004979607364162803,close,0,0,39,2025-07-01
2025-07-29,1732,28.0,0.49889366476606334,1,0.021428585052490234,0.021428585052490234,0.007142884191125631,0.014285700395703316,0.014285700395703316,0.008285700395703316,close,0,0,39,2025-07-01
2025-07-29,3708,119.0,0.4986911109229312,1,0.029411764815449715,0.03361344709992409,0.008403361774981022,0.021008403971791267,0.03,0.024,take_profit,1,0,39,2025-07-01
2025-07-29,2308,525.0,0.4972871954270746,1,0.0057142856530845165,0.015238095074892044,-0.009523809887468815,0.009523809887468815,0.009523809887468815,0.0035238098874688147,close,0,0,39,2025-07-01
2025-07-29,2383,1015.0,0.49691131505056546,0,0.004926108289510012,0.019704433158040047,-0.02660098485648632,-0.009852216579020023,-0.02,-0.026000000000000002,stop_loss,0,1,39,2025-07-01
2025-07-29,2027,39.599998474121094,0.496795684989334,1,0.006313131656497717,0.02272731252014637,-0.018939394503831863,0.02146470546722412,0.02146470546722412,0.015464705467224121,close,0,0,39,2025-07-01
2025-07-29,2881,82.0,0.4941524589695034,1,0.00731705455109477,0.012195121496915817,0.003658573841676116,0.00731705455109477,0.00731705455109477,0.0013170545510947703,close,0,0,39,2025-07-01
2025-07-30,5371,79.0,0.665921913913709,1,0.03164556995034218,0.05822782963514328,0.012658228166401386,0.03291137143969536,0.03,0.024,gap_take_profit,1,0,39,2025-07-01
2025-07-30,3230,46.22929763793945,0.6505306084658745,1,0.02040814235806465,0.09559611231088638,0.02040814235806465,0.03759394586086273,0.03,0.024,take_profit,1,0,39,2025-07-01
2025-07-30,8033,95.30000305175781,0.6456373168311003,1,0.024134263396263123,0.040923334658145905,-0.006295971572399139,0.0031479056924581528,0.03,0.024,take_profit,1,0,39,2025-07-01
2025-07-30,2429,88.0999984741211,0.6392511016687021,1,0.0,0.04313283786177635,-0.021566418930888176,0.015891050919890404,-0.02,-0.026000000000000002,ambiguous_stop_loss,1,1,39,2025-07-01
2025-07-30,3543,39.45000076293945,0.6352446478997819,1,0.04689476266503334,0.07351071387529373,0.002534815575927496,0.008871951140463352,0.03,0.024,gap_take_profit,1,0,39,2025-07-01
2025-07-30,6949,185.5,0.6302297969480489,1,0.01886792480945587,0.06738544255495071,-0.010781670920550823,0.04043126851320267,0.03,0.024,take_profit,1,0,39,2025-07-01
2025-07-30,1301,42.650001525878906,0.6278777939133974,0,0.011723329313099384,0.012895643711090088,-0.016412679105997086,0.0,0.0,-0.006,close,0,0,39,2025-07-01
2025-07-30,6695,54.5,0.6181382466984365,0,0.00917431153357029,0.0385320819914341,-0.03669724613428116,-0.03669724613428116,-0.02,-0.026000000000000002,ambiguous_stop_loss,1,1,39,2025-07-01
2025-07-30,6505,43.25,0.6124594306220167,1,0.019653143361210823,0.025433490052819252,-0.01502893678843975,0.012716745026409626,0.012716745026409626,0.006716745026409626,close,0,0,39,2025-07-01
2025-07-30,6425,51.900001525878906,0.607671483406388,1,0.03468206524848938,0.08285161852836609,0.013487416319549084,0.0211945753544569,0.03,0.024,gap_take_profit,1,0,39,2025-07-01
2025-07-30,8234,104.0,0.6053230017929048,1,-0.004807692486792803,0.07692307978868484,-0.004807692486792803,0.05288461595773697,0.03,0.024,take_profit,1,0,39,2025-07-01
2025-07-30,4729,22.200000762939453,0.6037228332703534,1,0.056306302547454834,0.0990990474820137,0.03603599965572357,0.04954947903752327,0.03,0.024,gap_take_profit,1,0,39,2025-07-01
2025-07-30,2258,44.20000076293945,0.6010875617045747,0,-0.04751136153936386,-0.03167424350976944,-0.0814480111002922,-0.0814480111002922,-0.04751136153936386,-0.05351136153936386,gap_stop,0,1,39,2025-07-01
2025-07-30,8431,38.0,0.5980454746675462,1,0.009210485965013504,0.09999997913837433,0.0,0.09999997913837433,0.03,0.024,take_profit,1,0,39,2025-07-01
2025-07-30,5438,20.308059692382812,0.5930874352650113,1,0.09808625280857086,0.09808625280857086,0.05980868265032768,0.09808625280857086,0.03,0.024,gap_take_profit,1,0,39,2025-07-01
2025-07-30,8249,54.79999923706055,0.5805319806656087,1,0.021897824481129646,0.09306573867797852,0.018248176202178,0.02554747276008129,0.03,0.024,take_profit,1,0,39,2025-07-01
2025-07-30,2010,19.799999237060547,0.5736614068683907,1,0.005050524603575468,0.0075758351013064384,-0.0025252141058444977,0.0025253104977309704,0.0025253104977309704,-0.0034746895022690297,close,0,0,39,2025-07-01
2025-07-30,6823,44.20000076293945,0.5733152670601974,1,0.018099529668688774,0.09954746067523956,0.018099529668688774,0.09954746067523956,0.03,0.024,take_profit,1,0,39,2025-07-01
2025-07-30,8240,36.75,0.5710866011155095,1,0.024489836767315865,0.07346940785646439,0.013605441898107529,0.04489799961447716,0.03,0.024,take_profit,1,0,39,2025-07-01
2025-07-30,3054,22.100000381469727,0.5688431757127346,1,0.020361939445137978,0.03619905933737755,0.018099529668688774,0.03619905933737755,0.03,0.024,take_profit,1,0,39,2025-07-01
2025-07-31,1504,51.0,0.6490604246149647,1,0.09999997168779373,0.12745098769664764,0.06078428402543068,0.06078428402543068,0.03,0.024,gap_take_profit,1,0,39,2025-07-01
2025-07-31,1815,54.599998474121094,0.6400826250751969,1,-0.0036629477981477976,0.02930407226085663,-0.009157509543001652,0.012820526957511902,0.012820526957511902,0.006820526957511902,close,0,0,39,2025-07-01
2025-07-31,5498,17.700000762939453,0.6388477549643982,1,0.1073446050286293,0.14406774938106537,0.07627109438180923,0.08474575728178024,0.03,0.024,gap_take_profit,1,0,39,2025-07-01
2025-07-31,8021,63.20000076293945,0.6218082412436758,1,0.044303786009550095,0.13924048840999603,0.02215186133980751,0.09335439652204514,0.03,0.024,gap_take_profit,1,0,39,2025-07-01
2025-07-31,1802,23.899999618530273,0.6080046455191407,1,0.04393310472369194,0.058577392250299454,0.006276134867221117,0.012552348896861076,0.03,0.024,gap_take_profit,1,0,39,2025-07-01
2025-07-31,1528,14.449999809265137,0.603252952148105,1,0.11418689042329788,0.20415224134922028,0.11072660237550735,0.17647060751914978,0.03,0.024,gap_take_profit,1,0,39,2025-07-01
2025-07-31,3081,410.0,0.6004202426295658,0,-0.04756097495555878,-0.046341463923454285,-0.0731707289814949,-0.04878048598766327,-0.04756097495555878,-0.053560974955558775,gap_stop,0,1,39,2025-07-01
2025-07-31,8074,25.649999618530273,0.5879797609665852,1,0.07602342218160629,0.17543859779834747,0.07017548382282257,0.16179336607456207,0.03,0.024,gap_take_profit,1,0,39,2025-07-01
2025-07-31,6823,48.599998474121094,0.5877702156097665,0,-0.02160492353141308,-0.02160492353141308,-0.06584355980157852,-0.05041146278381348,-0.02160492353141308,-0.027604923531413077,gap_stop,0,1,39,2025-07-01
2025-07-31,2383,1105.0,0.5820224245286528,1,0.009049774147570133,0.03619909659028053,-0.013574660755693913,0.004524887073785067,0.03,0.024,take_profit,1,0,39,2025-07-01
2025-07-31,3623,21.5,0.5773531986838052,1,0.13953489065170288,0.20930232107639313,0.1186046153306961,0.12558142840862274,0.03,0.024,gap_take_profit,1,0,39,2025-07-01
2025-07-31,6531,330.5,0.5752240198969725,1,0.05597579479217529,0.0862329825758934,0.045385777950286865,0.04992435872554779,0.03,0.024,gap_take_profit,1,0,39,2025-07-01
2025-07-31,5438,22.30000114440918,0.5596013255133961,0,-0.04932736977934837,-0.04932736977934837,-0.09192829579114914,-0.07174888998270035,-0.04932736977934837,-0.05532736977934837,gap_stop,0,1,39,2025-07-01
2025-07-31,8431,41.79999923706055,0.536729374804151,1,0.09330147504806519,0.09808617830276489,0.03110046125948429,0.033492859452962875,0.03,0.024,gap_take_profit,1,0,39,2025-07-01
2025-07-31,8089,35.815765380859375,0.5263753262846053,1,0.030048009008169174,0.039663419127464294,0.007211577612906694,0.033653825521469116,0.03,0.024,gap_take_profit,1,0,39,2025-07-01
2025-07-31,5371,81.5999984741211,0.5258101094350142,1,0.04779413715004921,0.09681374579668045,0.037990178912878036,0.04044121503829956,0.03,0.024,gap_take_profit,1,0,39,2025-07-01
2025-07-31,6239,126.0,0.519727214124742,0,-0.02380952425301075,-0.01984127052128315,-0.0396825410425663,-0.02777777798473835,-0.02380952425301075,-0.029809524253010748,gap_stop,0,1,39,2025-07-01
2025-07-31,2538,12.600000381469727,0.5139778624015027,0,-0.011904806829988956,-0.007936538197100163,-0.015873076394200325,-0.015873076394200325,-0.015873076394200325,-0.021873076394200323,close,0,0,39,2025-07-01
2025-07-31,8234,109.5,0.5118595993874144,0,-0.027397260069847107,0.027397260069847107,-0.031963471323251724,-0.013698630034923553,-0.027397260069847107,-0.033397260069847105,gap_stop,0,1,39,2025-07-01
2025-07-31,8045,106.5,0.508522676287913,1,0.061032865196466446,0.061032865196466446,0.014084506779909134,0.0422535203397274,0.03,0.024,gap_take_profit,1,0,39,2025-07-01
2025-08-01,1563,51.90265655517578,0.44852885227425454,1,-0.011049636639654636,0.011049826629459858,-0.01657448522746563,0.009208164177834988,0.009208164177834988,0.0032081641778349875,close,0,0,40,2025-08-01
2025-08-01,2025,11.699999809265137,0.44852885227425454,0,0.008547041565179825,0.008547041565179825,-0.047008562833070755,-0.017094001173973083,-0.02,-0.026000000000000002,stop_loss,0,1,40,2025-08-01
2025-08-01,2258,41.099998474121094,0.44852885227425454,1,-0.017031555995345116,0.03527982532978058,-0.017031555995345116,0.026764046400785446,0.03,0.024,take_profit,1,0,40,2025-08-01
2025-08-01,2646,25.75,0.44852885227425454,1,-0.003883509896695614,0.009708737954497337,-0.009708737954497337,0.003883509896695614,0.003883509896695614,-0.0021164901033043863,close,0,0,40,2025-08-01
2025-08-01,3135,35.849998474121094,0.44852885227425454,0,0.0,0.0,-0.016736360266804695,-0.005578715819865465,-0.005578715819865465,-0.011578715819865465,close,0,0,40,2025-08-01
2025-08-01,4949,45.04999923706055,0.44852885227425454,1,-0.009988917969167233,0.005549389868974686,-0.025527141988277435,0.001109860953874886,-0.02,-0.026000000000000002,stop_loss,0,1,40,2025-08-01
2025-08-01,6423,90.0,0.44852885227425454,0,-0.011111111380159855,0.0,-0.011111111380159855,0.0,0.0,-0.006,close,0,0,40,2025-08-01
2025-08-01,6472,689.2864379882812,0.44852885227425454,1,0.001035218359902501,0.024247629567980766,0.001035218359902501,0.012641423381865025,0.012641423381865025,0.0066414233818650244,close,0,0,40,2025-08-01
2025-08-01,6526,551.0,0.44852885227425454,0,-0.005444645881652832,-0.005444645881652832,-0.030852993950247765,-0.025408348068594933,-0.02,-0.026000000000000002,stop_loss,0,1,40,2025-08-01
2025-08-01,6589,63.099998474121094,0.44852885227425454,0,-0.007923930883407593,0.006339168641716242,-0.02377179078757763,0.0,-0.02,-0.026000000000000002,stop_loss,0,1,40,2025-08-01
2025-08-01,6657,56.5,0.44852885227425454,1,-0.008849557489156723,0.017699114978313446,-0.008849557489156723,0.003539836499840021,0.003539836499840021,-0.002460163500159979,close,0,0,40,2025-08-01
2025-08-01,6658,70.30000305175781,0.44852885227425454,1,-0.015647312626242638,0.03556187450885773,-0.015647312626242638,0.01991456374526024,0.03,0.024,take_profit,1,0,40,2025-08-01
2025-08-01,6757,85.4000015258789,0.44852885227425454,1,-0.0011709423270076513,0.003512826981022954,-0.010538659058511257,0.003512826981022954,0.003512826981022954,-0.002487173018977046,close,0,0,40,2025-08-01
2025-08-01,6805,909.02099609375,0.44852885227425454,1,-0.005458529572933912,0.029475968331098557,-0.007641935255378485,0.014192125760018826,0.014192125760018826,0.008192125760018825,close,0,0,40,2025-08-01
2025-08-01,6838,31.0,0.44852885227425454,1,-0.0032258187420666218,0.025806427001953125,-0.01935485191643238,0.017741911113262177,0.017741911113262177,0.011741911113262176,close,0,0,40,2025-08-01
2025-08-01,6885,30.399999618530273,0.44852885227425454,1,-0.008223684504628181,0.032894738018512726,-0.011513170786201954,0.026315826922655106,0.03,0.024,take_profit,1,0,40,2025-08-01
2025-08-01,6901,19.799999237060547,0.44852885227425454,1,-0.007575738709419966,0.005050524603575468,-0.015151477418839931,0.0025253104977309704,0.0025253104977309704,-0.0034746895022690297,close,0,0,40,2025-08-01
2025-08-01,6909,46.349998474121094,0.44852885227425454,1,-0.0032361967023462057,0.016181230545043945,-0.015102415345609188,0.012945033609867096,0.012945033609867096,0.006945033609867096,close,0,0,40,2025-08-01
2025-08-01,6919,121.0,0.44852885227425454,1,-0.00413223123177886,0.03719008341431618,-0.01652892492711544,0.012396694160997868,0.03,0.024,take_profit,1,0,40,2025-08-01
2025-08-01,6923,96.69999694824219,0.44852885227425454,1,-0.012409483082592487,0.03929682821035385,-0.012409483082592487,0.0155118927359581,0.03,0.024,take_profit,1,0,40,2025-08-01
2025-08-04,1101,24.149999618530273,0.45667699223507496,1,0.002070440910756588,0.016563130542635918,0.0,0.012422407977283001,0.012422407977283001,0.006422407977283001,close,0,0,40,2025-08-01
2025-08-04,1102,40.5,0.45667699223507496,0,0.0012345490977168083,0.007407388649880886,-0.008641937747597694,-0.008641937747597694,-0.008641937747597694,-0.014641937747597695,close,0,0,40,2025-08-01
2025-08-04,1103,13.850000381469727,0.45667699223507496,0,-0.0036101220175623894,0.007220175117254257,-0.0036101220175623894,0.0,0.0,-0.006,close,0,0,40,2025-08-01
2025-08-04,1104,26.799999237060547,0.45667699223507496,0,-0.003731286386027932,0.005597072187811136,-0.003731286386027932,0.0,0.0,-0.006,close,0,0,40,2025-08-01
2025-08-04,1110,18.0,0.45667699223507496,1,-0.0027777354698628187,0.011111153289675713,-0.005555576644837856,0.0027777354698628187,0.0027777354698628187,-0.0032222645301371814,close,0,0,40,2025-08-01
2025-08-04,1201,15.850000381469727,0.45667699223507496,0,-0.0031545860692858696,0.0063091120682656765,-0.0031545860692858696,0.0,0.0,-0.006,close,0,0,40,2025-08-01
2025-08-04,1210,58.939144134521484,0.45667699223507496,1,0.003236294025555253,0.011326909065246582,3.56762548392453e-08,0.004854392725974321,0.004854392725974321,-0.0011456072740256788,close,0,0,40,2025-08-01
2025-08-04,1215,118.5,0.45667699223507496,1,0.012658228166401386,0.016877636313438416,0.0,0.008438818156719208,0.008438818156719208,0.0024388181567192076,close,0,0,40,2025-08-01
2025-08-04,1216,80.0,0.45667699223507496,0,-0.0024999617598950863,0.005000018980354071,-0.007499980740249157,-0.0024999617598950863,-0.0024999617598950863,-0.008499961759895086,close,0,0,40,2025-08-01
2025-08-04,1217,10.649999618530273,0.45667699223507496,0,0.0,0.009389707818627357,0.0,0.0,0.0,-0.006,close,0,0,40,2025-08-01
2025-08-04,1218,18.950000762939453,0.45667699223507496,0,-0.0052770646288990974,0.0026384820230305195,-0.0052770646288990974,-0.002638582605868578,-0.002638582605868578,-0.008638582605868578,close,0,0,40,2025-08-01
2025-08-04,1219,14.399999618530273,0.45667699223507496,0,-0.0034721693955361843,0.003472235519438982,-0.0034721693955361843,0.0,0.0,-0.006,close,0,0,40,2025-08-01
2025-08-04,1225,31.799999237060547,0.45667699223507496,1,0.012578664347529411,0.0408804789185524,-0.003144606249406934,0.015723271295428276,0.03,0.024,take_profit,1,0,40,2025-08-01
2025-08-04,1227,31.850000381469727,0.45667699223507496,1,0.0,0.00313972937874496,-0.0015698946081101894,0.0015698347706347704,0.0015698347706347704,-0.00443016522936523,close,0,0,40,2025-08-01
2025-08-04,1229,45.29999923706055,0.45667699223507496,1,0.00220755604095757,0.02097131870687008,-0.0022074717562645674,0.018763847649097443,0.018763847649097443,0.012763847649097443,close,0,0,40,2025-08-01
2025-08-04,1231,127.57118225097656,0.45667699223507496,1,-0.0035211429931223392,0.024647783488035202,-0.0035211429931223392,0.014084435999393463,0.014084435999393463,0.008084435999393463,close,0,0,40,2025-08-01
2025-08-04,1301,37.849998474121094,0.45667699223507496,0,0.010568072088062763,0.014531124383211136,-0.015852008014917374,-0.010567971505224705,-0.010567971505224705,-0.016567971505224703,close,0,0,40,2025-08-01
2025-08-04,1303,37.650001525878906,0.45667699223507496,0,0.018592216074466705,0.030544426292181015,-0.027888525277376175,-0.02257642149925232,-0.02,-0.026000000000000002,ambiguous_stop_loss,1,1,40,2025-08-01
2025-08-04,1304,10.149999618530273,0.45667699223507496,0,0.009852254763245583,0.014778382144868374,-0.009852160699665546,-0.004926033318042755,-0.004926033318042755,-0.010926033318042755,close,0,0,40,2025-08-01
2025-08-04,1305,10.899999618530273,0.45667699223507496,0,0.009174346923828125,0.01834869384765625,-0.009174259379506111,0.0,0.0,-0.006,close,0,0,40,2025-08-01
2025-08-05,1101,24.450000762939453,0.4477104646764201,0,0.0,0.0020449585281312466,-0.006135031580924988,-0.0040899948216974735,-0.0040899948216974735,-0.010089994821697474,close,0,0,40,2025-08-01
2025-08-05,1102,40.150001525878906,0.4477104646764201,1,0.008717271499335766,0.008717271499335766,-0.0012454059906303883,0.006226649973541498,0.006226649973541498,0.00022664997354149806,close,0,0,40,2025-08-01
2025-08-05,1103,13.850000381469727,0.4477104646764201,1,0.0,0.010830297134816647,-0.0036101220175623894,0.003610053099691868,0.003610053099691868,-0.0023899469003081323,close,0,0,40,2025-08-01
2025-08-05,1104,26.799999237060547,0.4477104646764201,0,0.0,0.005597072187811136,0.0,0.0,0.0,-0.006,close,0,0,40,2025-08-01
2025-08-05,1110,18.049999237060547,0.4477104646764201,1,0.0027701465878635645,0.008310333825647831,-0.0083102285861969,0.00554018747061491,0.00554018747061491,-0.00045981252938509,close,0,0,40,2025-08-01
2025-08-05,1201,15.850000381469727,0.4477104646764201,0,0.0,0.0063091120682656765,-0.009463758207857609,-0.0031545860692858696,-0.0031545860692858696,-0.00915458606928587,close,0,0,40,2025-08-01
2025-08-05,1210,59.225257873535156,0.4477104646764201,0,-3.56762548392453e-08,0.0016103071393445134,-0.009661846794188023,-0.004830941092222929,-0.004830941092222929,-0.010830941092222929,close,0,0,40,2025-08-01
2025-08-05,1215,119.5,0.4477104646764201,1,0.0,0.012552301399409771,-0.0041841003112494946,0.0041841003112494946,0.0041841003112494946,-0.0018158996887505056,close,0,0,40,2025-08-01
2025-08-05,1216,79.80000305175781,0.4477104646764201,0,0.0,0.0,-0.010025100782513618,-0.008771986700594425,-0.008771986700594425,-0.014771986700594425,close,0,0,40,2025-08-01
2025-08-05,1217,10.649999618530273,0.4477104646764201,1,0.004694853909313679,0.009389707818627357,0.004694853909313679,0.004694853909313679,0.004694853909313679,-0.0013051460906863214,close,0,0,40,2025-08-01
2025-08-05,1218,18.899999618530273,0.4477104646764201,1,0.0,0.007936487905681133,0.0,0.005291025619953871,0.005291025619953871,-0.0007089743800461294,close,0,0,40,2025-08-01
2025-08-05,1219,14.399999618530273,0.4477104646764201,0,0.0,0.0,-0.02083328180015087,-0.006944404914975166,-0.02,-0.026000000000000002,stop_loss,0,1,40,2025-08-01
2025-08-05,1225,32.29999923706055,0.4477104646764201,0,-0.00619197404012084,0.0,-0.015479876659810543,0.0,0.0,-0.006,close,0,0,40,2025-08-01
2025-08-05,1227,31.899999618530273,0.4477104646764201,1,0.0,0.007837050594389439,-0.0031348082702606916,0.0015674340538680553,0.0015674340538680553,-0.004432565946131945,close,0,0,40,2025-08-01
2025-08-05,1229,46.150001525878906,0.4477104646764201,1,-0.0032503039110451937,0.010834235697984695,-0.007584014907479286,0.007583932019770145,0.007583932019770145,0.0015839320197701453,close,0,0,40,2025-08-01
2025-08-05,1231,129.36795043945312,0.4477104646764201,1,0.01388880517333746,0.0625,0.01041659340262413,0.03819440305233002,0.03,0.024,take_profit,1,0,40,2025-08-01
2025-08-05,1301,37.45000076293945,0.4477104646764201,1,0.0,0.04405868425965309,-0.004005380906164646,0.02536717616021633,0.03,0.024,take_profit,1,0,40,2025-08-01
2025-08-05,1303,36.79999923706055,0.4477104646764201,1,0.002717453520745039,0.03940219432115555,-0.008152153342962265,0.01358695700764656,0.03,0.024,take_profit,1,0,40,2025-08-01
2025-08-05,1304,10.100000381469727,0.4477104646764201,1,0.0,0.03465340659022331,0.0,0.01980196125805378,0.03,0.024,take_profit,1,0,40,2025-08-01
2025-08-05,1305,10.899999618530273,0.4477104646764201,1,0.0,0.03211012855172157,0.0,0.01834869384765625,0.03,0.024,take_profit,1,0,40,2025-08-01
2025-08-06,1101,24.350000381469727,0.4447943072625434,0,0.0020533567294478416,0.006160148419439793,-0.0020534349605441093,-0.0020534349605441093,-0.0020534349605441093,-0.00805343496054411,close,0,0,40,2025-08-01
2025-08-06,1102,40.400001525878906,0.4447943072625434,0,0.0,0.0012376048834994435,-0.007425817660987377,0.0,0.0,-0.006,close,0,0,40,2025-08-01
2025-08-06,1103,13.899999618530273,0.4447943072625434,1,0.0,0.007194272242486477,-0.0035970674362033606,0.0035971361212432384,0.0035971361212432384,-0.0024028638787567617,close,0,0,40,2025-08-01
2025-08-06,1104,26.799999237060547,0.4447943072625434,0,-0.001865643193013966,0.0037313576322048903,-0.005597000941634178,-0.001865643193013966,-0.001865643193013966,-0.007865643193013966,close,0,0,40,2025-08-01
2025-08-06,1110,18.149999618530273,0.4447943072625434,1,0.002754884073510766,0.008264441974461079,-0.002754779066890478,0.002754884073510766,0.002754884073510766,-0.003245115926489234,close,0,0,40,2025-08-01
2025-08-06,1201,15.800000190734863,0.4447943072625434,0,-0.003164568915963173,0.003164568915963173,-0.003164568915963173,0.0,0.0,-0.006,close,0,0,40,2025-08-01
2025-08-06,1210,58.939144134521484,0.4447943072625434,0,0.03236248344182968,0.03236248344182968,-0.016181208193302155,-0.011326851323246956,0.03,0.024,gap_take_profit,1,0,40,2025-08-01
2025-08-06,1215,120.0,0.4447943072625434,0,0.0,0.004166666883975267,-0.02083333395421505,-0.008333333767950535,-0.02,-0.026000000000000002,stop_loss,0,1,40,2025-08-01
2025-08-06,1216,79.0999984741211,0.4447943072625434,0,0.0025285028386861086,0.00884961523115635,-0.002528406446799636,0.0,0.0,-0.006,close,0,0,40,2025-08-01
2025-08-06,1217,10.699999809265137,0.4447943072625434,1,0.004672915209084749,0.004672915209084749,-0.004672915209084749,0.004672915209084749,0.004672915209084749,-0.001327084790915251,close,0,0,40,2025-08-01
2025-08-06,1218,19.0,0.4447943072625434,0,0.0,0.0,-0.007894717156887054,0.0,0.0,-0.006,close,0,0,40,2025-08-01
2025-08-06,1219,14.300000190734863,0.4447943072625434,0,-0.003496516728773713,0.0,-0.010489550419151783,-0.010489550419151783,-0.010489550419151783,-0.01648955041915178,close,0,0,40,2025-08-01
2025-08-06,1225,32.29999923706055,0.4447943072625434,0,0.00619197404012084,0.015479876659810543,-0.015479876659810543,-0.009287902154028416,-0.009287902154028416,-0.015287902154028416,close,0,0,40,2025-08-01
2025-08-06,1227,31.950000762939453,0.4447943072625434,0,0.0,0.0,-0.007824726402759552,-0.006259804591536522,-0.006259804591536522,-0.012259804591536522,close,0,0,40,2025-08-01
2025-08-06,1229,46.5,0.4447943072625434,0,0.0,0.004301091656088829,-0.01075268816202879,-0.009677436202764511,-0.009677436202764511,-0.01567743620276451,close,0,0,40,2025-08-01
2025-08-06,1231,134.30908203125,0.4447943072625434,1,0.01672249846160412,0.033444855362176895,0.006688972003757954,0.0301003847271204,0.03,0.024,take_profit,1,0,40,2025-08-01
2025-08-06,1301,38.400001525878906,0.4447943072625434,0,0.0,0.014322896488010883,-0.00911464262753725,-0.005208353046327829,-0.005208353046327829,-0.01120835304632783,close,0,0,40,2025-08-01
2025-08-06,1303,37.29999923706055,0.4447943072625434,0,0.005361950956285,0.01072390191257,-0.012064363807439804,-0.004021386615931988,-0.004021386615931988,-0.010021386615931988,close,0,0,40,2025-08-01
2025-08-06,1304,10.300000190734863,0.4447943072625434,1,0.00970868207514286,0.014563069678843021,-0.004854387138038874,0.004854387138038874,0.004854387138038874,-0.0011456128619611265,close,0,0,40,2025-08-01
2025-08-06,1305,11.100000381469727,0.4447943072625434,0,0.0,0.00900895707309246,-0.004504521377384663,-0.004504521377384663,-0.004504521377384663,-0.010504521377384663,close,0,0,40,2025-08-01
2025-08-07,1101,24.299999237060547,0.46122274687152176,1,0.0020576603710651398,0.010288066230714321,-0.0020575819071382284,0.0020576603710651398,0.0020576603710651398,-0.00394233962893486,close,0,0,40,2025-08-01
2025-08-07,1102,40.400001525878906,0.46122274687152176,0,-0.006188118364661932,-0.002475304063409567,-0.00990102719515562,-0.002475304063409567,-0.002475304063409567,-0.008475304063409567,close,0,0,40,2025-08-01
2025-08-07,1103,13.949999809265137,0.46122274687152176,0,-0.007168417796492577,-0.0035842431243509054,-0.007168417796492577,-0.0035842431243509054,-0.0035842431243509054,-0.009584243124350906,close,0,0,40,2025-08-01
2025-08-07,1104,26.75,0.46122274687152176,1,-0.003738332074135542,0.003738332074135542,-0.003738332074135542,0.001869130413979292,0.001869130413979292,-0.004130869586020708,close,0,0,40,2025-08-01
2025-08-07,1110,18.200000762939453,0.46122274687152176,1,-0.0027473154477775097,0.005494421347975731,-0.0027473154477775097,0.0027472106739878654,0.0027472106739878654,-0.0032527893260121347,close,0,0,40,2025-08-01
2025-08-07,1201,15.800000190734863,0.46122274687152176,0,0.0,0.0,-0.009493706747889519,-0.009493706747889519,-0.009493706747889519,-0.015493706747889519,close,0,0,40,2025-08-01
2025-08-07,1210,58.271549224853516,0.46122274687152176,0,-0.004660065285861492,-0.0029439881909638643,-0.02525331825017929,-0.020105021074414253,-0.02,-0.026000000000000002,stop_loss,0,1,40,2025-08-01
2025-08-07,1215,119.0,0.46122274687152176,0,0.0,0.008403361774981022,-0.008403361774981022,-0.004201680887490511,-0.004201680887490511,-0.010201680887490511,close,0,0,40,2025-08-01
2025-08-07,1216,79.0999984741211,0.46122274687152176,0,-0.0037926097866147757,0.0,-0.016434835270047188,-0.011378021910786629,-0.011378021910786629,-0.017378021910786627,close,0,0,40,2025-08-01
2025-08-07,1217,10.75,0.46122274687152176,0,-0.0046511804684996605,0.0046511804684996605,-0.0046511804684996605,-0.0046511804684996605,-0.0046511804684996605,-0.01065118046849966,close,0,0,40,2025-08-01
2025-08-07,1218,19.0,0.46122274687152176,1,0.0,0.005263178143650293,-0.0026315387804061174,0.005263178143650293,0.005263178143650293,-0.0007368218563497068,close,0,0,40,2025-08-01
2025-08-07,1219,14.149999618530273,0.46122274687152176,0,-0.0035335151478648186,0.007067164871841669,-0.010600680485367775,0.0,0.0,-0.006,close,0,0,40,2025-08-01
2025-08-07,1225,32.0,0.46122274687152176,1,-0.003125011920928955,0.0078125,-0.0078125,0.00625002384185791,0.00625002384185791,0.00025002384185791003,close,0,0,40,2025-08-01
2025-08-07,1227,31.75,0.46122274687152176,0,-0.004724397324025631,-0.004724397324025631,-0.015748031437397003,-0.011023634113371372,-0.011023634113371372,-0.01702363411337137,close,0,0,40,2025-08-01
2025-08-07,1229,46.04999923706055,0.46122274687152176,0,0.0032573621720075607,0.007600483950227499,-0.009772003628313541,-0.0021715194452553988,-0.0021715194452553988,-0.008171519445255399,close,0,0,40,2025-08-01
2025-08-07,1231,138.35183715820312,0.46122274687152176,0,-0.006493445951491594,-0.0032467027194797993,-0.03896098956465721,-0.035714246332645416,-0.02,-0.026000000000000002,stop_loss,0,1,40,2025-08-01
2025-08-07,1301,38.20000076293945,0.46122274687152176,0,-0.0013088805135339499,0.0013088805135339499,-0.020942388102412224,-0.017015745863318443,-0.02,-0.026000000000000002,stop_loss,0,1,40,2025-08-01
2025-08-07,1303,37.150001525878906,0.46122274687152176,0,0.001345874392427504,0.005383497569710016,-0.025572024285793304,-0.009421326220035553,-0.02,-0.026000000000000002,stop_loss,0,1,40,2025-08-01
2025-08-07,1304,10.350000381469727,0.46122274687152176,0,-0.009661871939897537,0.004830843769013882,-0.019323743879795074,-0.009661871939897537,-0.009661871939897537,-0.015661871939897536,close,0,0,40,2025-08-01
2025-08-07,1305,11.050000190734863,0.46122274687152176,0,-0.00452490383759141,0.0,-0.013574711978435516,-0.00904980767518282,-0.00904980767518282,-0.01504980767518282,close,0,0,40,2025-08-01
2025-08-08,1101,24.350000381469727,0.45667699223507496,1,0.0,0.022587237879633904,-0.006160148419439793,0.010266940109431744,0.010266940109431744,0.0042669401094317435,close,0,0,40,2025-08-01
2025-08-08,1102,40.29999923706055,0.45667699223507496,0,-0.001240675919689238,-0.001240675919689238,-0.0223324503749609,-0.01861042156815529,-0.02,-0.026000000000000002,stop_loss,0,1,40,2025-08-01
2025-08-08,1103,13.899999618530273,0.45667699223507496,0,-0.0035970674362033606,0.0035971361212432384,-0.014388475567102432,-0.007194203790277243,-0.007194203790277243,-0.013194203790277243,close,0,0,40,2025-08-01
2025-08-08,1104,26.799999237060547,0.45667699223507496,0,-0.001865643193013966,0.0,-0.007462644018232822,-0.001865643193013966,-0.001865643193013966,-0.007865643193013966,close,0,0,40,2025-08-01
2025-08-08,1110,18.25,0.45667699223507496,0,-0.005479473154991865,0.008219157345592976,-0.01095894630998373,-0.0027396841906011105,-0.0027396841906011105,-0.00873968419060111,close,0,0,40,2025-08-01
2025-08-08,1201,15.649999618530273,0.45667699223507496,0,-0.003194839460775256,0.0031949004624038935,-0.01277954038232565,-0.0095846401527524,-0.0095846401527524,-0.0155846401527524,close,0,0,40,2025-08-01
2025-08-08,1210,57.099998474121094,0.45667699223507496,0,-0.0017512867925688624,-0.0017512867925688624,-0.049036767333745956,-0.0367775559425354,-0.02,-0.026000000000000002,stop_loss,0,1,40,2025-08-01
2025-08-08,1215,118.5,0.45667699223507496,1,0.004219409078359604,0.016877636313438416,0.004219409078359604,0.016877636313438416,0.016877636313438416,0.010877636313438415,close,0,0,40,2025-08-01
2025-08-08,1216,78.19999694824219,0.45667699223507496,0,0.0,0.0,-0.011508873663842678,-0.00511501170694828,-0.00511501170694828,-0.01111501170694828,close,0,0,40,2025-08-01
2025-08-08,1217,10.699999809265137,0.45667699223507496,1,0.0,0.004672915209084749,0.0,0.004672915209084749,0.004672915209084749,-0.001327084790915251,close,0,0,40,2025-08-01
2025-08-08,1218,19.100000381469727,0.45667699223507496,0,0.0,0.0,-0.013089004904031754,-0.005235622171312571,-0.005235622171312571,-0.01123562217131257,close,0,0,40,2025-08-01
2025-08-08,1219,14.149999618530273,0.45667699223507496,0,-0.0070670973509550095,-0.0070670973509550095,-0.017667844891548157,-0.010600680485367775,-0.010600680485367775,-0.016600680485367773,close,0,0,40,2025-08-01
2025-08-08,1225,32.20000076293945,0.45667699223507496,0,-0.007763974834233522,0.0,-0.027950357645750046,-0.0015527713112533092,-0.02,-0.026000000000000002,stop_loss,0,1,40,2025-08-01
2025-08-08,1227,31.399999618530273,0.45667699223507496,0,0.0,0.0,-0.022292956709861755,-0.01751589961349964,-0.02,-0.026000000000000002,stop_loss,0,1,40,2025-08-01
2025-08-08,1229,45.95000076293945,0.45667699223507496,0,0.0010881226044148207,0.0010881226044148207,-0.016322089359164238,-0.015233966521918774,-0.015233966521918774,-0.021233966521918772,close,0,0,40,2025-08-01
2025-08-08,1231,133.41070556640625,0.45667699223507496,0,7.445161820385238e-09,7.445161820385238e-09,-0.03367003798484802,-0.03367003798484802,-0.02,-0.026000000000000002,stop_loss,0,1,40,2025-08-01
2025-08-08,1301,37.54999923706055,0.45667699223507496,1,-0.015978654846549034,0.025299621745944023,-0.03062577173113823,0.023968083783984184,-0.02,-0.026000000000000002,stop_loss,0,1,40,2025-08-01
2025-08-08,1303,36.79999923706055,0.45667699223507496,1,-0.008152153342962265,0.09239134937524796,-0.021739110350608826,0.0828804150223732,-0.02,-0.026000000000000002,ambiguous_stop_loss,1,1,40,2025-08-01
2025-08-08,1304,10.25,0.45667699223507496,0,0.0,0.009756134822964668,-0.019512176513671875,0.0,0.0,-0.006,close,0,0,40,2025-08-01
2025-08-08,1305,10.949999809265137,0.45667699223507496,0,-0.004566227551549673,0.004566227551549673,-0.01826482266187668,-0.004566227551549673,-0.004566227551549673,-0.010566227551549673,close,0,0,40,2025-08-01
2025-08-11,1101,24.600000381469727,0.45364529013022087,1,0.0,0.022357692942023277,-0.0020325668156147003,0.0060975453816354275,0.0060975453816354275,9.754538163542735e-05,close,0,0,40,2025-08-01
2025-08-11,1102,39.54999923706055,0.45364529013022087,0,-0.002528406446799636,0.0037927061785012484,-0.010113722644746304,-0.006321112625300884,-0.006321112625300884,-0.012321112625300884,close,0,0,40,2025-08-01
2025-08-11,1103,13.800000190734863,0.45364529013022087,0,-0.00362320221029222,-0.00362320221029222,-0.010869606398046017,-0.00724640442058444,-0.00724640442058444,-0.01324640442058444,close,0,0,40,2025-08-01
2025-08-11,1104,26.75,0.45364529013022087,1,-0.003738332074135542,0.003738332074135542,-0.003738332074135542,0.001869130413979292,0.001869130413979292,-0.004130869586020708,close,0,0,40,2025-08-01
2025-08-11,1110,18.200000762939453,0.45364529013022087,1,-0.0027473154477775097,0.005494421347975731,-0.0219781044870615,0.005494421347975731,-0.02,-0.026000000000000002,stop_loss,0,1,40,2025-08-01
2025-08-11,1201,15.5,0.45364529013022087,0,0.0,0.0064516374841332436,-0.0032258187420666218,0.0,0.0,-0.006,close,0,0,40,2025-08-01
2025-08-11,1210,55.0,0.45364529013022087,0,-0.012727286666631699,0.0,-0.016363663598895073,-0.00909090880304575,-0.00909090880304575,-0.01509090880304575,close,0,0,40,2025-08-01
2025-08-11,1215,120.5,0.45364529013022087,1,0.0456431545317173,0.062240663915872574,0.029045643284916878,0.0456431545317173,0.03,0.024,gap_take_profit,1,0,40,2025-08-01
2025-08-11,1216,77.80000305175781,0.45364529013022087,0,0.002570654731243849,0.005141309462487698,-0.002570752752944827,0.0,0.0,-0.006,close,0,0,40,2025-08-01
2025-08-11,1217,10.75,0.45364529013022087,0,-0.0046511804684996605,0.0046511804684996605,-0.0046511804684996605,0.0,0.0,-0.006,close,0,0,40,2025-08-01
2025-08-11,1218,19.0,0.45364529013022087,1,0.0,0.007894717156887054,-0.005263178143650293,0.005263178143650293,0.005263178143650293,-0.0007368218563497068,close,0,0,40,2025-08-01
2025-08-11,1219,14.0,0.45364529013022087,0,0.0,0.0,-0.014285700395703316,-0.007142884191125631,-0.007142884191125631,-0.013142884191125631,close,0,0,40,2025-08-01
2025-08-11,1225,32.150001525878906,0.45364529013022087,0,-0.01244172640144825,0.0015551861142739654,-0.02021777629852295,-0.0077761085703969,-0.02,-0.026000000000000002,stop_loss,0,1,40,2025-08-01
2025-08-11,1227,30.850000381469727,0.45364529013022087,0,-0.0032415033783763647,-0.0032415033783763647,-0.021069679409265518,-0.014586734585464,-0.02,-0.026000000000000002,stop_loss,0,1,40,2025-08-01
2025-08-11,1229,45.25,0.45364529013022087,0,0.0011049555614590645,0.005524862091988325,-0.01215467881411314,-0.007734772749245167,-0.007734772749245167,-0.013734772749245167,close,0,0,40,2025-08-01
2025-08-11,1231,128.91876220703125,0.45364529013022087,0,0.006968573667109013,0.006968573667109013,-0.006968665402382612,-0.006968665402382612,-0.006968665402382612,-0.012968665402382612,close,0,0,40,2025-08-01
2025-08-11,1301,38.45000076293945,0.45364529013022087,1,0.014304270967841148,0.06241866573691368,0.00910269096493721,0.03250975161790848,0.03,0.024,take_profit,1,0,40,2025-08-01
2025-08-11,1303,39.849998474121094,0.45364529013022087,1,0.0200753603130579,0.06273525953292847,0.013801833614706993,0.03889593854546547,0.03,0.024,take_profit,1,0,40,2025-08-01
2025-08-11,1304,10.25,0.45364529013022087,1,0.004878067411482334,0.06829266250133514,0.004878067411482334,0.06341459602117538,0.03,0.024,take_profit,1,0,40,2025-08-01
2025-08-11,1305,10.899999618530273,0.45364529013022087,1,0.009174346923828125,0.05963308364152908,0.0045871734619140625,0.0458715595304966,0.03,0.024,take_profit,1,0,40,2025-08-01
2025-08-12,1101,24.75,0.4481095483009806,0,0.0,0.0,0.0,0.0,0.0,-0.006,close,0,0,40,2025-08-01
2025-08-12,1102,39.29999923706055,0.4481095483009806,1,0.007633568719029427,0.007633568719029427,-0.0038167356979101896,0.005089078098535538,0.005089078098535538,-0.0009109219014644624,close,0,0,40,2025-08-01
2025-08-12,1103,13.699999809265137,0.4481095483009806,0,0.0,0.007299297954887152,-0.003649648977443576,0.0,0.0,-0.006,close,0,0,40,2025-08-01
2025-08-12,1104,26.799999237060547,0.4481095483009806,1,0.005597072187811136,0.0074627152644097805,0.0037313576322048903,0.0074627152644097805,0.0074627152644097805,0.0014627152644097804,close,0,0,40,2025-08-01
2025-08-12,1110,18.299999237060547,0.4481095483009806,0,-0.005464397836476564,-0.005464397836476564,-0.024590102955698967,-0.024590102955698967,-0.02,-0.026000000000000002,stop_loss,0,1,40,2025-08-01
2025-08-12,1201,15.5,0.4481095483009806,1,0.0,0.012903213500976562,0.0,0.0064516374841332436,0.0064516374841332436,0.00045163748413324344,close,0,0,40,2025-08-01
2025-08-12,1210,54.5,0.4481095483009806,0,0.001834834343753755,0.005504573229700327,-0.00366973876953125,-0.001834834343753755,-0.001834834343753755,-0.007834834343753755,close,0,0,40,2025-08-01
2025-08-12,1215,126.0,0.4481095483009806,1,0.007936508394777775,0.011904762126505375,-0.007936508394777775,0.007936508394777775,0.007936508394777775,0.0019365083947777747,close,0,0,40,2025-08-01
2025-08-12,1216,77.80000305175781,0.4481095483009806,0,0.007712062448263168,0.007712062448263168,-0.007712160237133503,-0.002570752752944827,-0.002570752752944827,-0.008570752752944827,close,0,0,40,2025-08-01
2025-08-12,1217,10.75,0.4481095483009806,1,0.0046511804684996605,0.013953452929854393,0.0,0.0046511804684996605,0.0046511804684996605,-0.0013488195315003396,close,0,0,40,2025-08-01
2025-08-12,1218,19.100000381469727,0.4481095483009806,0,0.0,0.0,-0.01570686511695385,-0.013089004904031754,-0.013089004904031754,-0.019089004904031752,close,0,0,40,2025-08-01
2025-08-12,1219,13.899999618530273,0.4481095483009806,0,0.0035971361212432384,0.0035971361212432384,-0.007194203790277243,-0.0035970674362033606,-0.0035970674362033606,-0.00959706743620336,close,0,0,40,2025-08-01
2025-08-12,1225,31.899999618530273,0.4481095483009806,0,0.0031348082702606916,0.0031348082702606916,-0.021943537518382072,-0.018808789551258087,-0.02,-0.026000000000000002,stop_loss,0,1,40,2025-08-01
2025-08-12,1227,30.399999618530273,0.4481095483009806,0,0.0,0.004934198223054409,-0.004934198223054409,-0.001644711708649993,-0.001644711708649993,-0.007644711708649993,close,0,0,40,2025-08-01
2025-08-12,1229,44.900001525878906,0.4481095483009806,1,0.004454274661839008,0.008908635005354881,0.0,0.00668149720877409,0.00668149720877409,0.0006814972087740897,close,0,0,40,2025-08-01
2025-08-12,1231,128.02037048339844,0.4481095483009806,1,0.007017485797405243,0.010526246391236782,-0.0035087973810732365,0.0035087247379124165,0.0035087247379124165,-0.0024912752620875837,close,0,0,40,2025-08-01
2025-08-12,1301,39.70000076293945,0.4481095483009806,0,0.005037802271544933,0.026448342949151993,-0.013853885233402252,-0.010075604543089867,-0.010075604543089867,-0.016075604543089865,close,0,0,40,2025-08-01
2025-08-12,1303,41.400001525878906,0.4481095483009806,1,0.010869490914046764,0.06884054094552994,-0.006038647145032883,0.028985433280467987,0.03,0.024,take_profit,1,0,40,2025-08-01
2025-08-12,1304,10.899999618530273,0.4481095483009806,1,0.013761521317064762,0.02752295508980751,-0.009174259379506111,0.013761521317064762,0.013761521317064762,0.007761521317064762,close,0,0,40,2025-08-01
2025-08-12,1305,11.399999618530273,0.4481095483009806,0,0.01315794512629509,0.030701788142323494,-0.004385898355394602,0.0,0.03,0.024,take_profit,1,0,40,2025-08-01
2025-08-13,1101,24.75,0.45043010832345964,0,-0.07070706784725189,-0.03838386759161949,-0.08484850078821182,-0.03838386759161949,-0.07070706784725189,-0.0767070678472519,gap_stop,0,1,40,2025-08-01
2025-08-13,1102,39.5,0.45043010832345964,1,0.002531606936827302,0.007594917435199022,-0.005063310265541077,0.007594917435199022,0.007594917435199022,0.0015949174351990222,close,0,0,40,2025-08-01
2025-08-13,1103,13.699999809265137,0.45043010832345964,0,0.0,0.003649648977443576,-0.003649648977443576,-0.003649648977443576,-0.003649648977443576,-0.009649648977443576,close,0,0,40,2025-08-01
2025-08-13,1104,27.0,0.45043010832345964,1,0.005555541254580021,0.022222235798835754,0.005555541254580021,0.02037034183740616,0.02037034183740616,0.014370341837406158,close,0,0,40,2025-08-01
2025-08-13,1110,17.850000381469727,0.45043010832345964,1,0.0028010776732116938,0.008403339423239231,-0.008403339423239231,0.005602261982858181,0.005602261982858181,-0.0003977380171418191,close,0,0,40,2025-08-01
2025-08-13,1201,15.600000381469727,0.45043010832345964,1,0.006410219706594944,0.009615359827876091,0.0,0.009615359827876091,0.009615359827876091,0.003615359827876091,close,0,0,40,2025-08-01
2025-08-13,1210,54.400001525878906,0.45043010832345964,1,0.0018382072448730469,0.01286759041249752,0.0,0.009191175922751427,0.009191175922751427,0.0031911759227514266,close,0,0,40,2025-08-01
2025-08-13,1215,127.0,0.45043010832345964,0,0.003937007859349251,0.003937007859349251,-0.007874015718698502,0.0,0.0,-0.006,close,0,0,40,2025-08-01
2025-08-13,1216,77.5999984741211,0.45043010832345964,1,0.0038660187274217606,0.010309318080544472,0.0,0.007731939200311899,0.007731939200311899,0.001731939200311899,close,0,0,40,2025-08-01
2025-08-13,1217,10.800000190734863,0.45043010832345964,1,0.009259206242859364,0.032407354563474655,0.004629647359251976,0.027777794748544693,0.03,0.024,take_profit,1,0,40,2025-08-01
2025-08-13,1218,18.850000381469727,0.45043010832345964,1,0.0,0.007957539521157742,0.0,0.005305059719830751,0.005305059719830751,-0.0006949402801692487,close,0,0,40,2025-08-01
2025-08-13,1219,13.850000381469727,0.45043010832345964,1,0.0,0.010830297134816647,-0.0036101220175623894,0.010830297134816647,0.010830297134816647,0.0048302971348166465,close,0,0,40,2025-08-01
2025-08-13,1225,31.299999237060547,0.45043010832345964,0,0.0,0.006389800924807787,-0.0095846401527524,-0.0095846401527524,-0.0095846401527524,-0.0155846401527524,close,0,0,40,2025-08-01
2025-08-13,1227,30.350000381469727,0.45043010832345964,1,0.0032949054148048162,0.021416790783405304,0.0,0.011532137170433998,0.011532137170433998,0.005532137170433998,close,0,0,40,2025-08-01
2025-08-13,1229,45.20000076293945,0.45043010832345964,1,0.007743328809738159,0.027654867619276047,0.007743328809738159,0.021017715334892273,0.021017715334892273,0.015017715334892273,close,0,0,40,2025-08-01
2025-08-13,1231,128.4695587158203,0.45043010832345964,1,0.003496523480862379,0.03846156969666481,0.003496523480862379,0.03146858513355255,0.03,0.024,take_profit,1,0,40,2025-08-01
2025-08-13,1301,39.29999923706055,0.45043010832345964,0,0.010178156197071075,0.02290080301463604,-0.0012722451938316226,0.0,0.0,-0.006,close,0,0,40,2025-08-01
2025-08-13,1303,42.599998474121094,0.45043010832345964,0,0.023474179208278656,0.04460097476840019,-0.0328637957572937,-0.019953016191720963,-0.02,-0.026000000000000002,ambiguous_stop_loss,1,1,40,2025-08-01
2025-08-13,1304,11.050000190734863,0.45043010832345964,0,0.0,0.009049721993505955,-0.027149338275194168,-0.018099529668688774,-0.02,-0.026000000000000002,stop_loss,0,1,40,2025-08-01
2025-08-13,1305,11.399999618530273,0.45043010832345964,0,0.00877196341753006,0.01754392683506012,-0.004385898355394602,0.0,0.0,-0.006,close,0,0,40,2025-08-01
2025-08-14,1101,23.799999237060547,0.4570261269413393,0,-0.0042016166262328625,-0.0021008083131164312,-0.018907515332102776,-0.0042016166262328625,-0.0042016166262328625,-0.010201616626232863,close,0,0,40,2025-08-01
2025-08-14,1102,39.79999923706055,0.4570261269413393,0,0.0,0.0,-0.015075339004397392,-0.010050194337964058,-0.010050194337964058,-0.016050194337964056,close,0,0,40,2025-08-01
2025-08-14,1103,13.649999618530273,0.4570261269413393,1,0.0036630176473408937,0.0036630176473408937,-0.0036629477981477976,0.0036630176473408937,0.0036630176473408937,-0.0023369823526591064,close,0,0,40,2025-08-01
2025-08-14,1104,27.549999237060547,0.4570261269413393,1,0.0036297780461609364,0.014519112184643745,-0.0018148544477298856,0.010889333672821522,0.010889333672821522,0.004889333672821522,close,0,0,40,2025-08-01
2025-08-14,1110,17.950000762939453,0.4570261269413393,0,-0.005571051500737667,0.0,-0.011142103001475334,-0.0027855790685862303,-0.0027855790685862303,-0.00878557906858623,close,0,0,40,2025-08-01
2025-08-14,1201,15.75,0.4570261269413393,0,0.0031746153254061937,0.0031746153254061937,-0.009523785673081875,-0.009523785673081875,-0.009523785673081875,-0.015523785673081875,close,0,0,40,2025-08-01
2025-08-14,1210,54.900001525878906,0.4570261269413393,0,0.001821465790271759,0.003642931580543518,-0.014572003856301308,-0.010929003357887268,-0.010929003357887268,-0.016929003357887266,close,0,0,40,2025-08-01
2025-08-14,1215,127.0,0.4570261269413393,1,-0.003937007859349251,0.019685039296746254,-0.007874015718698502,0.011811023578047752,0.011811023578047752,0.005811023578047752,close,0,0,40,2025-08-01
2025-08-14,1216,78.19999694824219,0.4570261269413393,1,0.005115109030157328,0.0076727126725018024,-0.006393861956894398,0.0076727126725018024,0.0076727126725018024,0.0016727126725018023,close,0,0,40,2025-08-01
2025-08-14,1217,11.100000381469727,0.4570261269413393,0,0.004504435695707798,0.004504435695707798,-0.013513565063476562,-0.009009042754769325,-0.009009042754769325,-0.015009042754769325,close,0,0,40,2025-08-01
2025-08-14,1218,18.950000762939453,0.4570261269413393,0,0.0,0.0,-0.013192611746490002,-0.0052770646288990974,-0.0052770646288990974,-0.011277064628899098,close,0,0,40,2025-08-01
2025-08-14,1219,14.0,0.4570261269413393,0,-0.0035714420955628157,-0.0035714420955628157,-0.014285700395703316,-0.007142884191125631,-0.007142884191125631,-0.013142884191125631,close,0,0,40,2025-08-01
2025-08-14,1225,31.0,0.4570261269413393,0,-0.0016128786373883486,0.017741911113262177,-0.014516153372824192,-0.0064516374841332436,-0.0064516374841332436,-0.012451637484133244,close,0,0,40,2025-08-01
2025-08-14,1227,30.700000762939453,0.4570261269413393,0,0.009771961718797684,0.009771961718797684,-0.006514682900160551,0.0,0.0,-0.006,close,0,0,40,2025-08-01
2025-08-14,1229,46.150001525878906,0.4570261269413393,1,0.004333628341555595,0.011917643249034882,-0.0032503039110451937,0.011917643249034882,0.011917643249034882,0.0059176432490348815,close,0,0,40,2025-08-01
2025-08-14,1231,132.51231384277344,0.4570261269413393,1,0.006779649760574102,0.010169469751417637,-0.010169564746320248,0.010169469751417637,0.010169469751417637,0.004169469751417637,close,0,0,40,2025-08-01
2025-08-14,1301,39.29999923706055,0.4570261269413393,1,0.005089078098535538,0.017811724916100502,-0.02035621553659439,0.01145040150731802,-0.02,-0.026000000000000002,stop_loss,0,1,40,2025-08-01
2025-08-14,1303,41.75,0.4570261269413393,1,0.002395173069089651,0.03712572902441025,-0.02994011901319027,0.028742533177137375,-0.02,-0.026000000000000002,ambiguous_stop_loss,1,1,40,2025-08-01
2025-08-14,1304,10.850000381469727,0.4570261269413393,1,0.0,0.018433161079883575,-0.01382493693381548,0.013824849389493465,0.013824849389493465,0.007824849389493465,close,0,0,40,2025-08-01
2025-08-14,1305,11.399999618530273,0.4570261269413393,1,0.00438598170876503,0.01754392683506012,-0.017543843016028404,0.01315794512629509,0.01315794512629509,0.00715794512629509,close,0,0,40,2025-08-01
2025-08-15,1101,23.700000762939453,0.4477104646764201,1,0.0,0.01687762141227722,-0.00843885075300932,0.008438769727945328,0.008438769727945328,0.0024387697279453276,close,0,0,40,2025-08-01
2025-08-15,1102,39.400001525878906,0.4477104646764201,0,0.0,0.0,-0.01142133865505457,-0.006345177534967661,-0.006345177534967661,-0.012345177534967661,close,0,0,40,2025-08-01
2025-08-15,1103,13.699999809265137,0.4477104646764201,0,-0.007299228571355343,0.003649648977443576,-0.010948877781629562,-0.007299228571355343,-0.007299228571355343,-0.013299228571355343,close,0,0,40,2025-08-01
2025-08-15,1104,27.850000381469727,0.4477104646764201,1,0.0017953047063201666,0.023339303210377693,0.0017953047063201666,0.01795332133769989,0.01795332133769989,0.01195332133769989,close,0,0,40,2025-08-01
2025-08-15,1110,17.899999618530273,0.4477104646764201,0,-0.002793253632262349,0.002793360035866499,-0.005586613435298204,-0.005586613435298204,-0.005586613435298204,-0.011586613435298205,close,0,0,40,2025-08-01
2025-08-15,1201,15.600000381469727,0.4477104646764201,1,0.0,0.006410219706594944,-0.0032051403541117907,0.0032050791196525097,0.0032050791196525097,-0.0027949208803474904,close,0,0,40,2025-08-01
2025-08-15,1210,54.29999923706055,0.4477104646764201,0,0.0,0.009208103641867638,-0.009208103641867638,-0.007366440258920193,-0.007366440258920193,-0.013366440258920193,close,0,0,40,2025-08-01
2025-08-15,1215,128.5,0.4477104646764201,1,0.0,0.02723735384643078,0.0,0.02723735384643078,0.02723735384643078,0.02123735384643078,close,0,0,40,2025-08-01
2025-08-15,1216,78.80000305175781,0.4477104646764201,0,-0.003807145170867443,-0.002538128988817334,-0.016497500240802765,-0.012690355069935322,-0.012690355069935322,-0.01869035506993532,close,0,0,40,2025-08-01
2025-08-15,1217,11.0,0.4477104646764201,1,0.013636329211294651,0.018181800842285156,0.0,0.0045454720966517925,0.0045454720966517925,-0.0014545279033482076,close,0,0,40,2025-08-01
2025-08-15,1218,18.850000381469727,0.4477104646764201,0,0.002652479335665703,0.005305059719830751,-0.010610119439661503,-0.0026525806169956923,-0.0026525806169956923,-0.008652580616995692,close,0,0,40,2025-08-01
2025-08-15,1219,13.899999618530273,0.4477104646764201,0,0.0,0.0,-0.014388475567102432,-0.007194203790277243,-0.007194203790277243,-0.013194203790277243,close,0,0,40,2025-08-01
2025-08-15,1225,30.799999237060547,0.4477104646764201,0,-0.004870117641985416,0.014610414393246174,-0.006493469700217247,-0.0032467038836330175,-0.0032467038836330175,-0.009246703883633018,close,0,0,40,2025-08-01
2025-08-15,1227,30.700000762939453,0.4477104646764201,0,0.0,0.0,-0.008143322542309761,-0.004886043258011341,-0.004886043258011341,-0.010886043258011341,close,0,0,40,2025-08-01
2025-08-15,1229,46.70000076293945,0.4477104646764201,1,0.003211942268535495,0.03211991488933563,0.003211942268535495,0.01713060401380062,0.03,0.024,take_profit,1,0,40,2025-08-01
2025-08-15,1231,133.85989379882812,0.4477104646764201,1,5.2447294507373954e-08,0.0201343335211277,-0.010067031718790531,0.016778524965047836,0.016778524965047836,0.010778524965047836,close,0,0,40,2025-08-01
2025-08-15,1301,39.75,0.4477104646764201,1,0.003773623378947377,0.030188698321580887,0.0,0.01635223999619484,0.03,0.024,take_profit,1,0,40,2025-08-01
2025-08-15,1303,42.95000076293945,0.4477104646764201,1,0.017462164163589478,0.08847495168447495,0.011641443707048893,0.07683350890874863,0.03,0.024,take_profit,1,0,40,2025-08-01
2025-08-15,1304,11.0,0.4477104646764201,1,0.0,0.04090907424688339,0.0,0.022727273404598236,0.03,0.024,take_profit,1,0,40,2025-08-01
2025-08-15,1305,11.550000190734863,0.4477104646764201,1,0.0,0.043290041387081146,0.0,0.030302980914711952,0.03,0.024,take_profit,1,0,40,2025-08-01
2025-08-18,1101,23.899999618530273,0.4535950374413126,0,-0.0020920182578265667,0.00209209811873734,-0.025104619562625885,-0.025104619562625885,-0.02,-0.026000000000000002,stop_loss,0,1,40,2025-08-01
2025-08-18,1102,39.150001525878906,0.4535950374413126,0,-0.0038314564153552055,-0.0038314564153552055,-0.021711423993110657,-0.021711423993110657,-0.02,-0.026000000000000002,stop_loss,0,1,40,2025-08-01
2025-08-18,1103,13.600000381469727,0.4535950374413126,0,0.007352898828685284,0.007352898828685284,-0.011029453948140144,-0.007352969143539667,-0.007352969143539667,-0.013352969143539667,close,0,0,40,2025-08-01
2025-08-18,1104,28.350000381469727,0.4535950374413126,0,0.0,0.008818342350423336,-0.0017637087730690837,0.0,0.0,-0.006,close,0,0,40,2025-08-01
2025-08-18,1110,17.799999237060547,0.4535950374413126,0,-0.0028089459519833326,0.002809053286910057,-0.014044944196939468,-0.014044944196939468,-0.014044944196939468,-0.020044944196939467,close,0,0,40,2025-08-01
2025-08-18,1201,15.649999618530273,0.4535950374413126,0,0.0,0.0,-0.00638973992317915,-0.00638973992317915,-0.00638973992317915,-0.01238973992317915,close,0,0,40,2025-08-01
2025-08-18,1210,53.900001525878906,0.4535950374413126,0,-0.001855329959653318,0.0,-0.0092764375731349,-0.00742117827758193,-0.00742117827758193,-0.01342117827758193,close,0,0,40,2025-08-01
2025-08-18,1215,132.0,0.4535950374413126,1,0.0037878789007663727,0.03787878900766373,-0.0037878789007663727,0.02651515230536461,0.03,0.024,take_profit,1,0,40,2025-08-01
2025-08-18,1216,77.80000305175781,0.4535950374413126,0,-0.002570752752944827,-0.002570752752944827,-0.010282815434038639,-0.0064267348498106,-0.0064267348498106,-0.0124267348498106,close,0,0,40,2025-08-01
2025-08-18,1217,11.050000190734863,0.4535950374413126,0,0.0,0.009049721993505955,-0.00452490383759141,-0.00452490383759141,-0.00452490383759141,-0.01052490383759141,close,0,0,40,2025-08-01
2025-08-18,1218,18.799999237060547,0.4535950374413126,0,0.0,0.0026596353854984045,-0.00531906820833683,-0.00531906820833683,-0.00531906820833683,-0.01131906820833683,close,0,0,40,2025-08-01
2025-08-18,1219,13.800000190734863,0.4535950374413126,0,0.0,0.0,-0.010869606398046017,-0.00724640442058444,-0.00724640442058444,-0.01324640442058444,close,0,0,40,2025-08-01
2025-08-18,1225,30.700000762939453,0.4535950374413126,0,0.011400601826608181,0.011400601826608181,-0.013029365800321102,-0.013029365800321102,-0.013029365800321102,-0.0190293658003211,close,0,0,40,2025-08-01
2025-08-18,1227,30.549999237060547,0.4535950374413126,0,-0.001636636327020824,-0.001636636327020824,-0.009819942526519299,-0.006546607706695795,-0.006546607706695795,-0.012546607706695795,close,0,0,40,2025-08-01
2025-08-18,1229,47.5,0.4535950374413126,1,0.0,0.009473700076341629,-0.004210542421787977,0.0021052309311926365,0.0021052309311926365,-0.0038947690688073636,close,0,0,40,2025-08-01
2025-08-18,1231,136.10586547851562,0.4535950374413126,0,0.006600707303732634,0.00990102719515562,-0.013201323337852955,-0.006600683555006981,-0.006600683555006981,-0.012600683555006981,close,0,0,40,2025-08-01
2025-08-18,1301,40.400001525878906,0.4535950374413126,0,0.009900933131575584,0.017326656728982925,-0.030940592288970947,-0.029702987521886826,-0.02,-0.026000000000000002,stop_loss,0,1,40,2025-08-01
2025-08-18,1303,46.25,0.4535950374413126,0,0.017297280952334404,0.027027027681469917,-0.09621623158454895,-0.08864861726760864,-0.02,-0.026000000000000002,stop_loss,0,1,40,2025-08-01
2025-08-18,1304,11.25,0.4535950374413126,0,0.004444461315870285,0.013333299197256565,-0.017777761444449425,-0.017777761444449425,-0.017777761444449425,-0.023777761444449423,close,0,0,40,2025-08-01
2025-08-18,1305,11.899999618530273,0.4535950374413126,0,0.008403393439948559,0.021008403971791267,-0.0168067067861557,-0.012605010531842709,-0.012605010531842709,-0.018605010531842707,close,0,0,40,2025-08-01
2025-08-19,1101,23.299999237060547,0.4456303562946406,1,0.0021459718700498343,0.008583723567426205,-0.010729613713920116,0.0021459718700498343,0.0021459718700498343,-0.003854028129950166,close,0,0,40,2025-08-01
2025-08-19,1102,38.29999923706055,0.4456303562946406,0,0.0,0.003916488960385323,-0.007832878269255161,-0.0013054631417617202,-0.0013054631417617202,-0.00730546314176172,close,0,0,40,2025-08-01
2025-08-19,1103,13.5,0.4456303562946406,0,0.011111082509160042,0.011111082509160042,-0.014814800582826138,-0.007407435681670904,-0.007407435681670904,-0.013407435681670904,close,0,0,40,2025-08-01
2025-08-19,1104,28.350000381469727,0.4456303562946406,0,0.0,0.0,-0.01587304286658764,-0.005290991626679897,-0.005290991626679897,-0.011290991626679897,close,0,0,40,2025-08-01
2025-08-19,1110,17.549999237060547,0.4456303562946406,0,0.005698027554899454,0.014245014637708664,-0.011395947076380253,0.0,0.0,-0.006,close,0,0,40,2025-08-01
2025-08-19,1201,15.550000190734863,0.4456303562946406,0,-0.0032154463697224855,0.0032154463697224855,-0.006430892739444971,0.0,0.0,-0.006,close,0,0,40,2025-08-01
2025-08-19,1210,53.5,0.4456303562946406,0,0.001869130413979292,0.001869130413979292,-0.011214924976229668,0.0,0.0,-0.006,close,0,0,40,2025-08-01
2025-08-19,1215,135.5,0.4456303562946406,1,0.007380073890089989,0.014760147780179977,-0.011070110835134983,0.007380073890089989,0.007380073890089989,0.0013800738900899886,close,0,0,40,2025-08-01
2025-08-19,1216,77.30000305175781,0.4456303562946406,0,-0.001293740002438426,0.0012936412822455168,-0.0064683048985898495,-0.002587381284683943,-0.002587381284683943,-0.008587381284683943,close,0,0,40,2025-08-01
2025-08-19,1217,11.0,0.4456303562946406,0,0.009090944193303585,0.009090944193303585,-0.009090944193303585,-0.0045454720966517925,-0.0045454720966517925,-0.010545472096651793,close,0,0,40,2025-08-01
2025-08-19,1218,18.700000762939453,0.4456303562946406,0,0.0053475117310881615,0.0053475117310881615,-0.010695227421820164,0.0,0.0,-0.006,close,0,0,40,2025-08-01
2025-08-19,1219,13.699999809265137,0.4456303562946406,0,0.0,0.0,-0.010948877781629562,-0.007299228571355343,-0.007299228571355343,-0.013299228571355343,close,0,0,40,2025-08-01
2025-08-19,1225,30.299999237060547,0.4456303562946406,0,-0.004950482398271561,0.0016502027865499258,-0.018151789903640747,-0.011551105417311192,-0.011551105417311192,-0.01755110541731119,close,0,0,40,2025-08-01
2025-08-19,1227,30.350000381469727,0.4456303562946406,0,0.0016474212752655149,0.0016474212752655149,-0.008237232454121113,-0.0016474841395393014,-0.0016474841395393014,-0.0076474841395393015,close,0,0,40,2025-08-01
2025-08-19,1229,47.599998474121094,0.4456303562946406,0,0.002100888406857848,0.002100888406857848,-0.023109212517738342,-0.015756303444504738,-0.02,-0.026000000000000002,stop_loss,0,1,40,2025-08-01
2025-08-19,1231,135.2074737548828,0.4456303562946406,0,-4.392055785729099e-08,0.009966814890503883,-0.009966790676116943,-0.00664454186335206,-0.00664454186335206,-0.01264454186335206,close,0,0,40,2025-08-01
2025-08-19,1301,39.20000076293945,0.4456303562946406,0,-0.0038265695329755545,0.01147961150854826,-0.028061281889677048,-0.028061281889677048,-0.02,-0.026000000000000002,stop_loss,0,1,40,2025-08-01
2025-08-19,1303,42.150001525878906,0.4456303562946406,0,-0.024911103770136833,0.00830364041030407,-0.04744958132505417,-0.0332147441804409,-0.024911103770136833,-0.03091110377013683,gap_stop,0,1,40,2025-08-01
2025-08-19,1304,11.050000190734863,0.4456303562946406,0,0.009049721993505955,0.009049721993505955,-0.04072396457195282,-0.03619914501905441,-0.02,-0.026000000000000002,stop_loss,0,1,40,2025-08-01
2025-08-19,1305,11.75,0.4456303562946406,0,0.0,0.008510670624673367,-0.025531930848956108,-0.021276595070958138,-0.02,-0.026000000000000002,stop_loss,0,1,40,2025-08-01
2025-08-20,1101,23.350000381469727,0.4477104646764201,0,0.002141295000910759,0.006423966493457556,-0.008565342985093594,-0.006423966493457556,-0.006423966493457556,-0.012423966493457556,close,0,0,40,2025-08-01
2025-08-20,1102,38.25,0.4477104646764201,0,0.006535947788506746,0.009150287136435509,-0.005228778347373009,-0.0026143391150981188,-0.0026143391150981188,-0.008614339115098119,close,0,0,40,2025-08-01
2025-08-20,1103,13.399999618530273,0.4477104646764201,1,0.0074627152644097805,0.014925430528819561,0.0037313576322048903,0.0074627152644097805,0.0074627152644097805,0.0014627152644097804,close,0,0,40,2025-08-01
2025-08-20,1104,28.200000762939453,0.4477104646764201,1,0.0053191352635622025,0.04255314916372299,0.0053191352635622025,0.03723401576280594,0.03,0.024,take_profit,1,0,40,2025-08-01
2025-08-20,1110,17.549999237060547,0.4477104646764201,1,-0.0028489595279097557,0.005698027554899454,-0.005697919055819511,0.005698027554899454,0.005698027554899454,-0.000301972445100546,close,0,0,40,2025-08-01
2025-08-20,1201,15.550000190734863,0.4477104646764201,1,0.0,0.009646277874708176,0.0,0.0032154463697224855,0.0032154463697224855,-0.0027845536302775146,close,0,0,40,2025-08-01
2025-08-20,1210,53.5,0.4477104646764201,1,0.0,0.011214924976229668,0.0,0.009345794096589088,0.009345794096589088,0.0033457940965890883,close,0,0,40,2025-08-01
2025-08-20,1215,136.5,0.4477104646764201,1,0.0036630036775022745,0.025641025975346565,-0.007326007355004549,0.007326007355004549,0.007326007355004549,0.001326007355004549,close,0,0,40,2025-08-01
2025-08-20,1216,77.0999984741211,0.4477104646764201,1,0.0077820816077291965,0.015564261935651302,0.002594093093648553,0.009079177863895893,0.009079177863895893,0.003079177863895893,close,0,0,40,2025-08-01
2025-08-20,1217,10.949999809265137,0.4477104646764201,1,0.0,0.013698682188987732,0.0,0.009132455103099346,0.009132455103099346,0.003132455103099346,close,0,0,40,2025-08-01
2025-08-20,1218,18.700000762939453,0.4477104646764201,1,0.0,0.013368983753025532,0.0,0.0053475117310881615,0.0053475117310881615,-0.0006524882689118387,close,0,0,40,2025-08-01
2025-08-20,1219,13.600000381469727,0.4477104646764201,1,0.0,0.018382351845502853,0.0,0.018382351845502853,0.018382351845502853,0.012382351845502853,close,0,0,40,2025-08-01
2025-08-20,1225,29.950000762939453,0.4477104646764201,1,0.0,0.03171949461102486,0.0,0.030050069093704224,0.03,0.024,take_profit,1,0,40,2025-08-01
2025-08-20,1227,30.299999237060547,0.4477104646764201,1,0.0,0.009901028126478195,0.0,0.00660068541765213,0.00660068541765213,0.00060068541765213,close,0,0,40,2025-08-01
2025-08-20,1229,46.849998474121094,0.4477104646764201,1,0.0,0.024546457454562187,-0.0032016588374972343,0.01921027898788452,0.01921027898788452,0.013210278987884521,close,0,0,40,2025-08-01
2025-08-20,1231,134.30908203125,0.4477104646764201,1,0.016312507912516594,0.049817316234111786,0.016312507912516594,0.034926291555166245,0.03,0.024,take_profit,1,0,40,2025-08-01
2025-08-20,1301,38.099998474121094,0.4477104646764201,1,0.011811044067144394,0.08136489242315292,0.010498727671802044,0.06430448591709137,0.03,0.024,take_profit,1,0,40,2025-08-01
2025-08-20,1303,40.75,0.4477104646764201,1,0.025766853243112564,0.06380364298820496,0.01840490847826004,0.03803678974509239,0.03,0.024,take_profit,1,0,40,2025-08-01
2025-08-20,1304,10.649999618530273,0.4477104646764201,1,0.009389707818627357,0.09859157353639603,0.009389707818627357,0.06103292107582092,0.03,0.024,take_profit,1,0,40,2025-08-01
2025-08-20,1305,11.5,0.4477104646764201,1,0.004347842652350664,0.06956523656845093,0.004347842652350664,0.03913041949272156,0.03,0.024,take_profit,1,0,40,2025-08-01
2025-08-21,1101,23.200000762939453,0.4456303562946406,0,0.008620640262961388,0.015086140483617783,-0.008620722219347954,-0.004310361109673977,-0.004310361109673977,-0.010310361109673977,close,0,0,40,2025-08-01
2025-08-21,1102,38.150001525878906,0.4456303562946406,0,-0.0026212919037789106,0.0,-0.006553079467266798,-0.00524248369038105,-0.00524248369038105,-0.01124248369038105,close,0,0,40,2025-08-01
2025-08-21,1103,13.5,0.4456303562946406,0,0.0,0.0,-0.011111082509160042,-0.007407435681670904,-0.007407435681670904,-0.013407435681670904,close,0,0,40,2025-08-01
2025-08-21,1104,29.25,0.4456303562946406,1,0.013675200752913952,0.022222209721803665,0.0068376329727470875,0.018803393468260765,0.018803393468260765,0.012803393468260765,close,0,0,40,2025-08-01
2025-08-21,1110,17.649999618530273,0.4456303562946406,0,-0.005665744189172983,0.00849856249988079,-0.014164306223392487,-0.014164306223392487,-0.014164306223392487,-0.020164306223392485,close,0,0,40,2025-08-01
2025-08-21,1201,15.600000381469727,0.4456303562946406,1,0.0,0.006410219706594944,-0.0032051403541117907,0.0032050791196525097,0.0032050791196525097,-0.0027949208803474904,close,0,0,40,2025-08-01
2025-08-21,1210,54.0,0.4456303562946406,0,-0.0018518236465752125,-0.0018518236465752125,-0.011111082509160042,-0.009259259328246117,-0.009259259328246117,-0.015259259328246117,close,0,0,40,2025-08-01
2025-08-21,1215,137.5,0.4456303562946406,0,0.0,0.0,-0.0181818176060915,-0.003636363660916686,-0.003636363660916686,-0.009636363660916686,close,0,0,40,2025-08-01
2025-08-21,1216,77.80000305175781,0.4456303562946406,0,0.005141309462487698,0.007712062448263168,-0.0064267348498106,-0.0038560801185667515,-0.0038560801185667515,-0.009856080118566752,close,0,0,40,2025-08-01
2025-08-21,1217,11.050000190734863,0.4456303562946406,0,-0.00452490383759141,0.0,-0.00452490383759141,-0.00452490383759141,-0.00452490383759141,-0.01052490383759141,close,0,0,40,2025-08-01
2025-08-21,1218,18.799999237060547,0.4456303562946406,0,0.0,0.0026596353854984045,-0.002659534104168415,0.0,0.0,-0.006,close,0,0,40,2025-08-01
2025-08-21,1219,13.850000381469727,0.4456303562946406,0,0.0,0.007220175117254257,-0.010830366052687168,0.0,0.0,-0.006,close,0,0,40,2025-08-01
2025-08-21,1225,30.850000381469727,0.4456303562946406,0,-0.00972450990229845,-0.004862224217504263,-0.016207454726099968,-0.011345230974256992,-0.011345230974256992,-0.01734523097425699,close,0,0,40,2025-08-01
2025-08-21,1227,30.5,0.4456303562946406,0,0.0,0.0,-0.006557402200996876,-0.003278701100498438,-0.003278701100498438,-0.009278701100498438,close,0,0,40,2025-08-01
2025-08-21,1229,47.75,0.4456303562946406,1,0.0,0.005235602147877216,-0.0041884975507855415,0.001047104480676353,0.001047104480676353,-0.004952895519323647,close,0,0,40,2025-08-01
2025-08-21,1231,139.0,0.4456303562946406,0,0.0,0.0,-0.010791366919875145,-0.003597122384235263,-0.003597122384235263,-0.009597122384235263,close,0,0,40,2025-08-01
2025-08-21,1301,40.54999923706055,0.4456303562946406,0,0.00863137561827898,0.0147966044023633,-0.006165228318423033,-0.006165228318423033,-0.006165228318423033,-0.012165228318423033,close,0,0,40,2025-08-01
2025-08-21,1303,42.29999923706055,0.4456303562946406,0,0.009456301108002663,0.010638316161930561,-0.03309687227010727,-0.028368812054395676,-0.02,-0.026000000000000002,stop_loss,0,1,40,2025-08-01
2025-08-21,1304,11.300000190734863,0.4456303562946406,1,-0.00884959101676941,0.017699098214507103,-0.00884959101676941,0.004424795508384705,0.004424795508384705,-0.0015752044916152955,close,0,0,40,2025-08-01
2025-08-21,1305,11.949999809265137,0.4456303562946406,1,0.02092050202190876,0.0669456273317337,0.016736386343836784,0.058577392250299454,0.03,0.024,take_profit,1,0,40,2025-08-01
2025-08-22,1101,23.100000381469727,0.45667699223507496,1,0.008657959289848804,0.008657959289848804,-0.006493489723652601,0.008657959289848804,0.008657959289848804,0.0026579592898488043,close,0,0,40,2025-08-01
2025-08-22,1102,37.95000076293945,0.45667699223507496,1,0.00790511816740036,0.009222621098160744,-0.0013175029307603836,0.003952508792281151,0.003952508792281151,-0.0020474912077188493,close,0,0,40,2025-08-01
2025-08-22,1103,13.399999618530273,0.45667699223507496,1,0.0074627152644097805,0.0074627152644097805,0.0,0.0037313576322048903,0.0037313576322048903,-0.00226864236779511,close,0,0,40,2025-08-01
2025-08-22,1104,29.799999237060547,0.45667699223507496,1,0.006711435038596392,0.01174497976899147,-0.005033544264733791,0.0016778907738626003,0.0016778907738626003,-0.0043221092261374,close,0,0,40,2025-08-01
2025-08-22,1110,17.399999618530273,0.45667699223507496,1,0.008620668202638626,0.03448278084397316,0.005747148301452398,0.017241446301341057,0.03,0.024,take_profit,1,0,40,2025-08-01
2025-08-22,1201,15.649999618530273,0.45667699223507496,0,0.0031949004624038935,0.0031949004624038935,-0.003194839460775256,-0.003194839460775256,-0.003194839460775256,-0.009194839460775256,close,0,0,40,2025-08-01
2025-08-22,1210,53.5,0.45667699223507496,0,0.003738332074135542,0.003738332074135542,-0.007476664148271084,-0.003738332074135542,-0.003738332074135542,-0.009738332074135542,close,0,0,40,2025-08-01
2025-08-22,1215,137.0,0.45667699223507496,0,0.0,0.0036496350076049566,-0.03284671530127525,-0.029197080060839653,-0.02,-0.026000000000000002,stop_loss,0,1,40,2025-08-01
2025-08-22,1216,77.5,0.45667699223507496,1,0.0038710071239620447,0.0077419159933924675,-0.0025806056801229715,0.0038710071239620447,0.0038710071239620447,-0.0021289928760379554,close,0,0,40,2025-08-01
2025-08-22,1217,11.0,0.45667699223507496,0,0.0045454720966517925,0.0045454720966517925,-0.0045454720966517925,0.0,0.0,-0.006,close,0,0,40,2025-08-01
2025-08-22,1218,18.799999237060547,0.45667699223507496,0,0.005319169256836176,0.005319169256836176,-0.002659534104168415,0.0,0.0,-0.006,close,0,0,40,2025-08-01
2025-08-22,1219,13.850000381469727,0.45667699223507496,0,0.0,0.007220175117254257,-0.007220244035124779,-0.007220244035124779,-0.007220244035124779,-0.013220244035124779,close,0,0,40,2025-08-01
2025-08-22,1225,30.5,0.45667699223507496,1,0.0016393192345276475,0.013114742003381252,0.0016393192345276475,0.0049180202186107635,0.0049180202186107635,-0.0010819797813892366,close,0,0,40,2025-08-01
2025-08-22,1227,30.399999618530273,0.45667699223507496,0,0.004934198223054409,0.004934198223054409,0.0,0.0,0.0,-0.006,close,0,0,40,2025-08-01
2025-08-22,1229,47.79999923706055,0.45667699223507496,1,0.007322223857045174,0.02301260083913803,0.006276134867221117,0.015690376982092857,0.015690376982092857,0.009690376982092857,close,0,0,40,2025-08-01
2025-08-22,1231,138.5,0.45667699223507496,0,0.0,0.003610108280554414,-0.010830325074493885,0.0,0.0,-0.006,close,0,0,40,2025-08-01
2025-08-22,1301,40.29999923706055,0.45667699223507496,0,0.012406948022544384,0.014888394623994827,-0.00992550142109394,-0.007444149814546108,-0.007444149814546108,-0.013444149814546108,close,0,0,40,2025-08-01
2025-08-22,1303,41.099998474121094,0.45667699223507496,1,0.02311437390744686,0.06082725152373314,0.006082725245505571,0.03527982532978058,0.03,0.024,take_profit,1,0,40,2025-08-01
2025-08-22,1304,11.350000381469727,0.45667699223507496,0,0.013215824961662292,0.013215824961662292,-0.030837036669254303,-0.01762121170759201,-0.02,-0.026000000000000002,stop_loss,0,1,40,2025-08-01
2025-08-22,1305,12.649999618530273,0.45667699223507496,0,0.0,0.011857752688229084,-0.03557310998439789,-0.01581026241183281,-0.02,-0.026000000000000002,stop_loss,0,1,40,2025-08-01
2025-08-25,1101,23.299999237060547,0.4581674487834254,0,-0.0042917802929878235,0.0021459718700498343,-0.01502139400690794,-0.008583642542362213,-0.008583642542362213,-0.014583642542362213,close,0,0,40,2025-08-01
2025-08-25,1102,38.099998474121094,0.4581674487834254,0,-0.003936947789043188,-0.003936947789043188,-0.02099735662341118,-0.01574799232184887,-0.02,-0.026000000000000002,stop_loss,0,1,40,2025-08-01
2025-08-25,1103,13.449999809265137,0.4581674487834254,0,-0.0037174862809479237,0.0,-0.0074349017813801765,-0.0037174862809479237,-0.0037174862809479237,-0.009717486280947924,close,0,0,40,2025-08-01
2025-08-25,1104,29.850000381469727,0.4581674487834254,1,0.005025113001465797,0.013400321826338768,-0.003350096521899104,0.00837520882487297,0.00837520882487297,0.0023752088248729705,close,0,0,40,2025-08-01
2025-08-25,1110,17.700000762939453,0.4581674487834254,0,-0.008474661968648434,0.0,-0.014124292880296707,-0.014124292880296707,-0.014124292880296707,-0.020124292880296706,close,0,0,40,2025-08-01
2025-08-25,1201,15.600000381469727,0.4581674487834254,1,-0.0032051403541117907,0.006410219706594944,-0.006410280708223581,0.0032050791196525097,0.0032050791196525097,-0.0027949208803474904,close,0,0,40,2025-08-01
2025-08-25,1210,53.29999923706055,0.4581674487834254,0,0.0075047193095088005,0.0075047193095088005,-0.005628503393381834,-0.005628503393381834,-0.005628503393381834,-0.011628503393381834,close,0,0,40,2025-08-01
2025-08-25,1215,133.0,0.4581674487834254,1,-0.007518797181546688,0.011278195306658745,-0.007518797181546688,0.003759398590773344,0.003759398590773344,-0.002240601409226656,close,0,0,40,2025-08-01
2025-08-25,1216,77.80000305175781,0.4581674487834254,0,-0.0038560801185667515,-0.0038560801185667515,-0.0192802045494318,-0.0192802045494318,-0.0192802045494318,-0.0252802045494318,close,0,0,40,2025-08-01
2025-08-25,1217,11.0,0.4581674487834254,0,0.0,0.0045454720966517925,-0.009090944193303585,-0.009090944193303585,-0.009090944193303585,-0.015090944193303585,close,0,0,40,2025-08-01
2025-08-25,1218,18.799999237060547,0.4581674487834254,0,-0.002659534104168415,-0.002659534104168415,-0.013297872617840767,-0.013297872617840767,-0.013297872617840767,-0.019297872617840765,close,0,0,40,2025-08-01
2025-08-25,1219,13.75,0.4581674487834254,0,-0.0036363773979246616,0.0036363773979246616,-0.0181818176060915,-0.007272754795849323,-0.007272754795849323,-0.013272754795849323,close,0,0,40,2025-08-01
2025-08-25,1225,30.649999618530273,0.4581674487834254,1,-0.003262655111029744,0.03588908165693283,-0.003262655111029744,0.03099513053894043,0.03,0.024,take_profit,1,0,40,2025-08-01
2025-08-25,1227,30.399999618530273,0.4581674487834254,0,-0.0032894862815737724,-0.001644711708649993,-0.006578909698873758,-0.006578909698873758,-0.006578909698873758,-0.012578909698873758,close,0,0,40,2025-08-01
2025-08-25,1229,48.54999923706055,0.4581674487834254,1,0.0,0.019567472860217094,-0.0020597008988261223,0.013388291001319885,0.013388291001319885,0.007388291001319885,close,0,0,40,2025-08-01
2025-08-25,1231,138.5,0.4581674487834254,0,0.0,0.0,-0.010830325074493885,-0.007220216561108828,-0.007220216561108828,-0.013220216561108828,close,0,0,40,2025-08-01
2025-08-25,1301,40.0,0.4581674487834254,1,0.007499980740249157,0.028750037774443626,-0.0012499808799475431,0.01875000074505806,0.01875000074505806,0.01275000074505806,close,0,0,40,2025-08-01
2025-08-25,1303,42.54999923706055,0.4581674487834254,1,0.05405403673648834,0.07403059303760529,0.015276181511580944,0.04347831383347511,0.03,0.024,gap_take_profit,1,0,40,2025-08-01
2025-08-25,1304,11.149999618530273,0.4581674487834254,0,0.022421525791287422,0.022421525791287422,-0.026905762031674385,-0.022421525791287422,-0.02,-0.026000000000000002,stop_loss,0,1,40,2025-08-01
2025-08-25,1305,12.449999809265137,0.4581674487834254,0,0.0,0.016064241528511047,-0.02811240404844284,-0.02008032239973545,-0.02,-0.026000000000000002,stop_loss,0,1,40,2025-08-01
2025-08-26,1101,23.100000381469727,0.4477104646764201,0,0.0,0.002164469100534916,-0.004329020623117685,-0.004329020623117685,-0.004329020623117685,-0.010329020623117685,close,0,0,40,2025-08-01
2025-08-26,1102,37.5,0.4477104646764201,0,0.0,0.004000040702521801,-0.004000040702521801,-0.004000040702521801,-0.004000040702521801,-0.010000040702521801,close,0,0,40,2025-08-01
2025-08-26,1103,13.399999618530273,0.4477104646764201,0,-0.003731286386027932,0.0074627152644097805,-0.003731286386027932,0.0,0.0,-0.006,close,0,0,40,2025-08-01
2025-08-26,1104,30.100000381469727,0.4477104646764201,0,0.004983375780284405,0.006644480396062136,-0.011627919040620327,-0.009966814890503883,-0.009966814890503883,-0.015966814890503882,close,0,0,40,2025-08-01
2025-08-26,1110,17.450000762939453,0.4477104646764201,0,0.0,0.025787899270653725,-0.0028653950430452824,-0.0028653950430452824,-0.0028653950430452824,-0.008865395043045282,close,0,0,40,2025-08-01
2025-08-26,1201,15.649999618530273,0.4477104646764201,0,-0.003194839460775256,0.0,-0.0095846401527524,-0.00638973992317915,-0.00638973992317915,-0.01238973992317915,close,0,0,40,2025-08-01
2025-08-26,1210,53.0,0.4477104646764201,1,0.001886763609945774,0.016981160268187523,0.001886763609945774,0.01132072601467371,0.01132072601467371,0.00532072601467371,close,0,0,40,2025-08-01
2025-08-26,1215,133.5,0.4477104646764201,1,-0.00374531839042902,0.01498127356171608,-0.01498127356171608,0.01123595517128706,0.01123595517128706,0.00523595517128706,close,0,0,40,2025-08-01
2025-08-26,1216,76.30000305175781,0.4477104646764201,1,0.0013105958933010697,0.011795463040471077,-0.001310695894062519,0.005242383573204279,0.005242383573204279,-0.0007576164267957212,close,0,0,40,2025-08-01
2025-08-26,1217,10.899999618530273,0.4477104646764201,1,0.0,0.01834869384765625,0.0,0.0045871734619140625,0.0045871734619140625,-0.0014128265380859376,close,0,0,40,2025-08-01
2025-08-26,1218,18.549999237060547,0.4477104646764201,1,0.0026954796630889177,0.0053908564150333405,-0.0026953767519444227,0.0026954796630889177,0.0026954796630889177,-0.0033045203369110824,close,0,0,40,2025-08-01
2025-08-26,1219,13.649999618530273,0.4477104646764201,0,-0.0036629477981477976,0.0073260352946817875,-0.0036629477981477976,-0.0036629477981477976,-0.0036629477981477976,-0.009662947798147798,close,0,0,40,2025-08-01
2025-08-26,1225,31.600000381469727,0.4477104646764201,0,-0.004746823105961084,0.023734116926789284,-0.020569607615470886,-0.018987353891134262,-0.02,-0.026000000000000002,stop_loss,0,1,40,2025-08-01
2025-08-26,1227,30.200000762939453,0.4477104646764201,1,0.0,0.00827814545482397,0.0,0.0016556038754060864,0.0016556038754060864,-0.004344396124593914,close,0,0,40,2025-08-01
2025-08-26,1229,49.20000076293945,0.4477104646764201,0,0.0,0.005081300623714924,-0.016260147094726562,-0.007113867439329624,-0.007113867439329624,-0.013113867439329624,close,0,0,40,2025-08-01
2025-08-26,1231,137.5,0.4477104646764201,0,0.0,0.003636363660916686,-0.0181818176060915,-0.0181818176060915,-0.0181818176060915,-0.024181817606091498,close,0,0,40,2025-08-01
2025-08-26,1301,40.75,0.4477104646764201,0,-0.0073619442991912365,0.004907994065433741,-0.01840490847826004,-0.01840490847826004,-0.01840490847826004,-0.02440490847826004,close,0,0,40,2025-08-01
2025-08-26,1303,44.400001525878906,0.4477104646764201,1,0.020270217210054398,0.04729726165533066,0.010135065764188766,0.010135065764188766,0.03,0.024,take_profit,1,0,40,2025-08-01
2025-08-26,1304,10.899999618530273,0.4477104646764201,0,0.0045871734619140625,0.01834869384765625,-0.013761433772742748,-0.013761433772742748,-0.013761433772742748,-0.019761433772742747,close,0,0,40,2025-08-01
2025-08-26,1305,12.199999809265137,0.4477104646764201,0,0.0,0.008196752518415451,-0.012295050546526909,-0.012295050546526909,-0.012295050546526909,-0.018295050546526907,close,0,0,40,2025-08-01
2025-08-27,1101,23.0,0.4477104646764201,0,0.0,0.0021738798823207617,-0.008695685304701328,-0.008695685304701328,-0.008695685304701328,-0.014695685304701328,close,0,0,40,2025-08-01
2025-08-27,1102,37.349998474121094,0.4477104646764201,0,0.0,0.005354772787541151,-0.006693440489470959,-0.006693440489470959,-0.006693440489470959,-0.012693440489470959,close,0,0,40,2025-08-01
2025-08-27,1103,13.399999618530273,0.4477104646764201,0,0.0,0.0074627152644097805,-0.003731286386027932,0.0,0.0,-0.006,close,0,0,40,2025-08-01
2025-08-27,1104,29.799999237060547,0.4477104646764201,0,0.006711435038596392,0.006711435038596392,-0.010067088529467583,-0.010067088529467583,-0.010067088529467583,-0.01606708852946758,close,0,0,40,2025-08-01
2025-08-27,1110,17.399999618530273,0.4477104646764201,0,0.0028736290987581015,0.005747148301452398,-0.011494187638163567,-0.011494187638163567,-0.011494187638163567,-0.017494187638163565,close,0,0,40,2025-08-01
2025-08-27,1201,15.550000190734863,0.4477104646764201,1,0.0032154463697224855,0.0064308312721550465,-0.0032154463697224855,0.0064308312721550465,0.0064308312721550465,0.00043083127215504634,close,0,0,40,2025-08-01
2025-08-27,1210,53.599998474121094,0.4477104646764201,0,0.0018657144391909242,0.0018657144391909242,-0.007462644018232822,-0.003731286386027932,-0.003731286386027932,-0.009731286386027932,close,0,0,40,2025-08-01
2025-08-27,1215,135.0,0.4477104646764201,0,-0.007407407276332378,0.011111111380159855,-0.011111111380159855,-0.011111111380159855,-0.011111111380159855,-0.017111111380159853,close,0,0,40,2025-08-01
2025-08-27,1216,76.69999694824219,0.4477104646764201,1,-0.002607522299513221,0.015645431354641914,-0.003911283332854509,0.01303781010210514,0.01303781010210514,0.0070378101021051406,close,0,0,40,2025-08-01
2025-08-27,1217,10.949999809265137,0.4477104646764201,1,0.0,0.004566227551549673,-0.004566227551549673,0.004566227551549673,0.004566227551549673,-0.001433772448450327,close,0,0,40,2025-08-01
2025-08-27,1218,18.600000381469727,0.4477104646764201,1,0.0,0.008064495399594307,-0.002688233507797122,0.005376364570111036,0.005376364570111036,-0.0006236354298889638,close,0,0,40,2025-08-01
2025-08-27,1219,13.600000381469727,0.4477104646764201,0,0.0,0.0036764144897460938,-0.0036764845717698336,0.0,0.0,-0.006,close,0,0,40,2025-08-01
2025-08-27,1225,31.0,0.4477104646764201,1,0.0,0.011290335096418858,-0.004838697146624327,0.0016128786373883486,0.0016128786373883486,-0.0043871213626116515,close,0,0,40,2025-08-01
2025-08-27,1227,30.25,0.4477104646764201,0,-0.0016528673004359007,0.004958664998412132,-0.0016528673004359007,0.0,0.0,-0.006,close,0,0,40,2025-08-01
2025-08-27,1229,48.849998474121094,0.4477104646764201,1,0.0,0.027635667473077774,-0.005117707420140505,0.01842377707362175,0.01842377707362175,0.01242377707362175,close,0,0,40,2025-08-01
2025-08-27,1231,135.0,0.4477104646764201,1,0.0,0.018518518656492233,-0.011111111380159855,0.014814814552664757,0.014814814552664757,0.008814814552664757,close,0,0,40,2025-08-01
2025-08-27,1301,40.0,0.4477104646764201,0,0.005000018980354071,0.005000018980354071,-0.02375001832842827,-0.022500038146972656,-0.02,-0.026000000000000002,stop_loss,0,1,40,2025-08-01
2025-08-27,1303,44.849998474121094,0.4477104646764201,0,-0.003344430588185787,-0.003344430588185787,-0.04682271182537079,-0.04124857485294342,-0.02,-0.026000000000000002,stop_loss,0,1,40,2025-08-01
2025-08-27,1304,10.75,0.4477104646764201,0,0.009302360936999321,0.009302360936999321,-0.02790699526667595,-0.018604634329676628,-0.02,-0.026000000000000002,stop_loss,0,1,40,2025-08-01
2025-08-27,1305,12.050000190734863,0.4477104646764201,0,0.0,0.004149393178522587,-0.01659749448299408,-0.012448180466890335,-0.012448180466890335,-0.018448180466890333,close,0,0,40,2025-08-01
2025-08-28,1101,22.799999237060547,0.4477104646764201,0,0.0,0.0,-0.019736792892217636,-0.015350811183452606,-0.015350811183452606,-0.021350811183452605,close,0,0,40,2025-08-01
2025-08-28,1102,37.099998474121094,0.4477104646764201,0,0.0026954796630889177,0.006738544907420874,-0.010781609453260899,-0.0013476883759722114,-0.0013476883759722114,-0.0073476883759722115,close,0,0,40,2025-08-01
2025-08-28,1103,13.399999618530273,0.4477104646764201,0,0.0,0.0074627152644097805,-0.003731286386027932,-0.003731286386027932,-0.003731286386027932,-0.009731286386027932,close,0,0,40,2025-08-01
2025-08-28,1104,29.5,0.4477104646764201,1,0.005084733013063669,0.008474576286971569,-0.008474576286971569,0.0016948893899098039,0.0016948893899098039,-0.004305110610090196,close,0,0,40,2025-08-01
2025-08-28,1110,17.200000762939453,0.4477104646764201,1,0.008720907382667065,0.008720907382667065,-0.0029070430900901556,0.0029069322627037764,0.0029069322627037764,-0.0030930677372962238,close,0,0,40,2025-08-01
2025-08-28,1201,15.649999618530273,0.4477104646764201,0,0.0,0.0,-0.0095846401527524,-0.003194839460775256,-0.003194839460775256,-0.009194839460775256,close,0,0,40,2025-08-01
2025-08-28,1210,53.400001525878906,0.4477104646764201,0,0.003745261114090681,0.005617963150143623,-0.009363295510411263,-0.0056180343963205814,-0.0056180343963205814,-0.011618034396320582,close,0,0,40,2025-08-01
2025-08-28,1215,133.5,0.4477104646764201,0,0.00374531839042902,0.00749063678085804,-0.00749063678085804,-0.00374531839042902,-0.00374531839042902,-0.00974531839042902,close,0,0,40,2025-08-01
2025-08-28,1216,77.69999694824219,0.4477104646764201,0,0.0025740615092217922,0.0051480247639119625,-0.006435006856918335,-0.003860945114865899,-0.003860945114865899,-0.0098609451148659,close,0,0,40,2025-08-01
2025-08-28,1217,11.0,0.4477104646764201,1,0.0,0.022727273404598236,-0.0045454720966517925,0.0045454720966517925,0.0045454720966517925,-0.0014545279033482076,close,0,0,40,2025-08-01
2025-08-28,1218,18.700000762939453,0.4477104646764201,0,0.0026737558655440807,0.0026737558655440807,-0.005347613710910082,-0.002673857845366001,-0.002673857845366001,-0.008673857845366001,close,0,0,40,2025-08-01
2025-08-28,1219,13.600000381469727,0.4477104646764201,1,0.0,0.007352898828685284,-0.0036764845717698336,0.0036764144897460938,0.0036764144897460938,-0.0023235855102539064,close,0,0,40,2025-08-01
2025-08-28,1225,31.049999237060547,0.4477104646764201,0,0.0016103428788483143,0.01610305905342102,-0.0032205628231167793,-0.0032205628231167793,-0.0032205628231167793,-0.00922056282311678,close,0,0,40,2025-08-01
2025-08-28,1227,30.25,0.4477104646764201,0,0.0,0.0033057976979762316,-0.0033057976979762316,-0.0033057976979762316,-0.0033057976979762316,-0.009305797697976232,close,0,0,40,2025-08-01
2025-08-28,1229,49.75,0.4477104646764201,0,0.013065357692539692,0.013065357692539692,-0.00904524140059948,-0.003015106078237295,-0.003015106078237295,-0.009015106078237295,close,0,0,40,2025-08-01
2025-08-28,1231,137.0,0.4477104646764201,0,0.0036496350076049566,0.007299270015209913,-0.0036496350076049566,-0.0036496350076049566,-0.0036496350076049566,-0.009649635007604957,close,0,0,40,2025-08-01
2025-08-28,1301,39.099998474121094,0.4477104646764201,0,0.002557603409513831,0.012787723913788795,-0.014066477306187153,-0.0038362587802112103,-0.0038362587802112103,-0.00983625878021121,close,0,0,40,2025-08-01
2025-08-28,1303,43.0,0.4477104646764201,1,0.008139499463140965,0.01744186133146286,-0.019767405465245247,0.0046511804684996605,0.0046511804684996605,-0.0013488195315003396,close,0,0,40,2025-08-01
2025-08-28,1304,10.550000190734863,0.4477104646764201,0,0.009478618390858173,0.009478618390858173,-0.01895732805132866,-0.014218063093721867,-0.014218063093721867,-0.020218063093721865,close,0,0,40,2025-08-01
2025-08-28,1305,11.899999618530273,0.4477104646764201,0,0.004201696719974279,0.008403393439948559,-0.029411718249320984,-0.012605010531842709,-0.02,-0.026000000000000002,stop_loss,0,1,40,2025-08-01
2025-08-29,1101,22.450000762939453,0.4490436325598272,0,-0.006681582424789667,0.011135856620967388,-0.008908719755709171,-0.004454359877854586,-0.004454359877854586,-0.010454359877854586,close,0,0,40,2025-08-01
2025-08-29,1102,37.04999923706055,0.4490436325598272,0,0.0,0.0,-0.02024291455745697,-0.0188934076577425,-0.02,-0.026000000000000002,stop_loss,0,1,40,2025-08-01
2025-08-29,1103,13.350000381469727,0.4490436325598272,0,0.0,0.0,-0.014981330372393131,-0.007490665186196566,-0.007490665186196566,-0.013490665186196566,close,0,0,40,2025-08-01
2025-08-29,1104,29.549999237060547,0.4490436325598272,0,0.00507619371637702,0.006768215447664261,-0.021996604278683662,-0.008460236713290215,-0.02,-0.026000000000000002,stop_loss,0,1,40,2025-08-01
2025-08-29,1110,17.25,0.4490436325598272,1,-0.00289850658737123,0.00289850658737123,-0.008695630356669426,0.00289850658737123,0.00289850658737123,-0.00310149341262877,close,0,0,40,2025-08-01
2025-08-29,1201,15.600000381469727,0.4490436325598272,0,-0.006410280708223581,0.0032050791196525097,-0.006410280708223581,-0.0032051403541117907,-0.0032051403541117907,-0.00920514035411179,close,0,0,40,2025-08-01
2025-08-29,1210,53.099998474121094,0.4490436325598272,0,-0.0018832104979082942,0.005649775266647339,-0.0018832104979082942,0.0,0.0,-0.006,close,0,0,40,2025-08-01
2025-08-29,1215,133.0,0.4490436325598272,0,-0.003759398590773344,0.003759398590773344,-0.007518797181546688,0.0,0.0,-0.006,close,0,0,40,2025-08-01
2025-08-29,1216,77.4000015258789,0.4490436325598272,0,0.0,0.006459948141127825,-0.00387600832618773,0.0,0.0,-0.006,close,0,0,40,2025-08-01
2025-08-29,1217,11.050000190734863,0.4490436325598272,0,0.0,0.00452490383759141,-0.00904980767518282,-0.00452490383759141,-0.00452490383759141,-0.01052490383759141,close,0,0,40,2025-08-01
2025-08-29,1218,18.649999618530273,0.4490436325598272,0,0.0,0.0,-0.005361950956285,-0.002680924255400896,-0.002680924255400896,-0.008680924255400896,close,0,0,40,2025-08-01
2025-08-29,1219,13.649999618530273,0.4490436325598272,0,-0.0036629477981477976,-0.0036629477981477976,-0.014652000740170479,-0.007325965445488691,-0.007325965445488691,-0.013325965445488691,close,0,0,40,2025-08-01
2025-08-29,1225,30.950000762939453,0.4490436325598272,0,-0.004846575669944286,-0.004846575669944286,-0.024232633411884308,-0.02100166492164135,-0.02,-0.026000000000000002,stop_loss,0,1,40,2025-08-01
2025-08-29,1227,30.149999618530273,0.4490436325598272,0,0.0,0.0016584127442911267,-0.0033167623914778233,-0.0016583495307713747,-0.0016583495307713747,-0.007658349530771375,close,0,0,40,2025-08-01
2025-08-29,1229,49.599998474121094,0.4490436325598272,0,-0.002016098238527775,-0.002016098238527775,-0.027217712253332138,-0.027217712253332138,-0.02,-0.026000000000000002,stop_loss,0,1,40,2025-08-01
2025-08-29,1231,136.5,0.4490436325598272,0,0.007326007355004549,0.007326007355004549,-0.014652014710009098,-0.014652014710009098,-0.014652014710009098,-0.020652014710009096,close,0,0,40,2025-08-01
2025-08-29,1301,38.95000076293945,0.4490436325598272,0,-0.010269615799188614,-0.0012836774112656713,-0.021822908893227577,-0.00385113013908267,-0.02,-0.026000000000000002,stop_loss,0,1,40,2025-08-01
2025-08-29,1303,43.20000076293945,0.4490436325598272,0,-0.008101904764771461,0.004629647359251976,-0.04513890668749809,-0.01620372198522091,-0.02,-0.026000000000000002,stop_loss,0,1,40,2025-08-01
2025-08-29,1304,10.399999618530273,0.4490436325598272,1,-0.004807618912309408,0.009615421295166016,-0.024038461968302727,0.004807710647583008,-0.02,-0.026000000000000002,stop_loss,0,1,40,2025-08-01
2025-08-29,1305,11.75,0.4490436325598272,0,0.008510670624673367,0.008510670624673367,-0.017021261155605316,-0.004255335312336683,-0.004255335312336683,-0.010255335312336683,close,0,0,40,2025-08-01
2025-09-01,1101,22.350000381469727,0.4272490563799634,0,0.0,0.00447428971529007,-0.013422870077192783,-0.011185682378709316,-0.011185682378709316,-0.017185682378709315,close,0,0,41,2025-09-01
2025-09-01,1102,36.349998474121094,0.4272490563799634,0,0.0013755998807027936,0.006877579260617495,-0.005501979496330023,-0.0013754948740825057,-0.0013754948740825057,-0.007375494874082506,close,0,0,41,2025-09-01
2025-09-01,1103,13.25,0.4272490563799634,0,0.0,0.003773599397391081,-0.003773599397391081,-0.003773599397391081,-0.003773599397391081,-0.009773599397391081,close,0,0,41,2025-09-01
2025-09-01,1104,29.299999237060547,0.4272490563799634,0,0.0,0.0068259648978710175,-0.027303729206323624,-0.0051194410771131516,-0.02,-0.026000000000000002,stop_loss,0,1,41,2025-09-01
2025-09-01,1110,17.299999237060547,0.4272490563799634,1,-0.005780258681625128,0.008670608513057232,-0.008670498616993427,0.008670608513057232,0.008670608513057232,0.0026706085130572318,close,0,0,41,2025-09-01
2025-09-01,1201,15.550000190734863,0.4272490563799634,0,0.0,0.0032154463697224855,-0.0032154463697224855,0.0,0.0,-0.006,close,0,0,41,2025-09-01
2025-09-01,1210,53.099998474121094,0.4272490563799634,1,0.0018832823261618614,0.009416196495294571,0.0,0.005649775266647339,0.005649775266647339,-0.00035022473335266126,close,0,0,41,2025-09-01
2025-09-01,1215,133.0,0.4272490563799634,1,0.0,0.011278195306658745,-0.003759398590773344,0.007518797181546688,0.007518797181546688,0.001518797181546688,close,0,0,41,2025-09-01
2025-09-01,1216,77.4000015258789,0.4272490563799634,1,-0.0012919699074700475,0.010335857979953289,-0.0012919699074700475,0.010335857979953289,0.010335857979953289,0.004335857979953289,close,0,0,41,2025-09-01
2025-09-01,1217,11.0,0.4272490563799634,0,0.0,0.0045454720966517925,-0.0045454720966517925,-0.0045454720966517925,-0.0045454720966517925,-0.010545472096651793,close,0,0,41,2025-09-01
2025-09-01,1218,18.600000381469727,0.4272490563799634,0,0.0,0.010752626694738865,-0.002688233507797122,0.0,0.0,-0.006,close,0,0,41,2025-09-01
2025-09-01,1219,13.550000190734863,0.4272490563799634,1,0.0036900509148836136,0.0036900509148836136,-0.0036900509148836136,0.0036900509148836136,0.0036900509148836136,-0.0023099490851163865,close,0,0,41,2025-09-01
2025-09-01,1225,30.299999237060547,0.4272490563799634,0,-0.0033002798445522785,0.008250825107097626,-0.009900964796543121,-0.008250825107097626,-0.008250825107097626,-0.014250825107097626,close,0,0,41,2025-09-01
2025-09-01,1227,30.100000381469727,0.4272490563799634,0,0.0,0.0016611041501164436,-0.0016611675964668393,0.0,0.0,-0.006,close,0,0,41,2025-09-01
2025-09-01,1229,48.25,0.4272490563799634,0,0.0,0.007253854535520077,-0.012435201555490494,-0.007253854535520077,-0.007253854535520077,-0.013253854535520077,close,0,0,41,2025-09-01
2025-09-01,1231,134.5,0.4272490563799634,1,0.0,0.03717472031712532,0.0,0.029739776626229286,0.03,0.024,take_profit,1,0,41,2025-09-01
2025-09-01,1301,38.79999923706055,0.4272490563799634,0,0.002577378647401929,0.011597958393394947,-0.020618537440896034,-0.019329898059368134,-0.02,-0.026000000000000002,stop_loss,0,1,41,2025-09-01
2025-09-01,1303,42.5,0.4272490563799634,0,0.0035294475965201855,0.012941158376634121,-0.08000003546476364,-0.06117643415927887,-0.02,-0.026000000000000002,stop_loss,0,1,41,2025-09-01
2025-09-01,1304,10.449999809265137,0.4272490563799634,0,0.0,0.004784707445651293,-0.02870815247297287,-0.023923445492982864,-0.02,-0.026000000000000002,stop_loss,0,1,41,2025-09-01
2025-09-01,1305,11.699999809265137,0.4272490563799634,0,-0.004273520782589912,0.0,-0.021367521956562996,-0.017094001173973083,-0.02,-0.026000000000000002,stop_loss,0,1,41,2025-09-01
2025-09-02,1101,22.100000381469727,0.43757112534556863,1,0.006787313148379326,0.020361939445137978,0.00452490383759141,0.011312217451632023,0.011312217451632023,0.005312217451632023,close,0,0,41,2025-09-01
2025-09-02,1102,36.29999923706055,0.43757112534556863,1,0.0055096629075706005,0.008264441974461079,-0.002754779066890478,0.002754884073510766,0.002754884073510766,-0.003245115926489234,close,0,0,41,2025-09-01
2025-09-02,1103,13.199999809265137,0.43757112534556863,0,0.0,0.0075757866725325584,-0.0037878933362662792,0.0,0.0,-0.006,close,0,0,41,2025-09-01
2025-09-02,1104,29.149999618530273,0.43757112534556863,1,-0.0017152397194877267,0.032590076327323914,-0.008576329797506332,0.013722114264965057,0.03,0.024,take_profit,1,0,41,2025-09-01
2025-09-02,1110,17.450000762939453,0.43757112534556863,1,-0.0028653950430452824,0.0085959667339921,-0.0028653950430452824,0.00573057122528553,0.00573057122528553,-0.00026942877471447003,close,0,0,41,2025-09-01
2025-09-02,1201,15.550000190734863,0.43757112534556863,0,0.0032154463697224855,0.0064308312721550465,-0.0032154463697224855,0.0,0.0,-0.006,close,0,0,41,2025-09-01
2025-09-02,1210,53.400001525878906,0.43757112534556863,0,0.0,0.0,-0.007490665186196566,-0.003745332593098283,-0.003745332593098283,-0.009745332593098283,close,0,0,41,2025-09-01
2025-09-02,1215,134.0,0.43757112534556863,1,0.0037313431967049837,0.011194029822945595,0.0,0.007462686393409967,0.007462686393409967,0.0014626863934099673,close,0,0,41,2025-09-01
2025-09-02,1216,78.19999694824219,0.43757112534556863,0,-0.00127875292673707,0.001278850482776761,-0.006393861956894398,-0.0038362587802112103,-0.0038362587802112103,-0.00983625878021121,close,0,0,41,2025-09-01
2025-09-02,1217,10.949999809265137,0.43757112534556863,0,0.0,0.004566227551549673,-0.004566227551549673,0.0,0.0,-0.006,close,0,0,41,2025-09-01
2025-09-02,1218,18.600000381469727,0.43757112534556863,1,-0.002688233507797122,0.005376364570111036,-0.002688233507797122,0.005376364570111036,0.005376364570111036,-0.0006236354298889638,close,0,0,41,2025-09-01
2025-09-02,1219,13.600000381469727,0.43757112534556863,0,-0.0036764845717698336,0.0,-0.018382351845502853,-0.0036764845717698336,-0.0036764845717698336,-0.009676484571769834,close,0,0,41,2025-09-01
2025-09-02,1225,30.049999237060547,0.43757112534556863,1,0.0016639316454529762,0.008319467306137085,0.0,0.0016639316454529762,0.0016639316454529762,-0.004336068354547024,close,0,0,41,2025-09-01
2025-09-02,1227,30.100000381469727,0.43757112534556863,1,-0.0016611675964668393,0.006644480396062136,-0.0016611675964668393,0.0016611041501164436,0.0016611041501164436,-0.0043388958498835565,close,0,0,41,2025-09-01
2025-09-02,1229,47.900001525878906,0.43757112534556863,1,0.0,0.005219206679612398,-0.008350762538611889,0.0020876508206129074,0.0020876508206129074,-0.003912349179387093,close,0,0,41,2025-09-01
2025-09-02,1231,138.5,0.43757112534556863,0,0.0,0.0,-0.018050542101264,-0.014440433122217655,-0.014440433122217655,-0.020440433122217654,close,0,0,41,2025-09-01
2025-09-02,1301,38.04999923706055,0.43757112534556863,0,0.0,0.00919848307967186,-0.009198383428156376,-0.007884343154728413,-0.007884343154728413,-0.013884343154728413,close,0,0,41,2025-09-01
2025-09-02,1303,39.900001525878906,0.43757112534556863,0,0.01629066839814186,0.022556332871317863,-0.01754387840628624,-0.015037651173770428,-0.015037651173770428,-0.021037651173770426,close,0,0,41,2025-09-01
2025-09-02,1304,10.199999809265137,0.43757112534556863,0,0.004901979584246874,0.009803959168493748,-0.009803866036236286,0.0,0.0,-0.006,close,0,0,41,2025-09-01
2025-09-02,1305,11.5,0.43757112534556863,0,0.0,0.004347842652350664,-0.013043445535004139,-0.004347842652350664,-0.004347842652350664,-0.010347842652350664,close,0,0,41,2025-09-01
2025-09-03,1101,22.350000381469727,0.46611371814819474,1,0.002237102249637246,0.01565997116267681,0.0,0.013422784395515919,0.013422784395515919,0.007422784395515919,close,0,0,41,2025-09-01
2025-09-03,1102,36.400001525878906,0.46611371814819474,0,0.004120816010981798,0.005494421347975731,-0.001373710110783577,0.0,0.0,-0.006,close,0,0,41,2025-09-01
2025-09-03,1103,13.199999809265137,0.46611371814819474,1,0.0037878933362662792,0.02272728830575943,0.0,0.01136367954313755,0.01136367954313755,0.00536367954313755,close,0,0,41,2025-09-01
2025-09-03,1104,29.549999237060547,0.46611371814819474,0,0.006768215447664261,0.018612559884786606,0.0,0.0,0.0,-0.006,close,0,0,41,2025-09-01
2025-09-03,1110,17.549999237060547,0.46611371814819474,0,0.0,0.005698027554899454,-0.014245014637708664,-0.014245014637708664,-0.014245014637708664,-0.020245014637708662,close,0,0,41,2025-09-01
2025-09-03,1201,15.550000190734863,0.46611371814819474,1,0.0032154463697224855,0.0064308312721550465,0.0,0.0064308312721550465,0.0064308312721550465,0.00043083127215504634,close,0,0,41,2025-09-01
2025-09-03,1210,53.20000076293945,0.46611371814819474,1,0.0,0.0075187538750469685,0.0,0.005639083217829466,0.005639083217829466,-0.00036091678217053426,close,0,0,41,2025-09-01
2025-09-03,1215,135.0,0.46611371814819474,0,0.007407407276332378,0.007407407276332378,-0.018518518656492233,-0.007407407276332378,-0.007407407276332378,-0.013407407276332379,close,0,0,41,2025-09-01
2025-09-03,1216,77.9000015258789,0.46611371814819474,1,0.0012836774112656713,0.005134807899594307,-0.002567452844232321,0.0025673548225313425,0.0025673548225313425,-0.0034326451774686576,close,0,0,41,2025-09-01
2025-09-03,1217,10.949999809265137,0.46611371814819474,1,0.0,0.009132455103099346,0.0,0.009132455103099346,0.009132455103099346,0.003132455103099346,close,0,0,41,2025-09-01
2025-09-03,1218,18.700000762939453,0.46611371814819474,1,0.0026737558655440807,0.01069512590765953,0.0,0.01069512590765953,0.01069512590765953,0.0046951259076595305,close,0,0,41,2025-09-01
2025-09-03,1219,13.550000190734863,0.46611371814819474,1,0.0036900509148836136,0.01107008196413517,-0.0036900509148836136,0.01107008196413517,0.01107008196413517,0.00507008196413517,close,0,0,41,2025-09-01
2025-09-03,1225,30.100000381469727,0.46611371814819474,1,0.0016611041501164436,0.013289024122059345,0.0016611041501164436,0.006644480396062136,0.006644480396062136,0.0006444803960621356,close,0,0,41,2025-09-01
2025-09-03,1227,30.149999618530273,0.46611371814819474,1,0.0,0.008291874080896378,0.0,0.0066335247829556465,0.0066335247829556465,0.0006335247829556464,close,0,0,41,2025-09-01
2025-09-03,1229,48.0,0.46611371814819474,1,0.0,0.008333365432918072,0.0,0.0072916350327432156,0.0072916350327432156,0.0012916350327432154,close,0,0,41,2025-09-01
2025-09-03,1231,136.5,0.46611371814819474,1,0.0,0.014652014710009098,0.0,0.010989011265337467,0.010989011265337467,0.004989011265337467,close,0,0,41,2025-09-01
2025-09-03,1301,37.75,0.46611371814819474,1,0.009271482937037945,0.023841099813580513,0.0013244830770418048,0.013245033100247383,0.013245033100247383,0.007245033100247383,close,0,0,41,2025-09-01
2025-09-03,1303,39.29999923706055,0.46611371814819474,0,0.007633568719029427,0.012722646817564964,-0.016539381816983223,-0.010178059339523315,-0.010178059339523315,-0.016178059339523314,close,0,0,41,2025-09-01
2025-09-03,1304,10.199999809265137,0.46611371814819474,1,0.009803959168493748,0.009803959168493748,0.0,0.009803959168493748,0.009803959168493748,0.0038039591684937476,close,0,0,41,2025-09-01
2025-09-03,1305,11.449999809265137,0.46611371814819474,1,0.004366829060018063,0.008733658120036125,-0.00873357430100441,0.004366829060018063,0.004366829060018063,-0.0016331709399819375,close,0,0,41,2025-09-01
2025-09-04,1101,22.649999618530273,0.44093062244360837,0,0.00220755604095757,0.0044150277972221375,-0.00882997177541256,0.0,0.0,-0.006,close,0,0,41,2025-09-01
2025-09-04,1102,36.400001525878906,0.44093062244360837,0,0.005494421347975731,0.010988947935402393,-0.001373710110783577,0.0,0.0,-0.006,close,0,0,41,2025-09-01
2025-09-04,1103,13.350000381469727,0.44093062244360837,0,0.0,0.00749059347435832,-0.026217255741357803,-0.014981330372393131,-0.02,-0.026000000000000002,stop_loss,0,1,41,2025-09-01
2025-09-04,1104,29.549999237060547,0.44093062244360837,0,0.006768215447664261,0.01692047342658043,-0.018612496554851532,-0.013536366634070873,-0.013536366634070873,-0.01953636663407087,close,0,0,41,2025-09-01
2025-09-04,1110,17.299999237060547,0.44093062244360837,1,0.00578036904335022,0.014450867660343647,0.0,0.002890239702537656,0.002890239702537656,-0.0031097602974623443,close,0,0,41,2025-09-01
2025-09-04,1201,15.649999618530273,0.44093062244360837,0,0.0031949004624038935,0.0031949004624038935,-0.003194839460775256,-0.003194839460775256,-0.003194839460775256,-0.009194839460775256,close,0,0,41,2025-09-01
2025-09-04,1210,53.5,0.44093062244360837,0,0.001869130413979292,0.001869130413979292,-0.007476664148271084,-0.007476664148271084,-0.007476664148271084,-0.013476664148271084,close,0,0,41,2025-09-01
2025-09-04,1215,134.0,0.44093062244360837,0,-0.007462686393409967,-0.0037313431967049837,-0.014925372786819935,-0.014925372786819935,-0.014925372786819935,-0.020925372786819933,close,0,0,41,2025-09-01
2025-09-04,1216,78.0999984741211,0.44093062244360837,0,0.001280390191823244,0.005121658556163311,0.0,0.0,0.0,-0.006,close,0,0,41,2025-09-01
2025-09-04,1217,11.050000190734863,0.44093062244360837,0,0.0,0.00452490383759141,-0.00904980767518282,-0.00904980767518282,-0.00904980767518282,-0.01504980767518282,close,0,0,41,2025-09-01
2025-09-04,1218,18.899999618530273,0.44093062244360837,0,0.0,0.0026455633342266083,-0.007936487905681133,-0.0026454622857272625,-0.0026454622857272625,-0.008645462285727263,close,0,0,41,2025-09-01
2025-09-04,1219,13.699999809265137,0.44093062244360837,0,-0.003649648977443576,-0.003649648977443576,-0.010948877781629562,-0.007299228571355343,-0.007299228571355343,-0.013299228571355343,close,0,0,41,2025-09-01
2025-09-04,1225,30.299999237060547,0.44093062244360837,1,-0.0016501399222761393,0.008250825107097626,-0.008250825107097626,0.008250825107097626,0.008250825107097626,0.0022508251070976256,close,0,0,41,2025-09-01
2025-09-04,1227,30.350000381469727,0.44093062244360837,1,0.0016474212752655149,0.006589747965335846,-0.0016474841395393014,0.0032949054148048162,0.0032949054148048162,-0.002705094585195184,close,0,0,41,2025-09-01
2025-09-04,1229,48.349998474121094,0.44093062244360837,1,0.0010341893648728728,0.004136520437896252,-0.005170630756765604,0.004136520437896252,0.004136520437896252,-0.0018634795621037484,close,0,0,41,2025-09-01
2025-09-04,1231,138.0,0.44093062244360837,0,-0.007246376946568489,-0.007246376946568489,-0.018115941435098648,-0.014492753893136978,-0.014492753893136978,-0.020492753893136977,close,0,0,41,2025-09-01
2025-09-04,1301,38.25,0.44093062244360837,0,0.0,0.011764725670218468,-0.022222181782126427,-0.011764725670218468,-0.02,-0.026000000000000002,stop_loss,0,1,41,2025-09-01
2025-09-04,1303,38.900001525878906,0.44093062244360837,0,0.01028271671384573,0.01028271671384573,-0.017994876950979233,-0.011568142101168633,-0.011568142101168633,-0.01756814210116863,close,0,0,41,2025-09-01
2025-09-04,1304,10.300000190734863,0.44093062244360837,0,0.0,0.0,-0.014563161879777908,0.0,0.0,-0.006,close,0,0,41,2025-09-01
2025-09-04,1305,11.5,0.44093062244360837,1,0.004347842652350664,0.01739128865301609,-0.013043445535004139,0.01739128865301609,0.01739128865301609,0.01139128865301609,close,0,0,41,2025-09-01
2025-09-05,1101,22.649999618530273,0.45542061075753687,0,-0.0066224997863173485,-0.0066224997863173485,-0.02649008296430111,-0.015452555380761623,-0.02,-0.026000000000000002,stop_loss,0,1,41,2025-09-01
2025-09-05,1102,36.400001525878906,0.45542061075753687,0,0.0,0.0027472106739878654,-0.009615447372198105,-0.0027473154477775097,-0.0027473154477775097,-0.00874731544777751,close,0,0,41,2025-09-01
2025-09-05,1103,13.149999618530273,0.45542061075753687,1,0.007604592014104128,0.011406888253986835,0.003802296007052064,0.003802296007052064,0.003802296007052064,-0.002197703992947936,close,0,0,41,2025-09-01
2025-09-05,1104,29.149999618530273,0.45542061075753687,0,0.00686108972877264,0.027444293722510338,-0.005145784467458725,-0.0017152397194877267,-0.0017152397194877267,-0.007715239719487727,close,0,0,41,2025-09-01
2025-09-05,1110,17.350000381469727,0.45542061075753687,1,-0.0028819101862609386,0.008645511232316494,-0.005763710476458073,0.002881800290197134,0.002881800290197134,-0.003118199709802866,close,0,0,41,2025-09-01
2025-09-05,1201,15.600000381469727,0.45542061075753687,1,0.0032050791196525097,0.006410219706594944,0.0,0.0032050791196525097,0.0032050791196525097,-0.0027949208803474904,close,0,0,41,2025-09-01
2025-09-05,1210,53.099998474121094,0.45542061075753687,1,0.0,0.007532985415309668,-0.0018832104979082942,0.003766492707654834,0.003766492707654834,-0.0022335072923451663,close,0,0,41,2025-09-01
2025-09-05,1215,132.0,0.45542061075753687,1,0.0,0.03030303120613098,0.0,0.022727273404598236,0.03,0.024,take_profit,1,0,41,2025-09-01
2025-09-05,1216,78.0999984741211,0.45542061075753687,1,0.0,0.01280409749597311,0.0,0.010243317112326622,0.010243317112326622,0.004243317112326622,close,0,0,41,2025-09-01
2025-09-05,1217,10.949999809265137,0.45542061075753687,0,0.004566227551549673,0.004566227551549673,-0.004566227551549673,0.0,0.0,-0.006,close,0,0,41,2025-09-01
2025-09-05,1218,18.850000381469727,0.45542061075753687,0,0.0,0.005305059719830751,-0.0026525806169956923,0.0,0.0,-0.006,close,0,0,41,2025-09-01
2025-09-05,1219,13.600000381469727,0.45542061075753687,0,0.0,0.014705867506563663,-0.007352969143539667,-0.0036764845717698336,-0.0036764845717698336,-0.009676484571769834,close,0,0,41,2025-09-01
2025-09-05,1225,30.549999237060547,0.45542061075753687,0,-0.05192381516098976,-0.05192381516098976,-0.0704529732465744,-0.06427659094333649,-0.05192381516098976,-0.05792381516098976,gap_stop,0,1,41,2025-09-01
2025-09-05,1227,30.450000762939453,0.45542061075753687,0,0.0,0.0016420109895989299,-0.0032840846106410027,0.0,0.0,-0.006,close,0,0,41,2025-09-01
2025-09-05,1229,48.54999923706055,0.45542061075753687,1,-0.0020597008988261223,0.015447991900146008,-0.004119480028748512,0.012358441017568111,0.012358441017568111,0.006358441017568111,close,0,0,41,2025-09-01
2025-09-05,1231,136.0,0.45542061075753687,0,0.0,0.0,-0.007352941203862429,-0.007352941203862429,-0.007352941203862429,-0.013352941203862429,close,0,0,41,2025-09-01
2025-09-05,1301,37.79999923706055,0.45542061075753687,1,0.005291025619953871,0.018518539145588875,0.0,0.009259319864213467,0.009259319864213467,0.0032593198642134665,close,0,0,41,2025-09-01
2025-09-05,1303,38.45000076293945,0.45542061075753687,0,0.0065019503235816956,0.00910269096493721,-0.0065019503235816956,-0.0013003702042624354,-0.0013003702042624354,-0.0073003702042624356,close,0,0,41,2025-09-01
2025-09-05,1304,10.300000190734863,0.45542061075753687,1,0.0,0.014563069678843021,-0.004854387138038874,0.004854387138038874,0.004854387138038874,-0.0011456128619611265,close,0,0,41,2025-09-01
2025-09-05,1305,11.699999809265137,0.45542061075753687,1,0.0,0.012820562347769737,-0.012820480391383171,0.004273520782589912,0.004273520782589912,-0.0017264792174100877,close,0,0,41,2025-09-01
2025-09-08,1101,22.299999237060547,0.46575734151908416,1,0.002242203801870346,0.006726526189595461,-0.006726440507918596,0.004484322387725115,0.004484322387725115,-0.0015156776122748853,close,0,0,41,2025-09-01
2025-09-08,1102,36.29999923706055,0.46575734151908416,0,0.002754884073510766,0.0055096629075706005,-0.0041321683675050735,0.0,0.0,-0.006,close,0,0,41,2025-09-01
2025-09-08,1103,13.199999809265137,0.46575734151908416,1,0.0,0.01136367954313755,0.0,0.01136367954313755,0.01136367954313755,0.00536367954313755,close,0,0,41,2025-09-01
2025-09-08,1104,29.100000381469727,0.46575734151908416,0,0.018900318071246147,0.03092782199382782,-0.0034364392049610615,0.0,0.03,0.024,take_profit,1,0,41,2025-09-01
2025-09-08,1110,17.399999618530273,0.46575734151908416,1,0.005747148301452398,0.011494296602904797,-0.008620668202638626,0.0028736290987581015,0.0028736290987581015,-0.0031263709012418987,close,0,0,41,2025-09-01
2025-09-08,1201,15.649999618530273,0.46575734151908416,1,0.0,0.0031949004624038935,-0.00638973992317915,0.0031949004624038935,0.0031949004624038935,-0.0028050995375961067,close,0,0,41,2025-09-01
2025-09-08,1210,53.29999923706055,0.46575734151908416,1,0.001876215566881001,0.0037523596547544003,-0.0018761439714580774,0.001876215566881001,0.001876215566881001,-0.004123784433118999,close,0,0,41,2025-09-01
2025-09-08,1215,135.0,0.46575734151908416,1,0.0,0.007407407276332378,-0.007407407276332378,0.003703703638166189,0.003703703638166189,-0.002296296361833811,close,0,0,41,2025-09-01
2025-09-08,1216,78.9000015258789,0.46575734151908416,1,0.0,0.01140686310827732,-0.0025349122006446123,0.006337135564535856,0.006337135564535856,0.0003371355645358561,close,0,0,41,2025-09-01
2025-09-08,1217,10.949999809265137,0.46575734151908416,0,0.004566227551549673,0.004566227551549673,-0.004566227551549673,0.0,0.0,-0.006,close,0,0,41,2025-09-01
2025-09-08,1218,18.850000381469727,0.46575734151908416,0,0.002652479335665703,0.002652479335665703,-0.007957539521157742,-0.0026525806169956923,-0.0026525806169956923,-0.008652580616995692,close,0,0,41,2025-09-01
2025-09-08,1219,13.550000190734863,0.46575734151908416,1,0.0,0.007380031514912844,-0.0036900509148836136,0.007380031514912844,0.007380031514912844,0.0013800315149128436,close,0,0,41,2025-09-01
2025-09-08,1225,28.586349487304688,0.46575734151908416,0,0.0,0.008250768296420574,-0.0066006542183458805,0.0,0.0,-0.006,close,0,0,41,2025-09-01
2025-09-08,1227,30.450000762939453,0.46575734151908416,1,0.0,0.0032840219791978598,-0.0016420736210420728,0.0016420109895989299,0.0016420109895989299,-0.00435798901040107,close,0,0,41,2025-09-01
2025-09-08,1229,49.150001525878906,0.46575734151908416,1,0.0030518353451043367,0.005086469929665327,-0.0030519128777086735,0.00203455681912601,0.00203455681912601,-0.00396544318087399,close,0,0,41,2025-09-01
2025-09-08,1231,135.0,0.46575734151908416,0,0.0,0.007407407276332378,-0.003703703638166189,0.0,0.0,-0.006,close,0,0,41,2025-09-01
2025-09-08,1301,38.150001525878906,0.46575734151908416,0,-0.003931887913495302,0.014416755177080631,-0.007863775826990604,0.0,0.0,-0.006,close,0,0,41,2025-09-01
2025-09-08,1303,38.400001525878906,0.46575734151908416,1,0.0013020634651184082,0.04036456346511841,-0.002604226116091013,0.0065104165114462376,0.03,0.024,take_profit,1,0,41,2025-09-01
2025-09-08,1304,10.350000381469727,0.46575734151908416,0,0.004830843769013882,0.014492716640233994,-0.009661871939897537,-0.004830935969948769,-0.004830935969948769,-0.010830935969948769,close,0,0,41,2025-09-01
2025-09-08,1305,11.75,0.46575734151908416,0,0.008510670624673367,0.008510670624673367,-0.012765925377607346,0.0,0.0,-0.006,close,0,0,41,2025-09-01
2025-09-09,1101,22.399999618530273,0.46360608219942456,1,0.002232193946838379,0.026785731315612793,-0.006696411874145269,0.02455362305045128,0.02455362305045128,0.01855362305045128,close,0,0,41,2025-09-01
2025-09-09,1102,36.29999923706055,0.46360608219942456,1,-0.001377389533445239,0.008264441974461079,-0.009641831740736961,0.002754884073510766,0.002754884073510766,-0.003245115926489234,close,0,0,41,2025-09-01
2025-09-09,1103,13.350000381469727,0.46360608219942456,1,0.0,0.00749059347435832,-0.003745332593098283,0.00749059347435832,0.00749059347435832,0.0014905934743583201,close,0,0,41,2025-09-01
2025-09-09,1104,29.100000381469727,0.46360608219942456,1,0.03264600783586502,0.09965634346008301,0.03092782199382782,0.09965634346008301,0.03,0.024,gap_take_profit,1,0,41,2025-09-01
2025-09-09,1110,17.450000762939453,0.46360608219942456,0,-0.0028653950430452824,0.00573057122528553,-0.005730680655688047,0.0,0.0,-0.006,close,0,0,41,2025-09-01
2025-09-09,1201,15.699999809265137,0.46360608219942456,0,-0.006369390524923801,0.0,-0.006369390524923801,-0.006369390524923801,-0.006369390524923801,-0.012369390524923802,close,0,0,41,2025-09-01
2025-09-09,1210,53.400001525878906,0.46360608219942456,0,-0.0018727020360529423,0.0018726305570453405,-0.007490665186196566,-0.003745332593098283,-0.003745332593098283,-0.009745332593098283,close,0,0,41,2025-09-01
2025-09-09,1215,135.5,0.46360608219942456,1,-0.0036900369450449944,0.018450183793902397,-0.007380073890089989,0.014760147780179977,0.014760147780179977,0.008760147780179977,close,0,0,41,2025-09-01
2025-09-09,1216,79.4000015258789,0.46360608219942456,1,0.0,0.006297229323536158,-0.00377837591804564,0.001259426586329937,0.001259426586329937,-0.004740573413670063,close,0,0,41,2025-09-01
2025-09-09,1217,10.949999809265137,0.46360608219942456,1,0.004566227551549673,0.004566227551549673,-0.004566227551549673,0.004566227551549673,0.004566227551549673,-0.001433772448450327,close,0,0,41,2025-09-01
2025-09-09,1218,18.799999237060547,0.46360608219942456,0,0.0,0.0026596353854984045,-0.007978703826665878,-0.002659534104168415,-0.002659534104168415,-0.008659534104168415,close,0,0,41,2025-09-01
2025-09-09,1219,13.649999618530273,0.46360608219942456,0,-0.007325965445488691,-0.0036629477981477976,-0.014652000740170479,-0.010988983325660229,-0.010988983325660229,-0.016988983325660227,close,0,0,41,2025-09-01
2025-09-09,1225,28.586349487304688,0.46360608219942456,1,4.319522872719972e-08,0.014851531945168972,-0.003300317330285907,0.013201352208852768,0.013201352208852768,0.007201352208852768,close,0,0,41,2025-09-01
2025-09-09,1227,30.5,0.46360608219942456,0,-0.003278701100498438,0.0,-0.009836040437221527,-0.0049180202186107635,-0.0049180202186107635,-0.010918020218610764,close,0,0,41,2025-09-01
2025-09-09,1229,49.25,0.46360608219942456,0,-0.002030425937846303,0.0,-0.009137071669101715,-0.004060929175466299,-0.004060929175466299,-0.0100609291754663,close,0,0,41,2025-09-01
2025-09-09,1231,135.0,0.46360608219942456,0,0.003703703638166189,0.003703703638166189,-0.014814814552664757,-0.011111111380159855,-0.011111111380159855,-0.017111111380159853,close,0,0,41,2025-09-01
2025-09-09,1301,38.150001525878906,0.46360608219942456,0,0.006553079467266798,0.006553079467266798,-0.009174371138215065,0.0,0.0,-0.006,close,0,0,41,2025-09-01
2025-09-09,1303,38.650001525878906,0.46360608219942456,0,0.0,0.00776194641366601,-0.011642969213426113,-0.011642969213426113,-0.011642969213426113,-0.01764296921342611,close,0,0,41,2025-09-01
2025-09-09,1304,10.300000190734863,0.46360608219942456,0,-0.004854387138038874,0.0,-0.019417457282543182,-0.014563161879777908,-0.014563161879777908,-0.020563161879777907,close,0,0,41,2025-09-01
2025-09-09,1305,11.75,0.46360608219942456,0,0.0,0.0,-0.017021261155605316,-0.004255335312336683,-0.004255335312336683,-0.010255335312336683,close,0,0,41,2025-09-01
2025-09-10,1101,22.950000762939453,0.4555658902376272,0,0.002178615890443325,0.002178615890443325,-0.028322504833340645,-0.028322504833340645,-0.02,-0.026000000000000002,stop_loss,0,1,41,2025-09-01
2025-09-10,1102,36.400001525878906,0.4555658902376272,0,-0.004120920784771442,0.0,-0.01098905224353075,-0.008241841569542885,-0.008241841569542885,-0.014241841569542885,close,0,0,41,2025-09-01
2025-09-10,1103,13.449999809265137,0.4555658902376272,0,-0.0037174862809479237,0.0,-0.01858736015856266,-0.014869874343276024,-0.014869874343276024,-0.020869874343276022,close,0,0,41,2025-09-01
2025-09-10,1104,32.0,0.4555658902376272,0,-0.004687488079071045,-0.004687488079071045,-0.0546875,-0.042187511920928955,-0.02,-0.026000000000000002,stop_loss,0,1,41,2025-09-01
2025-09-10,1110,17.450000762939453,0.4555658902376272,0,-0.0028653950430452824,0.0,-0.00859607569873333,0.0,0.0,-0.006,close,0,0,41,2025-09-01
2025-09-10,1201,15.600000381469727,0.4555658902376272,0,-0.0032051403541117907,0.0,-0.006410280708223581,0.0,0.0,-0.006,close,0,0,41,2025-09-01
2025-09-10,1210,53.20000076293945,0.4555658902376272,0,0.0,0.003759412793442607,-0.0018797422526404262,-0.0018797422526404262,-0.0018797422526404262,-0.007879742252640426,close,0,0,41,2025-09-01
2025-09-10,1215,137.5,0.4555658902376272,0,-0.007272727321833372,0.0,-0.014545454643666744,-0.007272727321833372,-0.007272727321833372,-0.013272727321833372,close,0,0,41,2025-09-01
2025-09-10,1216,79.5,0.4555658902376272,0,-0.002515684813261032,0.002515684813261032,-0.0100629311054945,-0.007547150831669569,-0.007547150831669569,-0.01354715083166957,close,0,0,41,2025-09-01
2025-09-10,1217,11.0,0.4555658902376272,0,-0.0045454720966517925,0.0,-0.013636329211294651,-0.013636329211294651,-0.013636329211294651,-0.01963632921129465,close,0,0,41,2025-09-01
2025-09-10,1218,18.75,0.4555658902376272,1,0.018666686490178108,0.04799997806549072,0.018666686490178108,0.018666686490178108,0.03,0.024,take_profit,1,0,41,2025-09-01
2025-09-10,1219,13.5,0.4555658902376272,0,-0.003703717840835452,0.0,-0.007407435681670904,0.0,0.0,-0.006,close,0,0,41,2025-09-01
2025-09-10,1225,28.963727951049805,0.4555658902376272,0,0.0016286303289234638,0.0016286303289234638,-0.014658031985163689,-0.009772059507668018,-0.009772059507668018,-0.015772059507668017,close,0,0,41,2025-09-01
2025-09-10,1227,30.350000381469727,0.4555658902376272,0,-0.004942326806485653,0.0,-0.008237232454121113,-0.004942326806485653,-0.004942326806485653,-0.010942326806485653,close,0,0,41,2025-09-01
2025-09-10,1229,49.04999923706055,0.4555658902376272,0,0.0,0.0010193524649366736,-0.024464847519993782,-0.02038736082613468,-0.02,-0.026000000000000002,stop_loss,0,1,41,2025-09-01
2025-09-10,1231,133.5,0.4555658902376272,0,-0.00374531839042902,0.00374531839042902,-0.00749063678085804,-0.00374531839042902,-0.00374531839042902,-0.00974531839042902,close,0,0,41,2025-09-01
2025-09-10,1301,38.150001525878906,0.4555658902376272,0,-0.0026212919037789106,-0.001310695894062519,-0.01834864355623722,-0.01834864355623722,-0.01834864355623722,-0.02434864355623722,close,0,0,41,2025-09-01
2025-09-10,1303,38.20000076293945,0.4555658902376272,0,0.005235622171312571,0.006544502452015877,-0.024869129061698914,-0.020942388102412224,-0.02,-0.026000000000000002,stop_loss,0,1,41,2025-09-01
2025-09-10,1304,10.149999618530273,0.4555658902376272,0,0.0,0.0,-0.009852160699665546,-0.004926033318042755,-0.004926033318042755,-0.010926033318042755,close,0,0,41,2025-09-01
2025-09-10,1305,11.699999809265137,0.4555658902376272,0,-0.004273520782589912,-0.004273520782589912,-0.03418800234794617,-0.029914481565356255,-0.02,-0.026000000000000002,stop_loss,0,1,41,2025-09-01
2025-09-11,1101,22.299999237060547,0.4452999464077975,1,0.002242203801870346,0.011210762895643711,-0.00448423670604825,0.002242203801870346,0.002242203801870346,-0.003757796198129654,close,0,0,41,2025-09-01
2025-09-11,1102,36.099998474121094,0.4452999464077975,1,0.006925208028405905,0.015235542319715023,0.00554018747061491,0.012465395964682102,0.012465395964682102,0.006465395964682102,close,0,0,41,2025-09-01
2025-09-11,1103,13.25,0.4452999464077975,1,-0.003773599397391081,0.003773599397391081,-0.015094324946403503,0.003773599397391081,0.003773599397391081,-0.0022264006026089193,close,0,0,41,2025-09-01
2025-09-11,1104,30.649999618530273,0.4452999464077975,1,-0.0016312964726239443,0.03099513053894043,-0.004893951583653688,0.011419261805713177,0.03,0.024,take_profit,1,0,41,2025-09-01
2025-09-11,1110,17.450000762939453,0.4452999464077975,1,0.0,0.022922612726688385,0.0,0.0171919334679842,0.0171919334679842,0.0111919334679842,close,0,0,41,2025-09-01
2025-09-11,1201,15.600000381469727,0.4452999464077975,0,-0.006410280708223581,0.0,-0.006410280708223581,-0.006410280708223581,-0.006410280708223581,-0.012410280708223581,close,0,0,41,2025-09-01
2025-09-11,1210,53.099998474121094,0.4452999464077975,0,0.0,0.003766492707654834,-0.0018832104979082942,0.0,0.0,-0.006,close,0,0,41,2025-09-01
2025-09-11,1215,136.5,0.4452999464077975,0,0.0,0.007326007355004549,-0.010989011265337467,0.0,0.0,-0.006,close,0,0,41,2025-09-01
2025-09-11,1216,78.9000015258789,0.4452999464077975,1,0.001267407787963748,0.007604543119668961,-0.001267407787963748,0.005069727543741465,0.005069727543741465,-0.0009302724562585355,close,0,0,41,2025-09-01
2025-09-11,1217,10.850000381469727,0.4452999464077975,0,0.0046082246117293835,0.00921653676778078,-0.009216624312102795,-0.009216624312102795,-0.009216624312102795,-0.015216624312102795,close,0,0,41,2025-09-01
2025-09-11,1218,19.100000381469727,0.4452999464077975,0,0.005235622171312571,0.00785338319838047,-0.010471244342625141,-0.00785338319838047,-0.00785338319838047,-0.01385338319838047,close,0,0,41,2025-09-01
2025-09-11,1219,13.5,0.4452999464077975,0,0.0,0.003703717840835452,-0.007407435681670904,0.0,0.0,-0.006,close,0,0,41,2025-09-01
2025-09-11,1225,28.680692672729492,0.4452999464077975,1,0.009868457913398743,0.06578949838876724,0.009868457913398743,0.031250033527612686,0.03,0.024,take_profit,1,0,41,2025-09-01
2025-09-11,1227,30.200000762939453,0.4452999464077975,0,0.0,0.006622478365898132,-0.0016556669725105166,-0.0016556669725105166,-0.0016556669725105166,-0.007655666972510517,close,0,0,41,2025-09-01
2025-09-11,1229,48.04999923706055,0.4452999464077975,0,0.010405827313661575,0.01144639402627945,-0.001040566829033196,0.0,0.0,-0.006,close,0,0,41,2025-09-01
2025-09-11,1231,133.0,0.4452999464077975,1,0.003759398590773344,0.011278195306658745,0.0,0.007518797181546688,0.007518797181546688,0.001518797181546688,close,0,0,41,2025-09-01
2025-09-11,1301,37.45000076293945,0.4452999464077975,1,0.0,0.013351134955883026,0.0,0.006675567477941513,0.006675567477941513,0.0006755674779415129,close,0,0,41,2025-09-01
2025-09-11,1303,37.400001525878906,0.4452999464077975,1,0.008021369576454163,0.022727230563759804,0.0053475117310881615,0.006684491876512766,0.006684491876512766,0.0006844918765127658,close,0,0,41,2025-09-01
2025-09-11,1304,10.100000381469727,0.4452999464077975,0,0.0,0.014851447194814682,0.0,0.0,0.0,-0.006,close,0,0,41,2025-09-01
2025-09-11,1305,11.350000381469727,0.4452999464077975,0,0.0,0.022026430815458298,0.0,0.0,0.0,-0.006,close,0,0,41,2025-09-01
2025-09-12,1101,22.350000381469727,0.4535693750211888,0,0.00447428971529007,0.011185682378709316,-0.002237187698483467,0.0,0.0,-0.006,close,0,0,41,2025-09-01
2025-09-12,1102,36.54999923706055,0.4535693750211888,1,0.001367968157865107,0.009575986303389072,0.0,0.006839945446699858,0.006839945446699858,0.0008399454466998576,close,0,0,41,2025-09-01
2025-09-12,1103,13.300000190734863,0.4535693750211888,1,0.0,0.0075187538750469685,-0.003759412793442607,0.003759412793442607,0.003759412793442607,-0.002240587206557393,close,0,0,41,2025-09-01
2025-09-12,1104,31.0,0.4535693750211888,0,-0.0064516374841332436,-0.0064516374841332436,-0.02903224527835846,-0.02903224527835846,-0.02,-0.026000000000000002,stop_loss,0,1,41,2025-09-01
2025-09-12,1110,17.75,0.4535693750211888,1,-0.0112676490098238,0.0112676490098238,-0.0112676490098238,0.0028168584685772657,0.0028168584685772657,-0.0031831415314227344,close,0,0,41,2025-09-01
2025-09-12,1201,15.5,0.4535693750211888,1,0.0,0.016129031777381897,0.0,0.009677394293248653,0.009677394293248653,0.0036773942932486533,close,0,0,41,2025-09-01
2025-09-12,1210,53.099998474121094,0.4535693750211888,1,0.003766492707654834,0.011299478821456432,0.0018832823261618614,0.0018832823261618614,0.0018832823261618614,-0.004116717673838139,close,0,0,41,2025-09-01
2025-09-12,1215,136.5,0.4535693750211888,0,0.0,0.0,-0.029304029420018196,-0.021978022530674934,-0.02,-0.026000000000000002,stop_loss,0,1,41,2025-09-01
2025-09-12,1216,79.30000305175781,0.4535693750211888,0,-0.0075662811286747456,0.0012610147241503,-0.00882729608565569,-0.001261110999621451,-0.001261110999621451,-0.007261110999621451,close,0,0,41,2025-09-01
2025-09-12,1217,10.75,0.4535693750211888,0,-0.0046511804684996605,0.0046511804684996605,-0.0046511804684996605,-0.0046511804684996605,-0.0046511804684996605,-0.01065118046849966,close,0,0,41,2025-09-01
2025-09-12,1218,18.950000762939453,0.4535693750211888,0,0.0,0.007915547117590904,-0.007915647700428963,0.0,0.0,-0.006,close,0,0,41,2025-09-01
2025-09-12,1219,13.5,0.4535693750211888,0,-0.007407435681670904,0.011111082509160042,-0.011111082509160042,-0.007407435681670904,-0.007407435681670904,-0.013407435681670904,close,0,0,41,2025-09-01
2025-09-12,1225,29.57696533203125,0.4535693750211888,1,0.014354090206325054,0.03349282965064049,1.9453937127877907e-08,0.02551833912730217,0.03,0.024,take_profit,1,0,41,2025-09-01
2025-09-12,1227,30.149999618530273,0.4535693750211888,1,0.0016584127442911267,0.011608636006712914,-0.0016583495307713747,0.0033167623914778233,0.0033167623914778233,-0.002683237608522177,close,0,0,41,2025-09-01
2025-09-12,1229,48.04999923706055,0.4535693750211888,0,0.0,0.006243480369448662,-0.0031217006035149097,0.0,0.0,-0.006,close,0,0,41,2025-09-01
2025-09-12,1231,134.0,0.4535693750211888,0,0.0,0.0037313431967049837,-0.007462686393409967,-0.007462686393409967,-0.007462686393409967,-0.013462686393409968,close,0,0,41,2025-09-01
2025-09-12,1301,37.70000076293945,0.4535693750211888,1,0.013262598775327206,0.015915079042315483,0.0,0.0013262396678328514,0.0013262396678328514,-0.004673760332167149,close,0,0,41,2025-09-01
2025-09-12,1303,37.650001525878906,0.4535693750211888,0,0.003984002862125635,0.007968107238411903,-0.006640105973929167,-0.003984103910624981,-0.003984103910624981,-0.009984103910624981,close,0,0,41,2025-09-01
2025-09-12,1304,10.100000381469727,0.4535693750211888,1,0.004950419533997774,0.024752473458647728,0.004950419533997774,0.004950419533997774,0.004950419533997774,-0.001049580466002226,close,0,0,41,2025-09-01
2025-09-12,1305,11.350000381469727,0.4535693750211888,1,0.004405219107866287,0.022026430815458298,0.004405219107866287,0.00881052203476429,0.00881052203476429,0.0028105220347642897,close,0,0,41,2025-09-01
2025-09-15,8431,43.75,0.4596139180146962,1,-0.0057142856530845165,0.09714286029338837,-0.0057142856530845165,0.03999999910593033,0.03,0.024,take_profit,1,0,41,2025-09-01
2025-09-15,8436,116.0,0.4596139180146962,1,0.0,0.008620689623057842,0.0,0.004310344811528921,0.004310344811528921,-0.001689655188471079,close,0,0,41,2025-09-01
2025-09-15,8454,241.0,0.4596139180146962,1,0.0,0.01244813296943903,0.0,0.004149377811700106,0.004149377811700106,-0.0018506221882998945,close,0,0,41,2025-09-01
2025-09-15,8240,39.349998474121094,0.4596139180146962,0,0.0,0.0012707256246358156,-0.019059721380472183,-0.0139771094545722,-0.0139771094545722,-0.0199771094545722,close,0,0,41,2025-09-01
2025-09-15,8176,10.100000381469727,0.4596139180146962,1,0.0,0.009900933131575584,-0.00495051359757781,0.009900933131575584,0.009900933131575584,0.0039009331315755843,close,0,0,41,2025-09-01
2025-09-15,8183,28.399999618530273,0.4596139180146962,1,0.012323956936597824,0.015845097601413727,0.0,0.007042280398309231,0.007042280398309231,0.0010422803983092307,close,0,0,41,2025-09-01
2025-09-15,8215,23.25,0.4596139180146962,1,0.0,0.08387099951505661,-0.0064515965059399605,0.07096772640943527,0.03,0.024,take_profit,1,0,41,2025-09-01
2025-09-15,8111,51.29999923706055,0.4596139180146962,1,0.007797300815582275,0.00974658876657486,-0.011695876717567444,0.0019493623403832316,0.0019493623403832316,-0.0040506376596167685,close,0,0,41,2025-09-01
2025-09-15,8089,37.04999923706055,0.4596139180146962,0,0.0,0.0013495071325451136,-0.02294193021953106,-0.0188934076577425,-0.02,-0.026000000000000002,stop_loss,0,1,41,2025-09-01
2025-09-15,8104,38.851314544677734,0.4596139180146962,0,0.015409677289426327,0.015409677289426327,-0.01933824084699154,-0.011616415344178677,-0.011616415344178677,-0.017616415344178675,close,0,0,41,2025-09-01
2025-09-15,8105,12.75,0.4596139180146962,1,0.0039215837605297565,0.007843167521059513,-0.0039215837605297565,0.0039215837605297565,0.0039215837605297565,-0.0020784162394702436,close,0,0,41,2025-09-01
2025-09-15,8085,22.5,0.4596139180146962,1,0.03555552288889885,0.06888885796070099,-0.02222222276031971,0.02444441057741642,0.03,0.024,gap_take_profit,1,1,41,2025-09-01
2025-09-15,8047,16.350000381469727,0.4596139180146962,1,-0.0030581739265471697,0.01529051922261715,-0.01529051922261715,0.006116230972111225,0.006116230972111225,0.000116230972111225,close,0,0,41,2025-09-01
2025-09-15,8048,42.70000076293945,0.4596139180146962,0,-0.004683858714997768,0.0023418846540153027,-0.004683858714997768,-0.0011709423270076513,-0.0011709423270076513,-0.0071709423270076515,close,0,0,41,2025-09-01
2025-09-15,8059,32.599998474121094,0.4596139180146962,0,0.004601274151355028,0.007668712176382542,-0.06134963780641556,-0.058282140642404556,-0.02,-0.026000000000000002,stop_loss,0,1,41,2025-09-01
2025-09-15,8064,40.650001525878906,0.4596139180146962,1,0.009840041399002075,0.03567028045654297,-0.0012300873640924692,0.03567028045654297,0.03,0.024,take_profit,1,0,41,2025-09-01
2025-09-15,8069,237.5,0.4596139180146962,1,0.010526316240429878,0.031578946858644485,0.0063157896511256695,0.025263158604502678,0.03,0.024,take_profit,1,0,41,2025-09-01
2025-09-15,8034,24.799999237060547,0.4596139180146962,0,-0.002016098238527775,0.0020161753054708242,-0.034274134784936905,-0.028225760906934738,-0.02,-0.026000000000000002,stop_loss,0,1,41,2025-09-01
2025-09-15,8044,30.950000762939453,0.4596139180146962,1,0.021001603454351425,0.09693053364753723,0.003230968490242958,0.0613892637193203,0.03,0.024,take_profit,1,0,41,2025-09-01
2025-09-15,8045,91.5,0.4596139180146962,1,0.04043712466955185,0.0557376891374588,0.002185758901759982,0.05355193093419075,0.03,0.024,gap_take_profit,1,0,41,2025-09-01
2025-09-16,1810,20.350000381469727,0.4544626655903283,1,-0.0024570587556809187,0.014741976745426655,-0.009828046895563602,0.004914023447781801,0.004914023447781801,-0.001085976552218199,close,0,0,41,2025-09-01
2025-09-16,2102,19.649999618530273,0.4544626655903283,0,0.002544587478041649,0.005089078098535538,-0.02035621553659439,-0.017811724916100502,-0.02,-0.026000000000000002,stop_loss,0,1,41,2025-09-01
2025-09-16,2103,16.649999618530273,0.4544626655903283,1,0.0,0.015015015378594398,-0.00300295720808208,0.0030030717607587576,0.0030030717607587576,-0.0029969282392412425,close,0,0,41,2025-09-01
2025-09-16,2104,10.5,0.4544626655903283,1,0.0,0.02380952425301075,0.0,0.009523846209049225,0.009523846209049225,0.0035238462090492247,close,0,0,41,2025-09-01
2025-09-16,2105,38.25,0.4544626655903283,0,0.0013071695575490594,0.006535947788506746,-0.009150287136435509,-0.0013071695575490594,-0.0013071695575490594,-0.0073071695575490595,close,0,0,41,2025-09-01
2025-09-16,2106,20.350000381469727,0.4544626655903283,0,0.002456964924931526,0.007370988372713327,-0.007370988372713327,-0.007370988372713327,-0.007370988372713327,-0.013370988372713328,close,0,0,41,2025-09-01
2025-09-16,2108,23.649999618530273,0.4544626655903283,0,0.0,0.006342478562146425,-0.010570825077593327,-0.010570825077593327,-0.010570825077593327,-0.016570825077593325,close,0,0,41,2025-09-01
2025-09-16,1802,25.649999618530273,0.4544626655903283,1,0.0019493623403832316,0.013645239174365997,-0.011695876717567444,0.011695951223373413,0.011695951223373413,0.005695951223373413,close,0,0,41,2025-09-01
2025-09-16,2101,43.599998474121094,0.4544626655903283,1,-0.0011467714793980122,0.010321118868887424,-0.006880716886371374,0.001146859023720026,0.001146859023720026,-0.004853140976279974,close,0,0,41,2025-09-01
2025-09-16,1809,19.450000762939453,0.4544626655903283,1,0.0,0.03341900184750557,-0.002570752752944827,0.002570654731243849,0.03,0.024,take_profit,1,0,41,2025-09-01
2025-09-16,4171,18.149999618530273,0.4544626655903283,1,0.0,0.011019325815141201,-0.002754779066890478,0.002754884073510766,0.002754884073510766,-0.003245115926489234,close,0,0,41,2025-09-01
2025-09-16,4303,71.30000305175781,0.4544626655903283,1,-0.005610119551420212,0.015427747741341591,-0.007012622430920601,0.004207509104162455,0.004207509104162455,-0.0017924908958375455,close,0,0,41,2025-09-01
2025-09-16,4306,13.899999618530273,0.4544626655903283,0,0.0035971361212432384,0.010791408829391003,0.0,0.0,0.0,-0.006,close,0,0,41,2025-09-01
2025-09-16,1301,37.5,0.4544626655903283,0,0.0,0.018666686490178108,-0.0026666258927434683,-0.0026666258927434683,-0.0026666258927434683,-0.008666625892743468,close,0,0,41,2025-09-01
2025-09-16,1303,36.75,0.4544626655903283,1,0.0013605235144495964,0.03809528052806854,0.0013605235144495964,0.025850361213088036,0.03,0.024,take_profit,1,0,41,2025-09-01
2025-09-16,1304,10.149999618530273,0.4544626655903283,1,0.004926127381622791,0.019704509526491165,0.004926127381622791,0.004926127381622791,0.004926127381622791,-0.0010738726183772088,close,0,0,41,2025-09-01
2025-09-16,1305,11.300000190734863,0.4544626655903283,0,0.0,0.013274302706122398,0.0,0.0,0.0,-0.006,close,0,0,41,2025-09-01
2025-09-16,1307,29.950000762939453,0.4544626655903283,0,-0.003338910872116685,0.011686092242598534,-0.00667782174423337,-0.003338910872116685,-0.003338910872116685,-0.009338910872116685,close,0,0,41,2025-09-01
2025-09-16,1308,11.5,0.4544626655903283,1,0.004347842652350664,0.021739130839705467,0.004347842652350664,0.008695685304701328,0.008695685304701328,0.002695685304701328,close,0,0,41,2025-09-01
2025-09-16,1309,10.75,0.4544626655903283,1,0.0,0.023255813866853714,0.0,0.0046511804684996605,0.0046511804684996605,-0.0013488195315003396,close,0,0,41,2025-09-01
2025-09-17,1101,22.200000762939453,0.44964882240256043,0,0.004504435695707798,0.00900895707309246,0.0,0.0,0.0,-0.006,close,0,0,41,2025-09-01
2025-09-17,1102,36.25,0.44964882240256043,0,0.008275841362774372,0.008275841362774372,-0.008275841362774372,-0.006896551698446274,-0.006896551698446274,-0.012896551698446274,close,0,0,41,2025-09-01
2025-09-17,1103,13.300000190734863,0.44964882240256043,0,0.003759412793442607,0.0075187538750469685,0.0,0.0,0.0,-0.006,close,0,0,41,2025-09-01
2025-09-17,1104,29.799999237060547,0.44964882240256043,1,0.010067152790725231,0.010067152790725231,0.0,0.0016778907738626003,0.0016778907738626003,-0.0043221092261374,close,0,0,41,2025-09-01
2025-09-17,1110,17.100000381469727,0.44964882240256043,0,0.0029239319264888763,0.017543815076351166,-0.011695951223373413,-0.008771907538175583,-0.008771907538175583,-0.014771907538175583,close,0,0,41,2025-09-01
2025-09-17,1201,15.5,0.44964882240256043,0,0.009677394293248653,0.009677394293248653,-0.0032258187420666218,-0.0032258187420666218,-0.0032258187420666218,-0.009225818742066622,close,0,0,41,2025-09-01
2025-09-17,1210,52.70000076293945,0.44964882240256043,0,0.003795080818235874,0.005692584905773401,-0.005692584905773401,-0.005692584905773401,-0.005692584905773401,-0.011692584905773401,close,0,0,41,2025-09-01
2025-09-17,1215,129.5,0.44964882240256043,1,0.0038610037881881,0.011583011597394943,-0.011583011597394943,0.0038610037881881,0.0038610037881881,-0.0021389962118119003,close,0,0,41,2025-09-01
2025-09-17,1216,79.0,0.44964882240256043,1,0.0037975069135427475,0.005063310265541077,-0.006329114083200693,0.002531606936827302,0.002531606936827302,-0.003468393063172698,close,0,0,41,2025-09-01
2025-09-17,1217,10.699999809265137,0.44964882240256043,1,0.009345830418169498,0.009345830418169498,0.0,0.004672915209084749,0.004672915209084749,-0.001327084790915251,close,0,0,41,2025-09-01
2025-09-17,1218,18.799999237060547,0.44964882240256043,1,0.010638338513672352,0.010638338513672352,0.0026596353854984045,0.007978805340826511,0.007978805340826511,0.0019788053408265113,close,0,0,41,2025-09-01
2025-09-17,1219,13.399999618530273,0.44964882240256043,0,0.0074627152644097805,0.0074627152644097805,-0.003731286386027932,-0.003731286386027932,-0.003731286386027932,-0.009731286386027932,close,0,0,41,2025-09-01
2025-09-17,1225,30.190204620361328,0.44964882240256043,0,0.001562514342367649,0.010937537997961044,-0.003125028684735298,0.0,0.0,-0.006,close,0,0,41,2025-09-01
2025-09-17,1227,30.200000762939453,0.44964882240256043,0,0.003311207750812173,0.003311207750812173,-0.003311270847916603,-0.0016556669725105166,-0.0016556669725105166,-0.007655666972510517,close,0,0,41,2025-09-01
2025-09-17,1229,47.599998474121094,0.44964882240256043,1,0.008403393439948559,0.0294117983430624,0.007352989632636309,0.024159695953130722,0.024159695953130722,0.018159695953130724,close,0,0,41,2025-09-01
2025-09-17,1231,133.0,0.44964882240256043,0,0.007518797181546688,0.007518797181546688,-0.007518797181546688,-0.007518797181546688,-0.007518797181546688,-0.013518797181546688,close,0,0,41,2025-09-01
2025-09-17,1301,37.400001525878906,0.44964882240256043,0,0.0013368779327720404,0.006684491876512766,-0.0013369799125939608,-0.0013369799125939608,-0.0013369799125939608,-0.007336979912593961,close,0,0,41,2025-09-01
2025-09-17,1303,37.70000076293945,0.44964882240256043,0,0.005305059719830751,0.006631299387663603,-0.02254647947847843,-0.021220138296484947,-0.02,-0.026000000000000002,stop_loss,0,1,41,2025-09-01
2025-09-17,1304,10.199999809265137,0.44964882240256043,0,0.014705938287079334,0.014705938287079334,0.0,0.0,0.0,-0.006,close,0,0,41,2025-09-01
2025-09-17,1305,11.300000190734863,0.44964882240256043,1,0.008849507197737694,0.017699098214507103,0.004424795508384705,0.013274302706122398,0.013274302706122398,0.007274302706122398,close,0,0,41,2025-09-01
2025-09-18,1101,22.200000762939453,0.46015110441584184,1,0.0,0.051801782101392746,-0.0022523037623614073,0.051801782101392746,0.03,0.024,take_profit,1,0,41,2025-09-01
2025-09-18,1102,36.0,0.46015110441584184,1,0.004166709259152412,0.012500021606683731,0.0,0.011111153289675713,0.011111153289675713,0.0051111532896757125,close,0,0,41,2025-09-01
2025-09-18,1103,13.300000190734863,0.46015110441584184,1,0.0,0.015037579461932182,0.0,0.015037579461932182,0.015037579461932182,0.009037579461932182,close,0,0,41,2025-09-01
2025-09-18,1104,29.850000381469727,0.46015110441584184,0,0.0,0.0,-0.010050289332866669,-0.0016750801587477326,-0.0016750801587477326,-0.007675080158747733,close,0,0,41,2025-09-01
2025-09-18,1110,16.950000762939453,0.46015110441584184,1,0.0,0.014749261550605297,0.0,0.005899614654481411,0.005899614654481411,-0.00010038534551858914,close,0,0,41,2025-09-01
2025-09-18,1201,15.449999809265137,0.46015110441584184,1,0.003236258402466774,0.003236258402466774,-0.003236258402466774,0.003236258402466774,0.003236258402466774,-0.002763741597533226,close,0,0,41,2025-09-01
2025-09-18,1210,52.400001525878906,0.46015110441584184,1,0.0,0.009541984647512436,-0.0038168083410710096,0.009541984647512436,0.009541984647512436,0.003541984647512436,close,0,0,41,2025-09-01
2025-09-18,1215,130.0,0.46015110441584184,1,0.007692307699471712,0.03076923079788685,-0.007692307699471712,0.015384615398943424,0.03,0.024,take_profit,1,0,41,2025-09-01
2025-09-18,1216,79.19999694824219,0.46015110441584184,0,0.0,0.0,-0.010100952349603176,-0.010100952349603176,-0.010100952349603176,-0.016100952349603175,close,0,0,41,2025-09-01
2025-09-18,1217,10.75,0.46015110441584184,0,0.0,0.0,-0.009302360936999321,-0.009302360936999321,-0.009302360936999321,-0.015302360936999321,close,0,0,41,2025-09-01
2025-09-18,1218,18.950000762939453,0.46015110441584184,1,0.0026384820230305195,0.007915547117590904,0.0,0.0026384820230305195,0.0026384820230305195,-0.0033615179769694806,close,0,0,41,2025-09-01
2025-09-18,1219,13.350000381469727,0.46015110441584184,1,0.0,0.00749059347435832,-0.003745332593098283,0.00749059347435832,0.00749059347435832,0.0014905934743583201,close,0,0,41,2025-09-01
2025-09-18,1225,30.190204620361328,0.46015110441584184,0,0.009374990127980709,0.009374990127980709,-0.0234374962747097,-0.01718750223517418,-0.02,-0.026000000000000002,stop_loss,0,1,41,2025-09-01
2025-09-18,1227,30.149999618530273,0.46015110441584184,1,0.0016584127442911267,0.008291874080896378,-0.0016583495307713747,0.008291874080896378,0.008291874080896378,0.0022918740808963774,close,0,0,41,2025-09-01
2025-09-18,1229,48.75,0.46015110441584184,1,0.012307660654187202,0.012307660654187202,0.0010256253881379962,0.0051282052882015705,0.0051282052882015705,-0.0008717947117984296,close,0,0,41,2025-09-01
2025-09-18,1231,132.0,0.46015110441584184,0,0.0,0.0,-0.011363636702299118,-0.0037878789007663727,-0.0037878789007663727,-0.009787878900766373,close,0,0,41,2025-09-01
2025-09-18,1301,37.349998474121094,0.46015110441584184,1,0.004016105085611343,0.030789868906140327,0.0026774376165121794,0.028112532570958138,0.03,0.024,take_profit,1,0,41,2025-09-01
2025-09-18,1303,36.900001525878906,0.46015110441584184,1,0.0054199714213609695,0.07046066224575043,0.0054199714213609695,0.0636855959892273,0.03,0.024,take_profit,1,0,41,2025-09-01
2025-09-18,1304,10.199999809265137,0.46015110441584184,1,0.004901979584246874,0.014705938287079334,-0.004901979584246874,0.004901979584246874,0.004901979584246874,-0.0010980204157531263,close,0,0,41,2025-09-01
2025-09-18,1305,11.449999809265137,0.46015110441584184,1,0.0,0.030567718669772148,-0.004366829060018063,0.008733658120036125,0.03,0.024,take_profit,1,0,41,2025-09-01
2025-09-19,1101,23.350000381469727,0.46868778814528833,1,0.004282671492546797,0.05781586095690727,-0.010706637986004353,0.05353318899869919,0.03,0.024,take_profit,1,0,41,2025-09-01
2025-09-19,1102,36.400001525878906,0.46868778814528833,1,0.0013736053369939327,0.019230684265494347,-0.004120920784771442,0.017857078462839127,0.017857078462839127,0.011857078462839126,close,0,0,41,2025-09-01
2025-09-19,1103,13.5,0.46868778814528833,1,0.0,0.014814800582826138,-0.003703717840835452,0.007407435681670904,0.007407435681670904,0.001407435681670904,close,0,0,41,2025-09-01
2025-09-19,1104,29.799999237060547,0.46868778814528833,1,0.0,0.00503360852599144,-0.005033544264733791,0.0016778907738626003,0.0016778907738626003,-0.0043221092261374,close,0,0,41,2025-09-01
2025-09-19,1110,17.049999237060547,0.46868778814528833,1,0.0029326186049729586,0.008797744289040565,-0.002932506613433361,0.0029326186049729586,0.0029326186049729586,-0.0030673813950270416,close,0,0,41,2025-09-01
2025-09-19,1201,15.5,0.46868778814528833,0,0.0032258187420666218,0.0032258187420666218,-0.0032258187420666218,0.0,0.0,-0.006,close,0,0,41,2025-09-01
2025-09-19,1210,52.900001525878906,0.46868778814528833,0,0.0018903302261605859,0.0037806604523211718,-0.007561465259641409,-0.0037807326298207045,-0.0037807326298207045,-0.009780732629820705,close,0,0,41,2025-09-01
2025-09-19,1215,132.0,0.46868778814528833,1,0.018939394503831863,0.018939394503831863,0.0037878789007663727,0.011363636702299118,0.011363636702299118,0.005363636702299118,close,0,0,41,2025-09-01
2025-09-19,1216,78.4000015258789,0.46868778814528833,1,0.00510206026956439,0.00510206026956439,-0.0012754907365888357,0.0025509814731776714,0.0025509814731776714,-0.0034490185268223287,close,0,0,41,2025-09-01
2025-09-19,1217,10.649999618530273,0.46868778814528833,0,0.0,0.004694853909313679,-0.004694764036685228,0.0,0.0,-0.006,close,0,0,41,2025-09-01
2025-09-19,1218,19.0,0.46868778814528833,1,0.007894717156887054,0.007894717156887054,0.0,0.005263178143650293,0.005263178143650293,-0.0007368218563497068,close,0,0,41,2025-09-01
2025-09-19,1219,13.449999809265137,0.46868778814528833,0,0.0,0.0,-0.0074349017813801765,-0.0037174862809479237,-0.0037174862809479237,-0.009717486280947924,close,0,0,41,2025-09-01
2025-09-19,1225,29.671310424804688,0.46868778814528833,1,0.012718628160655499,0.014308404177427292,-0.004769480787217617,0.014308404177427292,0.014308404177427292,0.008308404177427292,close,0,0,41,2025-09-01
2025-09-19,1227,30.399999618530273,0.46868778814528833,0,0.0032894862815737724,0.0032894862815737724,-0.008223684504628181,-0.006578909698873758,-0.006578909698873758,-0.012578909698873758,close,0,0,41,2025-09-01
2025-09-19,1229,49.0,0.46868778814528833,1,0.010204081423580647,0.020408162847161293,0.006122433580458164,0.00816329661756754,0.00816329661756754,0.002163296617567539,close,0,0,41,2025-09-01
2025-09-19,1231,131.5,0.46868778814528833,0,0.0076045626774430275,0.0076045626774430275,-0.011406844481825829,-0.0076045626774430275,-0.0076045626774430275,-0.013604562677443028,close,0,0,41,2025-09-01
2025-09-19,1301,38.400001525878906,0.46868778814528833,1,0.005208253860473633,0.007812479976564646,-0.00911464262753725,0.0065104165114462376,0.0065104165114462376,0.0005104165114462374,close,0,0,41,2025-09-01
2025-09-19,1303,39.25,0.46868778814528833,1,0.03694269433617592,0.04331212118268013,-0.005095561034977436,0.03312100097537041,0.03,0.024,gap_take_profit,1,0,41,2025-09-01
2025-09-19,1304,10.25,0.46868778814528833,0,0.009756134822964668,0.01463410910218954,-0.004878067411482334,0.0,0.0,-0.006,close,0,0,41,2025-09-01
2025-09-19,1305,11.550000190734863,0.46868778814528833,0,0.004329020623117685,0.008657959289848804,-0.00865804124623537,-0.004329020623117685,-0.004329020623117685,-0.010329020623117685,close,0,0,41,2025-09-01
2025-09-22,1101,24.600000381469727,0.45266073507172466,0,-0.022357769310474396,-0.022357769310474396,-0.044715460389852524,-0.034552861005067825,-0.022357769310474396,-0.028357769310474394,gap_stop,0,1,41,2025-09-01
2025-09-22,1102,37.04999923706055,0.45266073507172466,0,0.004048624075949192,0.005398131441324949,-0.010796159505844116,-0.005398131441324949,-0.005398131441324949,-0.01139813144132495,close,0,0,41,2025-09-01
2025-09-22,1103,13.600000381469727,0.45266073507172466,0,0.0,0.0,-0.011029453948140144,-0.007352969143539667,-0.007352969143539667,-0.013352969143539667,close,0,0,41,2025-09-01
2025-09-22,1104,29.850000381469727,0.45266073507172466,0,-0.003350096521899104,0.003350096521899104,-0.005025113001465797,-0.0016750801587477326,-0.0016750801587477326,-0.007675080158747733,close,0,0,41,2025-09-01
2025-09-22,1110,17.100000381469727,0.45266073507172466,0,-0.0029240434523671865,0.0029239319264888763,-0.01461988314986229,-0.008771907538175583,-0.008771907538175583,-0.014771907538175583,close,0,0,41,2025-09-01
2025-09-22,1201,15.5,0.45266073507172466,0,0.0,0.0,-0.0064516374841332436,-0.0032258187420666218,-0.0032258187420666218,-0.009225818742066622,close,0,0,41,2025-09-01
2025-09-22,1210,52.70000076293945,0.45266073507172466,0,-0.0018975766142830253,-0.0018975766142830253,-0.01707782782614231,-0.013282747007906437,-0.013282747007906437,-0.019282747007906435,close,0,0,41,2025-09-01
2025-09-22,1215,133.5,0.45266073507172466,1,0.0,0.01123595517128706,-0.00749063678085804,0.00374531839042902,0.00374531839042902,-0.00225468160957098,close,0,0,41,2025-09-01
2025-09-22,1216,78.5999984741211,0.45266073507172466,0,-0.005089078098535538,-0.0012722451938316226,-0.005089078098535538,-0.002544490387663245,-0.002544490387663245,-0.008544490387663245,close,0,0,41,2025-09-01
2025-09-22,1217,10.649999618530273,0.45266073507172466,0,0.004694853909313679,0.004694853909313679,-0.004694764036685228,-0.004694764036685228,-0.004694764036685228,-0.010694764036685228,close,0,0,41,2025-09-01
2025-09-22,1218,19.100000381469727,0.45266073507172466,0,-0.002617860911414027,-0.002617860911414027,-0.010471244342625141,-0.005235622171312571,-0.005235622171312571,-0.01123562217131257,close,0,0,41,2025-09-01
2025-09-22,1219,13.399999618530273,0.45266073507172466,0,0.0,0.0,-0.007462644018232822,-0.003731286386027932,-0.003731286386027932,-0.009731286386027932,close,0,0,41,2025-09-01
2025-09-22,1225,30.09585952758789,0.45266073507172466,0,0.0031347754411399364,0.021943535655736923,-0.012539222836494446,-0.007836985401809216,-0.007836985401809216,-0.013836985401809216,close,0,0,41,2025-09-01
2025-09-22,1227,30.200000762939453,0.45266073507172466,0,-0.0016556669725105166,-0.0016556669725105166,-0.006622541695833206,-0.003311270847916603,-0.003311270847916603,-0.009311270847916603,close,0,0,41,2025-09-01
2025-09-22,1229,49.400001525878906,0.45266073507172466,0,0.004048521164804697,0.004048521164804697,-0.025303643196821213,-0.01619439385831356,-0.02,-0.026000000000000002,stop_loss,0,1,41,2025-09-01
2025-09-22,1231,130.5,0.45266073507172466,0,-0.0038314175326377153,0.0,-0.02298850566148758,-0.015325670130550861,-0.02,-0.026000000000000002,stop_loss,0,1,41,2025-09-01
2025-09-22,1301,38.650001525878906,0.45266073507172466,0,0.0025872825644910336,0.01423025131225586,-0.0038810225669294596,-0.001293740002438426,-0.001293740002438426,-0.007293740002438426,close,0,0,41,2025-09-01
2025-09-22,1303,40.54999923706055,0.45266073507172466,0,0.0049322014674544334,0.04685577377676964,-0.01849568448960781,-0.01849568448960781,0.03,0.024,take_profit,1,0,41,2025-09-01
2025-09-22,1304,10.25,0.45266073507172466,0,0.0,0.019512176513671875,-0.004878067411482334,-0.004878067411482334,-0.004878067411482334,-0.010878067411482334,close,0,0,41,2025-09-01
2025-09-22,1305,11.5,0.45266073507172466,1,0.0,0.013043445535004139,-0.004347842652350664,0.004347842652350664,0.004347842652350664,-0.001652157347649336,close,0,0,41,2025-09-01
2025-09-23,1101,23.75,0.4453821747687426,0,0.0,0.0,-0.014736858196556568,-0.012631546705961227,-0.012631546705961227,-0.018631546705961226,close,0,0,41,2025-09-01
2025-09-23,1102,36.849998474121094,0.4453821747687426,1,0.00407059770077467,0.01085485890507698,-0.0027136628050357103,0.006784260738641024,0.006784260738641024,0.0007842607386410235,close,0,0,41,2025-09-01
2025-09-23,1103,13.5,0.4453821747687426,0,-0.003703717840835452,-0.003703717840835452,-0.011111082509160042,-0.007407435681670904,-0.007407435681670904,-0.013407435681670904,close,0,0,41,2025-09-01
2025-09-23,1104,29.799999237060547,0.4453821747687426,1,-0.0016778267454355955,0.018456414341926575,-0.0016778267454355955,0.016778523102402687,0.016778523102402687,0.010778523102402687,close,0,0,41,2025-09-01
2025-09-23,1110,16.950000762939453,0.4453821747687426,0,0.0029498073272407055,0.0029498073272407055,-0.011799454689025879,-0.011799454689025879,-0.011799454689025879,-0.017799454689025877,close,0,0,41,2025-09-01
2025-09-23,1201,15.449999809265137,0.4453821747687426,0,0.0,0.006472516804933548,-0.003236258402466774,-0.003236258402466774,-0.003236258402466774,-0.009236258402466774,close,0,0,41,2025-09-01
2025-09-23,1210,52.0,0.4453821747687426,0,0.0,0.011538431979715824,0.0,0.0,0.0,-0.006,close,0,0,41,2025-09-01
2025-09-23,1215,134.0,0.4453821747687426,1,0.0,0.02238805964589119,0.0,0.014925372786819935,0.014925372786819935,0.008925372786819935,close,0,0,41,2025-09-01
2025-09-23,1216,78.4000015258789,0.4453821747687426,1,0.0012754907365888357,0.008928532712161541,-0.0012754907365888357,0.008928532712161541,0.008928532712161541,0.002928532712161541,close,0,0,41,2025-09-01
2025-09-23,1217,10.600000381469727,0.4453821747687426,0,0.004716909024864435,0.004716909024864435,-0.004716998897492886,-0.004716998897492886,-0.004716998897492886,-0.010716998897492886,close,0,0,41,2025-09-01
2025-09-23,1218,19.0,0.4453821747687426,1,0.0,0.010526356287300587,0.0,0.0026315387804061174,0.0026315387804061174,-0.0033684612195938827,close,0,0,41,2025-09-01
2025-09-23,1219,13.350000381469727,0.4453821747687426,1,0.0,0.00749059347435832,0.0,0.00749059347435832,0.00749059347435832,0.0014905934743583201,close,0,0,41,2025-09-01
2025-09-23,1225,29.85999870300293,0.4453821747687426,1,0.024782374501228333,0.024782374501228333,-0.0070327892899513245,0.004688590299338102,0.004688590299338102,-0.0013114097006618978,close,0,0,41,2025-09-01
2025-09-23,1227,30.100000381469727,0.4453821747687426,0,0.0016611041501164436,0.0016611041501164436,-0.0016611675964668393,0.0,0.0,-0.006,close,0,0,41,2025-09-01
2025-09-23,1229,48.599998474121094,0.4453821747687426,0,0.006172902416437864,0.0072016934864223,-0.004115163814276457,0.0,0.0,-0.006,close,0,0,41,2025-09-01
2025-09-23,1231,128.5,0.4453821747687426,1,0.0038910505827516317,0.011673151515424252,0.0,0.0038910505827516317,0.0038910505827516317,-0.0021089494172483684,close,0,0,41,2025-09-01
2025-09-23,1301,38.599998474121094,0.4453821747687426,0,0.006476684007793665,0.006476684007793665,-0.01813463680446148,-0.014248685911297798,-0.014248685911297798,-0.020248685911297797,close,0,0,41,2025-09-01
2025-09-23,1303,39.79999923706055,0.4453821747687426,0,-0.005025144666433334,0.005025144666433334,-0.03266329690814018,-0.030150773003697395,-0.02,-0.026000000000000002,stop_loss,0,1,41,2025-09-01
2025-09-23,1304,10.199999809265137,0.4453821747687426,0,0.0,0.004901979584246874,-0.019607825204730034,-0.009803866036236286,-0.009803866036236286,-0.015803866036236285,close,0,0,41,2025-09-01
2025-09-23,1305,11.550000190734863,0.4453821747687426,0,-0.004329020623117685,0.0,-0.00865804124623537,0.0,0.0,-0.006,close,0,0,41,2025-09-01
2025-09-24,1101,23.450000762939453,0.4334016057848272,1,0.002132163615897298,0.036247268319129944,0.002132163615897298,0.021321961656212807,0.03,0.024,take_profit,1,0,41,2025-09-01
2025-09-24,1102,37.099998474121094,0.4334016057848272,0,0.004043167922645807,0.004043167922645807,-0.0053907535038888454,0.0,0.0,-0.006,close,0,0,41,2025-09-01
2025-09-24,1103,13.399999618530273,0.4334016057848272,1,0.0037313576322048903,0.018656717613339424,-0.003731286386027932,0.014925430528819561,0.014925430528819561,0.008925430528819561,close,0,0,41,2025-09-01
2025-09-24,1104,30.299999237060547,0.4334016057848272,1,0.0049505457282066345,0.026402678340673447,0.003300342708826065,0.01650165021419525,0.01650165021419525,0.010501650214195251,close,0,0,41,2025-09-01
2025-09-24,1110,16.75,0.4334016057848272,1,0.005970172118395567,0.011940344236791134,-0.0029850290156900883,0.008955201134085655,0.008955201134085655,0.002955201134085655,close,0,0,41,2025-09-01
2025-09-24,1201,15.399999618530273,0.4334016057848272,1,0.006493531633168459,0.009740296751260757,0.0,0.0032467658165842295,0.0032467658165842295,-0.0027532341834157707,close,0,0,41,2025-09-01
2025-09-24,1210,52.0,0.4334016057848272,1,0.009615384973585606,0.013461553491652012,0.0,0.0038461685180664062,0.0038461685180664062,-0.002153831481933594,close,0,0,41,2025-09-01
2025-09-24,1215,136.0,0.4334016057848272,1,0.011029412038624287,0.036764707416296005,0.0036764706019312143,0.022058824077248573,0.03,0.024,take_profit,1,0,41,2025-09-01
2025-09-24,1216,79.0999984741211,0.4334016057848272,0,0.0,0.0037927061785012484,-0.011378021910786629,-0.010113722644746304,-0.010113722644746304,-0.016113722644746302,close,0,0,41,2025-09-01
2025-09-24,1217,10.550000190734863,0.4334016057848272,1,0.0,0.009478618390858173,0.0,0.0047393543645739555,0.0047393543645739555,-0.0012606456354260446,close,0,0,41,2025-09-01
2025-09-24,1218,19.049999237060547,0.4334016057848272,1,0.005249363835901022,0.013123360462486744,0.00262473220936954,0.007874095812439919,0.007874095812439919,0.0018740958124399184,close,0,0,41,2025-09-01
2025-09-24,1219,13.449999809265137,0.4334016057848272,1,0.0037174862809479237,0.014869874343276024,0.0037174862809479237,0.007434972561895847,0.007434972561895847,0.0014349725618958472,close,0,0,41,2025-09-01
2025-09-24,1225,30.0,0.4334016057848272,0,-0.004999987315386534,0.011666679754853249,-0.004999987315386534,-0.0016666412120684981,-0.0016666412120684981,-0.007666641212068498,close,0,0,41,2025-09-01
2025-09-24,1227,30.100000381469727,0.4334016057848272,1,0.006644480396062136,0.00996675156056881,0.0016611041501164436,0.006644480396062136,0.006644480396062136,0.0006444803960621356,close,0,0,41,2025-09-01
2025-09-24,1229,48.599998474121094,0.4334016057848272,1,0.0020576603710651398,0.013374517671763897,-0.003086372744292021,0.0041152420453727245,0.0041152420453727245,-0.0018847579546272756,close,0,0,41,2025-09-01
2025-09-24,1231,129.0,0.4334016057848272,1,0.01550387591123581,0.01550387591123581,0.0,0.007751937955617905,0.007751937955617905,0.0017519379556179045,close,0,0,41,2025-09-01
2025-09-24,1301,38.04999923706055,0.4334016057848272,1,0.0,0.024967169389128685,-0.001314040389843285,0.02233908884227276,0.02233908884227276,0.01633908884227276,close,0,0,41,2025-09-01
2025-09-24,1303,38.599998474121094,0.4334016057848272,1,-0.002590634161606431,0.06735757738351822,-0.005181268323212862,0.0595855750143528,0.03,0.024,take_profit,1,0,41,2025-09-01
2025-09-24,1304,10.100000381469727,0.4334016057848272,1,0.0,0.029702894389629364,-0.00495051359757781,0.01980196125805378,0.01980196125805378,0.01380196125805378,close,0,0,41,2025-09-01
2025-09-24,1305,11.550000190734863,0.4334016057848272,1,0.0,0.030302980914711952,0.0,0.017316000536084175,0.03,0.024,take_profit,1,0,41,2025-09-01
2025-09-25,1101,23.950000762939453,0.44606130416568174,0,-0.002087730448693037,0.0,-0.016701525077223778,-0.0062631117179989815,-0.0062631117179989815,-0.012263111717998982,close,0,0,41,2025-09-01
2025-09-25,1102,37.099998474121094,0.44606130416568174,1,0.0,0.0053908564150333405,-0.004043065011501312,0.0013477911707013845,0.0013477911707013845,-0.004652208829298616,close,0,0,41,2025-09-01
2025-09-25,1103,13.600000381469727,0.44606130416568174,0,0.0,0.0036764144897460938,-0.011029453948140144,-0.0036764845717698336,-0.0036764845717698336,-0.009676484571769834,close,0,0,41,2025-09-01
2025-09-25,1104,30.799999237060547,0.44606130416568174,0,0.0,0.0,-0.025974001735448837,-0.021103885024785995,-0.02,-0.026000000000000002,stop_loss,0,1,41,2025-09-01
2025-09-25,1110,16.899999618530273,0.44606130416568174,0,0.0,0.0,-0.023668617010116577,-0.002958534751087427,-0.02,-0.026000000000000002,stop_loss,0,1,41,2025-09-01
2025-09-25,1201,15.449999809265137,0.44606130416568174,0,-0.003236258402466774,0.0,-0.012944971211254597,-0.003236258402466774,-0.003236258402466774,-0.009236258402466774,close,0,0,41,2025-09-01
2025-09-25,1210,52.20000076293945,0.44606130416568174,0,0.0,0.0019156795460730791,-0.009578543715178967,-0.009578543715178967,-0.009578543715178967,-0.015578543715178967,close,0,0,41,2025-09-01
2025-09-25,1215,139.0,0.44606130416568174,0,-0.003597122384235263,0.025179855525493622,-0.014388489536941051,-0.010791366919875145,-0.010791366919875145,-0.016791366919875143,close,0,0,41,2025-09-01
2025-09-25,1216,78.30000305175781,0.44606130416568174,1,0.005108478479087353,0.005108478479087353,-0.0038314564153552055,0.0012771196197718382,0.0012771196197718382,-0.004722880380228162,close,0,0,41,2025-09-01
2025-09-25,1217,10.600000381469727,0.44606130416568174,0,0.004716909024864435,0.004716909024864435,-0.009433997794985771,-0.009433997794985771,-0.009433997794985771,-0.015433997794985771,close,0,0,41,2025-09-01
2025-09-25,1218,19.200000762939453,0.44606130416568174,0,-0.002604226116091013,-0.002604226116091013,-0.010416706092655659,-0.005208353046327829,-0.005208353046327829,-0.01120835304632783,close,0,0,41,2025-09-01
2025-09-25,1219,13.550000190734863,0.44606130416568174,0,-0.0036900509148836136,0.0,-0.014760132879018784,-0.007380101829767227,-0.007380101829767227,-0.013380101829767227,close,0,0,41,2025-09-01
2025-09-25,1225,29.950000762939453,0.44606130416568174,0,0.0016694235382601619,0.0016694235382601619,-0.03839737921953201,-0.033388979732990265,-0.02,-0.026000000000000002,stop_loss,0,1,41,2025-09-01
2025-09-25,1227,30.299999237060547,0.44606130416568174,0,0.0016502027865499258,0.003300342708826065,-0.009900964796543121,-0.006600622553378344,-0.006600622553378344,-0.012600622553378344,close,0,0,41,2025-09-01
2025-09-25,1229,48.79999923706055,0.44606130416568174,0,0.0010245745070278645,0.0010245745070278645,-0.016393426805734634,-0.012295050546526909,-0.012295050546526909,-0.018295050546526907,close,0,0,41,2025-09-01
2025-09-25,1231,130.0,0.44606130416568174,0,0.0,0.0,-0.023076923564076424,-0.011538461782038212,-0.02,-0.026000000000000002,stop_loss,0,1,41,2025-09-01
2025-09-25,1301,38.900001525878906,0.44606130416568174,0,0.0,0.0012853273656219244,-0.023136284202337265,-0.0128534696996212,-0.02,-0.026000000000000002,stop_loss,0,1,41,2025-09-01
2025-09-25,1303,40.900001525878906,0.44606130416568174,0,-0.00488999392837286,0.0,-0.03545233979821205,-0.031784914433956146,-0.02,-0.026000000000000002,stop_loss,0,1,41,2025-09-01
2025-09-25,1304,10.300000190734863,0.44606130416568174,0,0.0,0.0,-0.029126232489943504,-0.014563161879777908,-0.02,-0.026000000000000002,stop_loss,0,1,41,2025-09-01
2025-09-25,1305,11.75,0.44606130416568174,0,-0.008510670624673367,0.0,-0.025531930848956108,-0.025531930848956108,-0.02,-0.026000000000000002,stop_loss,0,1,41,2025-09-01
2025-09-26,1101,23.799999237060547,0.4580378483926727,1,0.012605090625584126,0.025210101157426834,0.004201696719974279,0.008403393439948559,0.008403393439948559,0.0024033934399485587,close,0,0,41,2025-09-01
2025-09-26,1102,37.150001525878906,0.4580378483926727,1,0.008075349032878876,0.026917899027466774,0.0067294747568666935,0.026917899027466774,0.026917899027466774,0.020917899027466776,close,0,0,41,2025-09-01
2025-09-26,1103,13.550000190734863,0.4580378483926727,1,0.0036900509148836136,0.01107008196413517,-0.0036900509148836136,0.01107008196413517,0.01107008196413517,0.00507008196413517,close,0,0,41,2025-09-01
2025-09-26,1104,30.149999618530273,0.4580378483926727,1,0.009950286708772182,0.018242161720991135,0.004975111689418554,0.016583748161792755,0.016583748161792755,0.010583748161792755,close,0,0,41,2025-09-01
2025-09-26,1110,16.850000381469727,0.4580378483926727,0,-0.002967426786199212,0.0,-0.020771535113453865,-0.020771535113453865,-0.02,-0.026000000000000002,stop_loss,0,1,41,2025-09-01
2025-09-26,1201,15.399999618530273,0.4580378483926727,0,0.006493531633168459,0.006493531633168459,-0.006493469700217247,0.0,0.0,-0.006,close,0,0,41,2025-09-01
2025-09-26,1210,51.70000076293945,0.4580378483926727,1,0.00580269331112504,0.01160538662225008,0.0,0.0019342064624652267,0.0019342064624652267,-0.0040657935375347735,close,0,0,41,2025-09-01
2025-09-26,1215,137.5,0.4580378483926727,1,0.003636363660916686,0.02545454539358616,0.003636363660916686,0.02181818149983883,0.02181818149983883,0.01581818149983883,close,0,0,41,2025-09-01
2025-09-26,1216,78.4000015258789,0.4580378483926727,0,0.006377550773322582,0.007653041742742062,-0.0025510787963867188,0.0,0.0,-0.006,close,0,0,41,2025-09-01
2025-09-26,1217,10.5,0.4580378483926727,1,0.004761923104524612,0.009523846209049225,0.0,0.004761923104524612,0.004761923104524612,-0.0012380768954753877,close,0,0,41,2025-09-01
2025-09-26,1218,19.100000381469727,0.4580378483926727,1,0.005235622171312571,0.005235622171312571,-0.00785338319838047,0.0026177610270678997,0.0026177610270678997,-0.0033822389729321004,close,0,0,41,2025-09-01
2025-09-26,1219,13.449999809265137,0.4580378483926727,1,0.0037174862809479237,0.007434972561895847,-0.0037174862809479237,0.007434972561895847,0.007434972561895847,0.0014349725618958472,close,0,0,41,2025-09-01
2025-09-26,1225,28.950000762939453,0.4580378483926727,1,0.013816912658512592,0.02590673416852951,-0.006908488925546408,0.02590673416852951,0.02590673416852951,0.019906734168529512,close,0,0,41,2025-09-01
2025-09-26,1227,30.100000381469727,0.4580378483926727,1,0.004983375780284405,0.004983375780284405,-0.0016611675964668393,0.0033222718629986048,0.0033222718629986048,-0.0026777281370013954,close,0,0,41,2025-09-01
2025-09-26,1229,48.20000076293945,0.4580378483926727,1,0.011410772800445557,0.012448101304471493,0.0020746570080518723,0.010373443365097046,0.010373443365097046,0.004373443365097046,close,0,0,41,2025-09-01
2025-09-26,1231,128.5,0.4580378483926727,0,0.0077821011655032635,0.0077821011655032635,-0.011673151515424252,0.0,0.0,-0.006,close,0,0,41,2025-09-01
2025-09-26,1301,38.400001525878906,0.4580378483926727,1,0.011718669906258583,0.020833313465118408,0.0026041269302368164,0.003906190162524581,0.003906190162524581,-0.002093809837475419,close,0,0,41,2025-09-01
2025-09-26,1303,39.599998474121094,0.4580378483926727,0,0.016414180397987366,0.025252526625990868,-0.010100952349603176,-0.0037878211587667465,-0.0037878211587667465,-0.009787821158766747,close,0,0,41,2025-09-01
2025-09-26,1304,10.149999618530273,0.4580378483926727,0,0.004926127381622791,0.004926127381622791,-0.009852160699665546,-0.004926033318042755,-0.004926033318042755,-0.010926033318042755,close,0,0,41,2025-09-01
2025-09-26,1305,11.449999809265137,0.4580378483926727,0,0.008733658120036125,0.013100487180054188,-0.004366829060018063,-0.004366829060018063,-0.004366829060018063,-0.010366829060018063,close,0,0,41,2025-09-01
2025-09-30,1101,24.0,0.44567108880799455,0,0.012499968521296978,0.02083333395421505,-0.012499968521296978,-0.008333365432918072,-0.008333365432918072,-0.014333365432918072,close,0,0,41,2025-09-01
2025-09-30,1102,38.150001525878906,0.44567108880799455,0,0.0013105958933010697,0.0026211917866021395,-0.02359112724661827,-0.0209699347615242,-0.02,-0.026000000000000002,stop_loss,0,1,41,2025-09-01
2025-09-30,1103,13.699999809265137,0.44567108880799455,0,-0.003649648977443576,0.0,-0.018248176202178,-0.018248176202178,-0.018248176202178,-0.024248176202178,close,0,0,41,2025-09-01
2025-09-30,1104,30.649999618530273,0.44567108880799455,0,0.003262655111029744,0.003262655111029744,-0.014681855216622353,-0.0016312964726239443,-0.0016312964726239443,-0.007631296472623944,close,0,0,41,2025-09-01
2025-09-30,1110,16.5,0.44567108880799455,1,0.009090885519981384,0.01818177103996277,0.0030302568338811398,0.012121258303523064,0.012121258303523064,0.0061212583035230635,close,0,0,41,2025-09-01
2025-09-30,1201,15.399999618530273,0.44567108880799455,0,0.0032467658165842295,0.0032467658165842295,-0.0032467038836330175,0.0,0.0,-0.006,close,0,0,41,2025-09-01
2025-09-30,1210,51.79999923706055,0.44567108880799455,0,0.0,0.0038610186893492937,-0.009652509354054928,-0.009652509354054928,-0.009652509354054928,-0.015652509354054926,close,0,0,41,2025-09-01
2025-09-30,1215,140.5,0.44567108880799455,0,0.007117437664419413,0.007117437664419413,-0.02846975065767765,-0.014234875328838825,-0.02,-0.026000000000000002,stop_loss,0,1,41,2025-09-01
2025-09-30,1216,78.4000015258789,0.44567108880799455,0,-0.007653041742742062,0.003826472209766507,-0.007653041742742062,-0.0012754907365888357,-0.0012754907365888357,-0.007275490736588836,close,0,0,41,2025-09-01
2025-09-30,1217,10.550000190734863,0.44567108880799455,0,0.0,0.0047393543645739555,-0.0047393543645739555,0.0,0.0,-0.006,close,0,0,41,2025-09-01
2025-09-30,1218,19.149999618530273,0.44567108880799455,0,-0.005221952218562365,0.0,-0.010443804785609245,-0.005221952218562365,-0.005221952218562365,-0.011221952218562365,close,0,0,41,2025-09-01
2025-09-30,1219,13.550000190734863,0.44567108880799455,0,-0.0036900509148836136,0.0,-0.007380101829767227,-0.0036900509148836136,-0.0036900509148836136,-0.009690050914883614,close,0,0,41,2025-09-01
2025-09-30,1225,29.700000762939453,0.44567108880799455,1,0.010100984014570713,0.07239055633544922,0.010100984014570713,0.04208754003047943,0.03,0.024,take_profit,1,0,41,2025-09-01
2025-09-30,1227,30.200000762939453,0.44567108880799455,0,-0.003311270847916603,0.0,-0.0049669379368424416,-0.003311270847916603,-0.003311270847916603,-0.009311270847916603,close,0,0,41,2025-09-01
2025-09-30,1229,48.70000076293945,0.44567108880799455,0,-0.00308011332526803,0.0,-0.013347053900361061,-0.011293618939816952,-0.011293618939816952,-0.01729361893981695,close,0,0,41,2025-09-01
2025-09-30,1231,128.5,0.44567108880799455,0,0.0,0.0,-0.011673151515424252,-0.0038910505827516317,-0.0038910505827516317,-0.009891050582751632,close,0,0,41,2025-09-01
2025-09-30,1301,38.54999923706055,0.44567108880799455,0,0.0012969970703125,0.010376174934208393,-0.0077820816077291965,-0.0077820816077291965,-0.0077820816077291965,-0.013782081607729197,close,0,0,41,2025-09-01
2025-09-30,1303,39.45000076293945,0.44567108880799455,0,0.001267407787963748,0.025348542258143425,-0.0025349122006446123,0.0,0.0,-0.006,close,0,0,41,2025-09-01
2025-09-30,1304,10.100000381469727,0.44567108880799455,0,0.009900933131575584,0.009900933131575584,-0.00990102719515562,-0.00495051359757781,-0.00495051359757781,-0.01095051359757781,close,0,0,41,2025-09-01
2025-09-30,1305,11.399999618530273,0.44567108880799455,0,0.00877196341753006,0.01315794512629509,0.0,0.0,0.0,-0.006,close,0,0,41,2025-09-01
2025-10-01,3581,50.0,0.47932681486423273,1,0.10000000149011612,0.10000000149011612,0.10000000149011612,0.10000000149011612,0.03,0.024,gap_take_profit,1,0,42,2025-10-01
2025-10-01,3555,66.5,0.47932681486423273,1,0.0511278435587883,0.09924809634685516,-0.015037594363093376,0.09022556245326996,0.03,0.024,gap_take_profit,1,0,42,2025-10-01
2025-10-01,6770,27.899999618530273,0.47932681486423273,0,0.078853078186512,0.078853078186512,-0.017921147868037224,-0.007168417796492577,0.03,0.024,gap_take_profit,1,0,42,2025-10-01
2025-10-01,8028,183.5,0.4773771657163277,0,0.01634877361357212,0.03814714029431343,-0.0136239780113101,-0.0136239780113101,0.03,0.024,take_profit,1,0,42,2025-10-01
2025-10-01,6515,2270.0,0.47726931329622574,0,0.013215859420597553,0.033039648085832596,-0.008810572326183319,0.0,0.03,0.024,take_profit,1,0,42,2025-10-01
2025-10-01,3450,277.0,0.47726931329622574,1,0.009025271050632,0.09927798062562943,0.003610108280554414,0.08483754843473434,0.03,0.024,take_profit,1,0,42,2025-10-01
2025-10-01,3413,301.0,0.47726931329622574,1,0.011627906933426857,0.033222589641809464,0.011627906933426857,0.014950166456401348,0.03,0.024,take_profit,1,0,42,2025-10-01
2025-10-01,6257,91.9000015258789,0.47726931329622574,0,0.014145760796964169,0.014145760796964169,-0.017410211265087128,-0.0032644509337842464,-0.0032644509337842464,-0.009264450933784247,close,0,0,42,2025-10-01
2025-10-01,2449,165.0,0.47726931329622574,1,0.01515151560306549,0.036363635212183,0.0060606058686971664,0.01515151560306549,0.03,0.024,take_profit,1,0,42,2025-10-01
2025-10-01,6239,147.0,0.47726931329622574,1,0.03741496428847313,0.05782312899827957,0.017006803303956985,0.027210883796215057,0.03,0.024,gap_take_profit,1,0,42,2025-10-01
2025-10-01,2408,76.19999694824219,0.47726931329622574,1,0.06561680138111115,0.06561680138111115,0.03937007859349251,0.04593176022171974,0.03,0.024,gap_take_profit,1,0,42,2025-10-01
2025-10-01,3189,106.0,0.47688061307103846,1,0.014150943607091904,0.033018868416547775,-0.009433962404727936,0.028301887214183807,0.03,0.024,take_profit,1,0,42,2025-10-01
2025-10-01,2344,33.79999923706055,0.47688061307103846,1,0.06508877873420715,0.0798816829919815,0.03698224946856499,0.06508877873420715,0.03,0.024,gap_take_profit,1,0,42,2025-10-01
2025-10-01,2441,62.099998474121094,0.47688061307103846,1,0.00805152952671051,0.020934026688337326,0.004830967169255018,0.012882497161626816,0.012882497161626816,0.006882497161626816,close,0,0,42,2025-10-01
2025-10-01,3443,1340.0,0.47688061307103846,1,0.011194029822945595,0.06716418266296387,0.011194029822945595,0.02985074557363987,0.03,0.024,take_profit,1,0,42,2025-10-01
2025-10-01,8016,210.0,0.47688061307103846,0,0.009523809887468815,0.009523809887468815,-0.011904762126505375,-0.004761904943734407,-0.004761904943734407,-0.010761904943734408,close,0,0,42,2025-10-01
2025-10-01,2330,1325.0,0.47688061307103846,1,0.02641509473323822,0.03396226465702057,0.022641509771347046,0.030188679695129395,0.03,0.024,take_profit,1,0,42,2025-10-01
2025-10-01,6739,944.0,0.4768781927429644,1,0.034957628697156906,0.05932203307747841,0.011652542278170586,0.028601694852113724,0.03,0.024,gap_take_profit,1,0,42,2025-10-01
2025-10-01,5340,49.400001525878906,0.4768781927429644,1,0.01214571762830019,0.09109311550855637,-0.011133664287626743,0.07894732058048248,0.03,0.024,take_profit,1,0,42,2025-10-01
2025-10-01,5498,20.049999237060547,0.4768781927429644,1,0.057356685400009155,0.09476317465305328,0.054862864315509796,0.07231923937797546,0.03,0.024,gap_take_profit,1,0,42,2025-10-01
2025-10-02,4989,26.799999237060547,0.467647812676605,1,0.09701494127511978,0.09888065606355667,0.08395522832870483,0.09888065606355667,0.03,0.024,gap_take_profit,1,0,42,2025-10-01
2025-10-02,6768,112.0,0.46720651848631994,1,0.01785714365541935,0.0625,-0.013392857275903225,0.0401785708963871,0.03,0.024,take_profit,1,0,42,2025-10-01
2025-10-02,8996,395.0,0.46720651848631994,1,-0.007594936527311802,0.037974681705236435,-0.008860759437084198,0.037974681705236435,0.03,0.024,take_profit,1,0,42,2025-10-01
2025-10-02,3628,73.5,0.4652651008895689,1,-0.0013605235144495964,0.08843537420034409,-0.03129255771636963,0.039455801248550415,-0.02,-0.026000000000000002,ambiguous_stop_loss,1,1,42,2025-10-01
2025-10-02,8299,796.0,0.4652651008895689,1,-0.007537688594311476,0.04899497330188751,-0.016331657767295837,0.04145728796720505,0.03,0.024,take_profit,1,0,42,2025-10-01
2025-10-02,8110,19.350000381469727,0.4652651008895689,1,0.043927665799856186,0.09819119423627853,0.03359171003103256,0.09819119423627853,0.03,0.024,gap_take_profit,1,0,42,2025-10-01
2025-10-02,8047,20.450000762939453,0.4652651008895689,1,0.05134470388293266,0.09779950976371765,0.05134470388293266,0.09779950976371765,0.03,0.024,gap_take_profit,1,0,42,2025-10-01
2025-10-02,3321,14.300000190734863,0.4652651008895689,1,0.048951033502817154,0.09790206700563431,0.048951033502817154,0.09790206700563431,0.03,0.024,gap_take_profit,1,0,42,2025-10-01
2025-10-02,4973,34.400001525878906,0.4652651008895689,1,0.0029069322627037764,0.05232555791735649,-0.029069766402244568,0.01598834991455078,-0.02,-0.026000000000000002,ambiguous_stop_loss,1,1,42,2025-10-01
2025-10-02,3581,55.0,0.4652651008895689,1,0.06909089535474777,0.10000000149011612,0.036363635212183,0.10000000149011612,0.03,0.024,gap_take_profit,1,0,42,2025-10-01
2025-10-02,3229,15.600000381469727,0.4652651008895689,0,0.025640999898314476,0.04166664183139801,-0.03205128014087677,-0.022435922175645828,-0.02,-0.026000000000000002,ambiguous_stop_loss,1,1,42,2025-10-01
2025-10-02,6425,66.0,0.4652651008895689,1,0.03030303120613098,0.0833333358168602,0.0030302568338811398,0.07575757801532745,0.03,0.024,gap_take_profit,1,0,42,2025-10-01
2025-10-02,3715,92.69999694824219,0.46510041031225363,1,0.0,0.04207121580839157,-0.0053937435150146484,0.008630022406578064,0.03,0.024,take_profit,1,0,42,2025-10-01
2025-10-02,8070,40.04999923706055,0.46510041031225363,1,0.014981331303715706,0.07240952551364899,0.014981331303715706,0.06367039680480957,0.03,0.024,take_profit,1,0,42,2025-10-01
2025-10-02,1216,78.0,0.46510041031225363,0,0.0012820317642763257,0.0012820317642763257,-0.008974320255219936,-0.007692288141697645,-0.007692288141697645,-0.013692288141697645,close,0,0,42,2025-10-01
2025-10-02,1802,27.100000381469727,0.46510041031225363,1,0.0036900509148836136,0.031365327537059784,-0.009225091896951199,0.025830214843153954,0.03,0.024,take_profit,1,0,42,2025-10-01
2025-10-02,2912,248.0,0.46510041031225363,0,0.004032257944345474,0.004032257944345474,-0.004032257944345474,0.0,0.0,-0.006,close,0,0,42,2025-10-01
2025-10-02,2820,16.350000381469727,0.46510041031225363,1,0.0,0.003058057278394699,-0.006116230972111225,0.003058057278394699,0.003058057278394699,-0.002941942721605301,close,0,0,42,2025-10-01
2025-10-02,9941,98.0999984741211,0.46510041031225363,0,0.0020387826953083277,0.01019368041306734,-0.00509684020653367,-0.00509684020653367,-0.00509684020653367,-0.01109684020653367,close,0,0,42,2025-10-01
2025-10-02,6414,296.5,0.46510041031225363,0,0.0016863406635820866,0.0016863406635820866,-0.013490725308656693,-0.011804384179413319,-0.011804384179413319,-0.017804384179413317,close,0,0,42,2025-10-01
2025-10-03,6449,220.5,0.4414484956426516,0,-0.011337868869304657,0.020408162847161293,-0.03628117963671684,-0.011337868869304657,-0.02,-0.026000000000000002,stop_loss,0,1,42,2025-10-01
2025-10-03,3581,60.5,0.4414484956426516,1,0.07933889329433441,0.09917355328798294,-0.0016528673004359007,0.09090909361839294,0.03,0.024,gap_take_profit,1,0,42,2025-10-01
2025-10-03,8046,254.0,0.4414484956426516,0,0.017716536298394203,0.029527559876441956,-0.025590552017092705,-0.003937007859349251,-0.02,-0.026000000000000002,stop_loss,0,1,42,2025-10-01
2025-10-03,8047,22.450000762939453,0.4414484956426516,1,0.04677056521177292,0.09799548983573914,0.04677056521177292,0.09799548983573914,0.03,0.024,gap_take_profit,1,0,42,2025-10-01
2025-10-03,6217,49.54999923706055,0.4414484956426516,1,0.0373360700905323,0.0797174721956253,0.0211907010525465,0.04540867730975151,0.03,0.024,gap_take_profit,1,0,42,2025-10-01
2025-10-03,8043,42.0,0.4414484956426516,1,0.033333368599414825,0.08809525519609451,0.0059523810632526875,0.028571447357535362,0.03,0.024,gap_take_profit,1,0,42,2025-10-01
2025-10-03,3321,15.699999809265137,0.4414484956426516,1,0.09235667437314987,0.09554146230220795,-0.006369390524923801,0.03184719383716583,0.03,0.024,gap_take_profit,1,0,42,2025-10-01
2025-10-03,6805,1105.0,0.4414484956426516,1,0.004524887073785067,0.018099548295140266,-0.027149321511387825,0.013574660755693913,-0.02,-0.026000000000000002,stop_loss,0,1,42,2025-10-01
2025-10-03,6235,71.0,0.4414484956426516,1,0.0211267601698637,0.0845070406794548,0.007042253389954567,0.035211268812417984,0.03,0.024,take_profit,1,0,42,2025-10-01
2025-10-03,3006,82.5,0.4414484956426516,1,0.0181818176060915,0.09090909361839294,0.0060606058686971664,0.05090905353426933,0.03,0.024,take_profit,1,0,42,2025-10-01
2025-10-03,4768,230.0,0.4414484956426516,1,-0.0021739129442721605,0.08913043141365051,-0.015217390842735767,0.06521739065647125,0.03,0.024,take_profit,1,0,42,2025-10-01
2025-10-03,4989,29.450000762939453,0.4414484956426516,1,0.09847190976142883,0.09847190976142883,0.09847190976142883,0.09847190976142883,0.03,0.024,gap_take_profit,1,0,42,2025-10-01
2025-10-03,4722,214.5,0.4414484956426516,0,-0.0139860138297081,-0.0139860138297081,-0.05827505886554718,-0.05128205195069313,-0.02,-0.026000000000000002,stop_loss,0,1,42,2025-10-01
2025-10-03,8176,11.550000190734863,0.4414484956426516,1,0.051947999745607376,0.09956706315279007,0.03463200107216835,0.09956706315279007,0.03,0.024,gap_take_profit,1,0,42,2025-10-01
2025-10-03,3709,47.29999923706055,0.4414484956426516,1,0.050739992409944534,0.09936577081680298,0.04756871238350868,0.09936577081680298,0.03,0.024,gap_take_profit,1,0,42,2025-10-01
2025-10-03,8249,64.19999694824219,0.4414484956426516,0,0.009345890022814274,0.018691660836338997,-0.04984419047832489,-0.04828658327460289,-0.02,-0.026000000000000002,stop_loss,0,1,42,2025-10-01
2025-10-03,8096,45.95000076293945,0.4414484956426516,1,0.02285090833902359,0.09684441238641739,0.005440696142613888,0.05223063379526138,0.03,0.024,take_profit,1,0,42,2025-10-01
2025-10-03,8110,21.25,0.4414484956426516,1,0.03529411926865578,0.09882354736328125,0.021176505833864212,0.09882354736328125,0.03,0.024,gap_take_profit,1,0,42,2025-10-01
2025-10-03,1524,27.299999237060547,0.4393627492210858,1,0.001831543748266995,0.020146561786532402,-0.0036629477981477976,0.014652070589363575,0.014652070589363575,0.008652070589363575,close,0,0,42,2025-10-01
2025-10-03,1526,16.5,0.4393627492210858,0,-0.01515151560306549,-0.0030302568338811398,-0.04545454680919647,-0.03636366128921509,-0.02,-0.026000000000000002,stop_loss,0,1,42,2025-10-01
2025-10-07,3176,28.350000381469727,0.4574602705414763,1,0.0,0.008818342350423336,-0.0123456921428442,0.008818342350423336,0.008818342350423336,0.002818342350423336,close,0,0,42,2025-10-01
2025-10-07,3313,17.100000381469727,0.4574602705414763,0,0.0,0.0058479756116867065,-0.02923976629972458,-0.01754392683506012,-0.02,-0.026000000000000002,stop_loss,0,1,42,2025-10-01
2025-10-07,6919,169.0,0.4574602705414763,0,-0.023668639361858368,0.005917159840464592,-0.03550295904278755,-0.03550295904278755,-0.023668639361858368,-0.029668639361858366,gap_stop,0,1,42,2025-10-01
2025-10-07,6841,72.0,0.4574602705414763,0,-0.004166709259152412,-0.004166709259152412,-0.0347222238779068,-0.02638890966773033,-0.02,-0.026000000000000002,stop_loss,0,1,42,2025-10-01
2025-10-07,6861,67.19999694824219,0.4574602705414763,0,0.0,0.0,-0.04910707846283913,-0.026785647496581078,-0.02,-0.026000000000000002,stop_loss,0,1,42,2025-10-01
2025-10-07,6885,31.200000762939453,0.4574602705414763,1,0.0016025395598262548,0.03205128014087677,-0.008012820035219193,0.020833320915699005,0.03,0.024,take_profit,1,0,42,2025-10-01
2025-10-07,1720,55.099998474121094,0.4574602705414763,0,-0.0018148544477298856,-0.0018148544477298856,-0.010889264754951,-0.0018148544477298856,-0.0018148544477298856,-0.007814854447729886,close,0,0,42,2025-10-01
2025-10-07,1584,24.850000381469727,0.4574602705414763,0,0.0,0.008048243820667267,-0.0020121184643357992,0.0,0.0,-0.006,close,0,0,42,2025-10-01
2025-10-07,6949,400.0,0.4574602705414763,0,-0.0037499999161809683,-0.0037499999161809683,-0.03999999910593033,-0.011250000447034836,-0.02,-0.026000000000000002,stop_loss,0,1,42,2025-10-01
2025-10-07,4129,116.0,0.4574602705414763,0,-0.004310344811528921,0.0,-0.021551724523305893,-0.008620689623057842,-0.02,-0.026000000000000002,stop_loss,0,1,42,2025-10-01
2025-10-07,4167,17.600000381469727,0.4574602705414763,0,0.005681839771568775,0.005681839771568775,-0.005681839771568775,0.0,0.0,-0.006,close,0,0,42,2025-10-01
2025-10-07,4174,25.899999618530273,0.4574602705414763,1,0.0,0.03281854838132858,-0.005791491363197565,0.025096511468291283,0.03,0.024,take_profit,1,0,42,2025-10-01
2025-10-07,4105,78.80000305175781,0.4574602705414763,1,0.027918741106987,0.04060909524559975,0.01903553307056427,0.020304547622799873,0.03,0.024,take_profit,1,0,42,2025-10-01
2025-10-07,4121,14.649999618530273,0.4574602705414763,1,0.0034129824489355087,0.010238947346806526,0.0,0.0034129824489355087,0.0034129824489355087,-0.0025870175510644914,close,0,0,42,2025-10-01
2025-10-07,4114,33.70000076293945,0.4574602705414763,1,-0.002967426786199212,0.011869368143379688,-0.002967426786199212,0.008902054280042648,0.008902054280042648,0.002902054280042648,close,0,0,42,2025-10-01
2025-10-07,2727,226.0,0.4574602705414763,1,0.008849557489156723,0.013274336233735085,0.0022123893722891808,0.013274336233735085,0.013274336233735085,0.007274336233735084,close,0,0,42,2025-10-01
2025-10-07,4123,35.099998474121094,0.4574602705414763,0,0.0,0.0014245883794501424,-0.012820426374673843,-0.008546987548470497,-0.008546987548470497,-0.014546987548470497,close,0,0,42,2025-10-01
2025-10-07,2912,246.5,0.4574602705414763,0,0.006085192784667015,0.006085192784667015,-0.0020283975172787905,-0.0020283975172787905,-0.0020283975172787905,-0.00802839751727879,close,0,0,42,2025-10-01
2025-10-07,4164,45.900001525878906,0.4574602705414763,0,-0.0076253218576312065,-0.0021786990109831095,-0.030501121655106544,-0.0021786990109831095,-0.02,-0.026000000000000002,stop_loss,0,1,42,2025-10-01
2025-10-07,4157,8.850000381469727,0.4574602705414763,0,-0.007909676991403103,0.0,-0.020339015871286392,-0.020339015871286392,-0.02,-0.026000000000000002,stop_loss,0,1,42,2025-10-01
2025-10-08,4171,17.5,0.4639242179168331,1,0.008571406826376915,0.014285714365541935,-0.00571430753916502,0.002857099287211895,0.002857099287211895,-0.003142900712788105,close,0,0,42,2025-10-01
2025-10-08,6526,516.0,0.45512088779116633,1,0.00968992244452238,0.013565891422331333,0.0038759689778089523,0.0058139534667134285,0.0058139534667134285,-0.00018604653328657163,close,0,0,42,2025-10-01
2025-10-08,2208,22.25,0.45462734709688285,0,0.0067415558733046055,0.02247191034257412,-0.0067415558733046055,-0.002247156808152795,-0.002247156808152795,-0.008247156808152795,close,0,0,42,2025-10-01
2025-10-08,2634,57.099998474121094,0.45462734709688285,0,0.015761848539114,0.021015776321291924,-0.0017512867925688624,-0.0017512867925688624,-0.0017512867925688624,-0.0077512867925688626,close,0,0,42,2025-10-01
2025-10-08,8935,23.200000762939453,0.454273222139345,0,0.006465500686317682,0.006465500686317682,-0.045258667320013046,-0.0387931689620018,-0.02,-0.026000000000000002,stop_loss,0,1,42,2025-10-01
2025-10-08,8240,36.04999923706055,0.454273222139345,0,0.001386941410601139,0.006934812758117914,-0.006934812758117914,-0.001386941410601139,-0.001386941410601139,-0.007386941410601139,close,0,0,42,2025-10-01
2025-10-08,9945,28.950000762939453,0.454273222139345,1,-0.001727155176922679,0.024179579690098763,-0.001727155176922679,0.02072533592581749,0.02072533592581749,0.01472533592581749,close,0,0,42,2025-10-01
2025-10-08,3073,38.599998474121094,0.454273222139345,0,-0.06735747307538986,-0.020725369453430176,-0.06735747307538986,-0.04145073890686035,-0.06735747307538986,-0.07335747307538987,gap_stop,0,1,42,2025-10-01
2025-10-08,6592,65.80000305175781,0.454273222139345,0,0.0015197335742413998,0.009118517860770226,-0.015197567641735077,-0.009118633344769478,-0.009118633344769478,-0.015118633344769478,close,0,0,42,2025-10-01
2025-10-08,5278,32.599998474121094,0.454273222139345,1,0.0015338360099121928,0.024539971724152565,-0.009202430956065655,0.007668712176382542,0.007668712176382542,0.0016687121763825415,close,0,0,42,2025-10-01
2025-10-08,3029,119.5,0.454273222139345,0,-0.012552301399409771,0.0,-0.04184100404381752,-0.012552301399409771,-0.02,-0.026000000000000002,stop_loss,0,1,42,2025-10-01
2025-10-08,3211,331.0,0.454273222139345,1,0.003021148033440113,0.021148037165403366,-0.027190333232283592,0.021148037165403366,-0.02,-0.026000000000000002,stop_loss,0,1,42,2025-10-01
2025-10-08,3162,51.79999923706055,0.454273222139345,1,0.0038610186893492937,0.028957528993487358,-0.007721963804215193,0.025096511468291283,0.025096511468291283,0.019096511468291284,close,0,0,42,2025-10-01
2025-10-08,6117,81.9000015258789,0.454273222139345,0,0.009767953306436539,0.015872959047555923,-0.007325988728553057,-0.006105006206780672,-0.006105006206780672,-0.012105006206780672,close,0,0,42,2025-10-01
2025-10-08,1231,117.0,0.454273222139345,1,0.004273504484444857,0.008547008968889713,-0.008547008968889713,0.008547008968889713,0.008547008968889713,0.002547008968889713,close,0,0,42,2025-10-01
2025-10-08,6643,440.0,0.454273222139345,0,0.0,0.011363636702299118,-0.017045455053448677,-0.011363636702299118,-0.011363636702299118,-0.017363636702299116,close,0,0,42,2025-10-01
2025-10-08,2493,99.0,0.454273222139345,0,0.003030333900824189,0.004040419589728117,-0.021212106570601463,-0.018181849271059036,-0.02,-0.026000000000000002,stop_loss,0,1,42,2025-10-01
2025-10-08,6823,61.599998474121094,0.454273222139345,0,0.0,0.006493531633168459,-0.011363587342202663,-0.004870117641985416,-0.004870117641985416,-0.010870117641985417,close,0,0,42,2025-10-01
2025-10-08,4952,40.349998474121094,0.454273222139345,0,-0.0012391385389491916,0.001239233068190515,-0.011152341030538082,-0.011152341030538082,-0.011152341030538082,-0.01715234103053808,close,0,0,42,2025-10-01
2025-10-08,2062,21.350000381469727,0.454273222139345,1,0.0,0.01873534545302391,-0.002341973828151822,0.0023418846540153027,0.0023418846540153027,-0.0036581153459846975,close,0,0,42,2025-10-01
2025-10-09,6109,11.199999809265137,0.46318483674245603,0,-0.09821423888206482,-0.017857126891613007,-0.09821423888206482,-0.026785731315612793,-0.09821423888206482,-0.10421423888206482,gap_stop,0,1,42,2025-10-01
2025-10-09,6485,73.5,0.46318483674245603,1,0.0,0.09931977093219757,-0.006802720949053764,0.09931977093219757,0.03,0.024,take_profit,1,0,42,2025-10-01
2025-10-09,2329,52.400001525878906,0.46318483674245603,0,-0.05152672901749611,-0.02671758644282818,-0.08015268296003342,-0.05343517288565636,-0.05152672901749611,-0.05752672901749611,gap_stop,0,1,42,2025-10-01
2025-10-09,3135,42.70000076293945,0.46318483674245603,1,-0.030444946140050888,0.0995316132903099,-0.058548007160425186,0.0995316132903099,-0.030444946140050888,-0.036444946140050886,gap_stop,1,1,42,2025-10-01
2025-10-09,6603,18.5,0.46318483674245603,1,-0.008108087815344334,0.0810810774564743,-0.013513513840734959,0.04054053872823715,0.03,0.024,take_profit,1,0,42,2025-10-01
2025-10-09,6126,31.950000762939453,0.46318483674245603,0,-0.06259781122207642,-0.025039158761501312,-0.07511741667985916,-0.04381851479411125,-0.06259781122207642,-0.06859781122207642,gap_stop,0,1,42,2025-10-01
2025-10-09,2399,23.149999618530273,0.46318483674245603,0,-0.04751621559262276,-0.04751621559262276,-0.0907127633690834,-0.058315351605415344,-0.04751621559262276,-0.053516215592622755,gap_stop,0,1,42,2025-10-01
2025-10-09,6499,101.0,0.46318483674245603,1,0.07425742596387863,0.09900990128517151,0.06435643881559372,0.09900990128517151,0.03,0.024,gap_take_profit,1,0,42,2025-10-01
2025-10-09,6541,58.0,0.46318483674245603,1,0.0,0.09999998658895493,-0.02241377905011177,0.09999998658895493,-0.02,-0.026000000000000002,ambiguous_stop_loss,1,1,42,2025-10-01
2025-10-09,3189,137.5,0.46318483674245603,0,-0.04727272689342499,-0.02181818149983883,-0.09454545378684998,-0.02909090928733349,-0.04727272689342499,-0.053272726893424986,gap_stop,0,1,42,2025-10-01
2025-10-09,3372,17.600000381469727,0.46318483674245603,1,-0.045454610139131546,0.09659083932638168,-0.07102272659540176,0.09659083932638168,-0.045454610139131546,-0.051454610139131544,gap_stop,1,1,42,2025-10-01
2025-10-09,3379,61.20000076293945,0.46318483674245603,1,0.027777789160609245,0.052287593483924866,0.0,0.003267986234277487,0.03,0.024,take_profit,1,0,42,2025-10-01
2025-10-09,3709,62.900001525878906,0.46318483674245603,0,-0.0699523314833641,-0.03179650008678436,-0.09856916964054108,-0.058823540806770325,-0.0699523314833641,-0.07595233148336411,gap_stop,0,1,42,2025-10-01
2025-10-09,4989,39.099998474121094,0.46318483674245603,1,-0.04475703462958336,0.09718678146600723,-0.048593293875455856,0.06521747261285782,-0.04475703462958336,-0.05075703462958336,gap_stop,1,1,42,2025-10-01
2025-10-09,5289,405.0,0.46318483674245603,0,-0.025925925001502037,0.04691357910633087,-0.045679014176130295,-0.017283950001001358,-0.025925925001502037,-0.031925925001502035,gap_stop,1,1,42,2025-10-01
2025-10-09,1304,11.050000190734863,0.46318483674245603,0,-0.018099529668688774,0.009049721993505955,-0.03619914501905441,0.0,-0.02,-0.026000000000000002,stop_loss,0,1,42,2025-10-01
2025-10-09,1308,12.899999618530273,0.46318483674245603,1,0.003875983878970146,0.07751937955617905,0.003875983878970146,0.058139536529779434,0.03,0.024,take_profit,1,0,42,2025-10-01
2025-10-09,5475,68.4000015258789,0.46318483674245603,0,-0.07163744419813156,-0.01461988314986229,-0.08771929889917374,-0.020467858761548996,-0.07163744419813156,-0.07763744419813157,gap_stop,0,1,42,2025-10-01
2025-10-09,8271,85.0,0.46318483674245603,1,-0.045882370322942734,0.10000000149011612,-0.0470588244497776,0.0882352963089943,-0.045882370322942734,-0.05188237032294273,gap_stop,1,1,42,2025-10-01
2025-10-09,6016,13.0,0.45870308567701734,0,-0.026923106983304024,-0.01538460049778223,-0.034615371376276016,-0.01923076994717121,-0.026923106983304024,-0.03292310698330402,gap_stop,0,1,42,2025-10-01
2025-10-13,3498,47.849998474121094,0.4867708411329584,0,0.013584149070084095,0.013584149070084095,-0.0564262717962265,-0.050156693905591965,-0.02,-0.026000000000000002,stop_loss,0,1,42,2025-10-01
2025-10-13,8069,230.5,0.4867708411329584,0,0.0021691974252462387,0.006507592275738716,-0.05422993376851082,-0.05422993376851082,-0.02,-0.026000000000000002,stop_loss,0,1,42,2025-10-01
2025-10-13,3529,1990.0,0.4867708411329584,1,0.02261306531727314,0.03768844157457352,0.01005025114864111,0.02512562833726406,0.03,0.024,take_profit,1,0,42,2025-10-01
2025-10-13,1569,58.29999923706055,0.4867708411329584,1,0.013722114264965057,0.07375641912221909,0.013722114264965057,0.027444293722510338,0.03,0.024,take_profit,1,0,42,2025-10-01
2025-10-13,8121,26.299999237060547,0.4867708411329584,0,0.011406888253986835,0.01901140809059143,-0.03422052040696144,-0.03041822277009487,-0.02,-0.026000000000000002,stop_loss,0,1,42,2025-10-01
2025-10-13,8045,88.5,0.4867708411329584,0,0.002259852597489953,0.01581922546029091,-0.01581922546029091,-0.013559287413954735,-0.013559287413954735,-0.019559287413954733,close,0,0,42,2025-10-01
2025-10-13,8038,49.0,0.4867708411329584,0,0.013265336863696575,0.04897962138056755,-0.051020409911870956,-0.046938758343458176,-0.02,-0.026000000000000002,ambiguous_stop_loss,1,1,42,2025-10-01
2025-10-13,3661,3370.0,0.4867708411329584,0,-0.06676557660102844,-0.022255193442106247,-0.09940652549266815,-0.08753709495067596,-0.06676557660102844,-0.07276557660102845,gap_stop,0,1,42,2025-10-01
2025-10-13,4113,22.75,0.4867708411329584,1,0.00659338990226388,0.03736265376210213,0.0,0.002197768772020936,0.03,0.024,take_profit,1,0,42,2025-10-01
2025-10-13,1319,91.5,0.4867708411329584,0,0.007650239858776331,0.020765043795108795,-0.007650239858776331,-0.004371601156890392,-0.004371601156890392,-0.010371601156890392,close,0,0,42,2025-10-01
2025-10-13,3653,2225.0,0.4867708411329584,0,0.006741573102772236,0.03595505654811859,-0.020224718376994133,-0.013483146205544472,-0.02,-0.026000000000000002,ambiguous_stop_loss,1,1,42,2025-10-01
2025-10-13,7714,133.5,0.4867708411329584,0,0.00749063678085804,0.01498127356171608,-0.056179776787757874,-0.05243445560336113,-0.02,-0.026000000000000002,stop_loss,0,1,42,2025-10-01
2025-10-13,6919,164.0,0.4867708411329584,0,0.024390242993831635,0.05487804859876633,-0.03658536449074745,-0.03353658691048622,-0.02,-0.026000000000000002,ambiguous_stop_loss,1,1,42,2025-10-01
2025-10-13,1725,26.450000762939453,0.4867708411329584,0,-0.0018904024036601186,0.015122858807444572,-0.01701326109468937,-0.009451795369386673,-0.009451795369386673,-0.015451795369386673,close,0,0,42,2025-10-01
2025-10-13,2231,119.0,0.4867708411329584,0,0.008403361774981022,0.012605042196810246,-0.04621848836541176,-0.03781512752175331,-0.02,-0.026000000000000002,stop_loss,0,1,42,2025-10-01
2025-10-13,3289,115.0,0.4867708411329584,0,0.03478260710835457,0.052173912525177,-0.0260869562625885,-0.021739130839705467,0.03,0.024,gap_take_profit,1,1,42,2025-10-01
2025-10-13,2477,23.399999618530273,0.4867708411329584,0,0.012820562347769737,0.01495728176087141,0.0,0.0,0.0,-0.006,close,0,0,42,2025-10-01
2025-10-13,6838,29.5,0.4867708411329584,0,0.0,0.023728840053081512,-0.016949152573943138,-0.016949152573943138,-0.016949152573943138,-0.022949152573943137,close,0,0,42,2025-10-01
2025-10-13,6788,243.0,0.4867708411329584,0,0.006172839552164078,0.01440329197794199,-0.0555555559694767,-0.05144032835960388,-0.02,-0.026000000000000002,stop_loss,0,1,42,2025-10-01
2025-10-13,6698,34.5,0.4867708411329584,0,0.001449253293685615,0.043478261679410934,-0.004347870126366615,-0.001449253293685615,0.03,0.024,take_profit,1,0,42,2025-10-01
2025-10-14,8048,44.79999923706055,0.4384369864169775,1,0.002232193946838379,0.031250033527612686,0.0011160543654114008,0.026785731315612793,0.03,0.024,take_profit,1,0,42,2025-10-01
2025-10-14,8089,31.549999237060547,0.4384369864169775,0,0.0,0.006339168641716242,-0.01109345443546772,-0.009508692659437656,-0.009508692659437656,-0.015508692659437657,close,0,0,42,2025-10-01
2025-10-14,8059,25.25,0.4384369864169775,0,0.0,0.003960411064326763,-0.021782148629426956,-0.007920822128653526,-0.02,-0.026000000000000002,stop_loss,0,1,42,2025-10-01
2025-10-14,8069,218.0,0.4384369864169775,1,0.004587155766785145,0.01146788988262415,-0.004587155766785145,0.0022935778833925724,0.0022935778833925724,-0.0037064221166074277,close,0,0,42,2025-10-01
2025-10-14,3149,40.79999923706055,0.4384369864169775,0,0.004901979584246874,0.030637254938483238,-0.014705845154821873,-0.009803866036236286,0.03,0.024,take_profit,1,0,42,2025-10-01
2025-10-14,3008,2240.0,0.4384369864169775,0,0.004464285913854837,0.004464285913854837,-0.02008928544819355,-0.008928571827709675,-0.02,-0.026000000000000002,stop_loss,0,1,42,2025-10-01
2025-10-14,3491,424.5,0.4384369864169775,1,0.011778563261032104,0.04475853964686394,0.0011778563493862748,0.02237926982343197,0.03,0.024,take_profit,1,0,42,2025-10-01
2025-10-14,3152,110.5,0.4384369864169775,1,0.013574660755693913,0.018099548295140266,0.004524887073785067,0.009049774147570133,0.009049774147570133,0.003049774147570133,close,0,0,42,2025-10-01
2025-10-14,3066,14.25,0.4384369864169775,1,0.0,0.0210526455193758,0.0,0.007017570547759533,0.007017570547759533,0.0010175705477595328,close,0,0,42,2025-10-01
2025-10-14,3490,23.049999237060547,0.4384369864169775,1,-0.00650757597759366,0.010845987126231194,-0.00650757597759366,0.002169247018173337,0.002169247018173337,-0.003830752981826663,close,0,0,42,2025-10-01
2025-10-14,3630,31.200000762939453,0.4384369864169775,1,0.009615359827876091,0.024038460105657578,0.0016025395598262548,0.016025640070438385,0.016025640070438385,0.010025640070438385,close,0,0,42,2025-10-01
2025-10-14,3481,14.699999809265137,0.4384369864169775,0,0.0,0.0,-0.023809485137462616,-0.006802682299166918,-0.02,-0.026000000000000002,stop_loss,0,1,42,2025-10-01
2025-10-14,6668,40.04999923706055,0.4384369864169775,1,0.021223528310656548,0.031210986897349358,0.011235974729061127,0.014981331303715706,0.03,0.024,take_profit,1,0,42,2025-10-01
2025-10-14,3406,406.0,0.4384369864169775,1,0.008620689623057842,0.03201970458030701,-0.001231527072377503,0.03201970458030701,0.03,0.024,take_profit,1,0,42,2025-10-01
2025-10-14,3447,58.20000076293945,0.4384369864169775,0,0.0068728127516806126,0.0068728127516806126,-0.013745691627264023,-0.0034364392049610615,-0.0034364392049610615,-0.009436439204961062,close,0,0,42,2025-10-01
2025-10-14,3081,389.0,0.4384369864169775,1,0.007712082471698523,0.01928020641207695,-0.02056555263698101,0.007712082471698523,-0.02,-0.026000000000000002,stop_loss,0,1,42,2025-10-01
2025-10-14,4977,107.5,0.4384369864169775,1,0.023255813866853714,0.055813953280448914,0.009302325546741486,0.05116279050707817,0.03,0.024,take_profit,1,0,42,2025-10-01
2025-10-14,4908,79.5,0.4384369864169775,0,0.002515684813261032,0.007547150831669569,-0.006289307959377766,-0.003773623378947377,-0.003773623378947377,-0.009773623378947377,close,0,0,42,2025-10-01
2025-10-14,2498,52.0,0.4384369864169775,1,0.01538460049778223,0.03076920099556446,0.0019230475882068276,0.03076920099556446,0.03,0.024,take_profit,1,0,42,2025-10-01
2025-10-14,4979,179.0,0.4384369864169775,1,0.011173184029757977,0.013966480270028114,-0.011173184029757977,0.005586592014878988,0.005586592014878988,-0.00041340798512101186,close,0,0,42,2025-10-01
2025-10-15,1605,27.149999618530273,0.4425944370028303,1,0.011049766093492508,0.09944754093885422,0.011049766093492508,0.09944754093885422,0.03,0.024,take_profit,1,0,42,2025-10-01
2025-10-15,2208,21.950000762939453,0.4425944370028303,1,0.009111564606428146,0.038724303245544434,0.0022778694983571768,0.015945259481668472,0.03,0.024,take_profit,1,0,42,2025-10-01
2025-10-15,5880,23.950000762939453,0.4425944370028303,1,0.004175301641225815,0.010438413359224796,0.0020876508206129074,0.006263032089918852,0.006263032089918852,0.00026303208991885173,close,0,0,42,2025-10-01
2025-10-15,3231,138.0,0.4425944370028303,1,0.007246376946568489,0.025362318381667137,-0.0036231884732842445,0.010869565419852734,0.010869565419852734,0.0048695654198527335,close,0,0,42,2025-10-01
2025-10-15,2634,55.599998474121094,0.4425944370028303,1,0.010791408829391003,0.05215830355882645,0.008992806077003479,0.02517988346517086,0.03,0.024,take_profit,1,0,42,2025-10-01
2025-10-15,2637,63.900001525878906,0.4425944370028303,1,0.007824726402759552,0.012519489973783493,-0.006259804591536522,0.012519489973783493,0.012519489973783493,0.006519489973783493,close,0,0,42,2025-10-01
2025-10-15,1301,37.0,0.4425944370028303,1,0.0,0.02297293208539486,0.0,0.012162182480096817,0.012162182480096817,0.006162182480096817,close,0,0,42,2025-10-01
2025-10-15,1216,77.5,0.4425944370028303,1,-0.0025806056801229715,0.010322620160877705,-0.0025806056801229715,0.0012903028400614858,0.0012903028400614858,-0.004709697159938514,close,0,0,42,2025-10-01
2025-10-15,1434,15.050000190734863,0.4425944370028303,1,0.0033222718629986048,0.013289024122059345,0.0033222718629986048,0.013289024122059345,0.013289024122059345,0.007289024122059345,close,0,0,42,2025-10-01
2025-10-15,3066,14.350000381469727,0.4417511870755595,1,0.0,0.0243902038782835,0.0,0.006968601141124964,0.006968601141124964,0.0009686011411249636,close,0,0,42,2025-10-01
2025-10-15,3073,36.099998474121094,0.4417511870755595,1,0.0027701465878635645,0.07202222943305969,0.0013851261464878917,0.03462604060769081,0.03,0.024,take_profit,1,0,42,2025-10-01
2025-10-15,3078,73.5999984741211,0.4417511870755595,1,0.004076128359884024,0.024456564337015152,-0.004076024983078241,0.023097889497876167,0.023097889497876167,0.01709788949787617,close,0,0,42,2025-10-01
2025-10-15,3052,11.0,0.4417511870755595,0,0.0,0.0,-0.009090944193303585,-0.009090944193303585,-0.009090944193303585,-0.015090944193303585,close,0,0,42,2025-10-01
2025-10-15,3027,24.0,0.4417511870755595,1,0.018750032410025597,0.02083333395421505,-0.006249984260648489,0.002083301544189453,0.002083301544189453,-0.003916698455810547,close,0,0,42,2025-10-01
2025-10-15,3213,106.5,0.4417511870755595,1,0.014084506779909134,0.023474179208278656,0.004694835748523474,0.009389671497046947,0.009389671497046947,0.0033896714970469474,close,0,0,42,2025-10-01
2025-10-15,3147,169.0,0.4417511870755595,0,0.002958579920232296,0.017751479521393776,-0.005917159840464592,-0.002958579920232296,-0.002958579920232296,-0.008958579920232296,close,0,0,42,2025-10-01
2025-10-15,3149,40.400001525878906,0.4417511870755595,0,0.0,0.012376236729323864,-0.030940592288970947,-0.017326751723885536,-0.02,-0.026000000000000002,stop_loss,0,1,42,2025-10-01
2025-10-15,3152,111.5,0.4417511870755595,1,0.008968610316514969,0.013452914543449879,0.0,0.0044843051582574844,0.0044843051582574844,-0.0015156948417425157,close,0,0,42,2025-10-01
2025-10-15,3163,199.5,0.4417511870755595,1,0.007518797181546688,0.04260651767253876,0.007518797181546688,0.030075188726186752,0.03,0.024,take_profit,1,0,42,2025-10-01
2025-10-15,3092,14.800000190734863,0.4417511870755595,1,0.0,0.023648610338568687,0.0,0.010135109536349773,0.010135109536349773,0.004135109536349773,close,0,0,42,2025-10-01
2025-10-16,6923,109.0,0.41965310625396657,0,-0.00917431153357029,0.05045871436595917,-0.013761468231678009,-0.004587155766785145,0.03,0.024,take_profit,1,0,42,2025-10-01
2025-10-16,3038,20.200000762939453,0.41965310625396657,0,-0.002475304063409567,0.014851447194814682,-0.002475304063409567,0.0,0.0,-0.006,close,0,0,42,2025-10-01
2025-10-16,3128,30.0,0.41965310625396657,0,0.0,0.0,-0.026666641235351562,-0.02500000037252903,-0.02,-0.026000000000000002,stop_loss,0,1,42,2025-10-01
2025-10-16,3066,14.449999809265137,0.41965310625396657,0,0.013840817846357822,0.017301037907600403,-0.006920375861227512,-0.0034602207597345114,-0.0034602207597345114,-0.009460220759734512,close,0,0,42,2025-10-01
2025-10-16,3149,39.70000076293945,0.41965310625396657,0,0.0,0.005037802271544933,-0.06045343726873398,-0.05037783458828926,-0.02,-0.026000000000000002,stop_loss,0,1,42,2025-10-01
2025-10-16,3147,168.5,0.41965310625396657,0,0.0,0.014836795628070831,-0.002967359032481909,-0.002967359032481909,-0.002967359032481909,-0.008967359032481909,close,0,0,42,2025-10-01
2025-10-16,8105,12.550000190734863,0.41965310625396657,0,0.0,0.003984078764915466,-0.019920319318771362,-0.019920319318771362,-0.019920319318771362,-0.02592031931877136,close,0,0,42,2025-10-01
2025-10-16,8104,34.04999923706055,0.41965310625396657,0,0.007342143915593624,0.007342143915593624,-0.008810550905764103,-0.007342143915593624,-0.007342143915593624,-0.013342143915593624,close,0,0,42,2025-10-01
2025-10-16,6456,52.099998474121094,0.41965310625396657,0,-0.005758143030107021,0.00959692895412445,-0.007677499670535326,-0.005758143030107021,-0.005758143030107021,-0.011758143030107021,close,0,0,42,2025-10-01
2025-10-16,1809,19.049999237060547,0.41965310625396657,0,0.0,0.007874095812439919,-0.007873996160924435,0.0,0.0,-0.006,close,0,0,42,2025-10-01
2025-10-16,1802,29.25,0.41965310625396657,0,-0.008547008968889713,-0.008547008968889713,-0.037606850266456604,-0.03589741140604019,-0.02,-0.026000000000000002,stop_loss,0,1,42,2025-10-01
2025-10-16,1810,19.350000381469727,0.41965310625396657,0,0.0,0.0,-0.01550393458455801,-0.01550393458455801,-0.01550393458455801,-0.02150393458455801,close,0,0,42,2025-10-01
2025-10-16,2374,81.80000305175781,0.41965310625396657,0,0.002444950398057699,0.031784821301698685,-0.01833740808069706,-0.011002463288605213,0.03,0.024,take_profit,1,0,42,2025-10-01
2025-10-16,2409,13.25,0.41965310625396657,0,0.0,0.01132072601467371,-0.01132072601467371,-0.003773599397391081,-0.003773599397391081,-0.009773599397391081,close,0,0,42,2025-10-01
2025-10-16,4953,123.0,0.41965310625396657,0,-0.012195121496915817,-0.012195121496915817,-0.024390242993831635,-0.020325202494859695,-0.02,-0.026000000000000002,stop_loss,0,1,42,2025-10-01
2025-10-16,6443,14.300000190734863,0.41965310625396657,0,0.003496516728773713,0.006992966867983341,-0.020979033783078194,-0.017482517287135124,-0.02,-0.026000000000000002,stop_loss,0,1,42,2025-10-01
2025-10-16,2491,12.399999618530273,0.41965310625396657,0,0.008064547553658485,0.008064547553658485,-0.00403219647705555,-0.00403219647705555,-0.00403219647705555,-0.01003219647705555,close,0,0,42,2025-10-01
2025-10-16,2466,55.70000076293945,0.41965310625396657,0,0.043087929487228394,0.043087929487228394,-0.044883303344249725,-0.030520658940076828,0.03,0.024,gap_take_profit,1,1,42,2025-10-01
2025-10-16,2489,14.761218070983887,0.41965310625396657,0,0.0032787390518933535,0.009836078621447086,-0.009836003184318542,-0.003278663381934166,-0.003278663381934166,-0.009278663381934166,close,0,0,42,2025-10-01
2025-10-16,2486,80.19999694824219,0.41965310625396657,0,0.0024938227143138647,0.018703242763876915,-0.013715691864490509,-0.012468828819692135,-0.012468828819692135,-0.018468828819692133,close,0,0,42,2025-10-01
2025-10-17,1789,18.200000762939453,0.5166831093042904,0,-0.0027473154477775097,0.0,-0.016483578830957413,-0.005494526121765375,-0.005494526121765375,-0.011494526121765375,close,0,0,42,2025-10-01
2025-10-17,8942,34.349998474121094,0.5166831093042904,0,0.0,0.00582243874669075,-0.005822327919304371,-0.0043667457066476345,-0.0043667457066476345,-0.010366745706647635,close,0,0,42,2025-10-01
2025-10-17,5284,275.0,0.5166831093042904,0,0.0,0.016363635659217834,-0.007272727321833372,0.0,0.0,-0.006,close,0,0,42,2025-10-01
2025-10-17,1471,9.029999732971191,0.5166831093042904,1,0.007752010133117437,0.026578154414892197,-0.005537119694054127,0.026578154414892197,0.026578154414892197,0.020578154414892198,close,0,0,42,2025-10-01
2025-10-17,3661,3085.0,0.5166831093042904,1,0.011345218867063522,0.059967584908008575,-0.011345218867063522,0.04862236604094505,0.03,0.024,take_profit,1,0,42,2025-10-01
2025-10-17,6592,65.30000305175781,0.5165448809056314,0,-0.0030628570821136236,0.0,-0.015313934534788132,-0.013782564550638199,-0.013782564550638199,-0.019782564550638197,close,0,0,42,2025-10-01
2025-10-17,5388,98.0,0.5165448809056314,0,0.0010203926358371973,0.010204081423580647,-0.0010203926358371973,0.0,0.0,-0.006,close,0,0,42,2025-10-01
2025-10-17,2204,59.5,0.5165448809056314,1,0.0033613573759794235,0.018487369641661644,-0.008403361774981022,0.015126076526939869,0.015126076526939869,0.009126076526939869,close,0,0,42,2025-10-01
2025-10-17,8464,394.5,0.5156910869481631,1,0.0038022813387215137,0.0215462613850832,0.0038022813387215137,0.006337135564535856,0.006337135564535856,0.0003371355645358561,close,0,0,42,2025-10-01
2025-10-17,8454,236.0,0.5156910869481631,0,0.016949152573943138,0.016949152573943138,-0.008474576286971569,-0.006355931982398033,-0.006355931982398033,-0.012355931982398033,close,0,0,42,2025-10-01
2025-10-17,8422,20.700000762939453,0.5156910869481631,1,0.004830843769013882,0.038647305220365524,0.004830843769013882,0.02415458858013153,0.03,0.024,take_profit,1,0,42,2025-10-01
2025-10-17,8374,89.5999984741211,0.5156910869481631,1,0.01897326484322548,0.01897326484322548,-0.008928520604968071,0.006696411874145269,0.006696411874145269,0.0006964118741452693,close,0,0,42,2025-10-01
2025-10-17,8222,45.900001525878906,0.5156910869481631,0,0.002178615890443325,0.013071862049400806,-0.008714630268514156,-0.004357315134257078,-0.004357315134257078,-0.010357315134257078,close,0,0,42,2025-10-01
2025-10-17,8249,54.400001525878906,0.5156910869481631,1,0.0018382072448730469,0.04595588147640228,-0.0018382773268967867,0.0202205590903759,0.03,0.024,take_profit,1,0,42,2025-10-01
2025-10-17,3211,315.5,0.5156910869481631,0,0.0,0.019017431885004044,-0.007923929952085018,-0.0015847861068323255,-0.0015847861068323255,-0.007584786106832326,close,0,0,42,2025-10-01
2025-10-17,3213,106.0,0.5156910869481631,0,0.01886792480945587,0.01886792480945587,0.0,0.0,0.0,-0.006,close,0,0,42,2025-10-01
2025-10-17,3219,62.400001525878906,0.5156910869481631,1,0.009615359827876091,0.016025640070438385,-0.022435922175645828,0.0016025395598262548,-0.02,-0.026000000000000002,stop_loss,0,1,42,2025-10-01
2025-10-17,3167,164.0,0.5156910869481631,0,0.018292682245373726,0.027439024299383163,-0.03658536449074745,-0.015243902802467346,-0.02,-0.026000000000000002,stop_loss,0,1,42,2025-10-01
2025-10-17,1528,14.75,0.5156910869481631,1,0.010169466026127338,0.02033899538218975,-0.0033898435067385435,0.0033898435067385435,0.0033898435067385435,-0.0026101564932614566,close,0,0,42,2025-10-01
2025-10-17,1529,21.200000762939453,0.5156910869481631,0,0.009433908388018608,0.009433908388018608,-0.011792452074587345,-0.002358544385060668,-0.002358544385060668,-0.008358544385060668,close,0,0,42,2025-10-01
2025-10-20,1809,18.799999237060547,0.48905117314941615,1,0.013297872617840767,0.023936212062835693,0.0026596353854984045,0.010638338513672352,0.010638338513672352,0.004638338513672352,close,0,0,42,2025-10-01
2025-10-20,1810,18.799999237060547,0.48905117314941615,0,0.005319169256836176,0.010638338513672352,0.0,0.0,0.0,-0.006,close,0,0,42,2025-10-01
2025-10-20,1802,28.0,0.47720204734130084,1,0.007142884191125631,0.02857140079140663,0.0017856870545074344,0.0035714420955628157,0.0035714420955628157,-0.0024285579044371845,close,0,0,42,2025-10-01
2025-10-20,3294,42.5,0.46791460660970025,1,0.007058805786073208,0.028235312551259995,0.007058805786073208,0.0235294122248888,0.0235294122248888,0.017529412224888803,close,0,0,42,2025-10-01
2025-10-20,4562,41.25,0.46791460660970025,1,0.0060606058686971664,0.04969695210456848,0.0060606058686971664,0.032727234065532684,0.03,0.024,take_profit,1,0,42,2025-10-01
2025-10-20,1529,21.149999618530273,0.46791460660970025,1,0.0023641204461455345,0.021276632323861122,0.0023641204461455345,0.014184451662003994,0.014184451662003994,0.008184451662003994,close,0,0,42,2025-10-01
2025-10-20,2542,38.25,0.46791460660970025,1,0.003921608440577984,0.014379065483808517,0.0,0.006535947788506746,0.006535947788506746,0.0005359477885067462,close,0,0,42,2025-10-01
2025-10-20,4949,37.150001525878906,0.46791460660970025,1,0.004037623293697834,0.03768499568104744,0.004037623293697834,0.0349932499229908,0.03,0.024,take_profit,1,0,42,2025-10-01
2025-10-20,6152,8.859999656677246,0.46791460660970025,1,0.004514668602496386,0.02031606249511242,0.002257388085126877,0.005643362645059824,0.005643362645059824,-0.00035663735494017614,close,0,0,42,2025-10-01
2025-10-20,2753,186.63198852539062,0.4677767977130788,1,0.00524928979575634,0.007873961701989174,-0.002624725690111518,0.002624617889523506,0.002624617889523506,-0.003375382110476494,close,0,0,42,2025-10-01
2025-10-20,3036,133.5,0.4677767977130788,0,0.00374531839042902,0.01123595517128706,-0.01123595517128706,-0.00749063678085804,-0.00749063678085804,-0.01349063678085804,close,0,0,42,2025-10-01
2025-10-20,3416,165.0,0.46692575976414946,1,0.00909090880304575,0.03333333507180214,0.00909090880304575,0.021212121471762657,0.03,0.024,take_profit,1,0,42,2025-10-01
2025-10-20,6841,66.69999694824219,0.46692575976414946,1,0.0,0.019490301609039307,0.0,0.013493277132511139,0.013493277132511139,0.007493277132511139,close,0,0,42,2025-10-01
2025-10-20,1736,160.0,0.46692575976414946,0,0.015625,0.01875000074505806,-0.04374999925494194,-0.04062499850988388,-0.02,-0.026000000000000002,stop_loss,0,1,42,2025-10-01
2025-10-20,3322,13.5,0.46692575976414946,1,0.007407435681670904,0.04444447159767151,0.007407435681670904,0.03703703731298447,0.03,0.024,take_profit,1,0,42,2025-10-01
2025-10-20,3323,39.150001525878906,0.46692575976414946,1,0.005108478479087353,0.0370369590818882,0.005108478479087353,0.015325631015002728,0.03,0.024,take_profit,1,0,42,2025-10-01
2025-10-20,8033,128.0,0.46692575976414946,0,0.0,0.0,-0.01953125,-0.015625,-0.015625,-0.021625,close,0,0,42,2025-10-01
2025-10-20,3339,28.600000381469727,0.46692575976414946,1,0.003496516728773713,0.02797200158238411,0.003496516728773713,0.008741258643567562,0.008741258643567562,0.002741258643567562,close,0,0,42,2025-10-01
2025-10-20,3694,71.4000015258789,0.46692575976414946,1,0.007002801168709993,0.032212819904088974,0.007002801168709993,0.019607864320278168,0.03,0.024,take_profit,1,0,42,2025-10-01
2025-10-20,3663,47.04999923706055,0.46692575976414946,1,0.008501626551151276,0.021253986284136772,-0.0010626830626279116,0.015940489247441292,0.015940489247441292,0.009940489247441292,close,0,0,42,2025-10-01
2025-10-21,6155,29.5,0.44866568489842606,1,0.027118617668747902,0.054237302392721176,-0.016949152573943138,0.028813572600483894,0.03,0.024,take_profit,1,0,42,2025-10-01
2025-10-21,6127,31.899999618530273,0.44866568489842606,0,-0.007836990989744663,0.0031348082702606916,-0.09874606877565384,-0.05015675351023674,-0.02,-0.026000000000000002,stop_loss,0,1,42,2025-10-01
2025-10-21,6182,35.79999923706055,0.44866568489842606,0,-0.0013966268161311746,0.04189944267272949,-0.04329606890678406,-0.039106082171201706,-0.02,-0.026000000000000002,ambiguous_stop_loss,1,1,42,2025-10-01
2025-10-21,2342,34.849998474121094,0.44866568489842606,1,0.03299861028790474,0.09899572283029556,0.02152080461382866,0.09899572283029556,0.03,0.024,gap_take_profit,1,0,42,2025-10-01
2025-10-21,6462,143.0,0.44866568489842606,0,0.00699300691485405,0.010489510372281075,-0.03496503457427025,-0.010489510372281075,-0.02,-0.026000000000000002,stop_loss,0,1,42,2025-10-01
2025-10-21,5392,51.400001525878906,0.44866568489842606,1,-0.019455252215266228,0.08365757018327713,-0.019455252215266228,0.023346243426203728,0.03,0.024,take_profit,1,0,42,2025-10-01
2025-10-21,8043,52.099998474121094,0.44866568489842606,0,0.0,0.08829179406166077,-0.030710143968462944,-0.01343564223498106,-0.02,-0.026000000000000002,ambiguous_stop_loss,1,1,42,2025-10-01
2025-10-21,6805,1320.0,0.44866568489842606,1,-0.01515151560306549,0.034090910106897354,-0.018939394503831863,0.0037878789007663727,0.03,0.024,take_profit,1,0,42,2025-10-01
2025-10-21,6862,200.5,0.44866568489842606,1,0.007481296546757221,0.03990025073289871,-0.01246882788836956,0.019950125366449356,0.03,0.024,take_profit,1,0,42,2025-10-01
2025-10-21,5425,65.4000015258789,0.44866568489842606,0,-0.07033642381429672,-0.0137614905834198,-0.07033642381429672,-0.04740064591169357,-0.07033642381429672,-0.07633642381429673,gap_stop,0,1,42,2025-10-01
2025-10-21,6411,84.0999984741211,0.44866568489842606,1,0.011890606954693794,0.08204520493745804,-0.014268691651523113,0.026159388944506645,0.03,0.024,take_profit,1,0,42,2025-10-01
2025-10-21,1795,306.5,0.44866568489842606,0,0.04078303277492523,0.042414356023073196,-0.05057096108794212,-0.05057096108794212,0.03,0.024,gap_take_profit,1,1,42,2025-10-01
2025-10-21,2472,103.0,0.44866568489842606,1,-0.004854368977248669,0.09708737581968307,-0.014563106931746006,0.04368932172656059,0.03,0.024,take_profit,1,0,42,2025-10-01
2025-10-21,5228,20.899999618530273,0.44866568489842606,0,0.023923445492982864,0.0813397541642189,-0.045454490929841995,-0.045454490929841995,-0.02,-0.026000000000000002,ambiguous_stop_loss,1,1,42,2025-10-01
2025-10-21,4934,16.049999237060547,0.44866568489842606,1,0.024922214448451996,0.09968850016593933,-0.009345770813524723,0.04049853980541229,0.03,0.024,take_profit,1,0,42,2025-10-01
2025-10-21,2481,98.69999694824219,0.44866568489842606,0,-0.01013171300292015,0.043566394597291946,-0.03748730570077896,-0.009118479676544666,-0.02,-0.026000000000000002,ambiguous_stop_loss,1,1,42,2025-10-01
2025-10-21,4958,165.0,0.44866568489842606,0,0.0,0.0,-0.03030303120613098,-0.0181818176060915,-0.02,-0.026000000000000002,stop_loss,0,1,42,2025-10-01
2025-10-21,4764,59.5,0.44866568489842606,1,0.015126076526939869,0.09915968775749207,-0.018487369641661644,0.06554624438285828,0.03,0.024,take_profit,1,0,42,2025-10-01
2025-10-21,3016,61.0,0.44866568489842606,1,0.016393441706895828,0.09508201479911804,-0.01147542241960764,0.003278701100498438,0.03,0.024,take_profit,1,0,42,2025-10-01
2025-10-21,3048,38.70000076293945,0.44866568489842606,1,-0.018087875097990036,0.08527129888534546,-0.02842383086681366,0.05297155678272247,-0.02,-0.026000000000000002,ambiguous_stop_loss,1,1,42,2025-10-01
2025-10-22,2258,38.95000076293945,0.45550108945375506,0,0.0,0.0038510323502123356,-0.002567452844232321,-0.002567452844232321,-0.002567452844232321,-0.008567452844232321,close,0,0,42,2025-10-01
2025-10-22,6949,355.0,0.45550108945375506,1,-0.014084506779909134,0.002816901309415698,-0.01690140925347805,0.002816901309415698,0.002816901309415698,-0.003183098690584302,close,0,0,42,2025-10-01
2025-10-22,6854,158.0,0.45363168058254005,0,0.0,0.0,-0.0284810122102499,-0.025316456332802773,-0.02,-0.026000000000000002,stop_loss,0,1,42,2025-10-01
2025-10-22,8908,40.349998474121094,0.4515478841216762,1,0.0,0.0037175100296735764,-0.002478277077898383,0.0037175100296735764,0.0037175100296735764,-0.0022824899703264238,close,0,0,42,2025-10-01
2025-10-22,8374,92.30000305175781,0.4515478841216762,0,-0.013001132756471634,-0.009750829078257084,-0.02166847139596939,-0.016251353546977043,-0.02,-0.026000000000000002,stop_loss,0,1,42,2025-10-01
2025-10-22,8383,41.099998474121094,0.4515478841216762,0,0.0,0.0,-0.007299251854419708,-0.006082725245505571,-0.006082725245505571,-0.012082725245505571,close,0,0,42,2025-10-01
2025-10-22,8390,67.0999984741211,0.4515478841216762,0,-0.005961274728178978,-0.005961274728178978,-0.019373999908566475,-0.019373999908566475,-0.019373999908566475,-0.025373999908566473,close,0,0,42,2025-10-01
2025-10-22,8415,33.599998474121094,0.4515478841216762,1,0.0,0.0029762587510049343,-0.0029761451296508312,0.0029762587510049343,0.0029762587510049343,-0.003023741248995066,close,0,0,42,2025-10-01
2025-10-22,8436,113.5,0.4515478841216762,1,0.013215859420597553,0.035242289304733276,0.013215859420597553,0.017621144652366638,0.03,0.024,take_profit,1,0,42,2025-10-01
2025-10-22,8249,55.900001525878906,0.4515478841216762,0,0.0017888813745230436,0.0017888813745230436,-0.01788908801972866,-0.014311323873698711,-0.014311323873698711,-0.02031132387369871,close,0,0,42,2025-10-01
2025-10-22,8255,146.0,0.4515478841216762,0,0.0,0.006849315017461777,-0.02054794505238533,-0.010273972526192665,-0.02,-0.026000000000000002,stop_loss,0,1,42,2025-10-01
2025-10-22,8289,21.549999237060547,0.4515478841216762,1,0.006960628088563681,0.03016248531639576,0.0,0.009280778467655182,0.03,0.024,take_profit,1,0,42,2025-10-01
2025-10-22,8358,216.0,0.4515478841216762,0,-0.016203703358769417,-0.009259259328246117,-0.03703703731298447,-0.032407406717538834,-0.02,-0.026000000000000002,stop_loss,0,1,42,2025-10-01
2025-10-22,8213,34.70000076293945,0.4515478841216762,0,-0.005763710476458073,0.004322700668126345,-0.005763710476458073,-0.0028819101862609386,-0.0028819101862609386,-0.008881910186260939,close,0,0,42,2025-10-01
2025-10-22,8222,46.099998474121094,0.4515478841216762,0,0.01193065196275711,0.01193065196275711,-0.01193056907504797,-0.009761322289705276,-0.009761322289705276,-0.015761322289705275,close,0,0,42,2025-10-01
2025-10-22,8227,175.5,0.4515478841216762,0,-0.025641025975346565,-0.011396011337637901,-0.045584045350551605,-0.03703703731298447,-0.025641025975346565,-0.031641025975346564,gap_stop,0,1,42,2025-10-01
2025-10-22,3455,92.0,0.4515478841216762,0,0.0,0.0,-0.016304347664117813,-0.011956505477428436,-0.011956505477428436,-0.017956505477428435,close,0,0,42,2025-10-01
2025-10-22,1609,41.650001525878906,0.4515478841216762,0,-0.003601477015763521,-0.003601477015763521,-0.021608678624033928,-0.021608678624033928,-0.02,-0.026000000000000002,stop_loss,0,1,42,2025-10-01
2025-10-22,3217,176.5,0.4515478841216762,1,-0.00566572230309248,0.014164306223392487,-0.00566572230309248,0.00283286115154624,0.00283286115154624,-0.0031671388484537603,close,0,0,42,2025-10-01
2025-10-22,3260,181.0,0.4515478841216762,1,-0.01104972418397665,0.03038674034178257,-0.013812154531478882,0.03038674034178257,0.03,0.024,take_profit,1,0,42,2025-10-01
2025-10-23,8249,55.099998474121094,0.5315183236420059,1,0.014519112184643745,0.016333965584635735,-0.003629708895459771,0.0036297780461609364,0.0036297780461609364,-0.0023702219538390638,close,0,0,42,2025-10-01
2025-10-23,1215,134.0,0.5315183236420059,1,0.033582091331481934,0.06716418266296387,0.02985074557363987,0.04477611929178238,0.03,0.024,gap_take_profit,1,0,42,2025-10-01
2025-10-23,8240,34.70000076293945,0.5315183236420059,1,0.004322700668126345,0.004322700668126345,-0.008645511232316494,0.002881800290197134,0.002881800290197134,-0.003118199709802866,close,0,0,42,2025-10-01
2025-10-23,6546,69.80000305175781,0.5315183236420059,0,0.00573057122528553,0.00716332346200943,-0.010028718039393425,0.0,0.0,-0.006,close,0,0,42,2025-10-01
2025-10-23,8358,209.0,0.5315183236420059,1,0.03588516637682915,0.04545454680919647,0.0,0.043062202632427216,0.03,0.024,gap_take_profit,1,0,42,2025-10-01
2025-10-23,1528,14.899999618530273,0.5315183236420059,1,0.013422870077192783,0.04362419992685318,-0.0067113712430000305,0.02013424225151539,0.03,0.024,take_profit,1,0,42,2025-10-01
2025-10-23,6568,114.0,0.5315183236420059,0,0.008771929889917374,0.008771929889917374,-0.008771929889917374,0.0,0.0,-0.006,close,0,0,42,2025-10-01
2025-10-23,6592,64.5999984741211,0.5315183236420059,0,-0.0015479640569537878,0.0,-0.01238388940691948,-0.00464389193803072,-0.00464389193803072,-0.01064389193803072,close,0,0,42,2025-10-01
2025-10-23,6558,42.849998474121094,0.5315183236420059,1,0.015169231221079826,0.026837842538952827,-0.0175029169768095,0.009334924630820751,0.009334924630820751,0.003334924630820751,close,0,0,42,2025-10-01
2025-10-23,8234,80.9000015258789,0.5315183236420059,0,0.013597014360129833,0.016069164499640465,-0.007416544482111931,-0.0024722444359213114,-0.0024722444359213114,-0.008472244435921312,close,0,0,42,2025-10-01
2025-10-23,4976,35.900001525878906,0.5315183236420059,0,0.006963788066059351,0.009749260731041431,-0.032033465802669525,-0.030640730634331703,-0.02,-0.026000000000000002,stop_loss,0,1,42,2025-10-01
2025-10-23,3057,12.75,0.5315183236420059,0,0.0,0.0,-0.015686258673667908,-0.011764676310122013,-0.011764676310122013,-0.01776467631012201,close,0,0,42,2025-10-01
2025-10-23,3060,22.549999237060547,0.5315183236420059,1,0.013303820975124836,0.028824903070926666,0.0,0.01552108209580183,0.01552108209580183,0.00952108209580183,close,0,0,42,2025-10-01
2025-10-23,3128,29.399999618530273,0.5315183236420059,0,0.006802747026085854,0.006802747026085854,-0.01190477516502142,0.0,0.0,-0.006,close,0,0,42,2025-10-01
2025-10-23,4968,146.5,0.5315183236420059,1,0.01706484705209732,0.03412969410419464,0.013651876710355282,0.020477816462516785,0.03,0.024,take_profit,1,0,42,2025-10-01
2025-10-23,4979,188.0,0.5315183236420059,1,0.021276595070958138,0.026595745235681534,0.007978723384439945,0.010638297535479069,0.010638297535479069,0.004638297535479069,close,0,0,42,2025-10-01
2025-10-23,6443,14.100000381469727,0.5315183236420059,1,0.00709215784445405,0.04255314916372299,-0.003546112682670355,0.01773049682378769,0.03,0.024,take_profit,1,0,42,2025-10-01
2025-10-23,3081,401.0,0.5315183236420059,1,0.03491271659731865,0.054862841963768005,0.019950125366449356,0.03615960106253624,0.03,0.024,gap_take_profit,1,0,42,2025-10-01
2025-10-23,3078,75.19999694824219,0.5315183236420059,1,0.007978805340826511,0.021276677027344704,-0.0013297670520842075,0.019946809858083725,0.019946809858083725,0.013946809858083725,close,0,0,42,2025-10-01
2025-10-23,6679,205.5,0.5315183236420059,1,0.014598540030419827,0.01946472004055977,-0.002433090005069971,0.002433090005069971,0.002433090005069971,-0.003566909994930029,close,0,0,42,2025-10-01
2025-10-27,9955,29.299999237060547,0.5265737913665838,0,-0.0051194410771131516,-0.0034129172563552856,-0.023890746757388115,-0.023890746757388115,-0.02,-0.026000000000000002,stop_loss,0,1,42,2025-10-01
2025-10-27,6547,36.650001525878906,0.5265737913665838,0,0.0054569425992667675,0.006821282207965851,-0.023192422464489937,-0.02182818576693535,-0.02,-0.026000000000000002,stop_loss,0,1,42,2025-10-01
2025-10-27,3455,90.0,0.5265737913665838,0,0.011111111380159855,0.011111111380159855,-0.01222220528870821,-0.0066666495986282825,-0.0066666495986282825,-0.012666649598628283,close,0,0,42,2025-10-01
2025-10-27,2453,57.70000076293945,0.5265737913665838,0,0.0,0.008665511384606361,-0.010398653335869312,-0.008665511384606361,-0.008665511384606361,-0.014665511384606362,close,0,0,42,2025-10-01
2025-10-27,3362,102.0,0.5265737913665838,0,0.0049019609577953815,0.0049019609577953815,-0.019607843831181526,-0.014705882407724857,-0.014705882407724857,-0.020705882407724856,close,0,0,42,2025-10-01
2025-10-27,3073,36.04999923706055,0.5265737913665838,0,0.0,0.001386941410601139,-0.0319000743329525,-0.02912619337439537,-0.02,-0.026000000000000002,stop_loss,0,1,42,2025-10-01
2025-10-27,2645,153.0,0.5265737913665838,0,0.0,0.009803921915590763,-0.013071895577013493,-0.013071895577013493,-0.013071895577013493,-0.01907189557701349,close,0,0,42,2025-10-01
2025-10-27,6125,71.0999984741211,0.5265737913665838,0,0.0042194523848593235,0.0042194523848593235,-0.015471146441996098,-0.005625900812447071,-0.005625900812447071,-0.011625900812447071,close,0,0,42,2025-10-01
2025-10-27,2345,962.0,0.5265737913665838,1,-0.003118503140285611,0.025987526401877403,-0.003118503140285611,0.003118503140285611,0.003118503140285611,-0.002881496859714389,close,0,0,42,2025-10-01
2025-10-27,6113,20.450000762939453,0.5265737913665838,0,0.0,0.0,-0.01955997571349144,-0.01955997571349144,-0.01955997571349144,-0.025559975713491438,close,0,0,42,2025-10-01
2025-10-27,4561,36.54999923706055,0.5265737913665838,0,0.0,0.001367968157865107,-0.017783794552087784,-0.013679890893399715,-0.013679890893399715,-0.019679890893399714,close,0,0,42,2025-10-01
2025-10-27,3691,72.0999984741211,0.5265737913665838,0,0.001386941410601139,0.01109574269503355,-0.02496526390314102,-0.022191379219293594,-0.02,-0.026000000000000002,stop_loss,0,1,42,2025-10-01
2025-10-27,1789,18.350000381469727,0.5265737913665838,0,0.010899120010435581,0.010899120010435581,-0.016348835080862045,-0.016348835080862045,-0.016348835080862045,-0.022348835080862044,close,0,0,42,2025-10-01
2025-10-27,1721,12.5,0.5265737913665838,0,0.0,0.008000030182301998,-0.015999983996152878,-0.015999983996152878,-0.015999983996152878,-0.021999983996152876,close,0,0,42,2025-10-01
2025-10-27,5234,359.5,0.5265737913665838,1,0.009735744446516037,0.02364395000040531,-0.0013908206019550562,0.012517385184764862,0.012517385184764862,0.006517385184764862,close,0,0,42,2025-10-01
2025-10-27,6120,11.550000190734863,0.5265737913665838,0,0.008657959289848804,0.008657959289848804,-0.017316000536084175,-0.012987062335014343,-0.012987062335014343,-0.01898706233501434,close,0,0,42,2025-10-01
2025-10-27,6176,132.5,0.5265737913665838,0,0.007547169923782349,0.007547169923782349,-0.01886792480945587,-0.01886792480945587,-0.01886792480945587,-0.02486792480945587,close,0,0,42,2025-10-01
2025-10-27,4763,58.0,0.5265737913665838,1,0.0017241116147488356,0.013793090358376503,0.0017241116147488356,0.008620689623057842,0.008620689623057842,0.002620689623057842,close,0,0,42,2025-10-01
2025-10-27,1560,315.5,0.5265737913665838,0,0.006339144427329302,0.011093501932919025,-0.012678288854658604,-0.007923929952085018,-0.007923929952085018,-0.013923929952085018,close,0,0,42,2025-10-01
2025-10-27,6901,18.100000381469727,0.5265737913665838,0,0.011049659922719002,0.016574542969465256,-0.0027624941430985928,0.0,0.0,-0.006,close,0,0,42,2025-10-01
2025-10-28,3362,100.5,0.4774924273031106,0,0.004975124262273312,0.019900497049093246,-0.004975124262273312,-0.004975124262273312,-0.004975124262273312,-0.010975124262273312,close,0,0,42,2025-10-01
2025-10-28,3325,17.299999237060547,0.4774924273031106,0,0.01156073808670044,0.014450867660343647,-0.014450867660343647,-0.002890129340812564,-0.002890129340812564,-0.008890129340812564,close,0,0,42,2025-10-01
2025-10-28,1721,12.300000190734863,0.4774924273031106,0,0.012195090763270855,0.012195090763270855,-0.012195168063044548,-0.012195168063044548,-0.012195168063044548,-0.018195168063044546,close,0,0,42,2025-10-01
2025-10-28,3312,39.349998474121094,0.4774924273031106,1,0.0050826119258999825,0.02414233237504959,0.003811982925981283,0.01397720631211996,0.01397720631211996,0.00797720631211996,close,0,0,42,2025-10-01
2025-10-28,3149,37.45000076293945,0.4774924273031106,1,0.006675567477941513,0.028037361800670624,0.004005279392004013,0.012016041204333305,0.012016041204333305,0.006016041204333305,close,0,0,42,2025-10-01
2025-10-28,3481,13.75,0.4774924273031106,0,0.0036363773979246616,0.0181818176060915,0.0,0.0,0.0,-0.006,close,0,0,42,2025-10-01
2025-10-28,3546,77.0999984741211,0.4774924273031106,1,0.0051880874671041965,0.0077820816077291965,0.0012969970703125,0.0051880874671041965,0.0051880874671041965,-0.0008119125328958036,close,0,0,42,2025-10-01
2025-10-28,3293,730.0,0.4774924273031106,0,0.010958904400467873,0.012328767217695713,-0.004109588917344809,-0.002739726100116968,-0.002739726100116968,-0.008739726100116968,close,0,0,42,2025-10-01
2025-10-28,3455,89.4000015258789,0.4774924273031106,0,0.0,0.013422784395515919,-0.005592841189354658,-0.00447428971529007,-0.00447428971529007,-0.01047428971529007,close,0,0,42,2025-10-01
2025-10-28,1440,12.699999809265137,0.4774924273031106,0,0.003937022760510445,0.00787404552102089,-0.00787397101521492,0.0,0.0,-0.006,close,0,0,42,2025-10-01
2025-10-28,8105,12.100000381469727,0.4774924273031106,0,0.0041321683675050735,0.008264414966106415,-0.0041322470642626286,0.0,0.0,-0.006,close,0,0,42,2025-10-01
2025-10-28,8076,24.299999237060547,0.4774924273031106,0,0.0020576603710651398,0.008230484090745449,-0.012345648370683193,-0.004115163814276457,-0.004115163814276457,-0.010115163814276457,close,0,0,42,2025-10-01
2025-10-28,1723,82.4000015258789,0.4774924273031106,0,-0.0012135737342759967,0.0036407210864126682,-0.004854387138038874,-0.0012135737342759967,-0.0012135737342759967,-0.007213573734275997,close,0,0,42,2025-10-01
2025-10-28,1584,22.899999618530273,0.4774924273031106,0,0.006550201680511236,0.013100487180054188,-0.006550201680511236,-0.0021833728533238173,-0.0021833728533238173,-0.008183372853323817,close,0,0,42,2025-10-01
2025-10-28,8064,40.75,0.4774924273031106,0,0.008588919416069984,0.03312879800796509,-0.0073619442991912365,-0.0061349691823124886,0.03,0.024,take_profit,1,0,42,2025-10-01
2025-10-28,8069,209.0,0.4774924273031106,0,0.009569377638399601,0.011961722746491432,-0.011961722746491432,-0.011961722746491432,-0.011961722746491432,-0.01796172274649143,close,0,0,42,2025-10-01
2025-10-28,1597,76.0999984741211,0.4774924273031106,0,0.007884343154728413,0.011826564557850361,-0.003942121285945177,0.0,0.0,-0.006,close,0,0,42,2025-10-01
2025-10-28,8104,33.29999923706055,0.4774924273031106,1,0.0,0.009008985944092274,0.0,0.00150147860404104,0.00150147860404104,-0.00449852139595896,close,0,0,42,2025-10-01
2025-10-28,1713,45.04999923706055,0.4774924273031106,0,0.0,0.007769196294248104,-0.00332958297803998,-0.001109860953874886,-0.001109860953874886,-0.007109860953874886,close,0,0,42,2025-10-01
2025-10-28,3594,41.54999923706055,0.4774924273031106,1,0.002406794112175703,0.016847191378474236,0.002406794112175703,0.006016847211867571,0.006016847211867571,1.6847211867570752e-05,close,0,0,42,2025-10-01
2025-10-29,1210,52.20000076293945,0.47346199886623125,0,0.0,0.0019156795460730791,-0.011494296602904797,-0.0038314322009682655,-0.0038314322009682655,-0.009831432200968266,close,0,0,42,2025-10-01
2025-10-29,1103,13.050000190734863,0.47346199886623125,0,0.0,0.0038314322009682655,-0.0038314322009682655,-0.0038314322009682655,-0.0038314322009682655,-0.009831432200968266,close,0,0,42,2025-10-01
2025-10-29,1101,22.549999237060547,0.47346199886623125,0,0.0,0.004434606991708279,-0.013303736224770546,-0.011086475104093552,-0.011086475104093552,-0.01708647510409355,close,0,0,42,2025-10-01
2025-10-29,8454,230.0,0.47346199886623125,0,0.008695651777088642,0.008695651777088642,-0.01304347813129425,0.0,0.0,-0.006,close,0,0,42,2025-10-01
2025-10-29,8464,374.0,0.47346199886623125,1,-0.006684491876512766,0.012032085098326206,-0.017379678785800934,0.001336898421868682,0.001336898421868682,-0.004663101578131318,close,0,0,42,2025-10-01
2025-10-29,4540,39.04999923706055,0.47346199886623125,0,0.002560878172516823,0.010243317112326622,-0.005121658556163311,-0.005121658556163311,-0.005121658556163311,-0.011121658556163311,close,0,0,42,2025-10-01
2025-10-29,4303,71.19999694824219,0.47346199886623125,0,0.0,0.004213526379317045,-0.01685389131307602,-0.012640364468097687,-0.012640364468097687,-0.018640364468097685,close,0,0,42,2025-10-01
2025-10-29,4510,40.04999923706055,0.47346199886623125,0,0.00749061768874526,0.00749061768874526,-0.01373281516134739,-0.012484394945204258,-0.012484394945204258,-0.018484394945204256,close,0,0,42,2025-10-01
2025-10-29,4130,19.25,0.47346199886623125,0,-0.002597362967208028,0.0,-0.031168850138783455,-0.025974025949835777,-0.02,-0.026000000000000002,stop_loss,0,1,42,2025-10-01
2025-10-29,4147,70.19999694824219,0.47346199886623125,0,0.0,0.004273547790944576,-0.008546987548470497,-0.0014244797639548779,-0.0014244797639548779,-0.007424479763954878,close,0,0,42,2025-10-01
2025-10-29,4162,66.80000305175781,0.47346199886623125,1,0.005987932439893484,0.007485029753297567,-0.0029940803069621325,0.001496983109973371,0.001496983109973371,-0.004503016890026629,close,0,0,42,2025-10-01
2025-10-29,4551,149.0,0.47346199886623125,0,0.010067113675177097,0.010067113675177097,-0.05033557116985321,-0.04026845470070839,-0.02,-0.026000000000000002,stop_loss,0,1,42,2025-10-01
2025-10-29,4560,31.299999237060547,0.47346199886623125,1,0.0,0.012779601849615574,-0.011182060465216637,0.012779601849615574,0.012779601849615574,0.006779601849615574,close,0,0,42,2025-10-01
2025-10-29,4561,36.20000076293945,0.47346199886623125,0,-0.0027624941430985928,0.013812154531478882,-0.011049766093492508,-0.008287271484732628,-0.008287271484732628,-0.014287271484732628,close,0,0,42,2025-10-01
2025-10-29,4562,40.849998474121094,0.47346199886623125,0,0.004895979538559914,0.019583918154239655,-0.01713578961789608,-0.01713578961789608,-0.01713578961789608,-0.02313578961789608,close,0,0,42,2025-10-01
2025-10-29,4526,32.599998474121094,0.47346199886623125,0,0.0030675549060106277,0.009202548302710056,-0.01840486191213131,-0.01840486191213131,-0.01840486191213131,-0.024404861912131308,close,0,0,42,2025-10-01
2025-10-29,4532,23.299999237060547,0.47346199886623125,0,0.0021459718700498343,0.004291861783713102,-0.008583642542362213,-0.008583642542362213,-0.008583642542362213,-0.014583642542362213,close,0,0,42,2025-10-01
2025-10-29,4534,15.5,0.47346199886623125,1,0.022580670192837715,0.022580670192837715,0.0,0.016129031777381897,0.016129031777381897,0.010129031777381897,close,0,0,42,2025-10-01
2025-10-29,4563,51.70000076293945,0.47346199886623125,0,0.02514505200088024,0.02514505200088024,-0.007736973464488983,-0.001934280269779265,-0.001934280269779265,-0.007934280269779265,close,0,0,42,2025-10-01
2025-10-29,4564,17.450000762939453,0.47346199886623125,0,0.01432664692401886,0.01432664692401886,-0.02865329384803772,-0.02578800730407238,-0.02,-0.026000000000000002,stop_loss,0,1,42,2025-10-01
2025-10-30,3234,40.900001525878906,0.43783882855391526,0,0.002444950398057699,0.012224938720464706,-0.05745726823806763,-0.015892457216978073,-0.02,-0.026000000000000002,stop_loss,0,1,42,2025-10-01
2025-10-30,3006,96.30000305175781,0.43783882855391526,0,0.011422621086239815,0.01765313558280468,-0.08203531801700592,-0.06230529397726059,-0.02,-0.026000000000000002,stop_loss,0,1,42,2025-10-01
2025-10-30,2615,87.4000015258789,0.43783882855391526,0,-0.020595001056790352,0.0,-0.060640767216682434,-0.060640767216682434,-0.020595001056790352,-0.02659500105679035,gap_stop,0,1,42,2025-10-01
2025-10-30,3062,29.399999618530273,0.43783882855391526,0,-0.0408162884414196,-0.03911563381552696,-0.09863944351673126,-0.09353741258382797,-0.0408162884414196,-0.0468162884414196,gap_stop,0,1,42,2025-10-01
2025-10-30,2612,60.79999923706055,0.43783882855391526,0,-0.018092080950737,-0.0032894862815737724,-0.06578947603702545,-0.06085527688264847,-0.02,-0.026000000000000002,stop_loss,0,1,42,2025-10-01
2025-10-30,3543,49.599998474121094,0.43783882855391526,0,0.008064547553658485,0.01008064579218626,-0.08971768617630005,-0.032258033752441406,-0.02,-0.026000000000000002,stop_loss,0,1,42,2025-10-01
2025-10-30,3047,21.350000381469727,0.43783882855391526,0,-0.04683840647339821,-0.037470780313014984,-0.08665107190608978,-0.07259958237409592,-0.04683840647339821,-0.05283840647339821,gap_stop,0,1,42,2025-10-01
2025-10-30,2485,15.100000381469727,0.43783882855391526,0,0.049668874591588974,0.052980080246925354,-0.06291395425796509,-0.06291395425796509,0.03,0.024,gap_take_profit,1,1,42,2025-10-01
2025-10-30,6152,9.680000305175781,0.43783882855391526,0,0.0,0.003099145833402872,-0.044421516358852386,-0.030991753563284874,-0.02,-0.026000000000000002,stop_loss,0,1,42,2025-10-01
2025-10-30,6163,25.200000762939453,0.43783882855391526,0,0.009920634329319,0.011904731392860413,-0.039682537317276,-0.029761902987957,-0.02,-0.026000000000000002,stop_loss,0,1,42,2025-10-01
2025-10-30,6573,16.200000762939453,0.43783882855391526,0,0.006172745022922754,0.01543209794908762,-0.06790125370025635,-0.043209921568632126,-0.02,-0.026000000000000002,stop_loss,0,1,42,2025-10-01
2025-10-30,6931,54.89799118041992,0.43783882855391526,1,0.018181784078478813,0.09999996423721313,-0.029090913012623787,0.09818180650472641,-0.02,-0.026000000000000002,ambiguous_stop_loss,1,1,42,2025-10-01
2025-10-30,7728,313.5,0.43783882855391526,0,0.009569377638399601,0.09409888088703156,-0.0015948963118717074,0.0,0.03,0.024,take_profit,1,0,42,2025-10-01
2025-10-30,8183,33.25,0.43783882855391526,1,0.09924809634685516,0.09924809634685516,0.06616543978452682,0.09924809634685516,0.03,0.024,gap_take_profit,1,0,42,2025-10-01
2025-10-30,3090,92.0,0.4240272238876434,0,0.0,0.0,-0.032608695328235626,-0.019565250724554062,-0.02,-0.026000000000000002,stop_loss,0,1,42,2025-10-01
2025-10-30,1815,68.30000305175781,0.4240272238876434,1,0.00585642596706748,0.08638350665569305,0.004392319358885288,0.05710093304514885,0.03,0.024,take_profit,1,0,42,2025-10-01
2025-10-30,2515,14.519660949707031,0.4240272238876434,1,-0.0032786931842565536,0.02950817346572876,-0.006557386368513107,0.006557320710271597,0.006557320710271597,0.0005573207102715968,close,0,0,42,2025-10-01
2025-10-30,2516,14.899999618530273,0.4240272238876434,0,-0.0067113712430000305,0.003355717519298196,-0.0067113712430000305,-0.0067113712430000305,-0.0067113712430000305,-0.01271137124300003,close,0,0,42,2025-10-01
2025-10-30,9902,17.100000381469727,0.4240272238876434,0,-0.020467858761548996,-0.011695951223373413,-0.035087741911411285,-0.020467858761548996,-0.020467858761548996,-0.026467858761548994,gap_stop,0,1,42,2025-10-01
2025-10-30,1905,12.75,0.4240272238876434,0,0.007843167521059513,0.007843167521059513,-0.019607843831181526,-0.019607843831181526,-0.019607843831181526,-0.025607843831181525,close,0,0,42,2025-10-01
2025-10-31,5439,352.5,0.4831875295248621,1,0.0014184396713972092,0.028368793427944183,-0.012765957042574883,0.01985815539956093,0.01985815539956093,0.013858155399560928,close,0,0,42,2025-10-01
2025-10-31,8047,47.29999923706055,0.4831875295248621,1,0.005285412538796663,0.07822412252426147,0.005285412538796663,0.06765329092741013,0.03,0.024,take_profit,1,0,42,2025-10-01
2025-10-31,8183,36.54999923706055,0.4831875295248621,0,0.0,0.015047859400510788,-0.03283175826072693,-0.009575881995260715,-0.02,-0.026000000000000002,stop_loss,0,1,42,2025-10-01
2025-10-31,3147,177.5,0.4831875295248621,1,0.0253521129488945,0.0929577499628067,0.0253521129488945,0.0676056370139122,0.03,0.024,take_profit,1,0,42,2025-10-01
2025-10-31,6931,60.2879753112793,0.4831875295248621,1,2.1550500051148447e-08,0.04635762423276901,-0.0397351011633873,0.01158937532454729,-0.02,-0.026000000000000002,ambiguous_stop_loss,1,1,42,2025-10-01
2025-10-31,3105,107.5,0.4831875295248621,1,0.05116279050707817,0.0976744219660759,0.05116279050707817,0.0976744219660759,0.03,0.024,gap_take_profit,1,0,42,2025-10-01
2025-10-31,4991,182.5,0.4831875295248621,0,0.002739726100116968,0.008219177834689617,-0.04931506887078285,-0.04109589010477066,-0.02,-0.026000000000000002,stop_loss,0,1,42,2025-10-01
2025-10-31,2368,465.5,0.4831875295248621,1,0.031149301677942276,0.07303974032402039,0.0053705694153904915,0.05907626077532768,0.03,0.024,gap_take_profit,1,0,42,2025-10-01
2025-10-31,5381,23.75,0.4831875295248621,1,0.06315789371728897,0.09894738346338272,0.05263157933950424,0.09894738346338272,0.03,0.024,gap_take_profit,1,0,42,2025-10-01
2025-10-31,3711,247.5,0.4831875295248621,0,0.004040404222905636,0.014141414314508438,-0.020202020183205605,-0.0060606058686971664,-0.02,-0.026000000000000002,stop_loss,0,1,42,2025-10-01
2025-10-31,1519,715.0,0.4831875295248621,1,0.0503496490418911,0.09930069744586945,0.03496503457427025,0.09930069744586945,0.03,0.024,gap_take_profit,1,0,42,2025-10-01
2025-10-31,1503,199.5,0.4831875295248621,1,0.027568921446800232,0.06766917556524277,0.002506265649572015,0.02255639061331749,0.03,0.024,take_profit,1,0,42,2025-10-01
2025-10-31,1514,110.5,0.4831875295248621,1,0.04072398319840431,0.0859728530049324,0.018099548295140266,0.05429864302277565,0.03,0.024,gap_take_profit,1,0,42,2025-10-01
2025-10-31,6509,31.299999237060547,0.4819053944792522,0,-0.003194839460775256,-0.003194839460775256,-0.011182060465216637,-0.0095846401527524,-0.0095846401527524,-0.0155846401527524,close,0,0,42,2025-10-01
2025-10-31,8076,23.850000381469727,0.4819053944792522,0,-0.002096483949571848,0.0,-0.014675067737698555,-0.012578664347529411,-0.012578664347529411,-0.01857866434752941,close,0,0,42,2025-10-01
2025-10-31,7712,113.0,0.4819053944792522,0,-0.008849557489156723,-0.008849557489156723,-0.06194690242409706,-0.05309734493494034,-0.02,-0.026000000000000002,stop_loss,0,1,42,2025-10-01
2025-10-31,6133,16.100000381469727,0.4819053944792522,0,-0.0031056611333042383,0.009316746145486832,-0.009316805750131607,-0.0031056611333042383,-0.0031056611333042383,-0.009105661133304238,close,0,0,42,2025-10-01
2025-10-31,6937,258.0,0.4819053944792522,1,0.0,0.03294573724269867,-0.023255813866853714,0.023255813866853714,-0.02,-0.026000000000000002,ambiguous_stop_loss,1,1,42,2025-10-01
2025-10-31,1217,10.300000190734863,0.4819053944792522,1,0.0,0.004854387138038874,-0.004854387138038874,0.004854387138038874,0.004854387138038874,-0.0011456128619611265,close,0,0,42,2025-10-01
2025-10-31,6118,18.850000381469727,0.4819053944792522,1,-0.005305059719830751,0.02387261763215065,-0.005305059719830751,0.021220138296484947,0.021220138296484947,0.015220138296484947,close,0,0,42,2025-10-01
2025-11-03,8033,128.5,0.5483802227762393,1,0.03501945361495018,0.09727626293897629,0.031128404662013054,0.09338521212339401,0.03,0.024,gap_take_profit,1,0,43,2025-11-01
2025-11-03,4927,22.899999618530273,0.5483802227762393,0,-0.030567636713385582,0.0,-0.06113535538315773,-0.052401699125766754,-0.030567636713385582,-0.03656763671338558,gap_stop,0,1,43,2025-11-01
2025-11-03,8034,22.899999618530273,0.5453775610423994,0,0.04803495109081268,0.06113535538315773,-0.07860258966684341,-0.06550218164920807,0.03,0.024,gap_take_profit,1,1,43,2025-11-01
2025-11-03,3321,17.649999618530273,0.5453775610423994,1,0.08215302228927612,0.0991501435637474,0.05382440611720085,0.0991501435637474,0.03,0.024,gap_take_profit,1,0,43,2025-11-01
2025-11-03,6823,86.0999984741211,0.5453775610423994,1,0.004645778331905603,0.05458774417638779,-0.004645778331905603,0.039488986134529114,0.03,0.024,take_profit,1,0,43,2025-11-01
2025-11-03,6716,64.4000015258789,0.5453775610423994,0,0.04037264734506607,0.07763975113630295,-0.09782613068819046,-0.09006215631961823,0.03,0.024,gap_take_profit,1,1,43,2025-11-01
2025-11-03,4939,25.200000762939453,0.5453775610423994,1,-0.00595244113355875,0.09126980602741241,-0.039682537317276,0.08730153739452362,-0.02,-0.026000000000000002,ambiguous_stop_loss,1,1,43,2025-11-01
2025-11-03,3372,19.350000381469727,0.5453775610423994,0,0.036175649613142014,0.043927665799856186,-0.05426362529397011,-0.0516795851290226,0.03,0.024,gap_take_profit,1,1,43,2025-11-01
2025-11-03,3105,118.0,0.5453775610423994,1,0.012711863964796066,0.06779661029577255,0.0042372881434857845,0.04237288236618042,0.03,0.024,take_profit,1,0,43,2025-11-01
2025-11-03,5521,12.75,0.5453775610423994,1,0.019607843831181526,0.09803921729326248,0.019607843831181526,0.09803921729326248,0.03,0.024,take_profit,1,0,43,2025-11-01
2025-11-03,2421,166.0,0.5453775610423994,0,0.009036144241690636,0.0150602413341403,-0.09939759224653244,-0.09939759224653244,-0.02,-0.026000000000000002,stop_loss,0,1,43,2025-11-01
2025-11-03,6173,64.5999984741211,0.5453775610423994,0,0.021671850234270096,0.05108363926410675,-0.047987595200538635,-0.02631574310362339,-0.02,-0.026000000000000002,ambiguous_stop_loss,1,1,43,2025-11-01
2025-11-03,6451,157.5,0.5453775610423994,0,0.0063492064364254475,0.02222222276031971,-0.0476190485060215,-0.0476190485060215,-0.02,-0.026000000000000002,stop_loss,0,1,43,2025-11-01
2025-11-03,5381,26.100000381469727,0.5453775610423994,1,0.015325655229389668,0.08045978099107742,-0.017241409048438072,0.009578543715178967,0.03,0.024,take_profit,1,0,43,2025-11-01
2025-11-03,3167,182.5,0.5439406454521399,1,0.03287671133875847,0.0986301377415657,0.03287671133875847,0.060273971408605576,0.03,0.024,gap_take_profit,1,0,43,2025-11-01
2025-11-03,1519,786.0,0.5409331763220974,0,0.01781170442700386,0.038167938590049744,-0.029262086376547813,-0.01781170442700386,-0.02,-0.026000000000000002,ambiguous_stop_loss,1,1,43,2025-11-01
2025-11-03,3066,14.149999618530273,0.5053729772067768,0,0.010600747540593147,0.010600747540593147,-0.024734942242503166,-0.024734942242503166,-0.02,-0.026000000000000002,stop_loss,0,1,43,2025-11-01
2025-11-03,5452,23.149999618530273,0.5053729772067768,0,0.0043196710757911205,0.0043196710757911205,-0.023758066818118095,-0.021598272025585175,-0.02,-0.026000000000000002,stop_loss,0,1,43,2025-11-01
2025-11-03,3152,118.0,0.5049164997887511,0,0.008474576286971569,0.008474576286971569,-0.029661016538739204,-0.029661016538739204,-0.02,-0.026000000000000002,stop_loss,0,1,43,2025-11-01
2025-11-03,2420,51.400001525878906,0.5042081722174458,0,-0.003891065251082182,0.0,-0.025291888043284416,-0.015564261004328728,-0.02,-0.026000000000000002,stop_loss,0,1,43,2025-11-01
2025-11-04,6605,151.0,0.4164472113787634,0,-0.0397351011633873,-0.009933775290846825,-0.046357616782188416,-0.03642383962869644,-0.0397351011633873,-0.0457351011633873,gap_stop,0,1,43,2025-11-01
2025-11-04,6763,64.5236587524414,0.4164472113787634,1,3.399074799403934e-08,0.09603667259216309,-0.01067065168172121,0.007621985860168934,0.03,0.024,take_profit,1,0,43,2025-11-01
2025-11-04,5521,14.0,0.4164472113787634,1,0.0,0.04285717010498047,-0.014285700395703316,0.032142844051122665,0.03,0.024,take_profit,1,0,43,2025-11-01
2025-11-04,1608,38.650001525878906,0.4164472113787634,1,-0.009055686183273792,0.08408796787261963,-0.04269085451960564,0.040103472769260406,-0.02,-0.026000000000000002,ambiguous_stop_loss,1,1,43,2025-11-01
2025-11-04,3321,19.399999618530273,0.4164472113787634,0,-0.005154659040272236,-0.005154659040272236,-0.06701026856899261,-0.04639173299074173,-0.02,-0.026000000000000002,stop_loss,0,1,43,2025-11-01
2025-11-04,3162,60.79999923706055,0.4164472113787634,0,0.016447369009256363,0.0756579339504242,-0.03618422523140907,-0.01315788272768259,-0.02,-0.026000000000000002,ambiguous_stop_loss,1,1,43,2025-11-01
2025-11-04,8111,59.900001525878906,0.3860669149930728,1,-0.033388979732990265,0.09849751740694046,-0.04340571165084839,0.09849751740694046,-0.033388979732990265,-0.03938897973299026,gap_stop,1,1,43,2025-11-01
2025-11-04,8112,66.30000305175781,0.3860669149930728,1,-0.05128207057714462,0.03318245708942413,-0.06184015050530434,0.031674183905124664,-0.05128207057714462,-0.05728207057714462,gap_stop,1,1,43,2025-11-01
2025-11-04,6669,4300.0,0.3860669149930728,0,-0.03604651242494583,-0.01860465109348297,-0.058139536529779434,-0.03139534965157509,-0.03604651242494583,-0.04204651242494583,gap_stop,0,1,43,2025-11-01
2025-11-04,6596,174.5,0.3860669149930728,0,-0.014326647855341434,-0.014326647855341434,-0.09455587714910507,-0.06017192080616951,-0.02,-0.026000000000000002,stop_loss,0,1,43,2025-11-01
2025-11-04,6823,89.5,0.3860669149930728,0,-0.012290486134588718,0.02122906781733036,-0.054748620837926865,-0.051396630704402924,-0.02,-0.026000000000000002,stop_loss,0,1,43,2025-11-01
2025-11-04,1519,772.0,0.3860669149930728,1,-0.031088082119822502,0.020725388079881668,-0.038860104978084564,0.01683937758207321,-0.031088082119822502,-0.0370880821198225,gap_stop,0,1,43,2025-11-01
2025-11-04,6805,1435.0,0.3860669149930728,0,-0.03484320640563965,0.003484320593997836,-0.038327526301145554,-0.02090592309832573,-0.03484320640563965,-0.04084320640563965,gap_stop,0,1,43,2025-11-01
2025-11-04,6603,19.850000381469727,0.3860669149930728,1,-0.01763226091861725,0.007556655909866095,-0.027707865461707115,0.007556655909866095,-0.02,-0.026000000000000002,stop_loss,0,1,43,2025-11-01
2025-11-04,6781,1315.0,0.3860669149930728,1,-0.04182509332895279,0.011406844481825829,-0.04942965880036354,0.0076045626774430275,-0.04182509332895279,-0.04782509332895279,gap_stop,0,1,43,2025-11-01
2025-11-04,6931,58.99038314819336,0.3860669149930728,1,-0.01522837020456791,0.03891716152429581,-0.04399318993091583,0.03891716152429581,-0.02,-0.026000000000000002,ambiguous_stop_loss,1,1,43,2025-11-01
2025-11-04,6491,348.0,0.3860669149930728,0,-0.014367816038429737,0.0,-0.02298850566148758,0.0,-0.02,-0.026000000000000002,stop_loss,0,1,43,2025-11-01
2025-11-04,6274,395.0,0.3860669149930728,1,-0.040506329387426376,0.02151898667216301,-0.04177215322852135,0.005063291173428297,-0.040506329387426376,-0.046506329387426375,gap_stop,0,1,43,2025-11-01
2025-11-04,1590,943.0,0.3860669149930728,1,-0.0053022271022200584,0.0318133607506752,-0.0222693532705307,0.0286320261657238,-0.02,-0.026000000000000002,ambiguous_stop_loss,1,1,43,2025-11-01
2025-11-04,6290,181.0,0.3860669149930728,1,-0.0220994483679533,0.05801105126738548,-0.0220994483679533,0.049723755568265915,-0.0220994483679533,-0.0280994483679533,gap_stop,1,1,43,2025-11-01
2025-11-05,6573,14.300000190734863,0.5107831698179383,1,0.017482517287135124,0.09790206700563431,0.013986000791192055,0.09790206700563431,0.03,0.024,take_profit,1,0,43,2025-11-01
2025-11-05,6719,198.0,0.5106558162867909,0,0.010101010091602802,0.01515151560306549,-0.035353533923625946,-0.035353533923625946,-0.02,-0.026000000000000002,stop_loss,0,1,43,2025-11-01
2025-11-05,6706,72.69999694824219,0.5106558162867909,1,0.06740029901266098,0.09903720766305923,0.05777173116803169,0.09903720766305923,0.03,0.024,gap_take_profit,1,0,43,2025-11-01
2025-11-05,3002,24.200000762939453,0.5106558162867909,1,0.07024788111448288,0.09917353838682175,0.07024788111448288,0.09917353838682175,0.03,0.024,gap_take_profit,1,0,43,2025-11-01
2025-11-05,8111,65.80000305175781,0.5106558162867909,1,0.006078934296965599,0.07902730256319046,-0.0015198495239019394,0.027355551719665527,0.03,0.024,take_profit,1,0,43,2025-11-01
2025-11-05,4577,39.70000076293945,0.5094911084421478,1,0.028967196121811867,0.09949623793363571,0.010075508616864681,0.022669967263936996,0.03,0.024,take_profit,1,0,43,2025-11-01
2025-11-05,2025,9.930000305175781,0.5094911084421478,1,0.022155016660690308,0.03222554549574852,0.0,0.022155016660690308,0.03,0.024,take_profit,1,0,43,2025-11-01
2025-11-05,3479,109.5,0.4956283588933785,1,0.004566209856420755,0.01826483942568302,0.004566209856420755,0.01826483942568302,0.01826483942568302,0.012264839425683021,close,0,0,43,2025-11-01
2025-11-05,6937,247.0,0.4956283588933785,1,0.024291498586535454,0.02631578966975212,0.004048583097755909,0.010121457278728485,0.010121457278728485,0.004121457278728485,close,0,0,43,2025-11-01
2025-11-05,3014,125.5,0.4956283588933785,1,0.007968127727508545,0.019920319318771362,0.007968127727508545,0.019920319318771362,0.019920319318771362,0.013920319318771362,close,0,0,43,2025-11-01
2025-11-05,3450,256.0,0.4956283588933785,1,0.01953125,0.033203125,-0.001953125,0.015625,0.03,0.024,take_profit,1,0,43,2025-11-01
2025-11-05,6640,611.0,0.4956283588933785,0,0.00654664495959878,0.018003273755311966,-0.00654664495959878,-0.00654664495959878,-0.00654664495959878,-0.01254664495959878,close,0,0,43,2025-11-01
2025-11-05,8069,204.5,0.4956283588933785,1,0.00977995153516531,0.014669926837086678,-0.004889975767582655,0.0024449878837913275,0.0024449878837913275,-0.0035550121162086726,close,0,0,43,2025-11-01
2025-11-05,3049,6.119999885559082,0.4956283588933785,1,0.004901994951069355,0.0457516685128212,0.004901994951069355,0.035947754979133606,0.03,0.024,take_profit,1,0,43,2025-11-01
2025-11-05,3094,23.700000762939453,0.4956283588933785,1,0.0,0.014767867513000965,-0.002109752967953682,0.014767867513000965,0.014767867513000965,0.008767867513000965,close,0,0,43,2025-11-01
2025-11-05,3060,21.399999618530273,0.4956283588933785,1,0.01401874516159296,0.018691571429371834,0.0,0.016355158761143684,0.016355158761143684,0.010355158761143684,close,0,0,43,2025-11-01
2025-11-05,3583,344.0,0.4956283588933785,0,0.007267442066222429,0.015988372266292572,-0.01744186133146286,-0.014534884132444859,-0.014534884132444859,-0.020534884132444857,close,0,0,43,2025-11-01
2025-11-05,3581,49.79999923706055,0.4956283588933785,1,0.03815264254808426,0.09839360415935516,0.016064241528511047,0.09839360415935516,0.03,0.024,gap_take_profit,1,0,43,2025-11-01
2025-11-05,6443,13.550000190734863,0.4956283588933785,1,0.014760132879018784,0.03321031853556633,0.007380031514912844,0.03321031853556633,0.03,0.024,take_profit,1,0,43,2025-11-01
2025-11-05,3630,29.600000381469727,0.4956283588933785,1,0.015202663838863373,0.015202663838863373,0.0,0.010135109536349773,0.010135109536349773,0.004135109536349773,close,0,0,43,2025-11-01
2025-11-06,3002,26.600000381469727,0.3781826061189834,1,0.04135339707136154,0.09962404519319534,0.022556405514478683,0.09962404519319534,0.03,0.024,gap_take_profit,1,0,43,2025-11-01
2025-11-06,3321,20.350000381469727,0.3781826061189834,1,0.027026988565921783,0.09828009456396103,0.017199035733938217,0.09336607158184052,0.03,0.024,take_profit,1,0,43,2025-11-01
2025-11-06,4989,47.099998474121094,0.3781826061189834,0,0.02016986906528473,0.042462848126888275,-0.06157108023762703,-0.053078558295965195,-0.02,-0.026000000000000002,ambiguous_stop_loss,1,1,43,2025-11-01
2025-11-06,6573,15.699999809265137,0.3781826061189834,1,0.05095542594790459,0.09554146230220795,0.02547774463891983,0.07324844598770142,0.03,0.024,gap_take_profit,1,0,43,2025-11-01
2025-11-06,5274,5810.0,0.3781826061189834,0,-0.009466437622904778,0.014629947952926159,-0.02581755630671978,-0.02151462994515896,-0.02,-0.026000000000000002,stop_loss,0,1,43,2025-11-01
2025-11-06,6706,79.9000015258789,0.3781826061189834,1,-0.006257822271436453,0.08886105567216873,-0.011264098808169365,0.03128911182284355,0.03,0.024,take_profit,1,0,43,2025-11-01
2025-11-06,2337,34.45000076293945,0.3781826061189834,1,-0.002902823965996504,0.04499271884560585,-0.010159717872738838,0.02322203852236271,0.03,0.024,take_profit,1,0,43,2025-11-01
2025-11-06,6584,292.5,0.3781826061189834,0,0.0,0.015384615398943424,-0.032478634268045425,-0.015384615398943424,-0.02,-0.026000000000000002,stop_loss,0,1,43,2025-11-01
2025-11-06,8110,26.25,0.3781826061189834,1,0.009523809887468815,0.09904763102531433,0.007619076874107122,0.09904763102531433,0.03,0.024,take_profit,1,0,43,2025-11-01
2025-11-06,3661,3670.0,0.3779007827554821,0,-0.012261580675840378,0.00272479560226202,-0.04495912790298462,-0.0286103542894125,-0.02,-0.026000000000000002,stop_loss,0,1,43,2025-11-01
2025-11-06,3372,19.100000381469727,0.3779007827554821,1,-0.002617860911414027,0.07329840958118439,-0.026178009808063507,0.03141363337635994,-0.02,-0.026000000000000002,ambiguous_stop_loss,1,1,43,2025-11-01
2025-11-06,8072,34.75,0.3779007827554821,0,0.005755417514592409,0.015827316790819168,-0.0877697616815567,-0.0877697616815567,-0.02,-0.026000000000000002,stop_loss,0,1,43,2025-11-01
2025-11-06,3055,61.20000076293945,0.3734239506983898,1,0.013071882538497448,0.02287578023970127,-0.006535972468554974,0.004901948384940624,0.004901948384940624,-0.0010980516150593759,close,0,0,43,2025-11-01
2025-11-06,3529,2150.0,0.3734239506983898,0,-0.0023255813866853714,0.009302325546741486,-0.030232558026909828,-0.025581395253539085,-0.02,-0.026000000000000002,stop_loss,0,1,43,2025-11-01
2025-11-06,3581,54.70000076293945,0.36894891790858525,0,0.0018281256780028343,0.018281536176800728,-0.08409510552883148,-0.0767824649810791,-0.02,-0.026000000000000002,stop_loss,0,1,43,2025-11-01
2025-11-06,3588,49.5,0.36894891790858525,0,0.04040404036641121,0.06868690252304077,0.0,0.0,0.03,0.024,gap_take_profit,1,0,43,2025-11-01
2025-11-06,1590,982.0,0.343810685904401,0,-0.0030549897346645594,0.009164969436824322,-0.02138492837548256,-0.012219958938658237,-0.02,-0.026000000000000002,stop_loss,0,1,43,2025-11-01
2025-11-06,5864,16.200000762939453,0.343810685904401,0,0.0,0.01543209794908762,-0.01543215662240982,-0.006172862835228443,-0.006172862835228443,-0.012172862835228443,close,0,0,43,2025-11-01
2025-11-06,6279,138.5,0.343810685904401,0,0.0,0.02166065014898777,-0.010830325074493885,-0.010830325074493885,-0.010830325074493885,-0.016830325074493883,close,0,0,43,2025-11-01
2025-11-06,3711,234.0,0.343810685904401,0,-0.012820512987673283,-0.004273504484444857,-0.03205128386616707,-0.02350427396595478,-0.02,-0.026000000000000002,stop_loss,0,1,43,2025-11-01
2025-11-07,8110,28.850000381469727,0.41577952352972725,1,0.090121328830719,0.0987868383526802,0.04159441217780113,0.0987868383526802,0.03,0.024,gap_take_profit,1,0,43,2025-11-01
2025-11-07,4130,22.899999618530273,0.41577952352972725,1,0.013100487180054188,0.0982532799243927,0.008733658120036125,0.09170307219028473,0.03,0.024,take_profit,1,0,43,2025-11-01
2025-11-07,3002,29.25,0.41577952352972725,0,0.07692307978868484,0.09059827774763107,-0.09914528578519821,-0.09059827774763107,0.03,0.024,gap_take_profit,1,1,43,2025-11-01
2025-11-07,9902,17.799999237060547,0.41577952352972725,0,0.025280943140387535,0.039325885474681854,-0.01685389131307602,-0.014044944196939468,0.03,0.024,take_profit,1,0,43,2025-11-01
2025-11-07,3162,68.5999984741211,0.41577952352972725,0,0.027696816250681877,0.0568513348698616,-0.0568513348698616,-0.03352763131260872,-0.02,-0.026000000000000002,ambiguous_stop_loss,1,1,43,2025-11-01
2025-11-07,2451,148.5,0.41577952352972725,1,0.09764309972524643,0.09764309972524643,0.09764309972524643,0.09764309972524643,0.03,0.024,gap_take_profit,1,0,43,2025-11-01
2025-11-07,2421,168.5,0.41577952352972725,1,0.026706231757998466,0.09198813140392303,0.005934718064963818,0.04747774451971054,0.03,0.024,take_profit,1,0,43,2025-11-01
2025-11-07,4545,33.70000076293945,0.4154884035464593,1,0.040059302002191544,0.08456968516111374,0.008902054280042648,0.053412437438964844,0.03,0.024,gap_take_profit,1,0,43,2025-11-01
2025-11-07,1476,447.5,0.4154884035464593,0,-0.008938547223806381,-0.0011173184029757977,-0.044692736119031906,-0.035754188895225525,-0.02,-0.026000000000000002,stop_loss,0,1,43,2025-11-01
2025-11-07,8271,106.0,0.4154884035464593,1,0.07075471431016922,0.09905660152435303,0.04716981202363968,0.09905660152435303,0.03,0.024,gap_take_profit,1,0,43,2025-11-01
2025-11-07,3060,23.899999618530273,0.4154884035464593,1,0.09832637757062912,0.09832637757062912,0.09832637757062912,0.09832637757062912,0.03,0.024,gap_take_profit,1,0,43,2025-11-01
2025-11-07,5302,9.199999809265137,0.4154884035464593,1,0.03260871767997742,0.05434782803058624,0.0,0.047826144844293594,0.03,0.024,gap_take_profit,1,0,43,2025-11-01
2025-11-07,8088,46.79999923706055,0.4154884035464593,1,0.03311964124441147,0.05769232660531998,0.004273520782589912,0.020299162715673447,0.03,0.024,gap_take_profit,1,0,43,2025-11-01
2025-11-07,6547,37.099998474121094,0.4103342347402557,0,0.04312674701213837,0.04851760342717171,-0.024258699268102646,-0.006738544907420874,0.03,0.024,gap_take_profit,1,1,43,2025-11-01
2025-11-07,2314,20.350000381469727,0.4103342347402557,1,0.09828009456396103,0.09828009456396103,0.09828009456396103,0.09828009456396103,0.03,0.024,gap_take_profit,1,0,43,2025-11-01
2025-11-07,2880,29.75,0.38209139018936633,0,0.0,0.0033613573759794235,-0.005042003933340311,-0.0033613573759794235,-0.0033613573759794235,-0.009361357375979424,close,0,0,43,2025-11-01
2025-11-07,8926,49.54999923706055,0.38209139018936633,0,-0.0010090663563460112,0.0,-0.015136226080358028,-0.00403634225949645,-0.00403634225949645,-0.01003634225949645,close,0,0,43,2025-11-01
2025-11-07,4523,39.599998474121094,0.38063341996993705,0,-0.005050428211688995,-0.005050428211688995,-0.09974740445613861,-0.09974740445613861,-0.02,-0.026000000000000002,stop_loss,0,1,43,2025-11-01
2025-11-07,8210,1010.0,0.38063341996993705,1,0.014851485379040241,0.019801979884505272,-0.02673267386853695,0.004950494971126318,-0.02,-0.026000000000000002,stop_loss,0,1,43,2025-11-01
2025-11-07,2731,169.0,0.38063341996993705,1,0.017751479521393776,0.05621301755309105,0.005917159840464592,0.03254437819123268,0.03,0.024,take_profit,1,0,43,2025-11-01
2025-11-10,8112,79.4000015258789,0.48647679930703347,1,0.016372738406062126,0.05037783458828926,-0.020151114091277122,0.007556655909866095,-0.02,-0.026000000000000002,ambiguous_stop_loss,1,1,43,2025-11-01
2025-11-10,2408,161.5,0.48647679930703347,1,0.037151701748371124,0.06811145693063736,0.015479875728487968,0.018575850874185562,0.03,0.024,gap_take_profit,1,0,43,2025-11-01
2025-11-10,3443,1890.0,0.48647679930703347,1,0.010582010261714458,0.06878306716680527,-0.0026455025654286146,0.010582010261714458,0.03,0.024,take_profit,1,0,43,2025-11-01
2025-11-10,2485,15.199999809265137,0.4847876858300682,1,0.03947370871901512,0.09868427366018295,0.032894738018512726,0.09868427366018295,0.03,0.024,gap_take_profit,1,0,43,2025-11-01
2025-11-10,4912,84.39374542236328,0.4847876858300682,1,0.011806388385593891,0.029515951871871948,-0.016528842970728874,0.009445149451494217,0.009445149451494217,0.003445149451494217,close,0,0,43,2025-11-01
2025-11-10,2314,22.350000381469727,0.4847876858300682,1,0.0984339490532875,0.0984339490532875,0.0984339490532875,0.0984339490532875,0.03,0.024,gap_take_profit,1,0,43,2025-11-01
2025-11-10,5351,41.599998474121094,0.4836236677081488,1,0.030048077926039696,0.09975965321063995,0.028846172615885735,0.09975965321063995,0.03,0.024,gap_take_profit,1,0,43,2025-11-01
2025-11-10,8110,31.700000762939453,0.4836236677081488,1,0.04731861129403114,0.09936901181936264,0.03312300518155098,0.09936901181936264,0.03,0.024,gap_take_profit,1,0,43,2025-11-01
2025-11-10,8299,1262.968994140625,0.4836236677081488,1,0.047244105488061905,0.07874017208814621,0.0157480426132679,0.0314960740506649,0.03,0.024,gap_take_profit,1,0,43,2025-11-01
2025-11-10,8271,116.5,0.4836236677081488,1,0.021459227427840233,0.09871244430541992,0.017167381942272186,0.05150214582681656,0.03,0.024,take_profit,1,0,43,2025-11-01
2025-11-10,2451,163.0,0.4836236677081488,1,0.09815950691699982,0.09815950691699982,0.09815950691699982,0.09815950691699982,0.03,0.024,gap_take_profit,1,0,43,2025-11-01
2025-11-10,6265,14.649999618530273,0.4836236677081488,1,0.09897616505622864,0.09897616505622864,0.0853242352604866,0.09897616505622864,0.03,0.024,gap_take_profit,1,0,43,2025-11-01
2025-11-10,6291,138.0,0.4836236677081488,0,0.039855074137449265,0.039855074137449265,-0.054347824305295944,-0.054347824305295944,0.03,0.024,gap_take_profit,1,1,43,2025-11-01
2025-11-10,6485,78.5,0.4836236677081488,1,0.024203840643167496,0.09554140269756317,0.024203840643167496,0.04713371768593788,0.03,0.024,take_profit,1,0,43,2025-11-01
2025-11-10,3379,58.29999923706055,0.4836236677081488,1,0.08233275264501572,0.08404805511236191,0.00686108972877264,0.012006874196231365,0.03,0.024,gap_take_profit,1,0,43,2025-11-01
2025-11-10,8131,44.29999923706055,0.4836236677081488,1,0.04401807487010956,0.05530475825071335,-0.020315974950790405,0.012415332719683647,0.03,0.024,gap_take_profit,1,1,43,2025-11-01
2025-11-10,2344,63.900001525878906,0.4836236677081488,1,0.015649452805519104,0.03442874550819397,0.009389647282660007,0.009389647282660007,0.03,0.024,take_profit,1,0,43,2025-11-01
2025-11-10,3060,26.25,0.4836236677081488,1,0.02857142873108387,0.09904763102531433,0.013333347626030445,0.09904763102531433,0.03,0.024,take_profit,1,0,43,2025-11-01
2025-11-10,8096,58.79999923706055,0.4836236677081488,0,0.03741497918963432,0.051020409911870956,-0.022108830511569977,-0.018707457929849625,0.03,0.024,gap_take_profit,1,1,43,2025-11-01
2025-11-10,4542,57.599998474121094,0.47447619438954575,0,-0.022569430992007256,0.0052083865739405155,-0.029513835906982422,-0.029513835906982422,-0.022569430992007256,-0.028569430992007254,gap_stop,0,1,43,2025-11-01
2025-11-11,2485,16.700000762939453,0.5188585439105234,1,0.05089810863137245,0.08083822578191757,0.002993966219946742,0.06586816906929016,0.03,0.024,gap_take_profit,1,0,43,2025-11-01
2025-11-11,2314,24.549999237060547,0.5188585439105234,1,0.01832997053861618,0.05091650038957596,0.01832997053861618,0.024439934641122818,0.03,0.024,take_profit,1,0,43,2025-11-01
2025-11-11,8059,25.299999237060547,0.5188585439105234,0,-0.09486164897680283,-0.06126479431986809,-0.0988142341375351,-0.07509880512952805,-0.09486164897680283,-0.10086164897680283,gap_stop,0,1,43,2025-11-01
2025-11-11,6127,27.25,0.5137893619650661,1,0.027522936463356018,0.0990825966000557,0.027522936463356018,0.0990825966000557,0.03,0.024,take_profit,1,0,43,2025-11-01
2025-11-11,3236,24.299999237060547,0.5137893619650661,1,0.03909468278288841,0.09876549988985062,0.016460968181490898,0.06378605961799622,0.03,0.024,gap_take_profit,1,0,43,2025-11-01
2025-11-11,8042,42.79999923706055,0.5137893619650661,0,0.028037400916218758,0.04672897234559059,-0.02219627983868122,-0.010514036752283573,-0.02,-0.026000000000000002,ambiguous_stop_loss,1,1,43,2025-11-01
2025-11-11,6173,63.29999923706055,0.5137893619650661,1,-0.006319079082459211,0.01737760379910469,-0.04423379525542259,0.004739324562251568,-0.02,-0.026000000000000002,stop_loss,0,1,43,2025-11-01
2025-11-11,6155,28.149999618530273,0.5137893619650661,1,0.04795738682150841,0.09946718066930771,0.03374780714511871,0.09946718066930771,0.03,0.024,gap_take_profit,1,0,43,2025-11-01
2025-11-11,8110,34.849998474121094,0.5137893619650661,1,0.061693016439676285,0.09899572283029556,0.055954113602638245,0.09899572283029556,0.03,0.024,gap_take_profit,1,0,43,2025-11-01
2025-11-11,4989,48.150001525878906,0.5137893619650661,1,0.05918999761343002,0.09657315909862518,0.0020768113899976015,0.021806836128234863,0.03,0.024,gap_take_profit,1,0,43,2025-11-01
2025-11-11,2451,179.0,0.5137893619650661,1,0.04748603329062462,0.09776536375284195,0.03351955488324165,0.09776536375284195,0.03,0.024,gap_take_profit,1,0,43,2025-11-01
2025-11-11,6129,15.050000190734863,0.5137893619650661,1,0.04318934306502342,0.06976745277643204,0.00996675156056881,0.02325577475130558,0.03,0.024,gap_take_profit,1,0,43,2025-11-01
2025-11-11,1815,83.0,0.5137893619650661,1,0.04698796942830086,0.1000000387430191,0.04698796942830086,0.1000000387430191,0.03,0.024,gap_take_profit,1,0,43,2025-11-01
2025-11-11,3715,111.5,0.5137893619650661,1,0.0044843051582574844,0.08520179241895676,-0.09865470975637436,0.06726457178592682,-0.02,-0.026000000000000002,ambiguous_stop_loss,1,1,43,2025-11-01
2025-11-11,5328,19.399999618530273,0.5137893619650661,1,0.030927855521440506,0.09536084532737732,0.020618537440896034,0.07216493040323257,0.03,0.024,gap_take_profit,1,0,43,2025-11-01
2025-11-11,5351,45.75,0.5137893619650661,1,0.007650239858776331,0.04808744788169861,-0.051366087049245834,0.04153008759021759,-0.02,-0.026000000000000002,ambiguous_stop_loss,1,1,43,2025-11-01
2025-11-11,5340,53.0,0.5137893619650661,1,0.07169809937477112,0.09999998658895493,0.056603774428367615,0.09999998658895493,0.03,0.024,gap_take_profit,1,0,43,2025-11-01
2025-11-11,6265,16.100000381469727,0.5077132565606285,1,0.05590059608221054,0.09937890619039536,0.05279505252838135,0.09937890619039536,0.03,0.024,gap_take_profit,1,0,43,2025-11-01
2025-11-11,3060,28.850000381469727,0.5077132565606285,1,0.012131729163229465,0.07452338188886642,0.005199293605983257,0.04852684959769249,0.03,0.024,take_profit,1,0,43,2025-11-01
2025-11-11,1802,32.04999923706055,0.5077132565606285,1,0.042121756821870804,0.09984402358531952,0.03900156170129776,0.09984402358531952,0.03,0.024,gap_take_profit,1,0,43,2025-11-01
2025-11-12,8021,132.5,0.5176541758088121,1,0.022641509771347046,0.06037735939025879,0.0037735849618911743,0.030188679695129395,0.03,0.024,take_profit,1,0,43,2025-11-01
2025-11-12,2368,548.0,0.5176541758088121,1,0.021897809579968452,0.051094889640808105,-0.005474452394992113,0.03467153385281563,0.03,0.024,take_profit,1,0,43,2025-11-01
2025-11-12,1303,49.79999923706055,0.5176541758088121,1,0.03614456206560135,0.09839360415935516,0.01807232014834881,0.0803212895989418,0.03,0.024,gap_take_profit,1,0,43,2025-11-01
2025-11-12,3294,43.25,0.5164768258963899,0,-0.01040464174002409,0.023121386766433716,-0.049711018800735474,-0.049711018800735474,-0.02,-0.026000000000000002,stop_loss,0,1,43,2025-11-01
2025-11-12,3491,463.5,0.5164768258963899,1,0.024811219424009323,0.06796116381883621,-0.0021574972197413445,0.008629988878965378,0.03,0.024,take_profit,1,0,43,2025-11-01
2025-11-12,6164,10.25,0.5164768258963899,0,0.01463410910218954,0.029268311336636543,-0.009756134822964668,-0.004878067411482334,-0.004878067411482334,-0.010878067411482334,close,0,0,43,2025-11-01
2025-11-12,2201,35.900001525878906,0.5164768258963899,1,0.09888576716184616,0.09888576716184616,0.09888576716184616,0.09888576716184616,0.03,0.024,gap_take_profit,1,0,43,2025-11-01
2025-11-12,6155,30.950000762939453,0.5164768258963899,1,0.017770573496818542,0.09854601323604584,0.01615508832037449,0.09854601323604584,0.03,0.024,take_profit,1,0,43,2025-11-01
2025-11-12,6118,20.399999618530273,0.5164768258963899,0,0.05392158776521683,0.063725546002388,-0.01715688221156597,-0.01715688221156597,0.03,0.024,gap_take_profit,1,0,43,2025-11-01
2025-11-12,5381,25.0,0.5164768258963899,0,0.0,0.011999969370663166,-0.031999967992305756,-0.029999999329447746,-0.02,-0.026000000000000002,stop_loss,0,1,43,2025-11-01
2025-11-12,3092,14.600000381469727,0.5164768258963899,1,0.08219176530838013,0.09931498765945435,0.017123287543654442,0.09931498765945435,0.03,0.024,gap_take_profit,1,0,43,2025-11-01
2025-11-12,5289,523.0,0.5164768258963899,1,0.017208412289619446,0.09942638874053955,0.009560229256749153,0.06692160665988922,0.03,0.024,take_profit,1,0,43,2025-11-01
2025-11-12,6770,36.5,0.5164768258963899,0,0.01095894630998373,0.034246575087308884,-0.04657536372542381,-0.023287629708647728,-0.02,-0.026000000000000002,ambiguous_stop_loss,1,1,43,2025-11-01
2025-11-12,3057,15.399999618530273,0.5164768258963899,1,0.03896106407046318,0.09740260243415833,0.01948053203523159,0.09740260243415833,0.03,0.024,gap_take_profit,1,0,43,2025-11-01
2025-11-12,3708,127.5,0.5164768258963899,1,-0.0117647061124444,0.01568627543747425,-0.0235294122248888,0.003921568859368563,-0.02,-0.026000000000000002,stop_loss,0,1,43,2025-11-01
2025-11-12,5475,67.5999984741211,0.5164768258963899,0,-0.002958534751087427,0.00739644980058074,-0.04289943352341652,-0.03846151754260063,-0.02,-0.026000000000000002,stop_loss,0,1,43,2025-11-01
2025-11-12,5340,58.29999923706055,0.5164768258963899,1,0.020583203062415123,0.09948540478944778,-0.013722114264965057,0.09948540478944778,0.03,0.024,take_profit,1,0,43,2025-11-01
2025-11-12,2498,51.70000076293945,0.5164768258963899,0,0.06382977217435837,0.06382977217435837,-0.027079332619905472,-0.017408153042197227,0.03,0.024,gap_take_profit,1,1,43,2025-11-01
2025-11-12,8936,69.30000305175781,0.5164768258963899,0,-0.0043290480971336365,-0.0043290480971336365,-0.09956711530685425,-0.09956711530685425,-0.02,-0.026000000000000002,stop_loss,0,1,43,2025-11-01
2025-11-12,6291,143.5,0.5164768258963899,1,0.09407665580511093,0.09756097197532654,0.045296166092157364,0.09756097197532654,0.03,0.024,gap_take_profit,1,0,43,2025-11-01
2025-11-13,3537,53.79999923706055,0.3596521158642327,0,-0.014869874343276024,0.0762082189321518,-0.06691446900367737,-0.06691446900367737,-0.02,-0.026000000000000002,ambiguous_stop_loss,1,1,43,2025-11-01
2025-11-13,3189,144.5,0.3596521158642327,0,-0.041522491723299026,-0.020761245861649513,-0.06574394553899765,-0.05190311372280121,-0.041522491723299026,-0.047522491723299025,gap_stop,0,1,43,2025-11-01
2025-11-13,8150,44.0,0.3596521158642327,1,-0.011363636702299118,0.0931817814707756,-0.022727273404598236,0.08977274596691132,-0.02,-0.026000000000000002,ambiguous_stop_loss,1,1,43,2025-11-01
2025-11-13,1605,34.45000076293945,0.3596521158642327,0,-0.010159717872738838,0.026124751195311546,-0.05079825595021248,-0.04789554327726364,-0.02,-0.026000000000000002,stop_loss,0,1,43,2025-11-01
2025-11-13,8110,42.099998474121094,0.3596521158642327,0,-0.04988120123744011,-0.04988120123744011,-0.09738714247941971,-0.09738714247941971,-0.04988120123744011,-0.05588120123744011,gap_stop,0,1,43,2025-11-01
2025-11-13,8042,46.54999923706055,0.3596521158642327,0,-0.011815235950052738,0.04618692770600319,-0.038668084889650345,-0.038668084889650345,-0.02,-0.026000000000000002,ambiguous_stop_loss,1,1,43,2025-11-01
2025-11-13,3057,16.899999618530273,0.3596521158642327,0,-0.011834251694381237,-0.008875717408955097,-0.06213013455271721,-0.044378697872161865,-0.02,-0.026000000000000002,stop_loss,0,1,43,2025-11-01
2025-11-13,3090,93.5,0.3596521158642327,0,-0.004278091248124838,0.026737967506051064,-0.03743315488100052,-0.03315506502985954,-0.02,-0.026000000000000002,stop_loss,0,1,43,2025-11-01
2025-11-13,8043,58.400001525878906,0.3596521158642327,1,0.04452051967382431,0.09931498765945435,0.037671178579330444,0.09931498765945435,0.03,0.024,gap_take_profit,1,0,43,2025-11-01
2025-11-13,3092,16.049999237060547,0.3596521158642327,1,0.012461107224225998,0.09657328575849533,0.012461107224225998,0.08099696040153503,0.03,0.024,take_profit,1,0,43,2025-11-01
2025-11-13,3028,40.95000076293945,0.3596521158642327,0,-0.035409051924943924,-0.013430994935333729,-0.05982907861471176,-0.04517710208892822,-0.035409051924943924,-0.04140905192494392,gap_stop,0,1,43,2025-11-01
2025-11-13,2201,39.45000076293945,0.3596521158642327,1,0.09505703300237656,0.0988592579960823,0.01901140622794628,0.0988592579960823,0.03,0.024,gap_take_profit,1,0,43,2025-11-01
2025-11-13,6589,74.5,0.3596521158642327,1,0.07382550090551376,0.09932888299226761,0.05503353476524353,0.09932888299226761,0.03,0.024,gap_take_profit,1,0,43,2025-11-01
2025-11-13,5274,6335.0,0.3596521158642327,0,-0.052091553807258606,-0.0220994483679533,-0.06156274676322937,-0.05840568244457245,-0.052091553807258606,-0.058091553807258604,gap_stop,0,1,43,2025-11-01
2025-11-13,6155,34.0,0.3596521158642327,1,0.03970583900809288,0.1000000461935997,0.03970583900809288,0.1000000461935997,0.03,0.024,gap_take_profit,1,0,43,2025-11-01
2025-11-13,1326,35.599998474121094,0.3596521158642327,0,-0.005617891903966665,0.009831525385379791,-0.053370725363492966,-0.044943779706954956,-0.02,-0.026000000000000002,stop_loss,0,1,43,2025-11-01
2025-11-13,2486,91.80000305175781,0.3596521158642327,0,-0.0021786990109831095,0.05010891333222389,-0.031590428203344345,0.0,-0.02,-0.026000000000000002,ambiguous_stop_loss,1,1,43,2025-11-01
2025-11-13,2451,216.0,0.3596521158642327,0,-0.046296294778585434,-0.032407406717538834,-0.09953703731298447,-0.09259258955717087,-0.046296294778585434,-0.05229629477858543,gap_stop,0,1,43,2025-11-01
2025-11-13,6265,19.450000762939453,0.3596521158642327,1,0.04113106429576874,0.09768635034561157,0.0385604090988636,0.0745500698685646,0.03,0.024,gap_take_profit,1,0,43,2025-11-01
2025-11-13,9802,111.0,0.3596521158642327,1,-0.013513513840734959,0.045045044273138046,-0.013513513840734959,0.022522522136569023,0.03,0.024,take_profit,1,0,43,2025-11-01
2025-11-14,1528,16.100000381469727,0.5643075701905022,0,0.07763975113630295,0.08074529469013214,-0.07453420758247375,-0.07453420758247375,0.03,0.024,gap_take_profit,1,1,43,2025-11-01
2025-11-14,3581,58.099998474121094,0.5643075701905022,1,0.04647161439061165,0.09982793778181076,0.04302925989031792,0.09982793778181076,0.03,0.024,gap_take_profit,1,0,43,2025-11-01
2025-11-14,4763,61.70000076293945,0.5643075701905022,0,0.012965952046215534,0.012965952046215534,-0.05834687501192093,-0.05834687501192093,-0.02,-0.026000000000000002,stop_loss,0,1,43,2025-11-01
2025-11-14,2201,43.349998474121094,0.5643075701905022,0,-0.03114183433353901,-0.03114183433353901,-0.09919260442256927,-0.09919260442256927,-0.03114183433353901,-0.03714183433353901,gap_stop,0,1,43,2025-11-01
2025-11-14,3543,46.5,0.5643075701905022,0,0.011827940121293068,0.019354872405529022,-0.029032224789261818,-0.019354872405529022,-0.02,-0.026000000000000002,stop_loss,0,1,43,2025-11-01
2025-11-14,6226,7.059999942779541,0.5643075701905022,0,0.0,0.018413614481687546,-0.03257790580391884,-0.011331434361636639,-0.02,-0.026000000000000002,stop_loss,0,1,43,2025-11-01
2025-11-14,6209,53.5,0.5643075701905022,1,0.033644843846559525,0.07476635277271271,-0.016822459176182747,0.003738332074135542,0.03,0.024,gap_take_profit,1,0,43,2025-11-01
2025-11-14,4142,21.549999237060547,0.5643075701905022,0,0.02552209608256817,0.04408356547355652,-0.05336425453424454,-0.04640371352434158,-0.02,-0.026000000000000002,ambiguous_stop_loss,1,1,43,2025-11-01
2025-11-14,8043,64.19999694824219,0.5643075701905022,0,0.04049853980541229,0.07943934947252274,-0.08099684119224548,-0.08099684119224548,0.03,0.024,gap_take_profit,1,1,43,2025-11-01
2025-11-14,6419,56.400001525878906,0.5643075701905022,1,0.03546099364757538,0.08156025409698486,0.03368790075182915,0.04078012704849243,0.03,0.024,gap_take_profit,1,0,43,2025-11-01
2025-11-14,6155,37.400001525878906,0.5643075701905022,0,0.05481281131505966,0.07887692004442215,-0.04010694846510887,-0.04010694846510887,0.03,0.024,gap_take_profit,1,1,43,2025-11-01
2025-11-14,6741,79.19999694824219,0.5643075701905022,0,0.08964654803276062,0.08964654803276062,-0.0694444477558136,-0.05808079242706299,0.03,0.024,gap_take_profit,1,1,43,2025-11-01
2025-11-14,6589,81.9000015258789,0.5643075701905022,0,0.0012209825217723846,0.02930404804646969,-0.07692310959100723,-0.06593408435583115,-0.02,-0.026000000000000002,stop_loss,0,1,43,2025-11-01
2025-11-14,4171,20.049999237060547,0.5411913051081351,0,0.009975100867450237,0.009975100867450237,-0.029925111681222916,-0.029925111681222916,-0.02,-0.026000000000000002,stop_loss,0,1,43,2025-11-01
2025-11-14,8210,993.0,0.5276810204324401,0,0.012084592133760452,0.02215508557856083,-0.02618328295648098,-0.02316213585436344,-0.02,-0.026000000000000002,stop_loss,0,1,43,2025-11-01
2025-11-14,2455,149.5,0.5271929238830612,1,0.02675585262477398,0.0568561889231205,0.010033444501459599,0.010033444501459599,0.03,0.024,take_profit,1,0,43,2025-11-01
2025-11-14,6669,4280.0,0.5271929238830612,1,0.019859813153743744,0.037383176386356354,0.007009345572441816,0.016355140134692192,0.03,0.024,take_profit,1,0,43,2025-11-01
2025-11-14,6781,1325.0,0.5271929238830612,0,0.022641509771347046,0.07924528419971466,-0.011320754885673523,-0.007547169923782349,0.03,0.024,take_profit,1,0,43,2025-11-01
2025-11-14,2481,82.0,0.5270330528497242,1,0.009756134822964668,0.0731707289814949,0.00731705455109477,0.04756099358201027,0.03,0.024,take_profit,1,0,43,2025-11-01
2025-11-14,3036,147.0,0.5270330528497242,0,0.006802720949053764,0.017006803303956985,-0.030612245202064514,-0.027210883796215057,-0.02,-0.026000000000000002,stop_loss,0,1,43,2025-11-01
2025-11-17,8048,53.0,0.372865174523108,1,0.04150944948196411,0.09622638672590256,-0.005660363007336855,0.01320756133645773,0.03,0.024,gap_take_profit,1,0,43,2025-11-01
2025-11-17,6163,31.350000381469727,0.372865174523108,0,0.047846827656030655,0.04944182187318802,-0.07655501365661621,-0.02073363959789276,0.03,0.024,gap_take_profit,1,1,43,2025-11-01
2025-11-17,6584,347.5,0.372865174523108,1,0.007194244768470526,0.09784172475337982,-0.007194244768470526,0.057553958147764206,0.03,0.024,take_profit,1,0,43,2025-11-01
2025-11-17,3581,63.900001525878906,0.372865174523108,1,-0.014084530994296074,0.09546162933111191,-0.015649452805519104,0.023474177345633507,0.03,0.024,take_profit,1,0,43,2025-11-01
2025-11-17,3167,225.5,0.372865174523108,0,0.011086474172770977,0.028824834153056145,-0.0509977824985981,-0.04434589669108391,-0.02,-0.026000000000000002,stop_loss,0,1,43,2025-11-01
2025-11-17,2344,66.19999694824219,0.372865174523108,0,0.004531768150627613,0.00755287054926157,-0.09969786554574966,-0.07250748574733734,-0.02,-0.026000000000000002,stop_loss,0,1,43,2025-11-01
2025-11-17,4174,54.70000076293945,0.372865174523108,1,0.09689212590456009,0.0987202525138855,0.07861059159040451,0.0987202525138855,0.03,0.024,gap_take_profit,1,0,43,2025-11-01
2025-11-17,3529,2150.0,0.3614138953468252,0,0.0,0.0,-0.058139536529779434,-0.04883721098303795,-0.02,-0.026000000000000002,stop_loss,0,1,43,2025-11-01
2025-11-17,6533,264.0,0.35974947735587276,1,0.005681818351149559,0.039772726595401764,-0.007575757801532745,0.013257576152682304,0.03,0.024,take_profit,1,0,43,2025-11-01
2025-11-17,1720,62.0,0.33597958995599275,0,-0.0016128786373883486,0.004838697146624327,-0.009677394293248653,-0.0016128786373883486,-0.0016128786373883486,-0.007612878637388349,close,0,0,43,2025-11-01
2025-11-17,8110,39.0,0.33597958995599275,0,-0.025641025975346565,-0.025641025975346565,-0.1000000387430191,-0.08974359184503555,-0.025641025975346565,-0.031641025975346564,gap_stop,0,1,43,2025-11-01
2025-11-17,6770,35.0,0.33597958995599275,1,-0.00571430753916502,0.05714285746216774,-0.0128571642562747,0.0257143285125494,0.03,0.024,take_profit,1,0,43,2025-11-01
2025-11-17,8150,46.04999923706055,0.33597958995599275,1,-0.03148753196001053,0.04234529286623001,-0.032573290169239044,0.009772003628313541,-0.03148753196001053,-0.03748753196001053,gap_stop,1,1,43,2025-11-01
2025-11-17,8131,46.20000076293945,0.33597958995599275,0,-0.009740276262164116,0.03463200107216835,-0.03138529881834984,-0.019480552524328232,-0.02,-0.026000000000000002,ambiguous_stop_loss,1,1,43,2025-11-01
2025-11-17,1434,16.100000381469727,0.33597958995599275,0,-0.006211203522980213,0.009316746145486832,-0.021739153191447258,-0.015527949668467045,-0.02,-0.026000000000000002,stop_loss,0,1,43,2025-11-01
2025-11-17,8074,34.04999923706055,0.33597958995599275,1,0.008810550905764103,0.06314248591661453,0.0,0.007342143915593624,0.03,0.024,take_profit,1,0,43,2025-11-01
2025-11-17,6903,165.0,0.33597958995599275,1,-0.0030303029343485832,0.09090909361839294,-0.01515151560306549,0.042424242943525314,0.03,0.024,take_profit,1,0,43,2025-11-01
2025-11-17,8043,59.0,0.33597958995599275,1,-0.0016948893899098039,0.10000002384185791,-0.005084733013063669,0.09152545034885406,0.03,0.024,take_profit,1,0,43,2025-11-01
2025-11-17,1708,32.25,0.33597958995599275,0,-0.00155036395881325,-0.00155036395881325,-0.01550387591123581,-0.012403088621795177,-0.012403088621795177,-0.018403088621795176,close,0,0,43,2025-11-01
2025-11-17,8111,68.5999984741211,0.33597958995599275,0,-0.02332359366118908,-0.016034962609410286,-0.08163262903690338,-0.07580170780420303,-0.02332359366118908,-0.029323593661189078,gap_stop,0,1,43,2025-11-01
2025-11-18,2413,22.850000381469727,0.35394923338631545,1,0.019693603739142418,0.09846826642751694,-0.015317303128540516,0.09846826642751694,0.03,0.024,take_profit,1,0,43,2025-11-01
2025-11-18,4174,60.099998474121094,0.35394923338631545,1,0.024958403781056404,0.09151414781808853,-0.008319467306137085,0.05823627486824989,0.03,0.024,take_profit,1,0,43,2025-11-01
2025-11-18,8038,42.349998474121094,0.35093720065380374,1,0.06257382780313492,0.07438020408153534,0.015348324552178383,0.023612752556800842,0.03,0.024,gap_take_profit,1,0,43,2025-11-01
2025-11-18,2375,93.69999694824219,0.33264245759919786,1,-0.0021344393026083708,0.061899714171886444,-0.013874017633497715,0.02134471759200096,0.03,0.024,take_profit,1,0,43,2025-11-01
2025-11-18,1434,15.850000381469727,0.33264245759919786,0,0.009463697671890259,0.009463697671890259,-0.018927456811070442,-0.009463758207857609,-0.009463758207857609,-0.015463758207857609,close,0,0,43,2025-11-01
2025-11-18,3406,449.0,0.33264245759919786,1,0.01336302887648344,0.020044542849063873,-0.01336302887648344,0.0011135857785120606,0.0011135857785120606,-0.0048864142214879395,close,0,0,43,2025-11-01
2025-11-18,1784,99.0,0.33264245759919786,0,-0.004040419589728117,0.02525252476334572,-0.08383841812610626,-0.059595976024866104,-0.02,-0.026000000000000002,stop_loss,0,1,43,2025-11-01
2025-11-18,2439,110.0,0.33264245759919786,0,-0.004545454401522875,0.004545454401522875,-0.03181818127632141,-0.0181818176060915,-0.02,-0.026000000000000002,stop_loss,0,1,43,2025-11-01
2025-11-18,2905,14.5,0.33264245759919786,1,0.00689657824113965,0.013793090358376503,-0.003448289120569825,0.013793090358376503,0.013793090358376503,0.007793090358376503,close,0,0,43,2025-11-01
2025-11-18,3189,145.5,0.33264245759919786,0,-0.006872852332890034,-0.006872852332890034,-0.08934707939624786,-0.07560137659311295,-0.02,-0.026000000000000002,stop_loss,0,1,43,2025-11-01
2025-11-18,2614,21.899999618530273,0.33264245759919786,0,-0.004566227551549673,0.009132455103099346,-0.031963419169187546,-0.02054789289832115,-0.02,-0.026000000000000002,stop_loss,0,1,43,2025-11-01
2025-11-18,2458,131.0,0.33264245759919786,0,0.0,0.003816793905571103,-0.04580152779817581,-0.038167938590049744,-0.02,-0.026000000000000002,stop_loss,0,1,43,2025-11-01
2025-11-18,3607,13.899999618530273,0.33264245759919786,0,0.0,0.014388544484972954,-0.053956836462020874,-0.0431654267013073,-0.02,-0.026000000000000002,stop_loss,0,1,43,2025-11-01
2025-11-18,4121,15.399999618530273,0.33264245759919786,0,0.0,0.0,-0.012987000867724419,-0.006493469700217247,-0.006493469700217247,-0.012493469700217247,close,0,0,43,2025-11-01
2025-11-18,3615,23.549999237060547,0.33264245759919786,0,-0.002123109996318817,0.008492602035403252,-0.025477642193436623,-0.023354532197117805,-0.02,-0.026000000000000002,stop_loss,0,1,43,2025-11-01
2025-11-18,9908,30.100000381469727,0.33264245759919786,0,0.013289024122059345,0.013289024122059345,-0.004983375780284405,0.0,0.0,-0.006,close,0,0,43,2025-11-01
2025-11-18,3537,50.20000076293945,0.33264245759919786,0,0.013944238424301147,0.04382471740245819,-0.03187255561351776,-0.022908397018909454,-0.02,-0.026000000000000002,ambiguous_stop_loss,1,1,43,2025-11-01
2025-11-18,2489,15.199999809265137,0.33264245759919786,0,0.01315788272768259,0.01315788272768259,-0.03618422523140907,-0.02960525080561638,-0.02,-0.026000000000000002,stop_loss,0,1,43,2025-11-01
2025-11-18,2538,11.050000190734863,0.33264245759919786,0,0.0,0.0,-0.018099529668688774,-0.018099529668688774,-0.018099529668688774,-0.024099529668688772,close,0,0,43,2025-11-01
2025-11-18,2201,37.099998474121094,0.33264245759919786,0,0.0013477911707013845,0.0013477911707013845,-0.03908347710967064,-0.024258699268102646,-0.02,-0.026000000000000002,stop_loss,0,1,43,2025-11-01
2025-11-19,6462,119.0,0.5930267839277921,1,0.021008403971791267,0.042016807943582535,0.012605042196810246,0.021008403971791267,0.03,0.024,take_profit,1,0,43,2025-11-01
2025-11-19,6477,34.20000076293945,0.5930267839277921,1,0.023391790688037872,0.030701732262969017,-0.0058479756116867065,0.007309941574931145,0.03,0.024,take_profit,1,0,43,2025-11-01
2025-11-19,6412,87.4000015258789,0.5930267839277921,1,0.014874089509248734,0.02974826656281948,0.0137299420312047,0.02974826656281948,0.02974826656281948,0.023748266562819483,close,0,0,43,2025-11-01
2025-11-19,6418,42.599998474121094,0.5930267839277921,0,0.019953105598688126,0.03873243182897568,-0.01643185317516327,-0.01643185317516327,0.03,0.024,take_profit,1,0,43,2025-11-01
2025-11-19,6517,55.5,0.5930267839277921,1,0.014414400793612003,0.03423426300287247,0.014414400793612003,0.03423426300287247,0.03,0.024,take_profit,1,0,43,2025-11-01
2025-11-19,6215,97.30000305175781,0.5930267839277921,1,0.023638185113668442,0.048304181545972824,0.023638185113668442,0.043165434151887894,0.03,0.024,take_profit,1,0,43,2025-11-01
2025-11-19,6199,80.5,0.5930267839277921,1,0.009937926195561886,0.043478261679410934,0.009937926195561886,0.02484472095966339,0.03,0.024,take_profit,1,0,43,2025-11-01
2025-11-19,6213,99.5999984741211,0.5930267839277921,1,0.034136563539505005,0.08935744315385818,0.02911648154258728,0.06425704807043076,0.03,0.024,gap_take_profit,1,0,43,2025-11-01
2025-11-19,6207,45.75,0.5930267839277921,1,0.016393441706895828,0.04371584579348564,0.014207683503627777,0.04153008759021759,0.03,0.024,take_profit,1,0,43,2025-11-01
2025-11-19,6415,185.0,0.5930267839277921,1,0.0324324332177639,0.045945946127176285,0.013513513840734959,0.02432432398200035,0.03,0.024,gap_take_profit,1,0,43,2025-11-01
2025-11-19,6205,37.0,0.5930267839277921,1,0.01891893893480301,0.028378358110785484,0.0,0.027027027681469917,0.027027027681469917,0.02102702768146992,close,0,0,43,2025-11-01
2025-11-19,6456,41.400001525878906,0.5930267839277921,1,0.02415458858013153,0.028985433280467987,0.003623133059591055,0.019323652610182762,0.019323652610182762,0.013323652610182762,close,0,0,43,2025-11-01
2025-11-19,6449,159.0,0.5930267839277921,1,0.03144654259085655,0.07861635088920593,0.03144654259085655,0.05345911905169487,0.03,0.024,gap_take_profit,1,0,43,2025-11-01
2025-11-19,6227,81.9000015258789,0.5930267839277921,1,0.021977964788675308,0.030525030568242073,0.015872959047555923,0.021977964788675308,0.03,0.024,take_profit,1,0,43,2025-11-01
2025-11-19,6672,84.5,0.5930267839277921,1,0.018934892490506172,0.043786946684122086,0.018934892490506172,0.037869784981012344,0.03,0.024,take_profit,1,0,43,2025-11-01
2025-11-19,6695,41.099998474121094,0.5930267839277921,1,0.02311437390744686,0.04622874781489372,0.013382069766521454,0.031630244106054306,0.03,0.024,take_profit,1,0,43,2025-11-01
2025-11-19,6609,33.349998474121094,0.5930267839277921,1,0.022488756105303764,0.03748125955462456,0.008995594456791878,0.010494821704924107,0.03,0.024,take_profit,1,0,43,2025-11-01
2025-11-19,6143,121.0,0.5930267839277921,1,0.04958677664399147,0.06611569970846176,0.028925620019435883,0.04545454680919647,0.03,0.024,gap_take_profit,1,0,43,2025-11-01
2025-11-19,5426,19.200000762939453,0.5930267839277921,1,0.023437440395355225,0.04687497764825821,0.013020833022892475,0.020833313465118408,0.03,0.024,take_profit,1,0,43,2025-11-01
2025-11-19,5452,20.200000762939453,0.5930267839277921,1,0.01980196125805378,0.0420791320502758,0.01980196125805378,0.03465340659022331,0.03,0.024,take_profit,1,0,43,2025-11-01
2025-11-20,8043,73.19999694824219,0.3543062579327254,1,0.024590207263827324,0.09972681850194931,0.021858008578419685,0.09972681850194931,0.03,0.024,take_profit,1,0,43,2025-11-01
2025-11-20,8034,26.149999618530273,0.3543062579327254,0,-0.024856582283973694,-0.0019120167708024383,-0.04971316456794739,-0.034416813403367996,-0.024856582283973694,-0.030856582283973692,gap_stop,0,1,43,2025-11-01
2025-11-20,5243,87.5,0.3543062579327254,0,-0.05828569829463959,0.0,-0.05828569829463959,-0.02857142873108387,-0.05828569829463959,-0.06428569829463959,gap_stop,0,1,43,2025-11-01
2025-11-20,6442,1105.0,0.3543062579327254,1,-0.04524886980652809,0.03619909659028053,-0.04977375641465187,0.013574660755693913,-0.04524886980652809,-0.05124886980652809,gap_stop,1,1,43,2025-11-01
2025-11-20,2368,574.0,0.3543062579327254,0,-0.040069688111543655,-0.017421603202819824,-0.060975611209869385,-0.04181184619665146,-0.040069688111543655,-0.046069688111543654,gap_stop,0,1,43,2025-11-01
2025-11-20,8048,58.79999923706055,0.3543062579327254,1,0.020408175885677338,0.07312923669815063,0.008503401651978493,0.07312923669815063,0.03,0.024,take_profit,1,0,43,2025-11-01
2025-11-20,4577,43.849998474121094,0.3543062579327254,0,-0.02394525147974491,0.07981756329536438,-0.02394525147974491,-0.012542742304503918,-0.02394525147974491,-0.02994525147974491,gap_stop,1,1,43,2025-11-01
2025-11-20,1802,34.25,0.348893485857719,0,-0.051094889640808105,-0.03941601514816284,-0.09343067556619644,-0.052554722875356674,-0.051094889640808105,-0.057094889640808104,gap_stop,0,1,43,2025-11-01
2025-11-20,1815,85.55428314208984,0.3449924575686624,0,-0.0311778262257576,-0.008083186112344265,-0.07621245086193085,-0.05427255481481552,-0.0311778262257576,-0.0371778262257576,gap_stop,0,1,43,2025-11-01
2025-11-20,6573,16.200000762939453,0.3449924575686624,1,0.006172745022922754,0.04938266798853874,-0.030864255502820015,0.02777770534157753,-0.02,-0.026000000000000002,ambiguous_stop_loss,1,1,43,2025-11-01
2025-11-20,8069,185.5,0.34004550485174223,1,0.008086252957582474,0.08625336736440659,0.002695417730137706,0.05929918959736824,0.03,0.024,take_profit,1,0,43,2025-11-01
2025-11-20,4989,43.599998474121094,0.34004550485174223,0,-0.041284386068582535,-0.008027488365769386,-0.08486232161521912,-0.024082552641630173,-0.041284386068582535,-0.04728438606858253,gap_stop,0,1,43,2025-11-01
2025-11-20,6515,2350.0,0.34004550485174223,0,-0.0191489364951849,0.025531914085149765,-0.0382978729903698,-0.01702127605676651,-0.02,-0.026000000000000002,stop_loss,0,1,43,2025-11-01
2025-11-20,4939,24.649999618530273,0.34004550485174223,1,-0.030425963923335075,0.0385395847260952,-0.0365111418068409,0.03448277339339256,-0.030425963923335075,-0.036425963923335074,gap_stop,1,1,43,2025-11-01
2025-11-20,8358,238.5,0.34004550485174223,0,-0.03563941270112991,0.010482179932296276,-0.09643606096506119,-0.023060796782374382,-0.03563941270112991,-0.04163941270112991,gap_stop,0,1,43,2025-11-01
2025-11-20,3010,105.0,0.3324600166002983,0,-0.02380952425301075,-0.009523809887468815,-0.03333333507180214,-0.014285714365541935,-0.02380952425301075,-0.029809524253010748,gap_stop,0,1,43,2025-11-01
2025-11-20,8938,67.0,0.3324600166002983,0,-0.011940344236791134,-0.004477657377719879,-0.014925372786819935,-0.008955201134085655,-0.008955201134085655,-0.014955201134085655,close,0,0,43,2025-11-01
2025-11-20,8942,37.70000076293945,0.3324600166002983,0,-0.005305059719830751,-0.0039788200519979,-0.031830258667469025,-0.02387271821498871,-0.02,-0.026000000000000002,stop_loss,0,1,43,2025-11-01
2025-11-20,3349,20.649999618530273,0.3324600166002983,1,0.0992736667394638,0.0992736667394638,0.05084751546382904,0.0992736667394638,0.03,0.024,gap_take_profit,1,0,43,2025-11-01
2025-11-20,3357,164.0,0.3324600166002983,0,-0.030487805604934692,0.0030487803742289543,-0.04878048598766327,-0.04878048598766327,-0.030487805604934692,-0.03648780560493469,gap_stop,0,1,43,2025-11-01
2025-11-21,8415,33.599998474121094,0.6218481980932551,1,0.007440476678311825,0.02083335630595684,0.004464331548660994,0.02083335630595684,0.02083335630595684,0.01483335630595684,close,0,0,43,2025-11-01
2025-11-21,6265,16.25,0.6204291752683433,1,0.015384615398943424,0.0615384615957737,0.0,0.05230771750211716,0.03,0.024,take_profit,1,0,43,2025-11-01
2025-11-21,2884,30.049999237060547,0.6197042250208205,1,0.00665559945628047,0.024958403781056404,0.00665559945628047,0.024958403781056404,0.024958403781056404,0.018958403781056406,close,0,0,43,2025-11-01
2025-11-21,2010,19.799999237060547,0.6186882303909512,1,0.005050524603575468,0.012626263312995434,0.0025253104977309704,0.012626263312995434,0.012626263312995434,0.006626263312995434,close,0,0,43,2025-11-01
2025-11-21,6548,43.368717193603516,0.6183180554289228,1,0.006841563154011965,0.02394532598555088,-0.013682987540960312,0.0011403089156374335,0.0011403089156374335,-0.004859691084362567,close,0,0,43,2025-11-01
2025-11-21,2105,32.349998474121094,0.6179747992858261,1,0.010819236747920513,0.023183926939964294,0.0015456894179806113,0.0015456894179806113,0.0015456894179806113,-0.004454310582019389,close,0,0,43,2025-11-01
2025-11-21,2885,35.650001525878906,0.6171657384565087,1,-0.0014026100980117917,0.015427747741341591,-0.004207616206258535,0.011220132000744343,0.011220132000744343,0.005220132000744343,close,0,0,43,2025-11-01
2025-11-21,2890,26.700000762939453,0.6171657384565087,1,0.0,0.01685388945043087,-0.0056180343963205814,0.01685388945043087,0.01685388945043087,0.01085388945043087,close,0,0,43,2025-11-01
2025-11-21,2421,174.5,0.6163262446642279,0,0.011461318470537663,0.014326647855341434,-0.037249282002449036,-0.03151862323284149,-0.02,-0.026000000000000002,stop_loss,0,1,43,2025-11-01
2025-11-21,6274,392.5,0.6161020972931195,1,0.02165605127811432,0.036942675709724426,-0.0012738853693008423,0.010191082954406738,0.03,0.024,take_profit,1,0,43,2025-11-01
2025-11-21,1815,80.9110336303711,0.6161020972931195,0,0.025641076266765594,0.06105012446641922,-0.014652003534138203,-0.014652003534138203,0.03,0.024,take_profit,1,0,43,2025-11-01
2025-11-21,1440,13.600000381469727,0.6159653516298165,1,0.0036764144897460938,0.014705867506563663,-0.0036764845717698336,0.014705867506563663,0.014705867506563663,0.008705867506563663,close,0,0,43,2025-11-01
2025-11-21,1434,15.649999618530273,0.6159653516298165,0,0.009584701620042324,0.009584701620042324,-0.01277954038232565,0.0,0.0,-0.006,close,0,0,43,2025-11-01
2025-11-21,2069,15.600000381469727,0.6159653516298165,1,0.0032050791196525097,0.009615359827876091,0.0,0.009615359827876091,0.009615359827876091,0.003615359827876091,close,0,0,43,2025-11-01
2025-11-21,2614,21.299999237060547,0.6159653516298165,1,0.018779415637254715,0.04460097476840019,0.0,0.018779415637254715,0.03,0.024,take_profit,1,0,43,2025-11-01
2025-11-21,8942,36.79999923706055,0.6155951451047051,1,0.01766308583319187,0.028532588854432106,0.005434803664684296,0.01358695700764656,0.01358695700764656,0.0075869570076465605,close,0,0,43,2025-11-01
2025-11-21,2538,10.800000190734863,0.6150567991507079,1,0.009259206242859364,0.01851850003004074,0.0,0.01388885360211134,0.01388885360211134,0.00788885360211134,close,0,0,43,2025-11-01
2025-11-21,8110,32.25,0.6146852943946254,1,0.01705423928797245,0.029457388445734978,0.00930230226367712,0.023255813866853714,0.023255813866853714,0.017255813866853716,close,0,0,43,2025-11-01
2025-11-21,4746,62.5,0.6139777515075271,1,0.014400023967027664,0.01920001208782196,-0.003200012259185314,0.014400023967027664,0.014400023967027664,0.008400023967027664,close,0,0,43,2025-11-01
2025-11-21,2236,87.15039825439453,0.6137192097671023,0,0.019977755844593048,0.019977755844593048,-0.011098846793174744,-0.0055494289845228195,-0.0055494289845228195,-0.01154942898452282,close,0,0,43,2025-11-01
2025-11-24,1313,9.390000343322754,0.6122379851660612,1,0.007454706355929375,0.017039386555552483,-0.01277954038232565,0.011714553460478783,0.011714553460478783,0.0057145534604787825,close,0,0,43,2025-11-01
2025-11-24,1304,10.100000381469727,0.6114189525635247,1,0.014851447194814682,0.014851447194814682,-0.00495051359757781,0.004950419533997774,0.004950419533997774,-0.001049580466002226,close,0,0,43,2025-11-01
2025-11-24,2352,26.850000381469727,0.6101665428069674,1,0.005586578045040369,0.02793296054005623,0.005586578045040369,0.014897564426064491,0.014897564426064491,0.008897564426064491,close,0,0,43,2025-11-01
2025-11-24,3711,210.5,0.6098093822369776,1,0.02850356325507164,0.035629455000162125,-0.0047505940310657024,0.00712589081376791,0.03,0.024,take_profit,1,0,43,2025-11-01
2025-11-24,1310,8.380000114440918,0.609633174931325,1,0.009546530432999134,0.009546530432999134,-0.009546530432999134,0.0035799203906208277,0.0035799203906208277,-0.0024200796093791725,close,0,0,43,2025-11-01
2025-11-24,2329,46.5,0.6063737570990797,1,0.032258063554763794,0.045161258429288864,0.018279537558555603,0.03870966285467148,0.03,0.024,gap_take_profit,1,0,43,2025-11-01
2025-11-24,3490,22.799999237060547,0.6063737570990797,1,0.015350894071161747,0.026315806433558464,0.00438598170876503,0.00877196341753006,0.00877196341753006,0.0027719634175300597,close,0,0,43,2025-11-01
2025-11-24,2369,19.200000762939453,0.6063737570990797,1,0.023437440395355225,0.0390625,0.020833313465118408,0.036458272486925125,0.03,0.024,take_profit,1,0,43,2025-11-01
2025-11-24,2387,38.79999923706055,0.6063737570990797,1,0.009020677767693996,0.030927855521440506,0.009020677767693996,0.028350574895739555,0.03,0.024,take_profit,1,0,43,2025-11-01
2025-11-24,2399,20.549999237060547,0.6063737570990797,1,0.031630244106054306,0.09975674748420715,0.031630244106054306,0.09975674748420715,0.03,0.024,gap_take_profit,1,0,43,2025-11-01
2025-11-24,3041,24.25,0.6048781406797737,1,0.006185551173985004,0.04742266610264778,0.006185551173985004,0.026804108172655106,0.03,0.024,take_profit,1,0,43,2025-11-01
2025-11-24,4934,11.699999809265137,0.6048781406797737,1,0.021367521956562996,0.04273504391312599,0.004273520782589912,0.03418808430433273,0.03,0.024,take_profit,1,0,43,2025-11-01
2025-11-24,3071,20.350000381469727,0.6048781406797737,1,0.014741976745426655,0.02211296558380127,0.004914023447781801,0.02211296558380127,0.02211296558380127,0.01611296558380127,close,0,0,43,2025-11-01
2025-11-24,3051,17.899999618530273,0.6048781406797737,1,0.011173226870596409,0.02234634757041931,0.002793360035866499,0.01955309510231018,0.01955309510231018,0.01355309510231018,close,0,0,43,2025-11-01
2025-11-24,3122,21.299999237060547,0.6048781406797737,0,0.004694853909313679,0.011737089604139328,-0.004694764036685228,-0.004694764036685228,-0.004694764036685228,-0.010694764036685228,close,0,0,43,2025-11-01
2025-11-24,3005,119.0,0.6048781406797737,1,0.02521008439362049,0.03361344709992409,0.0,0.012605042196810246,0.03,0.024,take_profit,1,0,43,2025-11-01
2025-11-24,3094,22.799999237060547,0.6048781406797737,1,0.00877196341753006,0.037280719727277756,0.00877196341753006,0.037280719727277756,0.03,0.024,take_profit,1,0,43,2025-11-01
2025-11-24,6278,97.9000015258789,0.6048781406797737,1,0.008171556517481804,0.02145044319331646,0.008171556517481804,0.016343191266059875,0.016343191266059875,0.010343191266059875,close,0,0,43,2025-11-01
2025-11-24,3031,18.450000762939453,0.6048781406797737,1,0.008130060508847237,0.02168019488453865,0.008130060508847237,0.016260121017694473,0.016260121017694473,0.010260121017694473,close,0,0,43,2025-11-01
2025-11-24,2465,52.29999923706055,0.6048781406797737,1,0.00382410641759634,0.017208442091941833,-0.00382410641759634,0.001912089646793902,0.001912089646793902,-0.004087910353206098,close,0,0,43,2025-11-01
2025-11-25,4303,64.30000305175781,0.680341269842369,1,0.0093312356621027,0.04510099068284035,0.0093312356621027,0.026438521221280098,0.03,0.024,take_profit,1,0,43,2025-11-01
2025-11-25,1785,56.79999923706055,0.6774717456296253,1,0.012323956936597824,0.017605634406208992,0.0017606037436053157,0.007042280398309231,0.007042280398309231,0.0010422803983092307,close,0,0,43,2025-11-01
2025-11-25,2504,34.79999923706055,0.6751631544374906,1,0.008620668202638626,0.03017239272594452,0.005747148301452398,0.024425353854894638,0.03,0.024,take_profit,1,0,43,2025-11-01
2025-11-25,2301,154.5,0.6737910824637235,1,0.016181230545043945,0.04530744254589081,0.009708737954497337,0.025889968499541283,0.03,0.024,take_profit,1,0,43,2025-11-01
2025-11-25,2753,186.1421356201172,0.6737910824637235,1,0.010526319965720177,0.023684214800596237,0.010526319965720177,0.023684214800596237,0.023684214800596237,0.01768421480059624,close,0,0,43,2025-11-01
2025-11-25,5493,80.0999984741211,0.6737910824637235,1,0.022471949458122253,0.024968789890408516,0.01747817173600197,0.018726592883467674,0.018726592883467674,0.012726592883467674,close,0,0,43,2025-11-01
2025-11-25,2356,41.04999923706055,0.6737910824637235,1,0.021924519911408424,0.07917174696922302,0.021924519911408424,0.05724731460213661,0.03,0.024,take_profit,1,0,43,2025-11-01
2025-11-25,3147,174.0,0.6737910824637235,1,0.014367816038429737,0.028735632076859474,0.01149425283074379,0.014367816038429737,0.014367816038429737,0.008367816038429737,close,0,0,43,2025-11-01
2025-11-25,1702,37.099998474121094,0.6737910824637235,1,-0.0026953767519444227,0.024258801713585854,-0.0026953767519444227,0.024258801713585854,0.024258801713585854,0.018258801713585855,close,0,0,43,2025-11-01
2025-11-25,3062,23.350000381469727,0.6737910824637235,1,0.006423966493457556,0.03211991488933563,0.006423966493457556,0.01713060401380062,0.03,0.024,take_profit,1,0,43,2025-11-01
2025-11-25,2461,15.050000190734863,0.6736975251653045,1,0.00996675156056881,0.013289024122059345,0.0,0.0033222718629986048,0.0033222718629986048,-0.0026777281370013954,close,0,0,43,2025-11-01
2025-11-25,6207,46.150001525878906,0.6724132374370949,1,0.006500524934381247,0.06608882546424866,0.006500524934381247,0.047670572996139526,0.03,0.024,take_profit,1,0,43,2025-11-01
2025-11-25,2353,27.149999618530273,0.6724132374370949,1,0.007366510573774576,0.025782717391848564,0.003683255286887288,0.005524848122149706,0.005524848122149706,-0.00047515187785029424,close,0,0,43,2025-11-01
2025-11-25,6788,215.0,0.6724132374370949,1,0.011627906933426857,0.0325581394135952,0.009302325546741486,0.01860465109348297,0.03,0.024,take_profit,1,0,43,2025-11-01
2025-11-25,6526,436.0,0.6724132374370949,1,0.005733944941312075,0.06422018259763718,0.005733944941312075,0.033256880939006805,0.03,0.024,take_profit,1,0,43,2025-11-01
2025-11-25,3289,100.65956115722656,0.6724132374370949,1,0.014778321608901024,0.024630537256598473,0.014778321608901024,0.014778321608901024,0.014778321608901024,0.008778321608901024,close,0,0,43,2025-11-01
2025-11-25,2354,63.099998474121094,0.6724132374370949,1,0.009508753195405006,0.020602267235517502,0.009508753195405006,0.020602267235517502,0.020602267235517502,0.014602267235517502,close,0,0,43,2025-11-01
2025-11-25,6205,37.95000076293945,0.6724132374370949,1,0.01185772754251957,0.02371535450220108,0.003952508792281151,0.01581023633480072,0.01581023633480072,0.00981023633480072,close,0,0,43,2025-11-01
2025-11-25,6197,139.5,0.6724132374370949,1,0.00358422938734293,0.032258063554763794,0.00358422938734293,0.02867383509874344,0.03,0.024,take_profit,1,0,43,2025-11-01
2025-11-25,3645,51.5,0.6724132374370949,1,0.017475757747888565,0.03689323365688324,0.013592247851192951,0.03495144098997116,0.03,0.024,take_profit,1,0,43,2025-11-01
2025-11-26,1612,35.29999923706055,0.5500194297638759,0,-0.002832818077877164,0.00849856249988079,-0.005665744189172983,0.0,0.0,-0.006,close,0,0,43,2025-11-01
2025-11-26,3312,37.04999923706055,0.5473749880268346,0,0.002699117176234722,0.009446755982935429,-0.009446652606129646,-0.005398131441324949,-0.005398131441324949,-0.01139813144132495,close,0,0,43,2025-11-01
2025-11-26,4714,16.152263641357422,0.5473207282783827,0,0.012232345528900623,0.012232345528900623,-0.006116230972111225,0.0,0.0,-0.006,close,0,0,43,2025-11-01
2025-11-26,1449,10.25,0.5462122232729906,0,0.004878067411482334,0.004878067411482334,-0.004878067411482334,-0.004878067411482334,-0.004878067411482334,-0.010878067411482334,close,0,0,43,2025-11-01
2025-11-26,3289,102.14714050292969,0.5462122232729906,1,0.009708711877465248,0.009708711877465248,-0.004854394588619471,0.0048543429002165794,0.0048543429002165794,-0.0011456570997834207,close,0,0,43,2025-11-01
2025-11-26,1785,57.20000076293945,0.5458722599198749,1,0.008741258643567562,0.022727258503437042,0.001748225069604814,0.005244741681963205,0.005244741681963205,-0.0007552583180367948,close,0,0,43,2025-11-01
2025-11-26,5347,90.19999694824219,0.5458722599198749,1,0.003325976198539138,0.009977844543755054,0.0,0.009977844543755054,0.009977844543755054,0.003977844543755054,close,0,0,43,2025-11-01
2025-11-26,5457,41.349998474121094,0.5457467537733343,1,0.013301162980496883,0.027811404317617416,0.001209263689815998,0.018137848004698753,0.018137848004698753,0.012137848004698753,close,0,0,43,2025-11-01
2025-11-26,4952,35.400001525878906,0.5457467537733343,1,0.008474553935229778,0.02118643932044506,-0.012711885385215282,0.015536701306700706,0.015536701306700706,0.009536701306700706,close,0,0,43,2025-11-01
2025-11-26,3044,307.5,0.5452955404661958,1,0.01300812978297472,0.02601625956594944,0.00162601622287184,0.00325203244574368,0.00325203244574368,-0.00274796755425632,close,0,0,43,2025-11-01
2025-11-26,2405,16.950000762939453,0.5448461134619885,1,0.01179934199899435,0.01179934199899435,-0.0029499197844415903,0.008849534206092358,0.008849534206092358,0.0028495342060923575,close,0,0,43,2025-11-01
2025-11-26,2367,24.0,0.5448461134619885,1,0.008333365432918072,0.016666650772094727,0.0,0.004166682716459036,0.004166682716459036,-0.0018333172835409643,close,0,0,43,2025-11-01
2025-11-26,6150,66.5999984741211,0.5448461134619885,1,0.0105105796828866,0.012012057937681675,0.0030030717607587576,0.0030030717607587576,0.0030030717607587576,-0.0029969282392412425,close,0,0,43,2025-11-01
2025-11-26,3014,120.5,0.5448461134619885,1,0.0,0.01244813296943903,0.0,0.004149377811700106,0.004149377811700106,-0.0018506221882998945,close,0,0,43,2025-11-01
2025-11-26,3540,29.799999237060547,0.5441950989654584,1,0.0,0.006711435038596392,-0.003355653490871191,0.0016778907738626003,0.0016778907738626003,-0.0043221092261374,close,0,0,43,2025-11-01
2025-11-26,1309,10.699999809265137,0.543915264524522,1,0.0,0.04672897234559059,0.0,0.028037400916218758,0.03,0.024,take_profit,1,0,43,2025-11-01
2025-11-26,3078,71.5999984741211,0.5436822679955617,0,0.0069832406006753445,0.0069832406006753445,-0.002793253632262349,0.0,0.0,-0.006,close,0,0,43,2025-11-01
2025-11-26,8473,36.400001525878906,0.5432777485654517,0,-0.004120920784771442,0.0027472106739878654,-0.006868131458759308,0.0,0.0,-0.006,close,0,0,43,2025-11-01
2025-11-26,2436,44.849998474121094,0.5431050952086571,0,0.0033445158042013645,0.010033462196588516,-0.010033377446234226,-0.0022296204697340727,-0.0022296204697340727,-0.008229620469734073,close,0,0,43,2025-11-01
2025-11-26,4721,67.0999984741211,0.5429655278431623,1,0.013412839733064175,0.02384498529136181,0.007451565004885197,0.014903130009770393,0.014903130009770393,0.008903130009770393,close,0,0,43,2025-11-01
2025-11-27,1616,30.0,0.5483017925785023,0,0.0033333459869027138,0.009999974630773067,-0.004999987315386534,-0.0016666412120684981,-0.0016666412120684981,-0.007666641212068498,close,0,0,43,2025-11-01
2025-11-27,6658,48.79999923706055,0.5483017925785023,1,0.01741807907819748,0.053278736770153046,0.0040983762592077255,0.02663932926952839,0.03,0.024,take_profit,1,0,43,2025-11-01
2025-11-27,3078,71.5999984741211,0.5474450732966236,1,-0.0013966268161311746,0.004189986735582352,-0.008379867300391197,0.004189986735582352,0.004189986735582352,-0.0018100132644176484,close,0,0,43,2025-11-01
2025-11-27,6596,140.5,0.5465555160552305,0,0.007117437664419413,0.007117437664419413,-0.007117437664419413,-0.0035587188322097063,-0.0035587188322097063,-0.009558718832209706,close,0,0,43,2025-11-01
2025-11-27,6763,57.04835891723633,0.5462230730985072,1,0.0017240991583094,0.02068965509533882,0.0017240991583094,0.012068966403603554,0.012068966403603554,0.006068966403603554,close,0,0,43,2025-11-01
2025-11-27,3015,52.79999923706055,0.5462230730985072,1,0.0,0.03598487749695778,-0.0018939105793833733,0.028409091755747795,0.03,0.024,take_profit,1,0,43,2025-11-01
2025-11-27,6761,122.5,0.545333613811636,1,0.01224489789456129,0.05714285746216774,0.01224489789456129,0.03265305981040001,0.03,0.024,take_profit,1,0,43,2025-11-01
2025-11-27,4714,16.152263641357422,0.5448209923725275,1,0.006116234697401524,0.009174291975796223,-0.0030581702012568712,0.0030580610036849976,0.0030580610036849976,-0.0029419389963150026,close,0,0,43,2025-11-01
2025-11-27,3504,49.20000076293945,0.5448209923725275,1,-0.0010162446415051818,0.008130034431815147,-0.010162601247429848,0.0060975453816354275,0.0060975453816354275,9.754538163542735e-05,close,0,0,43,2025-11-01
2025-11-27,6221,32.20000076293945,0.5448209923725275,1,0.0031055426225066185,0.02018626406788826,0.0,0.015527949668467045,0.015527949668467045,0.009527949668467045,close,0,0,43,2025-11-01
2025-11-27,3051,18.600000381469727,0.5448209923725275,1,0.0,0.029569851234555244,0.0,0.026881719008088112,0.026881719008088112,0.020881719008088113,close,0,0,43,2025-11-01
2025-11-27,6206,96.0999984741211,0.5448209923725275,0,0.0,0.006243480369448662,-0.0041623469442129135,0.0,0.0,-0.006,close,0,0,43,2025-11-01
2025-11-27,6679,184.5,0.5448209923725275,1,0.0,0.02981029823422432,0.0,0.02981029823422432,0.02981029823422432,0.02381029823422432,close,0,0,43,2025-11-01
2025-11-27,1529,19.149999618530273,0.5448209923725275,1,0.0,0.007832878269255161,-0.0026109262835234404,0.005221952218562365,0.005221952218562365,-0.0007780477814376355,close,0,0,43,2025-11-01
2025-11-27,3071,21.399999618530273,0.5448209923725275,1,0.004672915209084749,0.023364486172795296,0.004672915209084749,0.021028073504567146,0.021028073504567146,0.015028073504567146,close,0,0,43,2025-11-01
2025-11-27,4927,20.600000381469727,0.5444995923082899,1,0.012135921977460384,0.08009706437587738,0.0024271474685519934,0.06796114891767502,0.03,0.024,take_profit,1,0,43,2025-11-01
2025-11-27,3032,83.9000015258789,0.5444995923082899,0,0.005959475412964821,0.005959475412964821,-0.014302795752882957,-0.013110827654600143,-0.013110827654600143,-0.019110827654600142,close,0,0,43,2025-11-01
2025-11-27,2618,34.150001525878906,0.5444759419434683,0,0.0,0.00585642596706748,-0.0029283245094120502,-0.001464218134060502,-0.001464218134060502,-0.007464218134060502,close,0,0,43,2025-11-01
2025-11-27,2367,24.100000381469727,0.5441998379041243,1,-0.004149393178522587,0.014522837474942207,-0.004149393178522587,0.012448101304471493,0.012448101304471493,0.006448101304471493,close,0,0,43,2025-11-01
2025-11-27,2390,9.279999732971191,0.5440689870269099,1,0.0010776108829304576,0.01077590323984623,-0.002155119087547064,0.00862068124115467,0.00862068124115467,0.0026206812411546706,close,0,0,43,2025-11-01
2025-11-28,6596,140.0,0.5894742288025538,0,0.0,0.0,-0.01785714365541935,-0.014285714365541935,-0.014285714365541935,-0.020285714365541933,close,0,0,43,2025-11-01
2025-11-28,2887,18.049999237060547,0.58723853873593,1,0.0027701465878635645,0.024930791929364204,0.0027701465878635645,0.016620563343167305,0.016620563343167305,0.010620563343167305,close,0,0,43,2025-11-01
2025-11-28,5263,86.4000015258789,0.58723853873593,1,-0.009259294718503952,0.04166664928197861,-0.009259294718503952,0.03819439187645912,0.03,0.024,take_profit,1,0,43,2025-11-01
2025-11-28,5009,31.75,0.5859182487887767,1,-0.007874015718698502,0.022047268226742744,-0.007874015718698502,0.001574779162183404,0.001574779162183404,-0.004425220837816596,close,0,0,43,2025-11-01
2025-11-28,8464,372.5,0.5859182487887767,0,-0.008053691126406193,0.014765100553631783,-0.008053691126406193,0.0,0.0,-0.006,close,0,0,43,2025-11-01
2025-11-28,3717,17.25,0.5843233742414181,0,-0.00289850658737123,0.00289850658737123,-0.017391260713338852,-0.017391260713338852,-0.017391260713338852,-0.02339126071333885,close,0,0,43,2025-11-01
2025-11-28,2101,37.54999923706055,0.5840919882695096,0,0.0,0.01864183135330677,-0.0026630752254277468,-0.0026630752254277468,-0.0026630752254277468,-0.008663075225427747,close,0,0,43,2025-11-01
2025-11-28,2105,31.799999237060547,0.5840085696922225,0,-0.003144606249406934,0.003144666086882353,-0.00628927256911993,-0.00628927256911993,-0.00628927256911993,-0.01228927256911993,close,0,0,43,2025-11-01
2025-11-28,1225,30.450000762939453,0.5837592940060489,0,-0.0016420736210420728,0.0,-0.009852253831923008,-0.004926158580929041,-0.004926158580929041,-0.010926158580929041,close,0,0,43,2025-11-01
2025-11-28,6605,139.5,0.5837592940060489,0,0.0,0.01433691754937172,-0.00716845877468586,-0.00716845877468586,-0.00716845877468586,-0.01316845877468586,close,0,0,43,2025-11-01
2025-11-28,5478,99.0999984741211,0.583379039958983,0,-0.0010090663563460112,0.006054474972188473,-0.015136226080358028,-0.015136226080358028,-0.015136226080358028,-0.021136226080358027,close,0,0,43,2025-11-01
2025-11-28,3004,101.5,0.5826708394927569,0,-0.0148312421515584,-0.0148312421515584,-0.06312380731105804,-0.05249940603971481,-0.02,-0.026000000000000002,stop_loss,0,1,43,2025-11-01
2025-11-28,1723,71.5,0.5826708394927569,0,0.0,0.0013985800324007869,-0.0139860138297081,-0.0027971600648015738,-0.0027971600648015738,-0.008797160064801574,close,0,0,43,2025-11-01
2025-11-28,2025,9.0600004196167,0.5821914070999975,1,0.012141241692006588,0.09933770447969437,0.004415006842464209,0.09933770447969437,0.03,0.024,take_profit,1,0,43,2025-11-01
2025-11-28,1227,30.5,0.5815200406496273,1,-0.003278701100498438,0.02295084483921528,-0.0049180202186107635,0.01475412305444479,0.01475412305444479,0.00875412305444479,close,0,0,43,2025-11-01
2025-11-28,2027,37.099998474121094,0.5814860030736588,1,0.0013477911707013845,0.037735890597105026,0.0013477911707013845,0.035040516406297684,0.03,0.024,take_profit,1,0,43,2025-11-01
2025-11-28,8926,41.5,0.5813334069946045,0,0.0,0.0072288974188268185,-0.01084339153021574,-0.01084339153021574,-0.01084339153021574,-0.01684339153021574,close,0,0,43,2025-11-01
2025-11-28,2102,19.850000381469727,0.5812892574205438,1,0.0,0.020151114091277122,0.0,0.005037802271544933,0.005037802271544933,-0.0009621977284550668,close,0,0,43,2025-11-01
2025-11-28,1616,29.950000762939453,0.5812771537100693,0,0.008347244933247566,0.021702824160456657,-0.003338910872116685,-0.0016694872174412012,-0.0016694872174412012,-0.007669487217441201,close,0,0,43,2025-11-01
2025-11-28,2801,20.200000762939453,0.5805749546464583,0,-0.002475304063409567,0.007425723597407341,-0.002475304063409567,0.0,0.0,-0.006,close,0,0,43,2025-11-01
2025-12-01,6163,40.150001525878906,0.6708326797251145,1,0.09962639957666397,0.09962639957666397,0.06226649880409241,0.09962639957666397,0.03,0.024,gap_take_profit,1,0,44,2025-12-01
2025-12-01,2491,16.5,0.6180819829340088,1,0.04848480224609375,0.09999997913837433,0.009090885519981384,0.09999997913837433,0.03,0.024,gap_take_profit,1,0,44,2025-12-01
2025-12-01,6588,34.349998474121094,0.6058560257632626,1,0.03784579783678055,0.09898112714290619,0.007278020493686199,0.09898112714290619,0.03,0.024,gap_take_profit,1,0,44,2025-12-01
2025-12-01,8085,17.100000381469727,0.597881643170246,1,0.020467858761548996,0.020467858761548996,0.0,0.0058479756116867065,0.0058479756116867065,-0.00015202438831329358,close,0,0,44,2025-12-01
2025-12-01,7728,367.5,0.5961122701862579,1,0.03401360660791397,0.09931972622871399,0.03401360660791397,0.09931972622871399,0.03,0.024,gap_take_profit,1,0,44,2025-12-01
2025-12-01,3234,45.5,0.5924663949115143,0,-0.012087895534932613,-0.009890126995742321,-0.05604393780231476,-0.05164831876754761,-0.02,-0.026000000000000002,stop_loss,0,1,44,2025-12-01
2025-12-01,5478,97.5999984741211,0.5918117820584787,0,0.0040983762592077255,0.011270476505160332,-0.00512295076623559,-0.002049149014055729,-0.002049149014055729,-0.008049149014055729,close,0,0,44,2025-12-01
2025-12-01,2458,130.0,0.5915926436126167,0,0.007692307699471712,0.01923076994717121,-0.003846153849735856,0.0,0.0,-0.006,close,0,0,44,2025-12-01
2025-12-01,1720,62.20000076293945,0.5909083512709509,1,0.0016076924512162805,0.04340837150812149,0.0016076924512162805,0.035369787365198135,0.03,0.024,take_profit,1,0,44,2025-12-01
2025-12-01,4961,139.0,0.5901709220877196,0,0.0,0.010791366919875145,-0.003597122384235263,-0.003597122384235263,-0.003597122384235263,-0.009597122384235263,close,0,0,44,2025-12-01
2025-12-01,3188,30.850000381469727,0.5886381820938271,1,0.0,0.011345230974256992,-0.008103727363049984,0.008103727363049984,0.008103727363049984,0.002103727363049984,close,0,0,44,2025-12-01
2025-12-01,3583,310.0,0.5876305022656314,0,0.004838709719479084,0.008064515888690948,-0.004838709719479084,-0.004838709719479084,-0.004838709719479084,-0.010838709719479084,close,0,0,44,2025-12-01
2025-12-01,3149,34.0,0.586027855470743,0,0.007352941203862429,0.010294072329998016,-0.008823506534099579,-0.007352941203862429,-0.007352941203862429,-0.013352941203862429,close,0,0,44,2025-12-01
2025-12-01,3535,91.5999984741211,0.585963813560875,0,-0.003275059163570404,-0.0021833728533238173,-0.09061130881309509,-0.01965060457587242,-0.02,-0.026000000000000002,stop_loss,0,1,44,2025-12-01
2025-12-01,4919,52.5,0.5853205735782275,1,0.007619076874107122,0.01714288629591465,0.0,0.007619076874107122,0.007619076874107122,0.0016190768741071223,close,0,0,44,2025-12-01
2025-12-01,9939,126.0,0.5845144666472015,0,0.0,0.003968254197388887,-0.003968254197388887,0.0,0.0,-0.006,close,0,0,44,2025-12-01
2025-12-01,2838,19.450000762939453,0.5838824413886162,0,0.01028271671384573,0.01028271671384573,-0.0051414077170193195,-0.002570752752944827,-0.002570752752944827,-0.008570752752944827,close,0,0,44,2025-12-01
2025-12-01,2352,27.700000762939453,0.5838521804341795,1,0.009025270119309425,0.019855568185448647,0.001805026549845934,0.003610053099691868,0.003610053099691868,-0.0023899469003081323,close,0,0,44,2025-12-01
2025-12-01,6021,25.299999237060547,0.5835757926116601,1,0.0019763298332691193,0.005928914062678814,0.0,0.005928914062678814,0.005928914062678814,-7.108593732118619e-05,close,0,0,44,2025-12-01
2025-12-01,4968,139.5,0.5832356268520933,0,0.00716845877468586,0.01075268816202879,-0.01075268816202879,-0.00716845877468586,-0.00716845877468586,-0.01316845877468586,close,0,0,44,2025-12-01
2025-12-02,6465,24.950000762939453,0.7357856461325252,1,0.08617232739925385,0.08617232739925385,0.026052087545394897,0.028056064620614052,0.03,0.024,gap_take_profit,1,0,44,2025-12-01
2025-12-02,6163,44.150001525878906,0.7244663265594239,1,-0.005662513896822929,0.09399767965078354,-0.03737262636423111,0.05775762349367142,-0.02,-0.026000000000000002,ambiguous_stop_loss,1,1,44,2025-12-01
2025-12-02,6431,24.299999237060547,0.7132447009960466,1,0.024691374972462654,0.09876549988985062,0.01851855032145977,0.09876549988985062,0.03,0.024,take_profit,1,0,44,2025-12-01
2025-12-02,4563,44.54999923706055,0.7002911018342798,1,0.003367037745192647,0.09988778829574585,0.003367037745192647,0.09090907871723175,0.03,0.024,take_profit,1,0,44,2025-12-01
2025-12-02,2352,27.799999237060547,0.6980113135055249,1,0.014388544484972954,0.01618707738816738,0.007194272242486477,0.01258994173258543,0.01258994173258543,0.00658994173258543,close,0,0,44,2025-12-01
2025-12-02,3592,213.5,0.6966182967874252,1,0.004683840554207563,0.02107728272676468,0.004683840554207563,0.011709601618349552,0.011709601618349552,0.005709601618349552,close,0,0,44,2025-12-01
2025-12-02,8255,125.5,0.6954614853772212,1,0.011952191591262817,0.019920319318771362,0.007968127727508545,0.011952191591262817,0.011952191591262817,0.005952191591262817,close,0,0,44,2025-12-01
2025-12-02,3005,122.0,0.6948612677028819,0,0.008196720853447914,0.02049180306494236,-0.004098360426723957,0.0,0.0,-0.006,close,0,0,44,2025-12-01
2025-12-02,5904,437.0,0.6947746862469183,1,0.0057208240032196045,0.0057208240032196045,-0.002288329415023327,0.002288329415023327,0.002288329415023327,-0.0037116705849766733,close,0,0,44,2025-12-01
2025-12-02,3339,24.600000381469727,0.6946552845824533,1,0.022357692942023277,0.030487803742289543,0.008130034431815147,0.020325202494859695,0.03,0.024,take_profit,1,0,44,2025-12-01
2025-12-02,8473,35.70000076293945,0.6941962666549286,1,0.0,0.014005602337419987,0.0,0.014005602337419987,0.014005602337419987,0.008005602337419987,close,0,0,44,2025-12-01
2025-12-02,7751,581.0,0.6941657406017494,1,0.015490533784031868,0.058519791811704636,-0.001721170381642878,0.03614457696676254,0.03,0.024,take_profit,1,0,44,2025-12-01
2025-12-02,6125,61.599998474121094,0.6921320290555923,1,0.011363648809492588,0.030844181776046753,0.0,0.029220828786492348,0.03,0.024,take_profit,1,0,44,2025-12-01
2025-12-02,1582,66.30000305175781,0.6900077259312843,1,0.001508272485807538,0.013574567623436451,0.001508272485807538,0.003016544971615076,0.003016544971615076,-0.002983455028384924,close,0,0,44,2025-12-01
2025-12-02,5490,27.450000762939453,0.6879061999992504,1,0.012750399298965931,0.023679401725530624,0.009107467718422413,0.016393400728702545,0.016393400728702545,0.010393400728702545,close,0,0,44,2025-12-01
2025-12-02,3311,32.0,0.6877340520680416,1,0.0,0.00625002384185791,-0.003125011920928955,0.0015624761581420898,0.0015624761581420898,-0.00443752384185791,close,0,0,44,2025-12-01
2025-12-02,4961,138.5,0.6861445186942515,1,0.003610108280554414,0.036101084202528,0.003610108280554414,0.02888086624443531,0.03,0.024,take_profit,1,0,44,2025-12-01
2025-12-02,2912,236.0,0.6851545913543994,0,0.0,0.006355931982398033,-0.0042372881434857845,-0.0021186440717428923,-0.0021186440717428923,-0.008118644071742892,close,0,0,44,2025-12-01
2025-12-02,5471,33.900001525878906,0.6851035487792132,1,0.008849534206092358,0.016224166378378868,0.0029498073272407055,0.013274245895445347,0.013274245895445347,0.007274245895445347,close,0,0,44,2025-12-01
2025-12-02,8454,219.0,0.6846471651558007,0,0.00913241971284151,0.00913241971284151,-0.015981735661625862,-0.013698630034923553,-0.013698630034923553,-0.019698630034923552,close,0,0,44,2025-12-01
2025-12-03,3354,20.450000762939453,0.778089290318685,1,0.0684596374630928,0.09779950976371765,0.05134470388293266,0.09779950976371765,0.03,0.024,gap_take_profit,1,0,44,2025-12-01
2025-12-03,2543,59.29999923706055,0.7242799200312117,1,0.005059008952230215,0.013490712270140648,-0.0067453240044415,0.003372694132849574,0.003372694132849574,-0.002627305867150426,close,0,0,44,2025-12-01
2025-12-03,7728,444.0,0.7240772691892725,1,0.009009009227156639,0.09346846491098404,0.0045045046135783195,0.05855855718255043,0.03,0.024,take_profit,1,0,44,2025-12-01
2025-12-03,6180,52.0,0.722458302605212,1,0.0038461685180664062,0.011538431979715824,0.0038461685180664062,0.005769215989857912,0.005769215989857912,-0.00023078401014208806,close,0,0,44,2025-12-01
2025-12-03,2545,38.400001525878906,0.718244957496096,0,0.0013020634651184082,0.007812479976564646,0.0,0.0,0.0,-0.006,close,0,0,44,2025-12-01
2025-12-03,2453,52.29999923706055,0.7178375864368358,1,0.0057361233048141,0.03824091702699661,0.0,0.009560229256749153,0.03,0.024,take_profit,1,0,44,2025-12-01
2025-12-03,6885,28.450000762939453,0.7170389792723744,1,0.0017574423691257834,0.015817182138562202,0.0017574423691257834,0.014059740118682384,0.014059740118682384,0.008059740118682384,close,0,0,44,2025-12-01
2025-12-03,3128,27.049999237060547,0.7143737596352738,0,0.009242144413292408,0.01478748768568039,0.0,0.0,0.0,-0.006,close,0,0,44,2025-12-01
2025-12-03,3630,27.0,0.7143620820607757,1,0.005555541254580021,0.04074075445532799,0.005555541254580021,0.025925954803824425,0.03,0.024,take_profit,1,0,44,2025-12-01
2025-12-03,3550,12.649999618530273,0.7143140070321917,1,0.003952584229409695,0.03557318449020386,0.003952584229409695,0.00790516845881939,0.03,0.024,take_profit,1,0,44,2025-12-01
2025-12-03,2328,47.400001525878906,0.7137609296878142,1,0.02004212886095047,0.05063286051154137,0.02004212886095047,0.022151881828904152,0.03,0.024,take_profit,1,0,44,2025-12-01
2025-12-03,2243,10.850000381469727,0.7134277409671778,1,0.02304147370159626,0.05990779772400856,0.013824849389493465,0.013824849389493465,0.03,0.024,take_profit,1,0,44,2025-12-01
2025-12-03,1563,41.849998474121094,0.7121847804025347,0,0.0,0.005973715800791979,-0.005973715800791979,-0.0023894498590379953,-0.0023894498590379953,-0.008389449859037995,close,0,0,44,2025-12-01
2025-12-03,3483,90.69999694824219,0.7107098274390464,1,0.00441016023978591,0.013230481185019016,-0.0022050379775464535,0.01102535892277956,0.01102535892277956,0.00502535892277956,close,0,0,44,2025-12-01
2025-12-03,2540,46.04999923706055,0.7090349649898374,1,0.0,0.007600483950227499,-0.009772003628313541,0.005428881850093603,0.005428881850093603,-0.000571118149906397,close,0,0,44,2025-12-01
2025-12-03,4523,28.149999618530273,0.7078954269033944,1,0.0053285835310816765,0.06927178800106049,0.0053285835310816765,0.040852561593055725,0.03,0.024,take_profit,1,0,44,2025-12-01
2025-12-03,2520,32.29999923706055,0.7065150602084972,1,0.0015479640569537878,0.0077399383299052715,-0.00464389193803072,0.0015479640569537878,0.0015479640569537878,-0.004452035943046212,close,0,0,44,2025-12-01
2025-12-03,1786,78.80000305175781,0.706412083409428,1,0.015228386968374252,0.01903553307056427,0.002538032131269574,0.010152225382626057,0.010152225382626057,0.0041522253826260565,close,0,0,44,2025-12-01
2025-12-03,1616,29.299999237060547,0.7063364263598189,1,0.00853242352604866,0.027303794398903847,0.0068259648978710175,0.011945405974984169,0.011945405974984169,0.005945405974984169,close,0,0,44,2025-12-01
2025-12-03,2476,87.5,0.7054618652332154,0,0.004571446217596531,0.014857177622616291,-0.009142892435193062,-0.0068571255542337894,-0.0068571255542337894,-0.01285712555423379,close,0,0,44,2025-12-01
2025-12-04,2612,74.5999984741211,0.6164223652744241,0,-0.006702412851154804,0.053619302809238434,-0.09785516560077667,-0.06836459040641785,-0.02,-0.026000000000000002,ambiguous_stop_loss,1,1,44,2025-12-01
2025-12-04,2605,31.549999237060547,0.595723504580437,0,-0.03486524522304535,-0.014263038523495197,-0.09984151273965836,-0.09984151273965836,-0.03486524522304535,-0.04086524522304535,gap_stop,0,1,44,2025-12-01
2025-12-04,2606,69.5999984741211,0.5941963141362917,0,-0.04741372913122177,-0.03017239272594452,-0.0962643250823021,-0.09195399284362793,-0.04741372913122177,-0.05341372913122177,gap_stop,0,1,44,2025-12-01
2025-12-04,3229,19.950000762939453,0.555806004751645,0,0.002506227232515812,0.002506227232515812,-0.0726817399263382,-0.06015041097998619,-0.02,-0.026000000000000002,stop_loss,0,1,44,2025-12-01
2025-12-04,3530,72.69999694824219,0.5506054548530123,1,0.028885917738080025,0.06327381730079651,-0.004126484505832195,0.0013755998807027936,0.03,0.024,take_profit,1,0,44,2025-12-01
2025-12-04,2009,47.75,0.5330877584369271,0,0.005235602147877216,0.020942408591508865,-0.05340312421321869,-0.03979060798883438,-0.02,-0.026000000000000002,stop_loss,0,1,44,2025-12-01
2025-12-04,2352,28.149999618530273,0.5319800043147763,0,0.010657234117388725,0.012433405965566635,-0.021314401179552078,-0.021314401179552078,-0.02,-0.026000000000000002,stop_loss,0,1,44,2025-12-01
2025-12-04,4766,323.5,0.530331312770134,0,0.004636785015463829,0.004636785015463829,-0.0030911900103092194,-0.0030911900103092194,-0.0030911900103092194,-0.00909119001030922,close,0,0,44,2025-12-01
2025-12-04,2731,166.0,0.5289285059260381,0,0.0030120480805635452,0.009036144241690636,-0.012048192322254181,-0.009036144241690636,-0.009036144241690636,-0.015036144241690636,close,0,0,44,2025-12-01
2025-12-04,6111,45.349998474121094,0.5267673272639704,1,0.003307641251012683,0.007717801723629236,-0.01874307543039322,0.007717801723629236,0.007717801723629236,0.001717801723629236,close,0,0,44,2025-12-01
2025-12-04,6776,50.29999923706055,0.526145960587954,0,-0.012922420166432858,-0.009940357878804207,-0.02982107363641262,-0.019880715757608414,-0.02,-0.026000000000000002,stop_loss,0,1,44,2025-12-01
2025-12-04,6205,38.25,0.5257640894143549,0,0.003921608440577984,0.003921608440577984,-0.005228778347373009,-0.0013071695575490594,-0.0013071695575490594,-0.0073071695575490595,close,0,0,44,2025-12-01
2025-12-04,2367,24.200000762939453,0.525079663630102,0,0.0041321683675050735,0.008264414966106415,-0.00619840994477272,0.0,0.0,-0.006,close,0,0,44,2025-12-01
2025-12-04,6170,50.70000076293945,0.5249024951764759,1,0.0039447881281375885,0.0039447881281375885,-0.0039447881281375885,0.0019723563455045223,0.0019723563455045223,-0.004027643654495478,close,0,0,44,2025-12-01
2025-12-04,3230,40.0,0.5241192382237544,1,0.008749961853027344,0.010000037960708141,-0.010000037960708141,0.0037500381004065275,0.0037500381004065275,-0.0022499618995934726,close,0,0,44,2025-12-01
2025-12-04,4755,99.0999984741211,0.5236176669676628,0,0.006054474972188473,0.006054474972188473,-0.02320883423089981,-0.0211907010525465,-0.02,-0.026000000000000002,stop_loss,0,1,44,2025-12-01
2025-12-04,3346,19.25,0.5222187885655659,0,0.005194825120270252,0.012987012974917889,-0.012987012974917889,-0.002597362967208028,-0.002597362967208028,-0.008597362967208028,close,0,0,44,2025-12-01
2025-12-04,8215,19.75,0.5222055816263156,0,0.0,0.0,-0.03544307500123978,-0.01772153750061989,-0.02,-0.026000000000000002,stop_loss,0,1,44,2025-12-01
2025-12-04,4763,53.70000076293945,0.5193957780424785,0,0.00744874682277441,0.020484142005443573,-0.003724409034475684,0.0,0.0,-0.006,close,0,0,44,2025-12-01
2025-12-04,1440,14.0,0.5188606221627367,0,0.010714258067309856,0.010714258067309856,-0.02500002644956112,-0.010714258067309856,-0.02,-0.026000000000000002,stop_loss,0,1,44,2025-12-01
2025-12-05,6492,40.400001525878906,0.7093733675521426,0,-0.00990102719515562,-0.0012376992963254452,-0.014851541258394718,-0.007425817660987377,-0.007425817660987377,-0.013425817660987377,close,0,0,44,2025-12-01
2025-12-05,1466,14.100000381469727,0.7019457876598577,1,0.0,0.00709215784445405,-0.003546112682670355,0.0035460451617836952,0.0035460451617836952,-0.002453954838216305,close,0,0,44,2025-12-01
2025-12-05,3051,18.350000381469727,0.7015183329302948,0,0.010899120010435581,0.010899120010435581,-0.010899224318563938,-0.005449612159281969,-0.005449612159281969,-0.01144961215928197,close,0,0,44,2025-12-01
2025-12-05,1584,21.649999618530273,0.6888772179019035,1,0.0,0.01616629958152771,-0.013856777921319008,0.01616629958152771,0.01616629958152771,0.01016629958152771,close,0,0,44,2025-12-01
2025-12-05,5014,10.100000381469727,0.6845517349206123,1,0.009900933131575584,0.009900933131575584,0.0,0.004950419533997774,0.004950419533997774,-0.001049580466002226,close,0,0,44,2025-12-01
2025-12-05,6167,11.5,0.6817705959393914,0,0.0,0.021739130839705467,-0.03478257730603218,0.0,-0.02,-0.026000000000000002,stop_loss,0,1,44,2025-12-01
2025-12-05,3712,26.100000381469727,0.6803477962099794,0,0.011494223028421402,0.011494223028421402,-0.0038314322009682655,-0.0038314322009682655,-0.0038314322009682655,-0.009831432200968266,close,0,0,44,2025-12-01
2025-12-05,6275,51.20000076293945,0.6799616909836056,1,0.068359375,0.0722656399011612,0.0078124552965164185,0.0625000149011612,0.03,0.024,gap_take_profit,1,0,44,2025-12-01
2025-12-05,4721,66.4000015258789,0.6790345719317323,1,0.004518003202974796,0.007530120201408863,-0.00903612095862627,0.007530120201408863,0.007530120201408863,0.001530120201408863,close,0,0,44,2025-12-01
2025-12-05,2352,27.549999237060547,0.6771224061085465,0,0.007259556092321873,0.012704188004136086,-0.016333896666765213,-0.016333896666765213,-0.016333896666765213,-0.02233389666676521,close,0,0,44,2025-12-01
2025-12-05,3317,46.849998474121094,0.6761264530955552,1,0.002134520560503006,0.008537919260561466,-0.0021344393026083708,0.007470699958503246,0.007470699958503246,0.0014706999585032462,close,0,0,44,2025-12-01
2025-12-05,8454,212.0,0.6758438410368719,1,0.0,0.028301887214183807,0.0,0.02358490601181984,0.02358490601181984,0.01758490601181984,close,0,0,44,2025-12-01
2025-12-05,3592,209.0,0.6754338094943504,1,0.0,0.0047846888191998005,-0.009569377638399601,0.0023923444095999002,0.0023923444095999002,-0.0036076555904001,close,0,0,44,2025-12-01
2025-12-05,6472,525.0,0.6744995276535942,0,0.003809523768723011,0.0057142856530845165,-0.020952381193637848,-0.01904761977493763,-0.02,-0.026000000000000002,stop_loss,0,1,44,2025-12-01
2025-12-05,8926,41.29999923706055,0.6742815812604775,1,0.0,0.012106537818908691,-0.001210635295137763,0.006053268909454346,0.006053268909454346,5.326890945434558e-05,close,0,0,44,2025-12-01
2025-12-05,6517,58.900001525878906,0.6741379335304929,0,0.0,0.00509336544200778,-0.010186796076595783,-0.00339559861458838,-0.00339559861458838,-0.00939559861458838,close,0,0,44,2025-12-01
2025-12-05,3555,74.9000015258789,0.6738401012992279,1,0.04806406423449516,0.08678237348794937,0.01735641434788704,0.049399156123399734,0.03,0.024,gap_take_profit,1,0,44,2025-12-01
2025-12-05,3094,23.75,0.6733609555270748,1,0.010526316240429878,0.02736840583384037,0.0021052309311926365,0.021052632480859756,0.021052632480859756,0.015052632480859756,close,0,0,44,2025-12-01
2025-12-05,6206,94.69999694824219,0.6726502677651582,1,0.009503711946308613,0.009503711946308613,0.001056030741892755,0.004223881289362907,0.004223881289362907,-0.0017761187106370927,close,0,0,44,2025-12-01
2025-12-05,2353,27.049999237060547,0.6718688498509268,0,-0.0018484006868675351,-0.0018484006868675351,-0.012938945554196835,-0.012938945554196835,-0.012938945554196835,-0.018938945554196833,close,0,0,44,2025-12-01
2025-12-08,2485,25.049999237060547,0.6317075433709467,1,0.005988085176795721,0.09980040043592453,-0.025948088616132736,0.09980040043592453,-0.02,-0.026000000000000002,ambiguous_stop_loss,1,1,44,2025-12-01
2025-12-08,6691,543.0,0.6305954861947041,1,0.0,0.03867403417825699,-0.007366482634097338,0.020257826894521713,0.03,0.024,take_profit,1,0,44,2025-12-01
2025-12-08,3491,581.0,0.6242067854168664,1,0.010327022522687912,0.02753872610628605,-0.013769363053143024,0.015490533784031868,0.015490533784031868,0.009490533784031868,close,0,0,44,2025-12-01
2025-12-08,4174,57.70000076293945,0.6117831096004758,1,0.07625646144151688,0.08145581930875778,0.005199293605983257,0.008665511384606361,0.03,0.024,gap_take_profit,1,0,44,2025-12-01
2025-12-08,4541,42.20000076293945,0.6054677755852412,0,0.0011848160065710545,0.010663525201380253,-0.009478708729147911,-0.008293893188238144,-0.008293893188238144,-0.014293893188238144,close,0,0,44,2025-12-01
2025-12-08,3535,97.9000015258789,0.6050901097681254,0,-0.011235939338803291,0.03677219897508621,-0.09090910851955414,-0.08069460093975067,-0.02,-0.026000000000000002,ambiguous_stop_loss,1,1,44,2025-12-01
2025-12-08,2467,226.5,0.6044084067598007,0,0.0,0.03090507723391056,-0.026490066200494766,-0.0066225165501236916,-0.02,-0.026000000000000002,ambiguous_stop_loss,1,1,44,2025-12-01
2025-12-08,6024,50.0,0.5988446133220632,1,0.004000015091150999,0.015999983996152878,0.004000015091150999,0.011999969370663166,0.011999969370663166,0.005999969370663166,close,0,0,44,2025-12-01
2025-12-08,8039,85.5,0.5980612787972862,1,0.009356760419905186,0.09941520541906357,0.0035088076256215572,0.09941520541906357,0.03,0.024,take_profit,1,0,44,2025-12-01
2025-12-08,6706,119.0,0.596718779950959,0,-0.008403361774981022,0.03361344709992409,-0.042016807943582535,-0.021008403971791267,-0.02,-0.026000000000000002,ambiguous_stop_loss,1,1,44,2025-12-01
2025-12-08,5471,34.099998474121094,0.5954584383660614,0,-0.002932506613433361,-0.0014662533067166805,-0.010263885371387005,-0.0014662533067166805,-0.0014662533067166805,-0.007466253306716681,close,0,0,44,2025-12-01
2025-12-08,2006,70.5999984741211,0.594907141188126,0,-0.005665744189172983,0.0028329261112958193,-0.015580715611577034,-0.004249227233231068,-0.004249227233231068,-0.010249227233231068,close,0,0,44,2025-12-01
2025-12-08,2017,8.399999618530273,0.5941983876604535,0,0.0,0.004761900287121534,-0.004761900287121534,-0.0023808935657143593,-0.0023808935657143593,-0.00838089356571436,close,0,0,44,2025-12-01
2025-12-08,9945,29.350000381469727,0.5934762501222236,0,0.0,0.0,-0.010221503674983978,-0.008517887443304062,-0.008517887443304062,-0.014517887443304062,close,0,0,44,2025-12-01
2025-12-08,2466,59.099998474121094,0.5912992440821994,0,0.0016920861089602113,0.0016920861089602113,-0.047377314418554306,-0.020304517820477486,-0.02,-0.026000000000000002,stop_loss,0,1,44,2025-12-01
2025-12-08,1231,98.5999984741211,0.5909316649439678,0,-0.0020283665508031845,0.0,-0.010141988284885883,0.0,0.0,-0.006,close,0,0,44,2025-12-01
2025-12-08,5475,75.69999694824219,0.5901900930067436,1,0.03038313239812851,0.0990753024816513,0.006605020258575678,0.0990753024816513,0.03,0.024,gap_take_profit,1,0,44,2025-12-01
2025-12-08,3051,18.25,0.5901056714853513,0,0.0,0.0,-0.019178103655576706,-0.013698630034923553,-0.013698630034923553,-0.019698630034923552,close,0,0,44,2025-12-01
2025-12-08,8215,19.25,0.589859331382195,0,-0.002597362967208028,0.002597362967208028,-0.007792187854647636,-0.002597362967208028,-0.002597362967208028,-0.008597362967208028,close,0,0,44,2025-12-01
2025-12-08,2634,51.400001525878906,0.589632579371987,0,0.00194549560546875,0.015564187429845333,-0.009727626107633114,-0.009727626107633114,-0.009727626107633114,-0.015727626107633112,close,0,0,44,2025-12-01
2025-12-09,3313,16.25,0.7107702985240469,1,0.0984615609049797,0.0984615609049797,0.0984615609049797,0.0984615609049797,0.03,0.024,gap_take_profit,1,0,44,2025-12-01
2025-12-09,6218,20.149999618530273,0.7019695055429238,0,0.0024814463686197996,0.03473949432373047,-0.0223324503749609,-0.002481351839378476,-0.02,-0.026000000000000002,ambiguous_stop_loss,1,1,44,2025-12-01
2025-12-09,6443,15.0,0.6997788695786513,1,0.06999994814395905,0.10000000149011612,0.04333330690860748,0.10000000149011612,0.03,0.024,gap_take_profit,1,0,44,2025-12-01
2025-12-09,3163,359.5,0.6933864343201745,1,0.019471488893032074,0.09179415553808212,0.006954102776944637,0.06815020740032196,0.03,0.024,take_profit,1,0,44,2025-12-01
2025-12-09,2402,61.0,0.6896664978175822,1,0.01803276129066944,0.09999997168779373,0.016393441706895828,0.09999997168779373,0.03,0.024,take_profit,1,0,44,2025-12-01
2025-12-09,8431,58.29999923706055,0.687172684622023,0,0.0548885203897953,0.0548885203897953,-0.08747853338718414,-0.0017152397194877267,0.03,0.024,gap_take_profit,1,1,44,2025-12-01
2025-12-09,3055,73.4000015258789,0.6845130186916194,1,0.005449612159281969,0.08038149029016495,0.0,0.047683924436569214,0.03,0.024,take_profit,1,0,44,2025-12-01
2025-12-09,6541,63.29999923706055,0.6818685203929973,0,-0.004739324562251568,0.034755147993564606,-0.07424961775541306,-0.07424961775541306,-0.02,-0.026000000000000002,ambiguous_stop_loss,1,1,44,2025-12-01
2025-12-09,3105,167.0,0.6799276925179957,1,0.0,0.053892213851213455,-0.008982036262750626,0.0359281450510025,0.03,0.024,take_profit,1,0,44,2025-12-01
2025-12-09,2388,62.5,0.6792196012050621,1,0.011200012639164925,0.04959997534751892,-0.027200011536478996,0.03840002417564392,-0.02,-0.026000000000000002,ambiguous_stop_loss,1,1,44,2025-12-01
2025-12-09,5475,83.19999694824219,0.6762604669813356,0,0.0,0.04086540266871452,-0.02043265663087368,-0.006009615492075682,-0.02,-0.026000000000000002,ambiguous_stop_loss,1,1,44,2025-12-01
2025-12-09,2460,20.0,0.6734781097005412,1,0.05000000074505806,0.07500000298023224,0.014999961480498314,0.0350000374019146,0.03,0.024,gap_take_profit,1,0,44,2025-12-01
2025-12-09,5228,19.850000381469727,0.671838878520221,0,0.0,0.007556655909866095,-0.03778337314724922,-0.0352645218372345,-0.02,-0.026000000000000002,stop_loss,0,1,44,2025-12-01
2025-12-09,6143,125.0,0.6657472912703473,1,0.004000000189989805,0.019999999552965164,0.004000000189989805,0.019999999552965164,0.019999999552965164,0.013999999552965164,close,0,0,44,2025-12-01
2025-12-09,4542,59.0,0.6610752511700686,1,0.016949152573943138,0.10000002384185791,0.013559308834373951,0.10000002384185791,0.03,0.024,take_profit,1,0,44,2025-12-01
2025-12-09,3219,58.79999923706055,0.659259621521829,0,0.0663265585899353,0.09693878889083862,-0.022108830511569977,-0.022108830511569977,0.03,0.024,gap_take_profit,1,1,44,2025-12-01
2025-12-09,3002,28.950000762939453,0.6578638668205039,0,0.005181333981454372,0.06735747307538986,-0.050086379051208496,-0.04835928976535797,-0.02,-0.026000000000000002,ambiguous_stop_loss,1,1,44,2025-12-01
2025-12-09,6245,71.5999984741211,0.6547324567743471,1,0.0069832406006753445,0.008379867300391197,0.0,0.0069832406006753445,0.0069832406006753445,0.0009832406006753443,close,0,0,44,2025-12-01
2025-12-09,4764,81.69999694824219,0.6527401344742755,1,0.0024480365682393312,0.09914328157901764,0.0024480365682393312,0.09547127783298492,0.03,0.024,take_profit,1,0,44,2025-12-01
2025-12-09,3060,30.5,0.6525826744665367,0,0.01803276129066944,0.029508184641599655,-0.06885246932506561,-0.06065575033426285,-0.02,-0.026000000000000002,stop_loss,0,1,44,2025-12-01
2025-12-10,6465,28.350000381469727,0.6994751975465311,1,0.09876540303230286,0.09876540303230286,0.09876540303230286,0.09876540303230286,0.03,0.024,gap_take_profit,1,0,44,2025-12-01
2025-12-10,3313,17.850000381469727,0.6953602059044595,0,0.030812282115221024,0.030812282115221024,-0.09803921729326248,-0.07843135297298431,0.03,0.024,gap_take_profit,1,1,44,2025-12-01
2025-12-10,2402,67.0999984741211,0.6708086398876574,0,0.013412839733064175,0.022354694083333015,-0.07600594311952591,-0.06408344954252243,-0.02,-0.026000000000000002,stop_loss,0,1,44,2025-12-01
2025-12-10,6664,309.0,0.6486735828357542,1,0.022653721272945404,0.04692556709051132,-0.008090615272521973,0.02427184395492077,0.03,0.024,take_profit,1,0,44,2025-12-01
2025-12-10,2349,11.649999618530273,0.6478595955317574,1,0.047210317105054855,0.0987124964594841,0.012875585816800594,0.0987124964594841,0.03,0.024,gap_take_profit,1,0,44,2025-12-01
2025-12-10,8489,39.599998474121094,0.6469990257243103,1,0.04292931407690048,0.08459602296352386,0.005050524603575468,0.015151573345065117,0.03,0.024,gap_take_profit,1,0,44,2025-12-01
2025-12-10,6409,1025.0,0.6449829165018494,0,0.004878048785030842,0.014634146355092525,-0.014634146355092525,0.0,0.0,-0.006,close,0,0,44,2025-12-01
2025-12-10,1319,90.19999694824219,0.6383517937952892,0,-0.00776049867272377,-0.0033258916810154915,-0.03658531606197357,-0.02549884095788002,-0.02,-0.026000000000000002,stop_loss,0,1,44,2025-12-01
2025-12-10,9958,139.0,0.6369929701080083,0,0.007194244768470526,0.010791366919875145,-0.010791366919875145,0.0,0.0,-0.006,close,0,0,44,2025-12-01
2025-12-10,2377,98.5999984741211,0.6359607195284801,1,0.005070994142442942,0.0192697923630476,-0.0010141832754015923,0.007099437993019819,0.007099437993019819,0.0010994379930198191,close,0,0,44,2025-12-01
2025-12-10,8358,279.0,0.6313221831117602,0,0.032258063554763794,0.04838709533214569,-0.02150537632405758,-0.01075268816202879,0.03,0.024,gap_take_profit,1,1,44,2025-12-01
2025-12-10,2474,190.88853454589844,0.6292848444093383,0,0.002577361650764942,0.002577361650764942,-0.025773154571652412,-0.025773154571652412,-0.02,-0.026000000000000002,stop_loss,0,1,44,2025-12-01
2025-12-10,1609,38.0,0.6277388759142468,1,0.0026315387804061174,0.01315789483487606,0.0,0.003947408404201269,0.003947408404201269,-0.002052591595798731,close,0,0,44,2025-12-01
2025-12-10,3051,17.799999237060547,0.6275738715465503,1,0.016853997483849525,0.042134832590818405,0.005617999006062746,0.030898941680788994,0.03,0.024,take_profit,1,0,44,2025-12-01
2025-12-10,6781,1295.0,0.6273678525662061,1,0.019305018708109856,0.04247104376554489,0.0,0.019305018708109856,0.03,0.024,take_profit,1,0,44,2025-12-01
2025-12-10,3227,204.0,0.625447225040908,1,0.014705882407724857,0.02450980432331562,0.0,0.0024509804788976908,0.0024509804788976908,-0.0035490195211023094,close,0,0,44,2025-12-01
2025-12-10,6206,91.0999984741211,0.6249333981097034,0,0.0,0.0010976780904456973,-0.01646542362868786,-0.012074626982212067,-0.012074626982212067,-0.018074626982212065,close,0,0,44,2025-12-01
2025-12-10,4722,151.5,0.6248834655150226,1,0.0033003301359713078,0.08250825107097626,0.0033003301359713078,0.039603959769010544,0.03,0.024,take_profit,1,0,44,2025-12-01
2025-12-10,4927,27.799999237060547,0.6240052020059689,0,0.007194272242486477,0.0575539730489254,-0.017985612154006958,-0.0017985337181016803,0.03,0.024,take_profit,1,0,44,2025-12-01
2025-12-10,6148,44.0,0.6230355171748978,0,0.022727273404598236,0.03636360168457031,-0.06590912491083145,-0.06590912491083145,-0.02,-0.026000000000000002,ambiguous_stop_loss,1,1,44,2025-12-01
2025-12-11,6465,31.149999618530273,0.7402452900547614,1,0.0016051732236519456,0.09951847046613693,0.0016051732236519456,0.09149278700351715,0.03,0.024,take_profit,1,0,44,2025-12-01
2025-12-11,2349,12.800000190734863,0.6878129948581997,1,0.04687495529651642,0.09765625,0.031249970197677612,0.09765625,0.03,0.024,gap_take_profit,1,0,44,2025-12-01
2025-12-11,6182,28.350000381469727,0.6823917099254346,1,0.008818342350423336,0.035273369401693344,0.008818342350423336,0.022927675396203995,0.03,0.024,take_profit,1,0,44,2025-12-01
2025-12-11,5426,19.5,0.6745018561259625,1,0.0,0.01538457628339529,0.0,0.01538457628339529,0.01538457628339529,0.00938457628339529,close,0,0,44,2025-12-01
2025-12-11,4909,40.599998474121094,0.6737261764703335,1,0.02709365263581276,0.03694581240415573,0.0012316022766754031,0.019704509526491165,0.03,0.024,take_profit,1,0,44,2025-12-01
2025-12-11,3515,268.5,0.6724676818135406,0,0.00931098684668541,0.00931098684668541,-0.07262569665908813,-0.05959031730890274,-0.02,-0.026000000000000002,stop_loss,0,1,44,2025-12-01
2025-12-11,3581,61.20000076293945,0.6710662702801292,1,0.011437920853495598,0.02287578023970127,0.0016339619178324938,0.01960785500705242,0.01960785500705242,0.013607855007052421,close,0,0,44,2025-12-01
2025-12-11,3374,136.0,0.6704521405501638,0,0.007352941203862429,0.011029412038624287,-0.007352941203862429,0.0,0.0,-0.006,close,0,0,44,2025-12-01
2025-12-11,6411,78.0999984741211,0.6703320455291337,1,0.00896292645484209,0.00896292645484209,-0.014084488153457642,0.001280390191823244,0.001280390191823244,-0.004719609808176756,close,0,0,44,2025-12-01
2025-12-11,2467,243.0,0.6700880600529169,1,-0.012345679104328156,0.010288066230714321,-0.02880658395588398,0.006172839552164078,-0.02,-0.026000000000000002,stop_loss,0,1,44,2025-12-01
2025-12-11,5011,10.399999618530273,0.6686979678923595,1,0.004807710647583008,0.009615421295166016,0.0,0.009615421295166016,0.009615421295166016,0.0036154212951660155,close,0,0,44,2025-12-01
2025-12-11,3707,49.04999923706055,0.6661208172969101,1,0.013251814991235733,0.016309872269630432,0.0,0.0010193524649366736,0.0010193524649366736,-0.0049806475350633265,close,0,0,44,2025-12-01
2025-12-11,6143,125.0,0.66517180633124,1,0.004000000189989805,0.019999999552965164,-0.004000000189989805,0.019999999552965164,0.019999999552965164,0.013999999552965164,close,0,0,44,2025-12-01
2025-12-11,3548,89.0,0.6650286016256709,0,0.01123595517128706,0.016853932291269302,-0.0011235784040763974,-0.0011235784040763974,-0.0011235784040763974,-0.0071235784040763975,close,0,0,44,2025-12-01
2025-12-11,2406,24.950000762939453,0.6638035468345551,1,0.06813622266054153,0.09418831020593643,0.004007954616099596,0.08216429501771927,0.03,0.024,gap_take_profit,1,0,44,2025-12-01
2025-12-11,4772,303.5,0.6635928679141422,1,0.014827017672359943,0.03459637612104416,-0.003294892841950059,0.014827017672359943,0.03,0.024,take_profit,1,0,44,2025-12-01
2025-12-11,3379,51.20000076293945,0.662605148388045,0,0.009765625,0.013671889901161194,-0.009765625,-0.007812529802322388,-0.007812529802322388,-0.013812529802322388,close,0,0,44,2025-12-01
2025-12-11,6426,88.69999694824219,0.6624366032289785,1,0.04509583115577698,0.09921085834503174,-0.01465609297156334,0.09921085834503174,0.03,0.024,gap_take_profit,1,0,44,2025-12-01
2025-12-11,6419,61.599998474121094,0.6616020135976716,1,0.04220777004957199,0.09902594983577728,0.03896106407046318,0.09902594983577728,0.03,0.024,gap_take_profit,1,0,44,2025-12-01
2025-12-11,2231,93.5,0.6607919142416651,0,0.010695187374949455,0.013903776183724403,-0.005347593687474728,-0.005347593687474728,-0.005347593687474728,-0.011347593687474728,close,0,0,44,2025-12-01
2025-12-12,4157,12.649999618530273,0.5714565473402448,1,0.0988142341375351,0.0988142341375351,0.0988142341375351,0.0988142341375351,0.03,0.024,gap_take_profit,1,0,44,2025-12-01
2025-12-12,3229,24.0,0.5330666725459408,1,-0.004166682716459036,0.09999998658895493,-0.04583334922790527,0.09999998658895493,-0.02,-0.026000000000000002,ambiguous_stop_loss,1,1,44,2025-12-01
2025-12-12,6588,46.75,0.5280411315638259,1,0.05026734620332718,0.0994652733206749,0.048128340393304825,0.0994652733206749,0.03,0.024,gap_take_profit,1,0,44,2025-12-01
2025-12-12,5521,18.600000381469727,0.5139854097121749,1,0.04032257944345474,0.09946238249540329,0.032258085906505585,0.09946238249540329,0.03,0.024,gap_take_profit,1,0,44,2025-12-01
2025-12-12,6443,19.25,0.5129661460424829,1,0.04675322771072388,0.09870127588510513,0.04415586218237877,0.09870127588510513,0.03,0.024,gap_take_profit,1,0,44,2025-12-01
2025-12-12,6419,67.69999694824219,0.5043322960840796,1,0.025110851973295212,0.0989660993218422,0.016248244792222977,0.08567213267087936,0.03,0.024,take_profit,1,0,44,2025-12-01
2025-12-12,6209,65.30000305175781,0.49523588192311974,0,0.007656967267394066,0.021439416334033012,-0.06278716772794724,-0.0474732331931591,-0.02,-0.026000000000000002,stop_loss,0,1,44,2025-12-01
2025-12-12,2331,25.149999618530273,0.495071495869594,1,0.0,0.05367795005440712,-0.025844914838671684,0.037773389369249344,-0.02,-0.026000000000000002,ambiguous_stop_loss,1,1,44,2025-12-01
2025-12-12,6243,33.54999923706055,0.49141433433044895,1,0.09985104203224182,0.09985104203224182,0.0670640841126442,0.09985104203224182,0.03,0.024,gap_take_profit,1,0,44,2025-12-01
2025-12-12,8431,60.20000076293945,0.4884676091027065,1,0.004983375780284405,0.09966771304607391,-0.013289024122059345,0.09966771304607391,0.03,0.024,take_profit,1,0,44,2025-12-01
2025-12-12,3038,22.350000381469727,0.48285975110452545,1,0.024608466774225235,0.07382548600435257,0.020134177058935165,0.044742729514837265,0.03,0.024,take_profit,1,0,44,2025-12-01
2025-12-12,3060,32.75,0.4658446415132559,0,-0.009160282090306282,0.03206104412674904,-0.04274807870388031,-0.03511449322104454,-0.02,-0.026000000000000002,ambiguous_stop_loss,1,1,44,2025-12-01
2025-12-12,3576,7.039999961853027,0.4637809922206099,1,0.022727251052856445,0.09943179041147232,0.0014204870676621795,0.09943179041147232,0.03,0.024,take_profit,1,0,44,2025-12-01
2025-12-12,3152,122.0,0.4621476630186826,1,-0.004098360426723957,0.07786884903907776,-0.012295082211494446,0.04918032884597778,0.03,0.024,take_profit,1,0,44,2025-12-01
2025-12-12,6426,97.5,0.4577395047055316,1,0.0,0.09743589907884598,-0.03076923079788685,0.09743589907884598,-0.02,-0.026000000000000002,ambiguous_stop_loss,1,1,44,2025-12-01
2025-12-12,2349,14.050000190734863,0.4491100790939635,1,0.03914592042565346,0.09964410215616226,0.02491099014878273,0.09964410215616226,0.03,0.024,gap_take_profit,1,0,44,2025-12-01
2025-12-12,2836,12.300000190734863,0.4486710885017029,1,0.0,0.012195090763270855,0.0,0.00406505586579442,0.00406505586579442,-0.0019349441342055799,close,0,0,44,2025-12-01
2025-12-12,1527,33.400001525878906,0.44545765309707774,0,-0.0029940803069621325,0.013472962193191051,-0.0059880465269088745,-0.0059880465269088745,-0.0059880465269088745,-0.011988046526908875,close,0,0,44,2025-12-01
2025-12-12,6691,613.0,0.445234102786488,1,-0.02446982078254223,0.04404567554593086,-0.032626427710056305,0.029363784939050674,-0.02446982078254223,-0.030469820782542227,gap_stop,1,1,44,2025-12-01
2025-12-12,6465,34.0,0.4432534117551079,1,0.02647063322365284,0.1000000461935997,-0.020588258281350136,0.1000000461935997,-0.02,-0.026000000000000002,ambiguous_stop_loss,1,1,44,2025-12-01
2025-12-15,4157,13.899999618530273,0.7138437147288765,0,0.09352519363164902,0.09352519363164902,-0.053956836462020874,-0.014388475567102432,0.03,0.024,gap_take_profit,1,1,44,2025-12-01
2025-12-15,5521,20.450000762939453,0.648707965806854,1,0.012224938720464706,0.09779950976371765,-0.012224938720464706,0.08801952004432678,0.03,0.024,take_profit,1,0,44,2025-12-01
2025-12-15,6443,21.149999618530273,0.6419637675837492,1,0.09219861775636673,0.09929080307483673,0.06382980942726135,0.09929080307483673,0.03,0.024,gap_take_profit,1,0,44,2025-12-01
2025-12-15,6588,51.400001525878906,0.6418475382394776,0,0.03307386860251427,0.06420231610536575,-0.05350194498896599,-0.017509756609797478,0.03,0.024,gap_take_profit,1,1,44,2025-12-01
2025-12-15,6465,37.400001525878906,0.637095217325599,1,0.04278070479631424,0.09893039613962173,0.029411721974611282,0.09893039613962173,0.03,0.024,gap_take_profit,1,0,44,2025-12-01
2025-12-15,2349,15.449999809265137,0.6316562377214021,1,0.029126200824975967,0.09385111927986145,0.0,0.04854375123977661,0.03,0.024,take_profit,1,0,44,2025-12-01
2025-12-15,6244,20.399999618530273,0.6277427114172107,1,0.01225490216165781,0.09803921729326248,0.007352922577410936,0.09803921729326248,0.03,0.024,take_profit,1,0,44,2025-12-01
2025-12-15,8431,66.19999694824219,0.6202052740579823,0,-0.009063421748578548,0.0015106663340702653,-0.09969786554574966,-0.09969786554574966,-0.02,-0.026000000000000002,stop_loss,0,1,44,2025-12-01
2025-12-15,4971,297.0,0.6147186797876574,1,0.010101010091602802,0.048821549862623215,-0.02693602629005909,0.011784511618316174,-0.02,-0.026000000000000002,ambiguous_stop_loss,1,1,44,2025-12-01
2025-12-15,6903,200.5,0.6146602270463116,1,0.04987531155347824,0.09975062310695648,0.03990025073289871,0.09975062310695648,0.03,0.024,gap_take_profit,1,0,44,2025-12-01
2025-12-15,6164,11.0,0.6137357326423413,1,0.07727276533842087,0.10000003129243851,0.05909087508916855,0.10000003129243851,0.03,0.024,gap_take_profit,1,0,44,2025-12-01
2025-12-15,3555,92.19999694824219,0.6077008949006067,0,0.029284214600920677,0.09544472396373749,-0.042299285531044006,-0.042299285531044006,-0.02,-0.026000000000000002,ambiguous_stop_loss,1,1,44,2025-12-01
2025-12-15,3229,26.399999618530273,0.6066340182524832,1,-0.015151500701904297,0.09848486632108688,-0.03409089520573616,0.09848486632108688,-0.02,-0.026000000000000002,ambiguous_stop_loss,1,1,44,2025-12-01
2025-12-15,5498,32.29999923706055,0.5963754136194125,1,0.03560376167297363,0.09907123446464539,0.021671850234270096,0.046439629048109055,0.03,0.024,gap_take_profit,1,0,44,2025-12-01
2025-12-15,4768,271.5,0.5869863477574051,1,0.0,0.07918968796730042,0.0,0.03867403417825699,0.03,0.024,take_profit,1,0,44,2025-12-01
2025-12-15,6205,40.79999923706055,0.5792060989395521,0,0.0,0.018382353708148003,-0.06862743198871613,-0.044117629528045654,-0.02,-0.026000000000000002,stop_loss,0,1,44,2025-12-01
2025-12-15,3499,15.949999809265137,0.5786526381541366,0,-0.03134796395897865,-0.009404364973306656,-0.04702194407582283,-0.04702194407582283,-0.03134796395897865,-0.03734796395897865,gap_stop,0,1,44,2025-12-01
2025-12-15,3045,105.0,0.5754524284189645,0,0.0,0.009523809887468815,0.0,0.0,0.0,-0.006,close,0,0,44,2025-12-01
2025-12-15,2440,14.300000190734863,0.5752457622204736,1,0.09440555423498154,0.09790206700563431,0.05944051966071129,0.09790206700563431,0.03,0.024,gap_take_profit,1,0,44,2025-12-01
2025-12-15,2536,26.25,0.5752262164710322,0,-0.003809538437053561,-0.003809538437053561,-0.007619076874107122,-0.007619076874107122,-0.007619076874107122,-0.013619076874107123,close,0,0,44,2025-12-01
2025-12-16,6465,41.099998474121094,0.727118773890149,0,-0.072992704808712,-0.06082725152373314,-0.09975665807723999,-0.09975665807723999,-0.072992704808712,-0.07899270480871201,gap_stop,0,1,44,2025-12-01
2025-12-16,3023,206.5,0.7252951583110355,0,0.007263922598212957,0.014527845196425915,-0.019370460882782936,-0.019370460882782936,-0.019370460882782936,-0.025370460882782934,close,0,0,44,2025-12-01
2025-12-16,2382,273.0,0.7247629383124382,0,-0.012820512987673283,-0.007326007355004549,-0.029304029420018196,-0.029304029420018196,-0.02,-0.026000000000000002,stop_loss,0,1,44,2025-12-01
2025-12-16,3008,2025.0,0.7198494237612612,1,0.0,0.01975308731198311,0.0,0.007407407276332378,0.007407407276332378,0.0014074072763323783,close,0,0,44,2025-12-01
2025-12-16,1216,74.69999694824219,0.7181134116169473,1,0.0013387697981670499,0.03212853521108627,0.0,0.029451200738549232,0.03,0.024,take_profit,1,0,44,2025-12-01
2025-12-16,2211,111.0,0.7171535141321047,0,0.0045045046135783195,0.0045045046135783195,-0.07657657563686371,-0.07657657563686371,-0.02,-0.026000000000000002,stop_loss,0,1,44,2025-12-01
2025-12-16,6669,4160.0,0.7160408540167359,1,-0.009615384973585606,0.02524038404226303,-0.010817307978868484,0.0036057692486792803,0.0036057692486792803,-0.00239423075132072,close,0,0,44,2025-12-01
2025-12-16,6284,74.30000305175781,0.715921522983073,1,0.005383497569710016,0.013458949513733387,0.001345874392427504,0.002691748784855008,0.002691748784855008,-0.003308251215144992,close,0,0,44,2025-12-01
2025-12-16,3481,12.899999618530273,0.7143792280517661,0,0.003875983878970146,0.007751967757940292,-0.01937984488904476,-0.01937984488904476,-0.01937984488904476,-0.02537984488904476,close,0,0,44,2025-12-01
2025-12-16,2886,40.349998474121094,0.7137775469906973,0,0.00495664868503809,0.016109084710478783,-0.0012391385389491916,0.0,0.0,-0.006,close,0,0,44,2025-12-01
2025-12-16,3702,60.79999923706055,0.7120004030276292,0,0.008223684504628181,0.018092142418026924,-0.018092080950737,-0.016447369009256363,-0.016447369009256363,-0.02244736900925636,close,0,0,44,2025-12-01
2025-12-16,2903,22.549999237060547,0.7115533180833411,0,0.008869213983416557,0.008869213983416557,-0.013303736224770546,-0.011086475104093552,-0.011086475104093552,-0.01708647510409355,close,0,0,44,2025-12-01
2025-12-16,2356,42.5,0.7110726368139599,0,0.0,0.012941158376634121,-0.0035294475965201855,-0.0035294475965201855,-0.0035294475965201855,-0.009529447596520186,close,0,0,44,2025-12-01
2025-12-16,8210,862.0,0.7098410915377803,1,0.009280742146074772,0.05336426943540573,0.002320185536518693,0.03712296858429909,0.03,0.024,take_profit,1,0,44,2025-12-01
2025-12-16,3045,105.0,0.7096622165715223,0,0.004761904943734407,0.004761904943734407,-0.009523809887468815,-0.004761904943734407,-0.004761904943734407,-0.010761904943734408,close,0,0,44,2025-12-01
2025-12-16,3628,69.5,0.7083799686256561,1,0.012949662283062935,0.050359711050987244,0.001438827021047473,0.005755417514592409,0.03,0.024,take_profit,1,0,44,2025-12-01
2025-12-16,1476,387.0,0.7083629427224035,1,0.0038759689778089523,0.018087854608893394,0.002583979396149516,0.007751937955617905,0.007751937955617905,0.0017519379556179045,close,0,0,44,2025-12-01
2025-12-16,6005,24.799999237060547,0.7082084062490692,0,0.006048448849469423,0.012096820399165154,-0.030241936445236206,-0.026209663599729538,-0.02,-0.026000000000000002,stop_loss,0,1,44,2025-12-01
2025-12-16,1611,13.399999618530273,0.7069573774258466,0,0.04477614909410477,0.05970150977373123,-0.03358207643032074,-0.022388003766536713,0.03,0.024,gap_take_profit,1,1,44,2025-12-01
2025-12-16,2027,36.900001525878906,0.7060441066199649,0,0.008130060508847237,0.012195038609206676,-0.020325202494859695,-0.020325202494859695,-0.02,-0.026000000000000002,stop_loss,0,1,44,2025-12-01
2025-12-17,5522,71.80000305175781,0.5542554398157873,1,0.05431746318936348,0.09888576716184616,0.03342609852552414,0.09749303013086319,0.03,0.024,gap_take_profit,1,0,44,2025-12-01
2025-12-17,6568,128.0,0.5427975151240826,0,0.0,0.015625,-0.0625,-0.0625,-0.02,-0.026000000000000002,stop_loss,0,1,44,2025-12-01
2025-12-17,3049,7.920000076293945,0.5237029370599211,0,0.06186865642666817,0.06186865642666817,-0.07828281074762344,-0.06691921502351761,0.03,0.024,gap_take_profit,1,1,44,2025-12-01
2025-12-17,8390,97.4000015258789,0.5191301854260502,0,-0.0020534349605441093,0.024640671908855438,-0.05852160602807999,-0.045174553990364075,-0.02,-0.026000000000000002,stop_loss,0,1,44,2025-12-01
2025-12-17,3152,142.0,0.5163344446610257,0,0.0,0.0,-0.056338027119636536,-0.04929577559232712,-0.02,-0.026000000000000002,stop_loss,0,1,44,2025-12-01
2025-12-17,6164,13.300000190734863,0.5090102170476662,0,0.0451127365231514,0.06766914576292038,-0.09022554755210876,-0.06390979886054993,0.03,0.024,gap_take_profit,1,1,44,2025-12-01
2025-12-17,2491,23.649999618530273,0.4925194620675886,1,0.05496833845973015,0.09936577081680298,0.0443975105881691,0.06976743042469025,0.03,0.024,gap_take_profit,1,0,44,2025-12-01
2025-12-17,2313,94.9000015258789,0.49180856977762927,0,0.01159113273024559,0.03371967375278473,-0.04952586442232132,-0.03688092529773712,-0.02,-0.026000000000000002,ambiguous_stop_loss,1,1,44,2025-12-01
2025-12-17,6823,84.9000015258789,0.48840998496909166,1,-0.034157849848270416,0.05064776539802551,-0.034157849848270416,0.0070671197026968,-0.034157849848270416,-0.040157849848270415,gap_stop,1,1,44,2025-12-01
2025-12-17,3624,54.20000076293945,0.4793355738137719,0,0.001844990300014615,0.02214023470878601,-0.031365327537059784,-0.031365327537059784,-0.02,-0.026000000000000002,stop_loss,0,1,44,2025-12-01
2025-12-17,3550,13.800000190734863,0.47479999394608896,0,0.018115941435098648,0.036231882870197296,-0.043478287756443024,-0.03985508531332016,-0.02,-0.026000000000000002,ambiguous_stop_loss,1,1,44,2025-12-01
2025-12-17,4967,145.0,0.47222417477990836,0,0.027586206793785095,0.037931036204099655,-0.0517241396009922,-0.0517241396009922,-0.02,-0.026000000000000002,ambiguous_stop_loss,1,1,44,2025-12-01
2025-12-17,6155,45.29999923706055,0.4706260680772709,0,-0.0011037358781322837,0.025386348366737366,-0.04304637387394905,-0.03642379119992256,-0.02,-0.026000000000000002,stop_loss,0,1,44,2025-12-01
2025-12-17,6182,31.5,0.46882185362501994,0,0.0031746153254061937,0.04603176936507225,-0.04126981645822525,-0.01746029406785965,-0.02,-0.026000000000000002,ambiguous_stop_loss,1,1,44,2025-12-01
2025-12-17,6148,44.0,0.46775645865340626,0,0.012499982491135597,0.012499982491135597,-0.06931816786527634,-0.06931816786527634,-0.02,-0.026000000000000002,stop_loss,0,1,44,2025-12-01
2025-12-17,3499,16.700000762939453,0.4631463840617688,1,-0.02994011901319027,0.023952072486281395,-0.06886230409145355,0.011975978501141071,-0.02994011901319027,-0.03594011901319027,gap_stop,0,1,44,2025-12-01
2025-12-17,5388,80.0999984741211,0.44818471505384866,1,0.00873913336545229,0.012484394945204258,-0.001248420448973775,0.00749061768874526,0.00749061768874526,0.0014906176887452601,close,0,0,44,2025-12-01
2025-12-17,6757,66.19999694824219,0.446232456354207,1,0.003021217416971922,0.027190379798412323,-0.02870081551373005,0.00755287054926157,-0.02,-0.026000000000000002,stop_loss,0,1,44,2025-12-01
2025-12-17,9941,90.69999694824219,0.44494503404819324,1,0.002205122262239456,0.01984567940235138,-0.0022050379775464535,0.00992283970117569,0.00992283970117569,0.00392283970117569,close,0,0,44,2025-12-01
2025-12-17,3707,52.79999923706055,0.4438961984872271,0,0.0037878933362662792,0.0056818039156496525,-0.04356059059500694,-0.04166668280959129,-0.02,-0.026000000000000002,stop_loss,0,1,44,2025-12-01
2025-12-18,3023,200.0,0.7662784193445153,0,0.009999999776482582,0.017500000074505806,-0.0024999999441206455,0.0,0.0,-0.006,close,0,0,44,2025-12-01
2025-12-18,2357,554.0,0.7656338890136558,0,0.003610108280554414,0.018050542101264,-0.007220216561108828,-0.007220216561108828,-0.007220216561108828,-0.013220216561108828,close,0,0,44,2025-12-01
2025-12-18,2439,95.5,0.7651452635765811,1,0.010471204295754433,0.012565413489937782,-0.006282706744968891,0.012565413489937782,0.012565413489937782,0.006565413489937782,close,0,0,44,2025-12-01
2025-12-18,3032,75.5999984741211,0.7596307542459992,1,0.005291025619953871,0.018518539145588875,0.0,0.015873076394200325,0.015873076394200325,0.009873076394200325,close,0,0,44,2025-12-01
2025-12-18,6207,45.849998474121094,0.7570898706367254,1,0.009814630262553692,0.018538763746619225,0.0,0.008724133484065533,0.008724133484065533,0.0027241334840655326,close,0,0,44,2025-12-01
2025-12-18,4966,561.0,0.7552848435440201,0,0.01247771829366684,0.01604278013110161,-0.007130124606192112,-0.005347593687474728,-0.005347593687474728,-0.011347593687474728,close,0,0,44,2025-12-01
2025-12-18,3628,67.19999694824219,0.7551124310601864,1,0.01488095335662365,0.01934528350830078,0.0029762587510049343,0.004464331548660994,0.004464331548660994,-0.0015356684513390065,close,0,0,44,2025-12-01
2025-12-18,6533,243.5,0.754525580729664,0,0.00821355264633894,0.01642710529267788,0.0,0.0,0.0,-0.006,close,0,0,44,2025-12-01
2025-12-18,3704,31.5,0.7544185220489921,1,0.007936508394777775,0.02222224697470665,0.007936508394777775,0.014285738579928875,0.014285738579928875,0.008285738579928875,close,0,0,44,2025-12-01
2025-12-18,6526,426.0,0.7542496110034159,1,0.019953051581978798,0.04460093751549721,0.012910798192024231,0.0410798117518425,0.03,0.024,take_profit,1,0,44,2025-12-01
2025-12-18,3532,90.0999984741211,0.7534053068170149,1,0.03218647837638855,0.05660375580191612,0.016648169606924057,0.019977835938334465,0.03,0.024,gap_take_profit,1,0,44,2025-12-01
2025-12-18,2382,260.0,0.7533246881957729,1,0.009615384973585606,0.01923076994717121,0.005769230891019106,0.01923076994717121,0.01923076994717121,0.013230769947171211,close,0,0,44,2025-12-01
2025-12-18,6221,31.100000381469727,0.7510082499510742,1,0.0064308312721550465,0.030546586960554123,0.0064308312721550465,0.028938893228769302,0.03,0.024,take_profit,1,0,44,2025-12-01
2025-12-18,3481,12.399999618530273,0.7503539957167995,1,0.008064547553658485,0.04032258316874504,-0.00403219647705555,0.02419356442987919,0.03,0.024,take_profit,1,0,44,2025-12-01
2025-12-18,4938,68.30000305175781,0.7495419182476353,1,0.00146410649176687,0.03074668161571026,0.00146410649176687,0.03074668161571026,0.03,0.024,take_profit,1,0,44,2025-12-01
2025-12-18,3605,59.599998474121094,0.7490678953651954,1,0.008389261551201344,0.016778523102402687,0.00503360852599144,0.016778523102402687,0.016778523102402687,0.010778523102402687,close,0,0,44,2025-12-01
2025-12-18,6485,66.19999694824219,0.7480941822846227,1,0.024169277399778366,0.03927501663565636,0.012084638699889183,0.025679828599095345,0.03,0.024,take_profit,1,0,44,2025-12-01
2025-12-18,1723,68.0,0.7469498316918315,0,-0.007352941203862429,0.004411809612065554,-0.007352941203862429,-0.002941131591796875,-0.002941131591796875,-0.008941131591796875,close,0,0,44,2025-12-01
2025-12-18,5392,44.04999923706055,0.7467731779258362,1,0.014755994081497192,0.026106731966137886,0.004540312569588423,0.017026107758283615,0.017026107758283615,0.011026107758283615,close,0,0,44,2025-12-01
2025-12-18,6491,278.0,0.7467467682660224,1,0.0017985611921176314,0.016187049448490143,0.0017985611921176314,0.012589927762746811,0.012589927762746811,0.006589927762746811,close,0,0,44,2025-12-01
2025-12-19,3702,59.20000076293945,0.7153669641929559,0,0.013513500802218914,0.018581055104732513,-0.0033783912658691406,-0.0033783912658691406,-0.0033783912658691406,-0.00937839126586914,close,0,0,44,2025-12-01
2025-12-19,2330,1430.0,0.712398677437934,1,0.024475524201989174,0.0279720276594162,0.017482517287135124,0.024475524201989174,0.024475524201989174,0.018475524201989175,close,0,0,44,2025-12-01
2025-12-19,6021,24.700000762939453,0.7116923738195378,1,0.01214571762830019,0.01214571762830019,0.0,0.0020242605824023485,0.0020242605824023485,-0.003975739417597652,close,0,0,44,2025-12-01
2025-12-19,8937,148.5,0.711685716586024,1,0.010101010091602802,0.020202020183205605,0.0,0.020202020183205605,0.020202020183205605,0.014202020183205604,close,0,0,44,2025-12-01
2025-12-19,4128,19.049999237060547,0.7115044916885409,1,0.010498727671802044,0.023622088134288788,0.005249363835901022,0.005249363835901022,0.005249363835901022,-0.0007506361640989782,close,0,0,44,2025-12-01
2025-12-19,2379,497.0,0.7111410533226964,0,0.006036217324435711,0.008048289455473423,-0.01006036251783371,-0.01006036251783371,-0.01006036251783371,-0.016060362517833708,close,0,0,44,2025-12-01
2025-12-19,4121,15.0,0.7106960347529839,0,0.0066666919738054276,0.0066666919738054276,-0.0033333459869027138,-0.0033333459869027138,-0.0033333459869027138,-0.009333345986902714,close,0,0,44,2025-12-01
2025-12-19,4927,34.54999923706055,0.7104990147181851,0,0.021707670763134956,0.06512301415205002,-0.010130202397704124,-0.007235890254378319,0.03,0.024,take_profit,1,0,44,2025-12-01
2025-12-19,6470,42.900001525878906,0.7101171593468422,1,0.005827505607157946,0.005827505607157946,0.0,0.0023309667594730854,0.0023309667594730854,-0.0036690332405269147,close,0,0,44,2025-12-01
2025-12-19,6446,494.5,0.7087329695401677,1,0.005055611953139305,0.011122345924377441,0.0010111223673447967,0.005055611953139305,0.005055611953139305,-0.000944388046860695,close,0,0,44,2025-12-01
2025-12-19,2428,174.5,0.7082268789822498,1,0.011461318470537663,0.025787966325879097,0.008595988154411316,0.020057305693626404,0.020057305693626404,0.014057305693626404,close,0,0,44,2025-12-01
2025-12-19,6170,49.54999923706055,0.7079666959926745,1,0.005045408848673105,0.0080726845189929,0.0,0.00403634225949645,0.00403634225949645,-0.0019636577405035497,close,0,0,44,2025-12-01
2025-12-19,2231,90.80000305175781,0.707790124259675,1,0.004405219107866287,0.03964756056666374,0.004405219107866287,0.03964756056666374,0.03,0.024,take_profit,1,0,44,2025-12-01
2025-12-19,3526,242.0,0.707040580852893,1,0.00826446246355772,0.020661156624555588,0.00206611561588943,0.014462810009717941,0.014462810009717941,0.008462810009717941,close,0,0,44,2025-12-01
2025-12-19,6237,41.099998474121094,0.7061573267382615,1,0.009732397273182869,0.024330900982022285,0.009732397273182869,0.017031649127602577,0.017031649127602577,0.011031649127602577,close,0,0,44,2025-12-01
2025-12-19,2357,550.0,0.70562291702037,0,0.00909090880304575,0.02181818149983883,0.0,0.0,0.0,-0.006,close,0,0,44,2025-12-01
2025-12-19,8091,114.0,0.7047620369393526,1,0.008771929889917374,0.01315789483487606,-0.008771929889917374,0.004385964944958687,0.004385964944958687,-0.0016140350550413133,close,0,0,44,2025-12-01
2025-12-19,3653,2630.0,0.7045108361760101,1,0.013307984918355942,0.02471482940018177,-0.0019011406693607569,0.005703422240912914,0.005703422240912914,-0.00029657775908708585,close,0,0,44,2025-12-01
2025-12-19,1515,27.899999618530273,0.7043692439378336,1,0.017921147868037224,0.021505391225218773,0.0017921557882800698,0.0035842431243509054,0.0035842431243509054,-0.0024157568756490947,close,0,0,44,2025-12-01
2025-12-19,6418,46.29999923706055,0.7043648190401313,1,0.0010798971634358168,0.03239740803837776,-0.0021597943268716335,0.02051837556064129,0.03,0.024,take_profit,1,0,44,2025-12-01
2025-12-22,3702,59.0,0.7202181587558956,0,0.005084733013063669,0.010169466026127338,-0.013559308834373951,-0.013559308834373951,-0.013559308834373951,-0.01955930883437395,close,0,0,44,2025-12-01
2025-12-22,5457,40.70000076293945,0.7200317260768733,1,0.011056529358029366,0.011056529358029366,-0.011056529358029366,0.0036854473873972893,0.0036854473873972893,-0.002314552612602711,close,0,0,44,2025-12-01
2025-12-22,8927,23.549999237060547,0.7130601993557355,0,0.004246301017701626,0.008492602035403252,-0.00849252101033926,-0.006369410548359156,-0.006369410548359156,-0.012369410548359156,close,0,0,44,2025-12-01
2025-12-22,2357,550.0,0.7110158820499372,0,0.003636363660916686,0.00909090880304575,-0.007272727321833372,-0.007272727321833372,-0.007272727321833372,-0.013272727321833372,close,0,0,44,2025-12-01
2025-12-22,2912,221.5,0.7108391850755809,0,0.0,0.020316027104854584,0.0,0.0,0.0,-0.006,close,0,0,44,2025-12-01
2025-12-22,1587,56.79999923706055,0.7098603916860317,0,0.0,0.03873240947723389,-0.04753522574901581,-0.019366171211004257,-0.02,-0.026000000000000002,ambiguous_stop_loss,1,1,44,2025-12-01
2025-12-22,6419,82.19999694824219,0.7080410947905168,1,0.09854022413492203,0.09975674748420715,0.021897848695516586,0.021897848695516586,0.03,0.024,gap_take_profit,1,0,44,2025-12-01
2025-12-22,2211,103.0,0.7076531417592448,0,0.004854368977248669,0.009708737954497337,-0.009708737954497337,-0.009708737954497337,-0.009708737954497337,-0.015708737954497336,close,0,0,44,2025-12-01
2025-12-22,2061,18.25,0.7073813081740398,1,0.013698630034923553,0.01643831469118595,-0.01095894630998373,0.0027396841906011105,0.0027396841906011105,-0.0032603158093988897,close,0,0,44,2025-12-01
2025-12-22,6218,23.899999618530273,0.7071959167412387,1,0.006276134867221117,0.09832637757062912,0.006276134867221117,0.09832637757062912,0.03,0.024,take_profit,1,0,44,2025-12-01
2025-12-22,6443,24.850000381469727,0.7056048975238768,1,0.00603620195761323,0.08249493688344955,0.00603620195761323,0.07847077399492264,0.03,0.024,take_profit,1,0,44,2025-12-01
2025-12-22,3587,193.0,0.7054572660022103,0,0.0,0.0025906735099852085,-0.02849740907549858,-0.02331606298685074,-0.02,-0.026000000000000002,stop_loss,0,1,44,2025-12-01
2025-12-22,1736,145.5,0.7051747547751671,0,0.006872852332890034,0.010309278033673763,-0.006872852332890034,0.0,0.0,-0.006,close,0,0,44,2025-12-01
2025-12-22,5258,71.69999694824219,0.7045704336604741,0,0.0013947853585705161,0.012552322819828987,-0.008368180133402348,-0.005578715819865465,-0.005578715819865465,-0.011578715819865465,close,0,0,44,2025-12-01
2025-12-22,6877,84.69999694824219,0.7043791641364394,1,0.003541948739439249,0.015348324552178383,0.001180709688924253,0.001180709688924253,0.001180709688924253,-0.004819290311075747,close,0,0,44,2025-12-01
2025-12-22,1215,135.5,0.7041150091984372,0,0.0036900369450449944,0.018450183793902397,-0.011070110835134983,0.0,0.0,-0.006,close,0,0,44,2025-12-01
2025-12-22,6533,244.5,0.7040065058241584,0,0.002044989727437496,0.014314928092062473,-0.01635991781949997,-0.01635991781949997,-0.01635991781949997,-0.022359917819499968,close,0,0,44,2025-12-01
2025-12-22,2108,22.5,0.703239763720192,1,0.0022221882827579975,0.0066666495986282825,0.0,0.0022221882827579975,0.0022221882827579975,-0.0037778117172420026,close,0,0,44,2025-12-01
2025-12-22,4563,42.599998474121094,0.7031163280608417,1,0.004694853909313679,0.014084561727941036,0.002347471658140421,0.00352116278372705,0.00352116278372705,-0.0024788372162729503,close,0,0,44,2025-12-01
2025-12-22,5498,40.54999923706055,0.7027637014514697,1,0.07274971157312393,0.09371145069599152,0.020961832255125046,0.04562274366617203,0.03,0.024,gap_take_profit,1,0,44,2025-12-01
2025-12-23,6218,26.25,0.6665107201126115,0,-0.00571427121758461,0.02095235139131546,-0.03999996930360794,-0.02285715751349926,-0.02,-0.026000000000000002,stop_loss,0,1,44,2025-12-01
2025-12-23,1735,19.399999618530273,0.6570009392008485,0,0.015463977120816708,0.020618537440896034,-0.06701026856899261,-0.030927855521440506,-0.02,-0.026000000000000002,stop_loss,0,1,44,2025-12-01
2025-12-23,4991,232.5,0.655277169872494,0,-0.02150537632405758,0.02150537632405758,-0.032258063554763794,-0.0021505376789718866,-0.02150537632405758,-0.027505376324057577,gap_stop,0,1,44,2025-12-01
2025-12-23,3701,44.29999923706055,0.6471409462233618,1,0.025959402322769165,0.0993228331208229,0.025959402322769165,0.0993228331208229,0.03,0.024,take_profit,1,0,44,2025-12-01
2025-12-23,1785,69.30000305175781,0.6343272667581962,1,-0.0028860687743872404,0.01010096538811922,-0.0331890769302845,0.01010096538811922,-0.02,-0.026000000000000002,stop_loss,0,1,44,2025-12-01
2025-12-23,3576,9.109999656677246,0.6331457032129525,1,0.039517082273960114,0.07464328408241272,-0.01207460556179285,0.02634475752711296,0.03,0.024,gap_take_profit,1,0,44,2025-12-01
2025-12-23,4979,291.5,0.6285933247122197,1,0.0,0.030874785035848618,-0.036020584404468536,0.01029159501194954,-0.02,-0.026000000000000002,ambiguous_stop_loss,1,1,44,2025-12-01
2025-12-23,4909,56.900001525878906,0.6215293891402417,1,0.01933213509619236,0.08084355294704437,0.01933213509619236,0.050966568291187286,0.03,0.024,take_profit,1,0,44,2025-12-01
2025-12-23,3354,25.0,0.620997613085087,1,0.02599998563528061,0.10000000149011612,0.0,0.031999967992305756,0.03,0.024,take_profit,1,0,44,2025-12-01
2025-12-23,8431,69.9000015258789,0.6189213380828276,0,0.0071530756540596485,0.014306151308119297,-0.047210343182086945,-0.008583668619394302,-0.02,-0.026000000000000002,stop_loss,0,1,44,2025-12-01
2025-12-23,6244,23.200000762939453,0.6170002110686562,0,0.038793087005615234,0.056034449487924576,-0.045258667320013046,-0.023706944659352303,0.03,0.024,gap_take_profit,1,1,44,2025-12-01
2025-12-23,6243,38.70000076293945,0.615223187338353,0,0.020671814680099487,0.032299742102622986,-0.0258397925645113,-0.0258397925645113,-0.02,-0.026000000000000002,ambiguous_stop_loss,1,1,44,2025-12-01
2025-12-23,3499,17.700000762939453,0.6131416636656548,1,0.011299369856715202,0.09887005388736725,0.011299369856715202,0.09887005388736725,0.03,0.024,take_profit,1,0,44,2025-12-01
2025-12-23,6517,66.80000305175781,0.6091962771848702,1,-0.011976093053817749,0.013472962193191051,-0.02844313532114029,0.00898201297968626,-0.02,-0.026000000000000002,stop_loss,0,1,44,2025-12-01
2025-12-23,1727,47.70000076293945,0.6085970838043243,0,0.02725365199148655,0.04088051989674568,-0.09643610566854477,-0.0691823735833168,-0.02,-0.026000000000000002,ambiguous_stop_loss,1,1,44,2025-12-01
2025-12-23,3444,59.400001525878906,0.5996027523797142,1,0.03872052580118179,0.07744105160236359,0.015151476487517357,0.03703698515892029,0.03,0.024,gap_take_profit,1,0,44,2025-12-01
2025-12-23,3339,26.75,0.5969679428575088,1,0.08224301785230637,0.09532707184553146,0.001869130413979292,0.005607462488114834,0.03,0.024,gap_take_profit,1,0,44,2025-12-01
2025-12-23,3543,44.849998474121094,0.5771984700854822,0,-0.00891856662929058,0.07915280014276505,-0.022296544164419174,-0.02118164859712124,-0.02,-0.026000000000000002,ambiguous_stop_loss,1,1,44,2025-12-01
2025-12-23,2413,37.0,0.5769711969995738,1,0.03378378227353096,0.0810810774564743,-0.02297293208539486,0.04594596475362778,0.03,0.024,gap_take_profit,1,1,44,2025-12-01
2025-12-23,6163,56.900001525878906,0.5757895688699223,0,-0.010544855147600174,-0.010544855147600174,-0.07732867449522018,-0.017574692144989967,-0.02,-0.026000000000000002,stop_loss,0,1,44,2025-12-01
2025-12-24,3701,48.70000076293945,0.7051523145495984,1,0.0010266783647239208,0.08624231070280075,-0.03901440277695656,0.07392194122076035,-0.02,-0.026000000000000002,ambiguous_stop_loss,1,1,44,2025-12-01
2025-12-24,3092,18.200000762939453,0.6752681888029181,1,0.06593400239944458,0.09890105575323105,0.0576922632753849,0.09890105575323105,0.03,0.024,gap_take_profit,1,0,44,2025-12-01
2025-12-24,4768,350.0,0.6591034501179203,1,0.0,0.10000000149011612,0.0,0.09428571164608002,0.03,0.024,take_profit,1,0,44,2025-12-01
2025-12-24,3260,223.5,0.6564956020486669,0,0.00671140942722559,0.04250559210777283,-0.020134227350354195,-0.008948545902967453,-0.02,-0.026000000000000002,ambiguous_stop_loss,1,1,44,2025-12-01
2025-12-24,1528,18.25,0.6534527200751881,1,0.06849315017461777,0.09863009303808212,0.06849315017461777,0.09863009303808212,0.03,0.024,gap_take_profit,1,0,44,2025-12-01
2025-12-24,3006,96.4000015258789,0.6494606006555845,1,0.018672151491045952,0.09958504140377045,0.01659749448299408,0.0892115980386734,0.03,0.024,take_profit,1,0,44,2025-12-01
2025-12-24,3135,69.80000305175781,0.6464403125000878,1,0.0716332346200943,0.09885377436876297,0.07020048052072525,0.09885377436876297,0.03,0.024,gap_take_profit,1,0,44,2025-12-01
2025-12-24,3499,19.450000762939453,0.6392642496467085,1,0.06940866261720657,0.0745500698685646,0.0,0.0385604090988636,0.03,0.024,gap_take_profit,1,0,44,2025-12-01
2025-12-24,1784,111.0,0.6380411679491103,1,0.0,0.054054055362939835,-0.018018018454313278,0.022522522136569023,0.03,0.024,take_profit,1,0,44,2025-12-01
2025-12-24,6541,57.900001525878906,0.623441458618973,1,0.001727089285850525,0.015544001944363117,-0.01554406713694334,0.001727089285850525,0.001727089285850525,-0.004272910714149475,close,0,0,44,2025-12-01
2025-12-24,6423,80.30000305175781,0.6206479305895065,1,0.033623870462179184,0.09713567793369293,0.029887843877077103,0.07596510648727417,0.03,0.024,gap_take_profit,1,0,44,2025-12-01
2025-12-24,6205,44.0,0.6202372667587285,1,0.10000003129243851,0.10000003129243851,0.10000003129243851,0.10000003129243851,0.03,0.024,gap_take_profit,1,0,44,2025-12-01
2025-12-24,1477,297.0,0.6110880553206484,0,0.006734006572514772,0.01515151560306549,-0.008417508564889431,-0.008417508564889431,-0.008417508564889431,-0.014417508564889431,close,0,0,44,2025-12-01
2025-12-24,2355,32.04999923706055,0.6085591117500067,0,0.00468023493885994,0.0078003122471272945,-0.014040526002645493,-0.004680175334215164,-0.004680175334215164,-0.010680175334215164,close,0,0,44,2025-12-01
2025-12-24,1101,22.600000381469727,0.6075276588316119,1,0.0,0.013274302706122398,-0.004424795508384705,0.008849507197737694,0.008849507197737694,0.0028495071977376937,close,0,0,44,2025-12-01
2025-12-24,2020,23.399999618530273,0.6070855326835677,1,0.0,0.010683760978281498,-0.004273520782589912,0.010683760978281498,0.010683760978281498,0.004683760978281498,close,0,0,44,2025-12-01
2025-12-24,5213,24.5,0.6062624619520305,0,0.0,0.0,-0.010204081423580647,-0.010204081423580647,-0.010204081423580647,-0.016204081423580645,close,0,0,44,2025-12-01
2025-12-24,2915,55.70000076293945,0.6058194136700417,0,0.005385982804000378,0.005385982804000378,-0.005385982804000378,0.0,0.0,-0.006,close,0,0,44,2025-12-01
2025-12-24,5443,86.19999694824219,0.6026979131350038,0,0.0034803140442818403,0.019721630960702896,-0.0104407649487257,-0.0104407649487257,-0.0104407649487257,-0.0164407649487257,close,0,0,44,2025-12-01
2025-12-24,8044,29.25,0.6022187376160786,0,0.0,0.0034188164863735437,-0.0068376329727470875,-0.0017093756468966603,-0.0017093756468966603,-0.0077093756468966605,close,0,0,44,2025-12-01
2025-12-26,6205,48.400001525878906,0.7474739037045698,1,0.09917353838682175,0.09917353838682175,0.09917353838682175,0.09917353838682175,0.03,0.024,gap_take_profit,1,0,44,2025-12-01
2025-12-26,1528,20.049999237060547,0.6929604976903877,1,0.06234414130449295,0.09975063055753708,0.03740648552775383,0.09975063055753708,0.03,0.024,gap_take_profit,1,0,44,2025-12-01
2025-12-26,3444,67.69999694824219,0.6751298571964333,1,0.047267425805330276,0.0989660993218422,0.047267425805330276,0.07976368814706802,0.03,0.024,gap_take_profit,1,0,44,2025-12-01
2025-12-26,3092,20.0,0.671813979833854,1,0.07500000298023224,0.10000000149011612,0.05500001832842827,0.10000000149011612,0.03,0.024,gap_take_profit,1,0,44,2025-12-01
2025-12-26,5498,46.5,0.667294886115288,1,0.06559138000011444,0.09892469644546509,0.04408600553870201,0.09892469644546509,0.03,0.024,gap_take_profit,1,0,44,2025-12-01
2025-12-26,3135,76.69999694824219,0.6600018847591191,1,0.06388528645038605,0.08996091037988663,0.005215143784880638,0.005215143784880638,0.03,0.024,gap_take_profit,1,0,44,2025-12-01
2025-12-26,2413,42.54999923706055,0.6592422623591794,1,0.05757933855056763,0.09988249093294144,0.0023502300027757883,0.09988249093294144,0.03,0.024,gap_take_profit,1,0,44,2025-12-01
2025-12-26,7751,754.0,0.6587470557469587,1,0.01989389955997467,0.04774535819888115,-0.014588859863579273,0.011936339549720287,0.03,0.024,take_profit,1,0,44,2025-12-01
2025-12-26,6265,24.200000762939453,0.6560964484570176,1,0.05371897667646408,0.09917353838682175,0.04752064496278763,0.09917353838682175,0.03,0.024,gap_take_profit,1,0,44,2025-12-01
2025-12-26,2329,56.599998474121094,0.6414319761248362,0,0.02473500929772854,0.042402856051921844,-0.040636029094457626,-0.010600680485367775,-0.02,-0.026000000000000002,ambiguous_stop_loss,1,1,44,2025-12-01
2025-12-26,8074,50.5,0.6346519589541539,1,0.029702970758080482,0.09900990128517151,0.009900989942252636,0.05544552952051163,0.03,0.024,take_profit,1,0,44,2025-12-01
2025-12-26,6515,2895.0,0.6338509975697061,0,0.0,0.036269430071115494,-0.04663212597370148,-0.041450776159763336,-0.02,-0.026000000000000002,ambiguous_stop_loss,1,1,44,2025-12-01
2025-12-26,2009,49.5,0.627311784900439,1,0.06060606241226196,0.09898992627859116,0.05656564235687256,0.09898992627859116,0.03,0.024,gap_take_profit,1,0,44,2025-12-01
2025-12-26,6658,54.79999923706055,0.6268208324656114,1,0.04014600068330765,0.09854017198085785,0.04014600068330765,0.09854017198085785,0.03,0.024,gap_take_profit,1,0,44,2025-12-01
2025-12-26,6485,79.19999694824219,0.6258455088092353,0,0.03535357490181923,0.04419191926717758,-0.015151477418839931,-0.015151477418839931,0.03,0.024,gap_take_profit,1,0,44,2025-12-01
2025-12-26,3354,28.350000381469727,0.6131577525131011,1,0.05291005223989487,0.09876540303230286,0.015872975811362267,0.09876540303230286,0.03,0.024,gap_take_profit,1,0,44,2025-12-01
2025-12-26,6763,55.868045806884766,0.608367339537604,1,0.0017606123583391309,0.015845106914639473,8.591460876061774e-09,0.0017606123583391309,0.0017606123583391309,-0.004239387641660869,close,0,0,44,2025-12-01
2025-12-26,6461,16.149999618530273,0.5996004692102772,1,0.009287902154028416,0.027863824740052223,-0.02167179249227047,0.021671850234270096,-0.02,-0.026000000000000002,stop_loss,0,1,44,2025-12-01
2025-12-26,3526,247.0,0.5970738558682993,0,0.0,0.004048583097755909,-0.012145749293267727,-0.012145749293267727,-0.012145749293267727,-0.018145749293267725,close,0,0,44,2025-12-01
2025-12-26,3029,110.5,0.5964904457274514,1,0.022624434903264046,0.06334841996431351,0.022624434903264046,0.03619909659028053,0.03,0.024,take_profit,1,0,44,2025-12-01
2025-12-29,8068,24.299999237060547,0.7006960131905297,1,0.047325167804956436,0.09876549988985062,0.0,0.09876549988985062,0.03,0.024,gap_take_profit,1,0,44,2025-12-01
2025-12-29,6205,53.20000076293945,0.6665206461328428,1,0.08082704991102219,0.09962404519319534,0.07518796622753143,0.09962404519319534,0.03,0.024,gap_take_profit,1,0,44,2025-12-01
2025-12-29,3054,30.5,0.6516033172702194,1,0.04098360612988472,0.04590162634849548,-0.006557402200996876,0.04262292757630348,0.03,0.024,gap_take_profit,1,0,44,2025-12-01
2025-12-29,6233,24.0,0.6460344174905917,0,0.008333365432918072,0.07499996572732925,-0.02083333395421505,-0.02083333395421505,-0.02,-0.026000000000000002,ambiguous_stop_loss,1,1,44,2025-12-01
2025-12-29,2497,54.900001525878906,0.6310850205336787,0,0.0,0.0,0.0,0.0,0.0,-0.006,close,0,0,44,2025-12-01
2025-12-29,6248,20.700000762939453,0.6281874980385103,1,0.01690813899040222,0.06280189007520676,0.00966177973896265,0.00966177973896265,0.03,0.024,take_profit,1,0,44,2025-12-01
2025-12-29,1528,22.049999237060547,0.6249369399123206,1,0.018140658736228943,0.07256238162517548,-0.015872947871685028,0.04761910066008568,0.03,0.024,take_profit,1,0,44,2025-12-01
2025-12-29,3092,22.0,0.612904524972189,1,0.05909087508916855,0.10000003129243851,0.022727273404598236,0.10000003129243851,0.03,0.024,gap_take_profit,1,0,44,2025-12-01
2025-12-29,5452,26.700000762939453,0.6070115918885891,1,0.03183514624834061,0.04681647941470146,-0.011235998012125492,0.014981258660554886,0.03,0.024,gap_take_profit,1,0,44,2025-12-01
2025-12-29,6265,26.600000381469727,0.6044109888095386,1,0.05639097839593887,0.09962404519319534,0.011278166435658932,0.09962404519319534,0.03,0.024,gap_take_profit,1,0,44,2025-12-01
2025-12-29,2009,54.400001525878906,0.6032084194425501,0,-0.06433823704719543,-0.051470641046762466,-0.0992647334933281,-0.08823534846305847,-0.06433823704719543,-0.07033823704719544,gap_stop,0,1,44,2025-12-01
2025-12-29,1721,15.300000190734863,0.6000827604053589,1,0.09803915023803711,0.09803915023803711,0.09803915023803711,0.09803915023803711,0.03,0.024,gap_take_profit,1,0,44,2025-12-01
2025-12-29,3663,57.599998474121094,0.5970754054723493,0,0.003472235519438982,0.04166669398546219,-0.041666626930236816,-0.0017360846977680922,-0.02,-0.026000000000000002,ambiguous_stop_loss,1,1,44,2025-12-01
2025-12-29,5475,102.0,0.5957298370361244,0,-0.019607843831181526,-0.014705882407724857,-0.053921569138765335,-0.04509802535176277,-0.02,-0.026000000000000002,stop_loss,0,1,44,2025-12-01
2025-12-29,8438,34.650001525878906,0.5897169461749793,1,0.08513699471950531,0.0995670035481453,0.0692640021443367,0.0995670035481453,0.03,0.024,gap_take_profit,1,0,44,2025-12-01
2025-12-29,4989,52.5,0.5760860813272519,0,0.007619076874107122,0.02666669525206089,-0.03999996930360794,-0.02285715751349926,-0.02,-0.026000000000000002,stop_loss,0,1,44,2025-12-01
2025-12-29,5340,73.80000305175781,0.572765490332944,0,0.006775067653506994,0.012195038609206676,-0.060975607484579086,-0.04471548646688461,-0.02,-0.026000000000000002,stop_loss,0,1,44,2025-12-01
2025-12-29,6698,31.350000381469727,0.5723960401562413,0,0.02073363959789276,0.02392338402569294,-0.04944182187318802,-0.017543895170092583,-0.02,-0.026000000000000002,stop_loss,0,1,44,2025-12-01
2025-12-29,3228,123.0,0.569929516365495,0,0.0,0.0,-0.03252032399177551,0.0,-0.02,-0.026000000000000002,stop_loss,0,1,44,2025-12-01
2025-12-29,3481,14.850000381469727,0.5632855413115762,1,0.030303016304969788,0.09764301776885986,0.0033669518306851387,0.09764301776885986,0.03,0.024,gap_take_profit,1,0,44,2025-12-01
2025-12-30,1721,16.799999237060547,0.7343286345290225,0,0.06845247745513916,0.07142861932516098,-0.02380950190126896,-0.017857098951935768,0.03,0.024,gap_take_profit,1,1,44,2025-12-01
2025-12-30,3308,18.299999237060547,0.7289265186825817,1,0.0928962230682373,0.09836072474718094,0.027322405949234962,0.09836072474718094,0.03,0.024,gap_take_profit,1,0,44,2025-12-01
2025-12-30,3135,84.80000305175781,0.7108795659054523,1,0.0613207183778286,0.09905652701854706,0.02122635953128338,0.05070749297738075,0.03,0.024,gap_take_profit,1,0,44,2025-12-01
2025-12-30,6205,58.5,0.6991464528218737,1,0.0735042616724968,0.08547008782625198,0.011965825222432613,0.05982905998826027,0.03,0.024,gap_take_profit,1,0,44,2025-12-01
2025-12-30,5351,49.04999923706055,0.6983579684067323,1,0.0234454944729805,0.06829770654439926,0.006116192322224379,0.03567788004875183,0.03,0.024,take_profit,1,0,44,2025-12-01
2025-12-30,6265,29.25,0.6977003141243224,1,0.05299142748117447,0.09914535284042358,0.017094017937779427,0.09914535284042358,0.03,0.024,gap_take_profit,1,0,44,2025-12-01
2025-12-30,8438,38.099998474121094,0.6842513908109588,1,0.09317594021558762,0.09973761439323425,0.055118173360824585,0.09973761439323425,0.03,0.024,gap_take_profit,1,0,44,2025-12-01
2025-12-30,3219,69.0,0.6661443405851764,1,0.014492753893136978,0.10000002384185791,0.00289850658737123,0.10000002384185791,0.03,0.024,take_profit,1,0,44,2025-12-01
2025-12-30,8068,26.700000762939453,0.6537080551309263,1,0.04494377598166466,0.0973782166838646,0.013108557090163231,0.0823969617486,0.03,0.024,gap_take_profit,1,0,44,2025-12-01
2025-12-30,1595,44.900001525878906,0.6388958924814669,0,0.0846324935555458,0.0846324935555458,-0.04677065089344978,-0.03897549957036972,0.03,0.024,gap_take_profit,1,1,44,2025-12-01
2025-12-30,7728,502.0,0.6351192147387948,1,0.07569721341133118,0.09960159659385681,0.0657370537519455,0.09960159659385681,0.03,0.024,gap_take_profit,1,0,44,2025-12-01
2025-12-30,3092,24.200000762939453,0.6315857626434143,1,0.03305782005190849,0.09504128992557526,0.008264414966106415,0.05785122141242027,0.03,0.024,gap_take_profit,1,0,44,2025-12-01
2025-12-30,6425,87.80000305175781,0.6221830786924,0,-0.0022779563441872597,0.019362151622772217,-0.03189069405198097,-0.030751759186387062,-0.02,-0.026000000000000002,stop_loss,0,1,44,2025-12-01
2025-12-30,3673,41.0,0.6208222957064136,0,0.00731705455109477,0.013414615765213966,-0.017073189839720726,-0.01463410910218954,-0.01463410910218954,-0.02063410910218954,close,0,0,44,2025-12-01
2025-12-30,1725,26.799999237060547,0.6161118254130442,0,0.0,0.0018657144391909242,-0.007462644018232822,-0.007462644018232822,-0.007462644018232822,-0.013462644018232823,close,0,0,44,2025-12-01
2025-12-30,6727,173.5,0.6154743149030609,1,0.0,0.06340057402849197,0.0,0.03458213433623314,0.03,0.024,take_profit,1,0,44,2025-12-01
2025-12-30,3008,2470.0,0.6142779888231842,1,0.008097166195511818,0.02024291455745697,-0.012145749293267727,0.010121457278728485,0.010121457278728485,0.004121457278728485,close,0,0,44,2025-12-01
2025-12-30,6129,14.100000381469727,0.6106528708565633,0,-0.00709222536534071,0.0,-0.021276608109474182,-0.00709222536534071,-0.02,-0.026000000000000002,stop_loss,0,1,44,2025-12-01
2025-12-30,2404,908.0,0.6097148128071934,1,0.013215859420597553,0.053964756429195404,0.0011013215407729149,0.045154184103012085,0.03,0.024,take_profit,1,0,44,2025-12-01
2025-12-30,5347,94.5,0.6094184872566965,0,0.005291005130857229,0.005291005130857229,-0.028571397066116333,-0.025396840646862984,-0.02,-0.026000000000000002,stop_loss,0,1,44,2025-12-01
2025-12-31,6461,17.799999237060547,0.660313985217798,1,0.09831461310386658,0.09831461310386658,0.09831461310386658,0.09831461310386658,0.03,0.024,gap_take_profit,1,0,44,2025-12-01
2025-12-31,8438,41.900001525878906,0.6152709262809436,1,0.07040565460920334,0.0990452915430069,0.03937941789627075,0.0990452915430069,0.03,0.024,gap_take_profit,1,0,44,2025-12-01
2025-12-31,3264,124.5,0.6059305020994741,1,0.048192769289016724,0.05622490122914314,-0.00803212821483612,0.01606425642967224,0.03,0.024,gap_take_profit,1,0,44,2025-12-01
2025-12-31,4967,189.0,0.6054854823100555,1,0.005291005130857229,0.0317460335791111,-0.029100529849529266,0.02380952425301075,-0.02,-0.026000000000000002,ambiguous_stop_loss,1,1,44,2025-12-01
2025-12-31,3455,112.5,0.5951734208467072,1,0.03999999910593033,0.09777777642011642,0.035555556416511536,0.06222222372889519,0.03,0.024,gap_take_profit,1,0,44,2025-12-01
2025-12-31,6776,53.70000076293945,0.5930018333591531,1,-0.005586578045040369,0.01862197369337082,-0.01862197369337082,0.003724409034475684,0.003724409034475684,-0.002275590965524316,close,0,0,44,2025-12-01
2025-12-31,5289,576.0,0.5862779206656805,1,0.010416666977107525,0.0329861119389534,-0.0295138880610466,0.0329861119389534,-0.02,-0.026000000000000002,ambiguous_stop_loss,1,1,44,2025-12-01
2025-12-31,8131,64.69999694824219,0.5834856390272247,1,0.03400316461920738,0.04945911467075348,-0.010819118469953537,0.030911901965737343,0.03,0.024,gap_take_profit,1,0,44,2025-12-01
2025-12-31,3308,20.100000381469727,0.5814139752007729,1,0.06965172290802002,0.09950248897075653,0.052238766103982925,0.09950248897075653,0.03,0.024,gap_take_profit,1,0,44,2025-12-01
2025-12-31,3623,23.649999618530273,0.5773924911133436,1,0.09936577081680298,0.09936577081680298,0.09936577081680298,0.09936577081680298,0.03,0.024,gap_take_profit,1,0,44,2025-12-01
2025-12-31,3006,118.0,0.5771297821756112,1,0.012711863964796066,0.09745762497186661,-0.008474576286971569,0.09745762497186661,0.03,0.024,take_profit,1,0,44,2025-12-01
2025-12-31,7728,552.0,0.5733372468416547,1,0.03442028909921646,0.09963767975568771,0.03079710155725479,0.09963767975568771,0.03,0.024,gap_take_profit,1,0,44,2025-12-01
2025-12-31,7734,957.0,0.5709577752673699,1,0.06583072245121002,0.08672936260700226,0.03970741853117943,0.04284221678972244,0.03,0.024,gap_take_profit,1,0,44,2025-12-01
2025-12-31,3402,134.5,0.5631953898229357,1,0.022304832935333252,0.07806691527366638,0.01858736015856266,0.05947955325245857,0.03,0.024,take_profit,1,0,44,2025-12-01
2025-12-31,4306,14.199999809265137,0.5550951446466565,1,0.0,0.010563421063125134,0.0,0.010563421063125134,0.010563421063125134,0.004563421063125133,close,0,0,44,2025-12-01
2025-12-31,4904,88.30000305175781,0.5550758977863783,1,0.006794999353587627,0.013589998707175255,0.004529941827058792,0.006794999353587627,0.006794999353587627,0.0007949993535876273,close,0,0,44,2025-12-01
2025-12-31,3624,58.400001525878906,0.5540232072177198,1,0.039383549243211746,0.09931498765945435,0.01198624912649393,0.09931498765945435,0.03,0.024,gap_take_profit,1,0,44,2025-12-01
2025-12-31,6121,359.0,0.5530851976301187,0,0.009749303571879864,0.009749303571879864,-0.02089136466383934,-0.019498607143759727,-0.02,-0.026000000000000002,stop_loss,0,1,44,2025-12-01
2025-12-31,9935,20.049999237060547,0.5524168955696858,1,0.0,0.009975100867450237,-0.002493727719411254,0.0024938227143138647,0.0024938227143138647,-0.0035061772856861354,close,0,0,44,2025-12-01
2025-12-31,6186,56.099998474121094,0.551065578104685,0,-0.008912656456232071,-0.007130084093660116,-0.04991086199879646,-0.04278070852160454,-0.02,-0.026000000000000002,stop_loss,0,1,44,2025-12-01
2026-01-02,6461,19.549999237060547,0.6636690431189223,1,0.0997442901134491,0.0997442901134491,0.06393861770629883,0.0997442901134491,0.03,0.024,gap_take_profit,1,0,45,2026-01-01
2026-01-02,3623,26.0,0.6608809121318938,1,0.10000001639127731,0.10000001639127731,0.10000001639127731,0.10000001639127731,0.03,0.024,gap_take_profit,1,0,45,2026-01-01
2026-01-02,5351,55.79999923706055,0.6180433697261731,1,0.09677422046661377,0.09856630861759186,0.05017919838428497,0.09856630861759186,0.03,0.024,gap_take_profit,1,0,45,2026-01-01
2026-01-02,3689,127.0,0.614389374660155,0,0.019685039296746254,0.03937007859349251,-0.07480315119028091,0.0,-0.02,-0.026000000000000002,ambiguous_stop_loss,1,1,45,2026-01-01
2026-01-02,4720,16.600000381469727,0.6088682576929759,1,0.09939756244421005,0.09939756244421005,0.09939756244421005,0.09939756244421005,0.03,0.024,gap_take_profit,1,0,45,2026-01-01
2026-01-02,6698,33.900001525878906,0.6051855745961183,1,0.08849557489156723,0.09144537895917892,0.03392323479056358,0.03539813682436943,0.03,0.024,gap_take_profit,1,0,45,2026-01-01
2026-01-02,2344,90.80000305175781,0.6019107769683876,1,0.04625547304749489,0.06607929617166519,0.00881052203476429,0.05176207795739174,0.03,0.024,gap_take_profit,1,0,45,2026-01-01
2026-01-02,3308,22.100000381469727,0.6014134504349332,1,0.049773771315813065,0.06787329912185669,0.0248868428170681,0.03167415410280228,0.03,0.024,gap_take_profit,1,0,45,2026-01-01
2026-01-02,6155,48.45000076293945,0.6000524934754774,1,0.06501543521881104,0.09803921729326248,0.06501543521881104,0.09803921729326248,0.03,0.024,gap_take_profit,1,0,45,2026-01-01
2026-01-02,5234,381.5,0.5998232806216944,1,0.05242463946342468,0.074705109000206,0.0026212320663034916,0.010484928265213966,0.03,0.024,gap_take_profit,1,0,45,2026-01-01
2026-01-02,3041,26.200000762939453,0.59856866665562,0,0.011450352147221565,0.015267160721123219,-0.0458015538752079,-0.0458015538752079,-0.02,-0.026000000000000002,stop_loss,0,1,45,2026-01-01
2026-01-02,3289,125.45255279541016,0.5973935293166635,0,0.019762812182307243,0.02371538057923317,-0.05138343200087547,-0.039525724947452545,-0.02,-0.026000000000000002,stop_loss,0,1,45,2026-01-01
2026-01-02,5228,19.450000762939453,0.5971630593946613,1,0.09768635034561157,0.09768635034561157,0.07197941094636917,0.09768635034561157,0.03,0.024,gap_take_profit,1,0,45,2026-01-01
2026-01-02,6862,167.5,0.5959018868266718,1,0.04477611929178238,0.09850746393203735,0.04477611929178238,0.08059701323509216,0.03,0.024,gap_take_profit,1,0,45,2026-01-01
2026-01-02,3048,45.70000076293945,0.5957874872682215,0,0.06236320361495018,0.0864332765340805,-0.030634606257081032,-0.025164145976305008,0.03,0.024,gap_take_profit,1,1,45,2026-01-01
2026-01-02,6127,37.5,0.595623737482139,1,0.03599995747208595,0.09333333373069763,0.0,0.018666686490178108,0.03,0.024,gap_take_profit,1,0,45,2026-01-01
2026-01-02,5245,23.399999618530273,0.5948509324889806,1,0.0683760866522789,0.09829065203666687,0.04914528504014015,0.09829065203666687,0.03,0.024,gap_take_profit,1,0,45,2026-01-01
2026-01-02,3149,38.70000076293945,0.5947452770696351,1,0.05943150445818901,0.08139529079198837,0.020671814680099487,0.021963784471154213,0.03,0.024,gap_take_profit,1,0,45,2026-01-01
2026-01-02,5443,94.0,0.5945050102266454,1,0.042553190141916275,0.08510638028383255,0.013829819858074188,0.06382978707551956,0.03,0.024,gap_take_profit,1,0,45,2026-01-01
2026-01-02,4563,47.29999923706055,0.5943625156892434,1,0.05708247050642967,0.080338254570961,0.004228346049785614,0.03805495426058769,0.03,0.024,gap_take_profit,1,0,45,2026-01-01
2026-01-05,3623,28.600000381469727,0.6378195933410834,1,0.09965036064386368,0.09965036064386368,0.02447548322379589,0.06293703615665436,0.03,0.024,gap_take_profit,1,0,45,2026-01-01
2026-01-05,4720,18.25,0.6351865529090582,1,0.04109589010477066,0.06849315017461777,0.005479473154991865,0.019178103655576706,0.03,0.024,gap_take_profit,1,0,45,2026-01-01
2026-01-05,2337,47.650001525878906,0.6268717076375788,1,0.036726128309965134,0.0996851995587349,0.0010493019362911582,0.0996851995587349,0.03,0.024,gap_take_profit,1,0,45,2026-01-01
2026-01-05,6461,21.5,0.6167564802420529,0,0.009302360936999321,0.009302360936999321,-0.06976744532585144,-0.0534883551299572,-0.02,-0.026000000000000002,stop_loss,0,1,45,2026-01-01
2026-01-05,2409,13.850000381469727,0.6031849584950643,1,0.04693137854337692,0.09747288376092911,0.032490961253643036,0.09747288376092911,0.03,0.024,gap_take_profit,1,0,45,2026-01-01
2026-01-05,5351,61.29999923706055,0.601644729604544,1,0.011419261805713177,0.03099513053894043,-0.021207164973020554,0.02446982078254223,-0.02,-0.026000000000000002,ambiguous_stop_loss,1,1,45,2026-01-01
2026-01-05,6861,66.30000305175781,0.5998120525703182,1,0.003016544971615076,0.07843132317066193,-0.01659134402871132,0.0346907302737236,0.03,0.024,take_profit,1,0,45,2026-01-01
2026-01-05,8028,205.0,0.597775908339602,0,0.007317073177546263,0.012195121496915817,-0.024390242993831635,-0.019512195140123367,-0.02,-0.026000000000000002,stop_loss,0,1,45,2026-01-01
2026-01-05,6155,53.20000076293945,0.5968367471530897,0,-0.04135339707136154,-0.03759398311376572,-0.09680453687906265,-0.07424813508987427,-0.04135339707136154,-0.04735339707136154,gap_stop,0,1,45,2026-01-01
2026-01-05,5245,25.700000762939453,0.5967859992112371,1,0.040856000036001205,0.09922175854444504,0.015564187429845333,0.09922175854444504,0.03,0.024,gap_take_profit,1,0,45,2026-01-01
2026-01-05,3057,23.149999618530273,0.5963829244919212,1,0.06911449134349823,0.08855296671390533,-0.03887687250971794,0.03239740803837776,0.03,0.024,gap_take_profit,1,1,45,2026-01-01
2026-01-05,4764,127.0,0.5935560037233462,1,0.027559055015444756,0.09448818862438202,-0.007874015718698502,0.019685039296746254,0.03,0.024,take_profit,1,0,45,2026-01-01
2026-01-05,6909,43.20000076293945,0.5926336067053187,1,0.04050925746560097,0.08796294033527374,0.012731463648378849,0.08796294033527374,0.03,0.024,gap_take_profit,1,0,45,2026-01-01
2026-01-05,6270,24.75,0.5925791842728078,0,0.0323232002556324,0.07070706784725189,-0.002020171144977212,-0.002020171144977212,0.03,0.024,gap_take_profit,1,0,45,2026-01-01
2026-01-05,1717,46.099998474121094,0.5920823002590573,1,0.0759219080209732,0.09978312999010086,0.009761405177414417,0.09978312999010086,0.03,0.024,gap_take_profit,1,0,45,2026-01-01
2026-01-05,3680,408.0,0.5912748777888043,1,0.0049019609577953815,0.09803921729326248,-0.009803921915590763,0.04901960864663124,0.03,0.024,take_profit,1,0,45,2026-01-01
2026-01-05,3131,1765.0,0.588754826105342,0,0.01133144460618496,0.03116147220134735,-0.01133144460618496,-0.00283286115154624,0.03,0.024,take_profit,1,0,45,2026-01-01
2026-01-05,6640,718.0,0.587776872869509,0,0.0,0.02646239474415779,-0.044568244367837906,-0.038997214287519455,-0.02,-0.026000000000000002,stop_loss,0,1,45,2026-01-01
2026-01-05,8110,68.5,0.581659085770492,1,0.011678876355290413,0.09489051252603531,-0.021897809579968452,0.07153286784887314,-0.02,-0.026000000000000002,ambiguous_stop_loss,1,1,45,2026-01-01
2026-01-05,6285,110.0,0.5749188715176985,0,0.022727273404598236,0.027272727340459824,-0.04545454680919647,-0.022727273404598236,-0.02,-0.026000000000000002,stop_loss,0,1,45,2026-01-01
2026-01-06,1789,18.799999237060547,0.6637362082919096,1,0.09840428084135056,0.09840428084135056,0.09840428084135056,0.09840428084135056,0.03,0.024,gap_take_profit,1,0,45,2026-01-01
2026-01-06,1717,50.70000076293945,0.6427366897142859,1,0.009861933067440987,0.09861932694911957,0.0,0.09861932694911957,0.03,0.024,take_profit,1,0,45,2026-01-01
2026-01-06,8299,1615.0,0.6415179012427661,1,0.08668730407953262,0.08668730407953262,0.021671826019883156,0.037151701748371124,0.03,0.024,gap_take_profit,1,0,45,2026-01-01
2026-01-06,4562,38.25,0.6245148308644166,1,0.027450960129499435,0.07058825343847275,0.003921608440577984,0.028758130967617035,0.03,0.024,take_profit,1,0,45,2026-01-01
2026-01-06,5291,34.099998474121094,0.6226291888059605,1,0.04985339567065239,0.09824053943157196,0.01612912304699421,0.029325515031814575,0.03,0.024,gap_take_profit,1,0,45,2026-01-01
2026-01-06,6167,12.149999618530273,0.6222776612317176,1,0.041152264922857285,0.09876549988985062,0.028806617483496666,0.028806617483496666,0.03,0.024,gap_take_profit,1,0,45,2026-01-01
2026-01-06,2337,52.400001525878906,0.6218717048165003,1,0.0877862274646759,0.09923657774925232,0.011450352147221565,0.09923657774925232,0.03,0.024,gap_take_profit,1,0,45,2026-01-01
2026-01-06,2489,17.299999237060547,0.6216887174816935,0,0.01734110713005066,0.04046247527003288,-0.031791865825653076,-0.031791865825653076,-0.02,-0.026000000000000002,ambiguous_stop_loss,1,1,45,2026-01-01
2026-01-06,6415,206.5,0.6213530561239193,1,0.016949152573943138,0.09927360713481903,-0.02663438208401203,0.09927360713481903,-0.02,-0.026000000000000002,ambiguous_stop_loss,1,1,45,2026-01-01
2026-01-06,3051,19.899999618530273,0.6205828035883709,1,0.05276387929916382,0.070351742208004,0.00251262029632926,0.01758795976638794,0.03,0.024,gap_take_profit,1,0,45,2026-01-01
2026-01-06,2408,228.5,0.6196921316387206,1,0.05908096209168434,0.08533916622400284,0.0065645514987409115,0.05470459535717964,0.03,0.024,gap_take_profit,1,0,45,2026-01-01
2026-01-06,6770,47.75,0.6186368691688788,1,0.04712041839957237,0.057591624557971954,0.005235602147877216,0.030366508290171623,0.03,0.024,gap_take_profit,1,0,45,2026-01-01
2026-01-06,3693,294.5,0.6180784714451547,1,0.0984719842672348,0.0984719842672348,0.0984719842672348,0.0984719842672348,0.03,0.024,gap_take_profit,1,0,45,2026-01-01
2026-01-06,8374,88.19999694824219,0.6162799375418774,1,0.0056689344346523285,0.07709754258394241,0.0034013951662927866,0.03514746204018593,0.03,0.024,take_profit,1,0,45,2026-01-01
2026-01-06,5484,41.400001525878906,0.6154850094644535,0,0.038647305220365524,0.038647305220365524,-0.036231882870197296,-0.021739166229963303,0.03,0.024,gap_take_profit,1,1,45,2026-01-01
2026-01-06,3530,78.0999984741211,0.6152675974828075,1,0.030729854479432106,0.09475034475326538,0.011523707769811153,0.011523707769811153,0.03,0.024,gap_take_profit,1,0,45,2026-01-01
2026-01-06,3630,29.549999237060547,0.6147840892125004,1,0.07614213228225708,0.08291035145521164,0.0,0.06598987430334091,0.03,0.024,gap_take_profit,1,0,45,2026-01-01
2026-01-06,4961,148.5,0.6136808754996973,1,0.016835017129778862,0.04040404036641121,0.0,0.023569023236632347,0.03,0.024,take_profit,1,0,45,2026-01-01
2026-01-06,3481,21.850000381469727,0.6118000480753155,1,0.03203656151890755,0.08009152859449387,-0.038901619613170624,0.0137299420312047,0.03,0.024,gap_take_profit,1,1,45,2026-01-01
2026-01-06,1713,49.099998474121094,0.6028074234882302,1,0.0,0.0835031047463417,-0.02647656388580799,0.048879869282245636,-0.02,-0.026000000000000002,ambiguous_stop_loss,1,1,45,2026-01-01
2026-01-07,1789,20.649999618530273,0.6511825898042033,1,0.0992736667394638,0.0992736667394638,0.0992736667394638,0.0992736667394638,0.03,0.024,gap_take_profit,1,0,45,2026-01-01
2026-01-07,3693,323.5,0.6372275843315327,1,0.09891808032989502,0.09891808032989502,0.09891808032989502,0.09891808032989502,0.03,0.024,gap_take_profit,1,0,45,2026-01-01
2026-01-07,3025,70.9000015258789,0.6372149891235771,0,0.04372353106737137,0.08603664487600327,-0.008462601341307163,-0.0014104156289249659,0.03,0.024,gap_take_profit,1,0,45,2026-01-01
2026-01-07,6465,36.900001525878906,0.6332551027058728,1,0.09891591966152191,0.09891591966152191,0.05013545975089073,0.08130080997943878,0.03,0.024,gap_take_profit,1,0,45,2026-01-01
2026-01-07,8105,15.0,0.6018636396396502,0,0.04000002518296242,0.0533333458006382,-0.06666667014360428,-0.06666667014360428,0.03,0.024,gap_take_profit,1,1,45,2026-01-01
2026-01-07,2342,36.150001525878906,0.6011272736186616,0,-0.03181193396449089,-0.02627941220998764,-0.08990317583084106,-0.06777318567037582,-0.03181193396449089,-0.03781193396449089,gap_stop,0,1,45,2026-01-01
2026-01-07,2409,16.700000762939453,0.5984513447979772,0,0.014970059506595135,0.04790414497256279,-0.06586828082799911,-0.06287431716918945,-0.02,-0.026000000000000002,ambiguous_stop_loss,1,1,45,2026-01-01
2026-01-07,6485,102.0,0.5983147266036968,1,0.0,0.09803921729326248,-0.019607843831181526,0.053921569138765335,0.03,0.024,take_profit,1,0,45,2026-01-01
2026-01-07,5014,11.0,0.5976672698539846,1,0.05454548820853233,0.07272729277610779,0.009090944193303585,0.022727273404598236,0.03,0.024,gap_take_profit,1,0,45,2026-01-01
2026-01-07,2303,54.099998474121094,0.5948328207051318,0,0.05360446497797966,0.07948249578475952,-0.03696857765316963,-0.0240295622497797,0.03,0.024,gap_take_profit,1,1,45,2026-01-01
2026-01-07,2451,238.0,0.5937245190361089,1,0.029411764815449715,0.09663865715265274,0.016806723549962044,0.08193277567625046,0.03,0.024,take_profit,1,0,45,2026-01-01
2026-01-07,1717,55.70000076293945,0.5902386733931559,0,0.0,0.03411126881837845,-0.0807899460196495,-0.0700179785490036,-0.02,-0.026000000000000002,ambiguous_stop_loss,1,1,45,2026-01-01
2026-01-07,2337,57.599998474121094,0.5887543939754919,1,-0.005208320450037718,0.09895835071802139,-0.010416640900075436,0.09895835071802139,0.03,0.024,take_profit,1,0,45,2026-01-01
2026-01-07,2028,18.850000381469727,0.5881160281948888,0,-0.02387271821498871,0.007957539521157742,-0.058355458080768585,-0.05570297688245773,-0.02387271821498871,-0.029872718214988707,gap_stop,0,1,45,2026-01-01
2026-01-07,4973,44.099998474121094,0.5870191584307995,1,0.018140658736228943,0.09977328032255173,0.010204099118709564,0.09977328032255173,0.03,0.024,take_profit,1,0,45,2026-01-01
2026-01-07,1605,39.650001525878906,0.5849125919487279,0,0.0037830441724509,0.021437538787722588,-0.05548551678657532,-0.03404797613620758,-0.02,-0.026000000000000002,stop_loss,0,1,45,2026-01-01
2026-01-07,2017,9.170000076293945,0.5840162250716253,0,0.057797133922576904,0.062159180641174316,-0.018538720905780792,-0.018538720905780792,0.03,0.024,gap_take_profit,1,0,45,2026-01-01
2026-01-07,1471,9.600000381469727,0.5780830103768153,1,0.041666626930236816,0.07291664183139801,0.020833313465118408,0.04687497764825821,0.03,0.024,gap_take_profit,1,0,45,2026-01-01
2026-01-07,4768,429.5,0.5774398179747009,0,0.054714784026145935,0.09313154965639114,-0.0628637969493866,-0.047729916870594025,0.03,0.024,gap_take_profit,1,1,45,2026-01-01
2026-01-07,2495,33.29999923706055,0.5695630546200038,0,0.009008985944092274,0.045045044273138046,-0.018017971888184547,-0.009008985944092274,0.03,0.024,take_profit,1,0,45,2026-01-01
2026-01-08,1789,22.700000762939453,0.6733087336813061,1,0.05726868659257889,0.08149772882461548,0.0,0.030836952850222588,0.03,0.024,gap_take_profit,1,0,45,2026-01-01
2026-01-08,3693,355.5,0.6689612806133749,0,0.028129395097494125,0.04219409450888634,-0.037974681705236435,-0.03234880417585373,-0.02,-0.026000000000000002,ambiguous_stop_loss,1,1,45,2026-01-01
2026-01-08,4973,48.5,0.6283142711305408,1,0.05773194134235382,0.09896905720233917,-0.08144331723451614,0.011340190656483173,0.03,0.024,gap_take_profit,1,1,45,2026-01-01
2026-01-08,4542,95.9000015258789,0.6276024130875096,1,0.05839414522051811,0.09489049017429352,0.032325323671102524,0.09489049017429352,0.03,0.024,gap_take_profit,1,0,45,2026-01-01
2026-01-08,6603,30.450000762939453,0.6243914703358037,1,0.04926108196377754,0.09852216392755508,-0.04269297420978546,0.09852216392755508,0.03,0.024,gap_take_profit,1,1,45,2026-01-01
2026-01-08,5302,10.300000190734863,0.6224760864231322,1,0.019417457282543182,0.09708737581968307,-0.029126232489943504,0.09708737581968307,-0.02,-0.026000000000000002,ambiguous_stop_loss,1,1,45,2026-01-01
2026-01-08,6443,31.200000762939453,0.6221908514282029,1,0.03525635972619057,0.07692300528287888,-0.09455130249261856,0.014423039741814137,0.03,0.024,gap_take_profit,1,1,45,2026-01-01
2026-01-08,8088,54.099998474121094,0.6152033176092732,0,0.03142330422997475,0.06839188188314438,-0.0757855549454689,-0.018484288826584816,0.03,0.024,gap_take_profit,1,1,45,2026-01-01
2026-01-08,2337,63.29999923706055,0.6107880072652861,0,0.0,0.011058463715016842,-0.0995260551571846,-0.0789889395236969,-0.02,-0.026000000000000002,stop_loss,0,1,45,2026-01-01
2026-01-08,3430,75.30000305175781,0.6084066744122654,1,0.06241695582866669,0.0876493752002716,0.006640105973929167,0.04648074135184288,0.03,0.024,gap_take_profit,1,0,45,2026-01-01
2026-01-08,3588,54.20000076293945,0.6082688365858041,0,0.005535040982067585,0.036900367587804794,-0.05535055324435234,-0.04059042036533356,-0.02,-0.026000000000000002,ambiguous_stop_loss,1,1,45,2026-01-01
2026-01-08,8074,51.20000076293945,0.6065222471225199,1,0.015624985098838806,0.09960934519767761,-0.017578154802322388,0.09960934519767761,0.03,0.024,take_profit,1,0,45,2026-01-01
2026-01-08,5213,25.649999618530273,0.6050160620525495,1,0.021442539989948273,0.04483429342508316,0.0019493623403832316,0.027290478348731995,0.03,0.024,take_profit,1,0,45,2026-01-01
2026-01-08,1586,29.149999618530273,0.6002043950417488,1,0.032590076327323914,0.06861063838005066,0.0017153051448985934,0.04288164898753166,0.03,0.024,gap_take_profit,1,0,45,2026-01-01
2026-01-08,4726,34.400001525878906,0.6000175755725722,1,0.0,0.05959299951791763,-0.0029070430900901556,0.01744181476533413,0.03,0.024,take_profit,1,0,45,2026-01-01
2026-01-08,3498,55.599998474121094,0.59855105865741,0,0.010791408829391003,0.01258994173258543,-0.07913665473461151,-0.03417262062430382,-0.02,-0.026000000000000002,stop_loss,0,1,45,2026-01-01
2026-01-08,6640,742.0,0.595902661744216,1,0.010781670920550823,0.026954177767038345,-0.02964959479868412,0.01482479739934206,-0.02,-0.026000000000000002,stop_loss,0,1,45,2026-01-01
2026-01-08,8059,22.350000381469727,0.5801169551438337,1,0.0,0.040268439799547195,-0.029082756489515305,0.011185682378709316,-0.02,-0.026000000000000002,ambiguous_stop_loss,1,1,45,2026-01-01
2026-01-08,6141,11.75,0.578279169791107,1,0.0,0.042553190141916275,-0.021276595070958138,0.02978726662695408,-0.02,-0.026000000000000002,ambiguous_stop_loss,1,1,45,2026-01-01
2026-01-08,6016,15.149999618530273,0.5557817510911176,0,0.04620467126369476,0.05280529335141182,-0.01650165021419525,-0.0033002798445522785,0.03,0.024,gap_take_profit,1,0,45,2026-01-01
2026-01-09,6603,33.45000076293945,0.6361504648098762,1,0.010463332757353783,0.07473841309547424,-0.019432032480835915,0.026905760169029236,0.03,0.024,take_profit,1,0,45,2026-01-01
2026-01-09,8150,58.29999923706055,0.63253676507185,1,0.06346485018730164,0.08576329797506332,0.012006874196231365,0.015437419526278973,0.03,0.024,gap_take_profit,1,0,45,2026-01-01
2026-01-09,5291,37.0,0.6280063722221595,1,0.09189192950725555,0.10000002384185791,0.0810810774564743,0.10000002384185791,0.03,0.024,gap_take_profit,1,0,45,2026-01-01
2026-01-09,8021,214.09727478027344,0.6270951162250599,1,0.013921167701482773,0.05800466239452362,-0.006960547994822264,0.011600960977375507,0.03,0.024,take_profit,1,0,45,2026-01-01
2026-01-09,6515,3490.0,0.6251708851579593,0,0.005730659235268831,0.025787966325879097,-0.018624641001224518,-0.005730659235268831,-0.005730659235268831,-0.011730659235268831,close,0,0,45,2026-01-01
2026-01-09,8422,39.04999923706055,0.6238735068739318,1,0.0973111242055893,0.09987200051546097,0.09603073447942734,0.09987200051546097,0.03,0.024,gap_take_profit,1,0,45,2026-01-01
2026-01-09,3715,139.5,0.6183318306958544,1,0.02867383509874344,0.07526881992816925,-0.00358422938734293,0.03584229573607445,0.03,0.024,take_profit,1,0,45,2026-01-01
2026-01-09,5269,1400.0,0.6177470484016718,0,0.05714285746216774,0.05714285746216774,-0.014285714365541935,-0.014285714365541935,0.03,0.024,gap_take_profit,1,0,45,2026-01-01
2026-01-09,6113,24.049999237060547,0.6162097498684128,0,0.0062370700761675835,0.035343050956726074,-0.037422023713588715,-0.037422023713588715,-0.02,-0.026000000000000002,ambiguous_stop_loss,1,1,45,2026-01-01
2026-01-09,8996,635.0,0.6154668829947669,1,0.09921260178089142,0.09921260178089142,0.08661417663097382,0.09921260178089142,0.03,0.024,gap_take_profit,1,0,45,2026-01-01
2026-01-09,3360,15.5,0.6135571934855568,1,0.04838709533214569,0.09677419066429138,0.032258063554763794,0.032258063554763794,0.03,0.024,gap_take_profit,1,0,45,2026-01-01
2026-01-09,4743,69.30000305175781,0.6128216516741648,0,0.01010096538811922,0.049061957746744156,-0.01875906251370907,-0.0043290480971336365,0.03,0.024,take_profit,1,0,45,2026-01-01
2026-01-09,4541,45.650001525878906,0.6108912964917109,1,0.012048175558447838,0.09529021382331848,-0.005476451013237238,0.04600215703248978,0.03,0.024,take_profit,1,0,45,2026-01-01
2026-01-09,2313,115.5,0.6066440644759972,1,0.034632034599781036,0.09956710040569305,0.012987012974917889,0.09956710040569305,0.03,0.024,gap_take_profit,1,0,45,2026-01-01
2026-01-09,3623,30.299999237060547,0.6035238233444499,1,0.02970302104949951,0.07425742596387863,0.02310233563184738,0.024752475321292877,0.03,0.024,take_profit,1,0,45,2026-01-01
2026-01-09,1810,20.350000381469727,0.6022016485284053,0,-0.017199035733938217,-0.017199035733938217,-0.07371006906032562,-0.049140047281980515,-0.02,-0.026000000000000002,stop_loss,0,1,45,2026-01-01
2026-01-09,6668,39.04999923706055,0.5973600335214544,1,0.0371319018304348,0.07170292735099792,0.024327805265784264,0.05761843919754028,0.03,0.024,gap_take_profit,1,0,45,2026-01-01
2026-01-09,3543,46.75,0.595405521863033,0,0.008556182496249676,0.03101605921983719,-0.02994655631482601,-0.02139037474989891,-0.02,-0.026000000000000002,ambiguous_stop_loss,1,1,45,2026-01-01
2026-01-09,5228,22.25,0.5937755001646305,1,0.04719097539782524,0.09887643903493881,0.02022475376725197,0.08988764137029648,0.03,0.024,gap_take_profit,1,0,45,2026-01-01
2026-01-09,6104,101.5,0.5925440937255358,1,0.019704433158040047,0.08866994827985764,0.014778325334191322,0.06896551698446274,0.03,0.024,take_profit,1,0,45,2026-01-01
2026-01-12,8422,42.95000076293945,0.6446744344421873,1,0.0989522710442543,0.0989522710442543,0.0989522710442543,0.0989522710442543,0.03,0.024,gap_take_profit,1,0,45,2026-01-01
2026-01-12,8476,18.799999237060547,0.6436549437759519,1,0.09840428084135056,0.09840428084135056,0.09840428084135056,0.09840428084135056,0.03,0.024,gap_take_profit,1,0,45,2026-01-01
2026-01-12,6265,37.95000076293945,0.6384476822768097,1,0.0988142266869545,0.0988142266869545,0.0355730801820755,0.0988142266869545,0.03,0.024,gap_take_profit,1,0,45,2026-01-01
2026-01-12,3581,72.4000015258789,0.6369812893651211,1,0.07458565384149551,0.09392258524894714,-0.009668570943176746,0.004143583122640848,0.03,0.024,gap_take_profit,1,0,45,2026-01-01
2026-01-12,5425,59.900001525878906,0.6359375945206923,1,0.0200333371758461,0.09849751740694046,-0.015025067143142223,0.09849751740694046,0.03,0.024,take_profit,1,0,45,2026-01-01
2026-01-12,8996,698.0,0.6339748323357657,1,0.020057305693626404,0.09598854184150696,0.0014326648088172078,0.08309455215930939,0.03,0.024,take_profit,1,0,45,2026-01-01
2026-01-12,2527,32.20000076293945,0.6162386886159144,0,0.015527949668467045,0.0496893934905529,-0.01863355189561844,-0.007763974834233522,0.03,0.024,take_profit,1,0,45,2026-01-01
2026-01-12,5291,40.70000076293945,0.6148300536132097,1,0.040540482848882675,0.06756756454706192,-0.0319410115480423,0.006142505910247564,0.03,0.024,gap_take_profit,1,1,45,2026-01-01
2026-01-12,3207,83.30000305175781,0.610286056515272,1,0.04441772773861885,0.05282105505466461,-0.03121255710721016,0.0036013855133205652,0.03,0.024,gap_take_profit,1,1,45,2026-01-01
2026-01-12,7728,658.0,0.6086948556796923,0,0.010638297535479069,0.010638297535479069,-0.08510638028383255,-0.07294832915067673,-0.02,-0.026000000000000002,stop_loss,0,1,45,2026-01-01
2026-01-12,2313,127.0,0.6046261272632993,1,0.03937007859349251,0.08661417663097382,0.015748031437397003,0.06299212574958801,0.03,0.024,gap_take_profit,1,0,45,2026-01-01
2026-01-12,4130,35.39909744262695,0.603720048995104,1,0.009575888514518738,0.09849519282579422,0.005471967160701752,0.006840012967586517,0.03,0.024,take_profit,1,0,45,2026-01-01
2026-01-12,8341,85.0999984741211,0.6028244857933358,1,0.03290250524878502,0.0810810998082161,0.015276181511580944,0.04230315610766411,0.03,0.024,gap_take_profit,1,0,45,2026-01-01
2026-01-12,3693,378.0,0.6001194612290793,0,0.007936508394777775,0.042328041046857834,-0.04497354477643967,-0.0317460335791111,-0.02,-0.026000000000000002,ambiguous_stop_loss,1,1,45,2026-01-01
2026-01-12,6903,251.5,0.5871935138530054,1,0.0556660033762455,0.09940357506275177,0.049701787531375885,0.09940357506275177,0.03,0.024,gap_take_profit,1,0,45,2026-01-01
2026-01-12,6239,220.0,0.5865640766512709,1,0.05000000074505806,0.10000000149011612,0.04545454680919647,0.10000000149011612,0.03,0.024,gap_take_profit,1,0,45,2026-01-01
2026-01-12,8064,50.79999923706055,0.5839052329006876,1,0.0708661898970604,0.09842519462108612,0.06496061384677887,0.09842519462108612,0.03,0.024,gap_take_profit,1,0,45,2026-01-01
2026-01-12,2408,239.0,0.5832025836404955,0,0.025104602798819542,0.025104602798819542,-0.06066945567727089,-0.03765690326690674,-0.02,-0.026000000000000002,stop_loss,0,1,45,2026-01-01
2026-01-12,2367,33.650001525878906,0.5826220100453564,1,0.04160468652844429,0.08915304392576218,0.011887004598975182,0.037147101014852524,0.03,0.024,gap_take_profit,1,0,45,2026-01-01
2026-01-12,3305,121.5,0.5822846357383872,0,0.02469135820865631,0.05349794402718544,-0.020576132461428642,-0.004115226212888956,-0.02,-0.026000000000000002,ambiguous_stop_loss,1,1,45,2026-01-01
2026-01-13,8476,20.649999618530273,0.6404042797993578,1,0.0992736667394638,0.0992736667394638,0.0992736667394638,0.0992736667394638,0.03,0.024,gap_take_profit,1,0,45,2026-01-01
2026-01-13,8422,47.20000076293945,0.6364794400900061,1,0.09957628697156906,0.09957628697156906,0.09957628697156906,0.09957628697156906,0.03,0.024,gap_take_profit,1,0,45,2026-01-01
2026-01-13,6265,41.70000076293945,0.6149485674386532,1,-0.0047961813397705555,0.0791366696357727,-0.03836935758590698,0.07434049248695374,-0.02,-0.026000000000000002,ambiguous_stop_loss,1,1,45,2026-01-01
2026-01-13,5425,65.80000305175781,0.6002825845753116,0,0.03191486746072769,0.07598783820867538,-0.018237151205539703,-0.003039583098143339,0.03,0.024,gap_take_profit,1,0,45,2026-01-01
2026-01-13,8064,55.79999923706055,0.5961673215324431,0,0.028673876076936722,0.039426539093256,-0.016128990799188614,-0.012544816359877586,0.03,0.024,take_profit,1,0,45,2026-01-01
2026-01-13,2312,27.549999237060547,0.595308014590954,1,0.0780399814248085,0.09981851279735565,0.07441020756959915,0.09981851279735565,0.03,0.024,gap_take_profit,1,0,45,2026-01-01
2026-01-13,6903,276.5,0.5939088893279018,1,0.030741410329937935,0.06871609389781952,0.010849909856915474,0.03435804694890976,0.03,0.024,gap_take_profit,1,0,45,2026-01-01
2026-01-13,6239,242.0,0.5896855209553739,1,0.014462810009717941,0.04752065986394882,-0.00413223123177886,0.039256200194358826,0.03,0.024,take_profit,1,0,45,2026-01-01
2026-01-13,2478,71.5,0.588302019504939,0,0.04895104840397835,0.051748208701610565,-0.01818186044692993,-0.01818186044692993,0.03,0.024,gap_take_profit,1,0,45,2026-01-01
2026-01-13,1717,59.5,0.5878724547744916,1,0.05714288353919983,0.08739490807056427,0.020168080925941467,0.02521008439362049,0.03,0.024,gap_take_profit,1,0,45,2026-01-01
2026-01-13,7751,874.0,0.5857836061335843,1,0.0057208240032196045,0.05377574265003204,-0.004576658830046654,0.002288329415023327,0.03,0.024,take_profit,1,0,45,2026-01-01
2026-01-13,6693,91.4000015258789,0.5781306253221382,1,0.02735229767858982,0.06345728039741516,0.010940918698906898,0.04923413321375847,0.03,0.024,take_profit,1,0,45,2026-01-01
2026-01-13,2406,30.850000381469727,0.576676008639839,1,0.04051857441663742,0.05024314671754837,-0.025931965559720993,0.032414909452199936,0.03,0.024,gap_take_profit,1,1,45,2026-01-01
2026-01-13,2233,242.0,0.5724626584167594,0,0.024793388321995735,0.024793388321995735,-0.03305784985423088,-0.012396694160997868,-0.02,-0.026000000000000002,stop_loss,0,1,45,2026-01-01
2026-01-13,6461,22.049999237060547,0.5693514767272655,1,0.06575967371463776,0.09750574082136154,0.006802790332585573,0.018140658736228943,0.03,0.024,gap_take_profit,1,0,45,2026-01-01
2026-01-13,5011,11.199999809265137,0.5691064601568808,1,0.0892857164144516,0.09821432083845139,0.053571462631225586,0.09821432083845139,0.03,0.024,gap_take_profit,1,0,45,2026-01-01
2026-01-13,6221,31.600000381469727,0.5676582395992354,1,0.007911392487585545,0.03322788327932358,-0.012658216059207916,0.006329077761620283,0.03,0.024,take_profit,1,0,45,2026-01-01
2026-01-13,2404,1080.0,0.56761626441565,1,0.0,0.0833333358168602,-0.023148147389292717,0.06481481343507767,-0.02,-0.026000000000000002,ambiguous_stop_loss,1,1,45,2026-01-01
2026-01-13,2485,30.25,0.5649579615595994,1,0.0694214403629303,0.09917355328798294,0.0694214403629303,0.09917355328798294,0.03,0.024,gap_take_profit,1,0,45,2026-01-01
2026-01-13,1598,21.75,0.5629435396606953,1,0.03448275849223137,0.03448275849223137,-0.025287320837378502,0.0321839414536953,0.03,0.024,gap_take_profit,1,1,45,2026-01-01
2026-01-14,8476,22.700000762939453,0.6508832702809452,1,0.09911894053220749,0.09911894053220749,0.04845808073878288,0.09030833095312119,0.03,0.024,gap_take_profit,1,0,45,2026-01-01
2026-01-14,2484,25.299999237060547,0.6463206528227486,1,0.0988142341375351,0.0988142341375351,0.027668016031384468,0.06719370931386948,0.03,0.024,gap_take_profit,1,0,45,2026-01-01
2026-01-14,8422,51.900001525878906,0.6317447692234412,0,-0.09633911401033401,-0.09344898164272308,-0.09922931343317032,-0.09922931343317032,-0.09633911401033401,-0.10233911401033402,gap_stop,0,1,45,2026-01-01
2026-01-14,3501,52.400001525878906,0.5985876753735797,1,0.04961828887462616,0.09923657774925232,0.04961828887462616,0.09923657774925232,0.03,0.024,gap_take_profit,1,0,45,2026-01-01
2026-01-14,2312,30.299999237060547,0.594854710703987,1,0.05445549637079239,0.09900990128517151,-0.0330033004283905,0.09900990128517151,0.03,0.024,gap_take_profit,1,1,45,2026-01-01
2026-01-14,2419,32.75,0.5912242489338472,1,0.0,0.038167938590049744,-0.05038166791200638,0.01984737440943718,-0.02,-0.026000000000000002,ambiguous_stop_loss,1,1,45,2026-01-01
2026-01-14,2331,28.799999237060547,0.5904941278681446,1,0.0347222238779068,0.05381948500871658,-0.03645830601453781,0.0052083865739405155,0.03,0.024,gap_take_profit,1,1,45,2026-01-01
2026-01-14,1503,198.0,0.5886443440548292,0,0.03787878900766373,0.04040404036641121,-0.022727273404598236,-0.005050505045801401,0.03,0.024,gap_take_profit,1,1,45,2026-01-01
2026-01-14,2485,33.25,0.5875886572281055,1,0.07969929277896881,0.09924809634685516,0.030075188726186752,0.09924809634685516,0.03,0.024,gap_take_profit,1,0,45,2026-01-01
2026-01-14,6284,93.19999694824219,0.5875365722999829,1,0.045064426958560944,0.04828326404094696,-0.030042869970202446,0.0010730269132182002,0.03,0.024,gap_take_profit,1,1,45,2026-01-01
2026-01-14,3236,35.900001525878906,0.5872223223812467,1,0.022284099832177162,0.07938714325428009,-0.01949862763285637,0.05571030452847481,0.03,0.024,take_profit,1,0,45,2026-01-01
2026-01-14,5228,28.049999237060547,0.5870458226090219,1,0.09803921729326248,0.0998217910528183,0.008912656456232071,0.03386811912059784,0.03,0.024,gap_take_profit,1,0,45,2026-01-01
2026-01-14,4989,60.5,0.5865724416444782,1,0.01652892492711544,0.09917355328798294,0.01652892492711544,0.09917355328798294,0.03,0.024,take_profit,1,0,45,2026-01-01
2026-01-14,3576,10.75,0.5863801927364076,1,0.06976744532585144,0.08837207406759262,0.0,0.032558176666498184,0.03,0.024,gap_take_profit,1,0,45,2026-01-01
2026-01-14,5011,12.300000190734863,0.5863035582836226,1,0.09756095707416534,0.09756095707416534,0.032520294189453125,0.09756095707416534,0.03,0.024,gap_take_profit,1,0,45,2026-01-01
2026-01-14,1711,24.299999237060547,0.5858267642678905,0,0.028806617483496666,0.03909468278288841,-0.07407404482364655,-0.01440322957932949,-0.02,-0.026000000000000002,ambiguous_stop_loss,1,1,45,2026-01-01
2026-01-14,5530,52.0,0.5841732155895724,0,0.01923076994717121,0.057692307978868484,-0.017307721078395844,0.0,0.03,0.024,take_profit,1,0,45,2026-01-01
2026-01-14,3691,95.0,0.5837615443195248,1,0.050526347011327744,0.10000000149011612,0.04210526496171951,0.10000000149011612,0.03,0.024,gap_take_profit,1,0,45,2026-01-01
2026-01-14,8289,25.0,0.5814862618593377,1,0.10000000149011612,0.10000000149011612,0.02400001510977745,0.05000000074505806,0.03,0.024,gap_take_profit,1,0,45,2026-01-01
2026-01-14,4533,25.100000381469727,0.5788486470157463,1,0.0657370388507843,0.09960158914327621,0.03585655614733696,0.09960158914327621,0.03,0.024,gap_take_profit,1,0,45,2026-01-01
2026-01-15,6152,12.850000381469727,0.6844965061708157,1,0.09727626293897629,0.09727626293897629,0.09727626293897629,0.09727626293897629,0.03,0.024,gap_take_profit,1,0,45,2026-01-01
2026-01-15,1617,16.149999618530273,0.6673821192139764,1,0.015479876659810543,0.06501555442810059,0.003096046159043908,0.040247656404972076,0.03,0.024,take_profit,1,0,45,2026-01-01
2026-01-15,4989,66.5,0.6642706756728374,0,0.02255639061331749,0.025563864037394524,-0.03909772261977196,-0.01654133014380932,-0.02,-0.026000000000000002,stop_loss,0,1,45,2026-01-01
2026-01-15,8088,60.5,0.6617932542871909,1,0.041322313249111176,0.09917355328798294,0.01652892492711544,0.09917355328798294,0.03,0.024,gap_take_profit,1,0,45,2026-01-01
2026-01-15,3591,20.399999618530273,0.6614159877058332,1,0.06862743198871613,0.08823534846305847,0.009803959168493748,0.03921574354171753,0.03,0.024,gap_take_profit,1,0,45,2026-01-01
2026-01-15,3663,68.4000015258789,0.6607857109364379,0,0.017543815076351166,0.07456137984991074,-0.06140357255935669,-0.024853868409991264,-0.02,-0.026000000000000002,ambiguous_stop_loss,1,1,45,2026-01-01
2026-01-15,5328,25.850000381469727,0.6601353626172582,1,0.06189556419849396,0.09864600747823715,0.04835589975118637,0.09864600747823715,0.03,0.024,gap_take_profit,1,0,45,2026-01-01
2026-01-15,2485,36.54999923706055,0.6600510383255611,0,0.04240763932466507,0.05061565712094307,-0.03556769713759422,-0.030095718801021576,0.03,0.024,gap_take_profit,1,1,45,2026-01-01
2026-01-15,3691,104.5,0.6584380985954462,1,0.009569377638399601,0.09569378197193146,0.0,0.09569378197193146,0.03,0.024,take_profit,1,0,45,2026-01-01
2026-01-15,6155,60.70000076293945,0.6559507851389837,0,0.004942326806485653,0.008237232454121113,-0.09390445798635483,-0.08401980251073837,-0.02,-0.026000000000000002,stop_loss,0,1,45,2026-01-01
2026-01-15,6838,29.75,0.654699494215383,0,0.0016806466737762094,0.021848727017641068,-0.02521008439362049,-0.008403361774981022,-0.02,-0.026000000000000002,stop_loss,0,1,45,2026-01-01
2026-01-15,3346,21.049999237060547,0.6510914045498486,1,0.00712596345692873,0.08313539624214172,-0.02612823061645031,0.0237529706209898,-0.02,-0.026000000000000002,ambiguous_stop_loss,1,1,45,2026-01-01
2026-01-15,2025,13.350000381469727,0.6488176079638939,1,-0.003745332593098283,0.05992503464221954,-0.04494384676218033,0.052434440702199936,-0.02,-0.026000000000000002,ambiguous_stop_loss,1,1,45,2026-01-01
2026-01-15,1717,67.0999984741211,0.6474570084924106,1,0.028315968811511993,0.04769008606672287,-0.01788371056318283,0.0029806941747665405,0.03,0.024,take_profit,1,0,45,2026-01-01
2026-01-15,5452,31.700000762939453,0.6474106722366061,1,0.09936901181936264,0.09936901181936264,0.09936901181936264,0.09936901181936264,0.03,0.024,gap_take_profit,1,0,45,2026-01-01
2026-01-15,3354,32.20000076293945,0.6474007411420479,0,0.018633492290973663,0.09937890619039536,-0.03571433201432228,-0.03571433201432228,-0.02,-0.026000000000000002,ambiguous_stop_loss,1,1,45,2026-01-01
2026-01-15,1303,69.69999694824219,0.6473314784674746,1,0.030129212886095047,0.05882361903786659,0.012912504374980927,0.05882361903786659,0.03,0.024,gap_take_profit,1,0,45,2026-01-01
2026-01-15,6919,165.0,0.6451863711384591,1,0.0181818176060915,0.09696969389915466,0.012121211737394333,0.03030303120613098,0.03,0.024,take_profit,1,0,45,2026-01-01
2026-01-15,1802,38.0,0.6434847330643836,1,0.06578947603702545,0.09999997913837433,0.04605263099074364,0.09999997913837433,0.03,0.024,gap_take_profit,1,0,45,2026-01-01
2026-01-15,2312,33.29999923706055,0.642402656522297,1,0.039039015769958496,0.07057064026594162,0.0,0.012012057937681675,0.03,0.024,gap_take_profit,1,0,45,2026-01-01
2026-01-16,5452,34.849998474121094,0.6812071555767523,1,0.04160691052675247,0.0817791223526001,0.040172211825847626,0.061693016439676285,0.03,0.024,gap_take_profit,1,0,45,2026-01-01
2026-01-16,5340,84.19999694824219,0.6523245587464578,1,0.04513067752122879,0.09976249188184738,0.04513067752122879,0.09976249188184738,0.03,0.024,gap_take_profit,1,0,45,2026-01-01
2026-01-16,6770,56.400001525878906,0.6454215384761213,1,0.09929075092077255,0.09929075092077255,0.09929075092077255,0.09929075092077255,0.03,0.024,gap_take_profit,1,0,45,2026-01-01
2026-01-16,5328,28.399999618530273,0.6454215384761213,1,0.06866200268268585,0.09859158843755722,0.06161971762776375,0.09859158843755722,0.03,0.024,gap_take_profit,1,0,45,2026-01-01
2026-01-16,5347,139.5,0.6454215384761213,0,0.02150537632405758,0.0394265241920948,-0.01433691754937172,-0.00358422938734293,0.03,0.024,take_profit,1,0,45,2026-01-01
2026-01-16,8150,67.69999694824219,0.6454215384761213,1,0.05022159218788147,0.0915805771946907,0.020679492503404617,0.04579034447669983,0.03,0.024,gap_take_profit,1,0,45,2026-01-01
2026-01-16,1526,18.700000762939453,0.6450771634102874,1,0.09893039613962173,0.09893039613962173,0.07219243049621582,0.09893039613962173,0.03,0.024,gap_take_profit,1,0,45,2026-01-01
2026-01-16,4973,53.0,0.6443493919816,1,0.06981133669614792,0.09999998658895493,0.06037737429141998,0.09999998658895493,0.03,0.024,gap_take_profit,1,0,45,2026-01-01
2026-01-16,1721,20.600000381469727,0.643382580097295,1,-0.03155338019132614,0.09708737581968307,-0.08737869560718536,0.0703882947564125,-0.03155338019132614,-0.03755338019132614,gap_stop,1,1,45,2026-01-01
2026-01-16,1809,22.75,0.6426521630939922,1,0.09890110045671463,0.09890110045671463,0.08351646363735199,0.09890110045671463,0.03,0.024,gap_take_profit,1,0,45,2026-01-01
2026-01-16,1528,28.350000381469727,0.6425501763316012,1,0.06878302991390228,0.09876540303230286,0.06701938807964325,0.09876540303230286,0.03,0.024,gap_take_profit,1,0,45,2026-01-01
2026-01-16,6226,9.149999618530273,0.6381854051818868,1,0.07213123887777328,0.09836072474718094,0.04480883106589317,0.09836072474718094,0.03,0.024,gap_take_profit,1,0,45,2026-01-01
2026-01-16,4513,20.649999618530273,0.63750554995455,1,0.06537532061338425,0.0992736667394638,0.05569005385041237,0.0992736667394638,0.03,0.024,gap_take_profit,1,0,45,2026-01-01
2026-01-16,3122,24.0,0.6368504458556398,1,0.06041669845581055,0.06041669845581055,0.010416666977107525,0.027083316817879677,0.03,0.024,gap_take_profit,1,0,45,2026-01-01
2026-01-16,6446,587.0,0.6365012386565356,0,0.02214650809764862,0.04258943721652031,-0.025553662329912186,-0.017035774886608124,-0.02,-0.026000000000000002,ambiguous_stop_loss,1,1,45,2026-01-01
2026-01-16,3037,274.0,0.6313434469619591,1,0.014598540030419827,0.09854014962911606,0.0018248175038024783,0.09854014962911606,0.03,0.024,take_profit,1,0,45,2026-01-01
2026-01-16,5245,29.25,0.6291993397284701,0,0.018803393468260765,0.05470086634159088,-0.05470086634159088,-0.05128205195069313,-0.02,-0.026000000000000002,ambiguous_stop_loss,1,1,45,2026-01-01
2026-01-16,3362,110.0,0.627529851054657,1,0.08181817829608917,0.08181817829608917,0.0181818176060915,0.05454545468091965,0.03,0.024,gap_take_profit,1,0,45,2026-01-01
2026-01-16,8088,66.5,0.6256171106091737,1,0.09924809634685516,0.09924809634685516,0.0827067643404007,0.09924809634685516,0.03,0.024,gap_take_profit,1,0,45,2026-01-01
2026-01-16,3717,19.549999237060547,0.6244320224180837,1,0.023017942905426025,0.033248160034418106,-0.02557544782757759,0.010230218060314655,-0.02,-0.026000000000000002,ambiguous_stop_loss,1,1,45,2026-01-01
2026-01-19,8088,73.0999984741211,0.6592050791145356,0,-0.09302319586277008,-0.02462374046444893,-0.09302319586277008,-0.06155950948596001,-0.09302319586277008,-0.09902319586277009,gap_stop,0,1,45,2026-01-01
2026-01-19,3135,134.0,0.6577728471814831,0,-0.0746268630027771,0.018656715750694275,-0.08208955079317093,0.0,-0.0746268630027771,-0.0806268630027771,gap_stop,0,1,45,2026-01-01
2026-01-19,1809,25.0,0.6554001384503503,1,0.05999999865889549,0.10000000149011612,0.055999983102083206,0.10000000149011612,0.03,0.024,gap_take_profit,1,0,45,2026-01-01
2026-01-19,6770,62.0,0.6536310573650885,1,-0.05645161122083664,0.09999994933605194,-0.05645161122083664,0.09999994933605194,-0.05645161122083664,-0.06245161122083664,gap_stop,1,1,45,2026-01-01
2026-01-19,6265,52.599998474121094,0.631025010184226,0,-0.07699618488550186,0.07414451986551285,-0.07984784990549088,-0.005703407805413008,-0.07699618488550186,-0.08299618488550187,gap_stop,1,1,45,2026-01-01
2026-01-19,6840,76.19999694824219,0.6305502474410616,1,0.09973761439323425,0.09973761439323425,0.030183767899870872,0.0629921704530716,0.03,0.024,gap_take_profit,1,0,45,2026-01-01
2026-01-19,1528,31.149999618530273,0.6293498085573918,1,0.06902085244655609,0.09149278700351715,0.012841079384088516,0.017656538635492325,0.03,0.024,gap_take_profit,1,0,45,2026-01-01
2026-01-19,5340,92.5999984741211,0.6290857227330396,1,0.024838047102093697,0.09611232578754425,0.02051837556064129,0.09611232578754425,0.03,0.024,take_profit,1,0,45,2026-01-01
2026-01-19,5289,750.0,0.6290509140935222,1,-0.01600000075995922,0.03200000151991844,-0.03999999910593033,0.02666666731238365,-0.02,-0.026000000000000002,ambiguous_stop_loss,1,1,45,2026-01-01
2026-01-19,5328,31.200000762939453,0.6284015258227398,1,0.017628179863095284,0.0993589237332344,0.0016025395598262548,0.07692300528287888,0.03,0.024,take_profit,1,0,45,2026-01-01
2026-01-19,2484,29.049999237060547,0.6273076328068541,1,0.037865761667490005,0.06884681433439255,-0.03270220011472702,0.032702263444662094,0.03,0.024,gap_take_profit,1,1,45,2026-01-01
2026-01-19,2329,68.0,0.6271747160570832,1,-0.029411764815449715,0.03970583900809288,-0.08235292136669159,0.027941199019551277,-0.029411764815449715,-0.03541176481544971,gap_stop,1,1,45,2026-01-01
2026-01-19,1802,45.95000076293945,0.6271370231389527,1,0.02067466266453266,0.09902065992355347,0.0076169418171048164,0.09902065992355347,0.03,0.024,take_profit,1,0,45,2026-01-01
2026-01-19,2337,73.69999694824219,0.6239333712807179,1,-0.0990501418709755,0.04206249862909317,-0.0990501418709755,0.04206249862909317,-0.0990501418709755,-0.1050501418709755,gap_stop,1,1,45,2026-01-01
2026-01-19,2409,17.25,0.6228897126576699,0,0.0,0.014492753893136978,-0.043478261679410934,-0.03768113628029823,-0.02,-0.026000000000000002,stop_loss,0,1,45,2026-01-01
2026-01-19,1815,108.5,0.6224872853701865,1,0.004608294926583767,0.08294931054115295,-0.0276497695595026,0.004608294926583767,-0.02,-0.026000000000000002,ambiguous_stop_loss,1,1,45,2026-01-01
2026-01-19,8131,76.4000015258789,0.6224123369511368,0,-0.03272251412272453,-0.017015745863318443,-0.09685865789651871,-0.041884876787662506,-0.03272251412272453,-0.03872251412272453,gap_stop,0,1,45,2026-01-01
2026-01-19,1526,20.549999237060547,0.6210454227958994,1,0.09975674748420715,0.09975674748420715,0.09245749562978745,0.09975674748420715,0.03,0.024,gap_take_profit,1,0,45,2026-01-01
2026-01-19,8110,88.0,0.6203092729410682,0,-0.05681818351149559,0.0,-0.07954545319080353,-0.034090910106897354,-0.05681818351149559,-0.0628181835114956,gap_stop,0,1,45,2026-01-01
2026-01-19,4540,42.599998474121094,0.6194351759491916,1,0.004694853909313679,0.07394369691610336,-0.014084471389651299,0.06455399096012115,0.03,0.024,take_profit,1,0,45,2026-01-01
2026-01-20,3051,26.75,0.5565627804471787,1,0.013084126636385918,0.09906540811061859,0.013084126636385918,0.03925230726599693,0.03,0.024,take_profit,1,0,45,2026-01-01
2026-01-20,1513,176.5,0.5431345290855317,1,0.00283286115154624,0.0623229444026947,-0.008498583920300007,0.00566572230309248,0.03,0.024,take_profit,1,0,45,2026-01-01
2026-01-20,1526,22.600000381469727,0.5393963680327811,1,0.04867258295416832,0.07079647481441498,0.013274302706122398,0.04203534871339798,0.03,0.024,gap_take_profit,1,0,45,2026-01-01
2026-01-20,5381,33.45000076293945,0.5313688959021293,1,0.03139011189341545,0.0762331560254097,0.0,0.016442427411675453,0.03,0.024,gap_take_profit,1,0,45,2026-01-01
2026-01-20,1809,27.5,0.5313688959021293,1,0.0836363360285759,0.0836363360285759,0.0181818176060915,0.032727260142564774,0.03,0.024,gap_take_profit,1,0,45,2026-01-01
2026-01-20,6443,40.79999923706055,0.5302762634654459,0,0.036764707416296005,0.06862743198871613,-0.030637254938483238,-0.02450980432331562,0.03,0.024,gap_take_profit,1,1,45,2026-01-01
2026-01-20,3317,54.70000076293945,0.5281368810205969,1,-0.0018281954107806087,0.07312614470720291,-0.01096896268427372,0.047531962394714355,0.03,0.024,take_profit,1,0,45,2026-01-01
2026-01-20,6435,139.0,0.5281368810205969,1,0.050359711050987244,0.09712230414152145,0.04316546767950058,0.09712230414152145,0.03,0.024,gap_take_profit,1,0,45,2026-01-01
2026-01-20,8927,27.850000381469727,0.5277033582082733,1,0.014362643472850323,0.046678606420755386,-0.019748695194721222,0.005385982804000378,0.03,0.024,take_profit,1,0,45,2026-01-01
2026-01-20,8074,65.5,0.5267190398480839,1,0.09923664480447769,0.09923664480447769,0.09923664480447769,0.09923664480447769,0.03,0.024,gap_take_profit,1,0,45,2026-01-01
2026-01-20,1802,50.5,0.5267067227948856,1,0.04158412665128708,0.0891089141368866,0.02376239188015461,0.06930693238973618,0.03,0.024,gap_take_profit,1,0,45,2026-01-01
2026-01-20,6217,63.79999923706055,0.526598407368818,0,-0.007836990989744663,0.04388713464140892,-0.05799374356865883,-0.04388713464140892,-0.02,-0.026000000000000002,ambiguous_stop_loss,1,1,45,2026-01-01
2026-01-20,8249,58.900001525878906,0.526598407368818,1,0.054329317063093185,0.0967741385102272,0.04414258897304535,0.054329317063093185,0.03,0.024,gap_take_profit,1,0,45,2026-01-01
2026-01-20,6770,68.19999694824219,0.5264372083584414,0,-0.017595263198018074,0.004398872144520283,-0.09677417576313019,-0.0821114182472229,-0.02,-0.026000000000000002,stop_loss,0,1,45,2026-01-01
2026-01-20,3339,31.25,0.5222243790669385,0,0.0,0.014400023967027664,-0.024000000208616257,-0.024000000208616257,-0.02,-0.026000000000000002,stop_loss,0,1,45,2026-01-01
2026-01-20,6282,63.79999923706055,0.5221180232536263,0,0.018808789551258087,0.032915398478507996,-0.053291499614715576,-0.04231976345181465,-0.02,-0.026000000000000002,ambiguous_stop_loss,1,1,45,2026-01-01
2026-01-20,3016,66.0,0.5130288904588168,1,0.03333328664302826,0.09999997913837433,0.004545500967651606,0.09999997913837433,0.03,0.024,gap_take_profit,1,0,45,2026-01-01
2026-01-20,2481,97.5999984741211,0.5117349910047411,0,-0.0040983762592077255,0.007172178011387587,-0.05942618474364281,-0.03995903208851814,-0.02,-0.026000000000000002,stop_loss,0,1,45,2026-01-01
2026-01-20,4130,33.349998474121094,0.5103486995210635,1,0.022488756105303764,0.06596704572439194,-0.004497682675719261,0.008995594456791878,0.03,0.024,take_profit,1,0,45,2026-01-01
2026-01-20,6548,55.29999923706055,0.5053033973688369,0,-0.012658242136240005,0.06509950011968613,-0.05424954742193222,-0.036166366189718246,-0.02,-0.026000000000000002,ambiguous_stop_loss,1,1,45,2026-01-01
2026-01-21,8074,72.0,0.6625633359970334,0,0.06666670739650726,0.06666670739650726,-0.0694444477558136,-0.0694444477558136,0.03,0.024,gap_take_profit,1,1,45,2026-01-01
2026-01-21,1514,139.5,0.6395260694726308,1,0.02867383509874344,0.0394265241920948,-0.01075268816202879,0.00716845877468586,0.03,0.024,take_profit,1,0,45,2026-01-01
2026-01-21,2489,21.049999237060547,0.6375833860540169,1,0.09263662248849869,0.09976249188184738,0.07363425940275192,0.09976249188184738,0.03,0.024,gap_take_profit,1,0,45,2026-01-01
2026-01-21,6129,16.5,0.6366544140211213,1,0.09999997913837433,0.09999997913837433,0.06363631784915924,0.09999997913837433,0.03,0.024,gap_take_profit,1,0,45,2026-01-01
2026-01-21,6753,161.5,0.6334733008340601,0,0.009287925437092781,0.018575850874185562,-0.05882352963089943,-0.055727552622556686,-0.02,-0.026000000000000002,stop_loss,0,1,45,2026-01-01
2026-01-21,3518,23.450000762939453,0.6251708751500122,0,0.06396587938070297,0.06396587938070297,-0.05543714761734009,-0.05543714761734009,0.03,0.024,gap_take_profit,1,1,45,2026-01-01
2026-01-21,3016,72.5999984741211,0.6170129660357263,0,0.035812653601169586,0.05785130336880684,-0.056473810225725174,-0.03030298836529255,0.03,0.024,gap_take_profit,1,1,45,2026-01-01
2026-01-21,6126,37.650001525878906,0.6145157508855014,0,0.04913674294948578,0.0756971687078476,-0.04780884459614754,-0.0026561031118035316,0.03,0.024,gap_take_profit,1,1,45,2026-01-01
2026-01-21,3234,51.099998474121094,0.6122905902550708,1,0.09589044004678726,0.0998043566942215,0.08610570430755615,0.0998043566942215,0.03,0.024,gap_take_profit,1,0,45,2026-01-01
2026-01-21,1569,56.900001525878906,0.6119414590363683,1,0.040421776473522186,0.07381365448236465,0.0,0.010544788092374802,0.03,0.024,gap_take_profit,1,0,45,2026-01-01
2026-01-21,4171,21.5,0.6114621148230259,1,0.09999997913837433,0.09999997913837433,0.0,0.0046511804684996605,0.03,0.024,gap_take_profit,1,0,45,2026-01-01
2026-01-21,2645,177.0,0.6101246338425766,0,0.0451977401971817,0.04802259802818298,-0.008474576286971569,-0.0028248587623238564,0.03,0.024,gap_take_profit,1,0,45,2026-01-01
2026-01-21,4540,49.849998474121094,0.6101185400913305,0,0.029087277129292488,0.04312942177057266,-0.027081213891506195,-0.027081213891506195,-0.02,-0.026000000000000002,ambiguous_stop_loss,1,1,45,2026-01-01
2026-01-21,2363,56.900001525878906,0.6077264828597275,0,0.04217921942472458,0.06151142343878746,-0.05272407457232475,-0.03163449838757515,0.03,0.024,gap_take_profit,1,1,45,2026-01-01
2026-01-21,4533,32.150001525878906,0.6047892918259078,1,-0.013996913097798824,0.0995333343744278,-0.02021777629852295,0.0995333343744278,-0.02,-0.026000000000000002,ambiguous_stop_loss,1,1,45,2026-01-01
2026-01-21,3704,39.650001525878906,0.5948710195269695,0,0.0012610147241503,0.01387135498225689,-0.039092130959033966,-0.032786961644887924,-0.02,-0.026000000000000002,stop_loss,0,1,45,2026-01-01
2026-01-21,2610,22.25,0.5903111993644986,1,0.02471906691789627,0.0314607098698616,0.008988798595964909,0.02022475376725197,0.03,0.024,take_profit,1,0,45,2026-01-01
2026-01-21,2605,28.850000381469727,0.5876788775794888,1,0.022530315443873405,0.03292890265583992,0.008665511384606361,0.015597880817949772,0.03,0.024,take_profit,1,0,45,2026-01-01
2026-01-21,3037,321.0,0.5859598797426655,1,0.0451713390648365,0.06853582710027695,0.012461058795452118,0.018691588193178177,0.03,0.024,gap_take_profit,1,0,45,2026-01-01
2026-01-21,2457,37.0,0.5854968305868715,1,0.06891889870166779,0.09729725867509842,0.0,0.04189187288284302,0.03,0.024,gap_take_profit,1,0,45,2026-01-01
2026-01-22,6470,49.849998474121094,0.689366349041484,1,0.0992979109287262,0.0992979109287262,0.07321969419717789,0.0772317424416542,0.03,0.024,gap_take_profit,1,0,45,2026-01-01
2026-01-22,1609,47.29999923706055,0.6655575787256478,0,0.048625778406858444,0.05708247050642967,-0.09302321076393127,-0.09196614474058151,0.03,0.024,gap_take_profit,1,1,45,2026-01-01
2026-01-22,1503,237.0,0.6654720511120449,0,0.008438818156719208,0.037974681705236435,-0.05485232174396515,-0.04641350358724594,-0.02,-0.026000000000000002,ambiguous_stop_loss,1,1,45,2026-01-01
2026-01-22,6492,50.599998474121094,0.6652607197760967,1,0.0988142341375351,0.0988142341375351,0.07114629447460175,0.0988142341375351,0.03,0.024,gap_take_profit,1,0,45,2026-01-01
2026-01-22,1471,11.050000190734863,0.6638996983689303,1,0.09502264112234116,0.09954746067523956,0.06787329912185669,0.09954746067523956,0.03,0.024,gap_take_profit,1,0,45,2026-01-01
2026-01-22,6202,44.20000076293945,0.6638327238457552,0,0.018099529668688774,0.04072396457195282,-0.021493230015039444,-0.00452490383759141,-0.02,-0.026000000000000002,ambiguous_stop_loss,1,1,45,2026-01-01
2026-01-22,2356,51.20000076293945,0.6637122606261671,0,0.0644531100988388,0.0742187350988388,-0.06640627980232239,-0.0625000149011612,0.03,0.024,gap_take_profit,1,1,45,2026-01-01
2026-01-22,6548,58.599998474121094,0.6628432725358409,1,0.04948808252811432,0.0853242352604866,-0.035836152732372284,0.00853242352604866,0.03,0.024,gap_take_profit,1,1,45,2026-01-01
2026-01-22,8021,242.0,0.6615246555786998,0,0.006198347080498934,0.022727273404598236,-0.04958677664399147,-0.03719008341431618,-0.02,-0.026000000000000002,stop_loss,0,1,45,2026-01-01
2026-01-22,2444,15.0,0.6611659192692142,0,0.023333359509706497,0.04333330690860748,-0.10000000149011612,-0.06666667014360428,-0.02,-0.026000000000000002,ambiguous_stop_loss,1,1,45,2026-01-01
2026-01-22,4563,62.20000076293945,0.6600439576254756,1,0.07395502179861069,0.09967846423387527,0.07234720140695572,0.09967846423387527,0.03,0.024,gap_take_profit,1,0,45,2026-01-01
2026-01-22,6418,37.54999923706055,0.6599724657776543,0,0.013315579853951931,0.01731029339134693,-0.015978654846549034,-0.014647116884589195,-0.014647116884589195,-0.020647116884589194,close,0,0,45,2026-01-01
2026-01-22,3044,346.5,0.6569291339055275,1,0.03751803934574127,0.05772005766630173,0.0,0.04040404036641121,0.03,0.024,gap_take_profit,1,0,45,2026-01-01
2026-01-22,4533,35.349998474121094,0.6543701929655196,0,0.0,0.022630922496318817,-0.08062230795621872,-0.009900947101414204,-0.02,-0.026000000000000002,stop_loss,0,1,45,2026-01-01
2026-01-22,6155,62.79999923706055,0.653854525185011,0,0.01910829171538353,0.02547774463891983,-0.08917195349931717,-0.0812101662158966,-0.02,-0.026000000000000002,stop_loss,0,1,45,2026-01-01
2026-01-22,2413,44.0,0.6528028603262902,1,0.0045454720966517925,0.09772725403308868,0.002272692508995533,0.027272744104266167,0.03,0.024,take_profit,1,0,45,2026-01-01
2026-01-22,6423,94.4000015258789,0.6510833146732009,1,0.09639828652143478,0.09639828652143478,0.06461862474679947,0.09639828652143478,0.03,0.024,gap_take_profit,1,0,45,2026-01-01
2026-01-22,2466,61.099998474121094,0.649307551132568,1,0.0016366987256333232,0.013093340210616589,-0.009819942526519299,0.013093340210616589,0.013093340210616589,0.0070933402106165885,close,0,0,45,2026-01-01
2026-01-22,3653,2560.0,0.6487005697114319,1,0.0390625,0.091796875,0.017578125,0.091796875,0.03,0.024,gap_take_profit,1,0,45,2026-01-01
2026-01-22,9910,99.5,0.6469907756675564,0,0.005025125574320555,0.01005025114864111,-0.013065357692539692,-0.007035145070403814,-0.007035145070403814,-0.013035145070403814,close,0,0,45,2026-01-01
2026-01-23,4534,21.75,0.7000260021743967,1,0.0988505557179451,0.0988505557179451,0.0988505557179451,0.0988505557179451,0.03,0.024,gap_take_profit,1,0,45,2026-01-01
2026-01-23,4563,68.4000015258789,0.6607359475159956,0,0.02485375665128231,0.030701732262969017,-0.06286554038524628,-0.026315834373235703,-0.02,-0.026000000000000002,ambiguous_stop_loss,1,1,45,2026-01-01
2026-01-23,6285,155.0,0.6571496943927605,1,0.012903225608170033,0.07096774131059647,-0.016129031777381897,0.016129031777381897,0.03,0.024,take_profit,1,0,45,2026-01-01
2026-01-23,1471,12.149999618530273,0.6499221002143509,1,0.09876549988985062,0.09876549988985062,0.09876549988985062,0.09876549988985062,0.03,0.024,gap_take_profit,1,0,45,2026-01-01
2026-01-23,2367,44.099998474121094,0.6489185711799937,1,0.037415001541376114,0.09977328032255173,0.03628123179078102,0.09977328032255173,0.03,0.024,gap_take_profit,1,0,45,2026-01-01
2026-01-23,2313,171.0,0.647364174251638,1,0.017543859779834747,0.06432748585939407,0.01461988314986229,0.035087719559669495,0.03,0.024,take_profit,1,0,45,2026-01-01
2026-01-23,3630,35.0,0.6433470777720974,1,0.0657142624258995,0.10000000149011612,0.02857142873108387,0.10000000149011612,0.03,0.024,gap_take_profit,1,0,45,2026-01-01
2026-01-23,2355,39.349998474121094,0.6428544988136685,1,0.01651846431195736,0.05463790521025658,-0.019059721380472183,0.003811982925981283,0.03,0.024,take_profit,1,0,45,2026-01-01
2026-01-23,8438,69.30000305175781,0.642657237560395,0,-0.0043290480971336365,0.027416938915848732,-0.04761908948421478,-0.020202040672302246,-0.02,-0.026000000000000002,stop_loss,0,1,45,2026-01-01
2026-01-23,2352,28.200000762939453,0.6425637771000864,0,0.03546099364757538,0.0390070378780365,-0.05141846463084221,-0.047872353345155716,0.03,0.024,gap_take_profit,1,1,45,2026-01-01
2026-01-23,6492,55.599998474121094,0.6422128648264515,1,0.09892086684703827,0.09892086684703827,0.09892086684703827,0.09892086684703827,0.03,0.024,gap_take_profit,1,0,45,2026-01-01
2026-01-23,4121,16.549999237060547,0.6382873538107129,1,0.01510574109852314,0.07854992151260376,-0.01510574109852314,0.036253802478313446,0.03,0.024,take_profit,1,0,45,2026-01-01
2026-01-23,2453,63.20000076293945,0.6377126317880893,0,0.020569607615470886,0.023734116926789284,-0.06645570695400238,-0.060126569122076035,-0.02,-0.026000000000000002,stop_loss,0,1,45,2026-01-01
2026-01-23,2486,105.5,0.635814438990308,1,0.08530806005001068,0.0995260700583458,0.06635071337223053,0.0995260700583458,0.03,0.024,gap_take_profit,1,0,45,2026-01-01
2026-01-23,6716,50.79999923706055,0.6323605450027199,1,0.02559053711593151,0.09842519462108612,0.02559053711593151,0.09842519462108612,0.03,0.024,take_profit,1,0,45,2026-01-01
2026-01-23,3162,65.0,0.6318207247170337,0,-0.007520704995840788,-0.0030025774613022804,-0.04968983680009842,-0.0376414954662323,-0.02,-0.026000000000000002,stop_loss,0,1,45,2026-01-01
2026-01-23,3306,54.20000076293945,0.6298826550884362,0,0.014760132879018784,0.035055309534072876,-0.05535055324435234,-0.04428046941757202,-0.02,-0.026000000000000002,ambiguous_stop_loss,1,1,45,2026-01-01
2026-01-23,2484,30.649999618530273,0.6292624585727205,0,0.0,0.0,-0.05383359268307686,-0.019575869664549828,-0.02,-0.026000000000000002,stop_loss,0,1,45,2026-01-01
2026-01-23,4949,45.20000076293945,0.6259776034697041,1,0.06194688379764557,0.09955751895904541,0.0597345307469368,0.09955751895904541,0.03,0.024,gap_take_profit,1,0,45,2026-01-01
2026-01-23,8131,77.5999984741211,0.6254788247945416,1,0.009020677767693996,0.09922686219215393,0.005154659040272236,0.09922686219215393,0.03,0.024,take_profit,1,0,45,2026-01-01
2026-01-26,1471,13.350000381469727,0.7076463270501632,1,0.0973782166838646,0.0973782166838646,0.08614229410886765,0.0973782166838646,0.03,0.024,gap_take_profit,1,0,45,2026-01-01
2026-01-26,2431,16.049999237060547,0.7062899609091058,1,0.09968850016593933,0.09968850016593933,0.08099696040153503,0.09968850016593933,0.03,0.024,gap_take_profit,1,0,45,2026-01-01
2026-01-26,4534,23.899999618530273,0.7040096429893983,1,0.09832637757062912,0.09832637757062912,0.0,0.031380753964185715,0.03,0.024,gap_take_profit,1,0,45,2026-01-01
2026-01-26,6492,61.099998474121094,0.7000772445811815,1,0.05728314444422722,0.05728314444422722,-0.022913219407200813,0.022913282737135887,0.03,0.024,gap_take_profit,1,1,45,2026-01-01
2026-01-26,2367,48.5,0.6650933364155345,1,0.06391749531030655,0.07216494530439377,0.014433005824685097,0.032989658415317535,0.03,0.024,gap_take_profit,1,0,45,2026-01-01
2026-01-26,3645,73.0,0.6608622790655475,0,0.02465757541358471,0.031506892293691635,-0.039726048707962036,-0.019178103655576706,-0.02,-0.026000000000000002,ambiguous_stop_loss,1,1,45,2026-01-01
2026-01-26,4949,49.70000076293945,0.6602268884405823,0,0.04426560923457146,0.04627764970064163,-0.03420524671673775,-0.022132841870188713,0.03,0.024,gap_take_profit,1,1,45,2026-01-01
2026-01-26,6202,48.400001525878906,0.6570788246391598,0,0.0,0.007231373339891434,-0.036157023161649704,-0.00619840994477272,-0.02,-0.026000000000000002,stop_loss,0,1,45,2026-01-01
2026-01-26,2486,116.0,0.6549825801522181,1,0.0517241396009922,0.09913793206214905,0.043103449046611786,0.09913793206214905,0.03,0.024,gap_take_profit,1,0,45,2026-01-01
2026-01-26,6190,56.900001525878906,0.654937937539936,0,0.03866427019238472,0.045694172382354736,-0.08963096886873245,-0.07732867449522018,0.03,0.024,gap_take_profit,1,1,45,2026-01-01
2026-01-26,1301,48.79999923706055,0.6546139724242067,1,0.04918035864830017,0.06762293726205826,0.0010245745070278645,0.045081984251737595,0.03,0.024,gap_take_profit,1,0,45,2026-01-01
2026-01-26,6209,73.4000015258789,0.6542463040088558,1,0.035422321408987045,0.09673022478818893,-0.023160824552178383,0.07356949895620346,0.03,0.024,gap_take_profit,1,1,45,2026-01-01
2026-01-26,6446,660.0,0.6539809973209367,1,0.025757575407624245,0.10000000149011612,0.025757575407624245,0.0939393937587738,0.03,0.024,take_profit,1,0,45,2026-01-01
2026-01-26,6949,473.0,0.6526839108875364,1,0.035940803587436676,0.09936574846506119,0.03488372266292572,0.08456659317016602,0.03,0.024,gap_take_profit,1,0,45,2026-01-01
2026-01-26,6609,48.04999923706055,0.6522894375287579,0,0.0,0.0031217799987643957,-0.060353752225637436,-0.0551508367061615,-0.02,-0.026000000000000002,stop_loss,0,1,45,2026-01-01
2026-01-26,8131,85.30000305175781,0.6503152424993233,0,0.0,0.0011723149800673127,-0.06682302802801132,-0.04923803731799126,-0.02,-0.026000000000000002,stop_loss,0,1,45,2026-01-01
2026-01-26,6657,53.29999923706055,0.6488714129995881,1,0.09756099432706833,0.09943713247776031,0.09005627036094666,0.09943713247776031,0.03,0.024,gap_take_profit,1,0,45,2026-01-01
2026-01-26,6217,67.30000305175781,0.6481323582832611,0,0.02080228552222252,0.022288260981440544,-0.05200599879026413,-0.037147101014852524,-0.02,-0.026000000000000002,stop_loss,0,1,45,2026-01-01
2026-01-26,1326,38.95000076293945,0.6472586860665532,1,0.05134788155555725,0.07702182233333588,0.0012836774112656713,0.04107826575636864,0.03,0.024,gap_take_profit,1,0,45,2026-01-01
2026-01-26,4934,17.899999618530273,0.6451816835898071,0,0.036312829703092575,0.036312829703092575,-0.07821226865053177,-0.055865924805402756,0.03,0.024,gap_take_profit,1,1,45,2026-01-01
2026-01-27,2431,17.649999618530273,0.6667238419247811,0,0.0,0.0,-0.06232297047972679,-0.045325737446546555,-0.02,-0.026000000000000002,stop_loss,0,1,45,2026-01-01
2026-01-27,6442,1430.0,0.6659919853550296,1,0.0979020968079567,0.0979020968079567,0.0979020968079567,0.0979020968079567,0.03,0.024,gap_take_profit,1,0,45,2026-01-01
2026-01-27,6133,28.049999237060547,0.6651013048972056,1,0.058823585510253906,0.06951874494552612,-0.016042741015553474,0.032085616141557693,0.03,0.024,gap_take_profit,1,0,45,2026-01-01
2026-01-27,4121,18.850000381469727,0.6450666533741937,1,0.029177676886320114,0.0663129985332489,-0.013262598775327206,0.013262598775327206,0.03,0.024,take_profit,1,0,45,2026-01-01
2026-01-27,5347,159.5,0.6424806140176457,1,0.03448275849223137,0.07210031151771545,0.009404388256371021,0.021943572908639908,0.03,0.024,gap_take_profit,1,0,45,2026-01-01
2026-01-27,4967,248.0,0.6418316078434476,1,0.02217741869390011,0.07056451588869095,0.006048386916518211,0.03427419438958168,0.03,0.024,take_profit,1,0,45,2026-01-01
2026-01-27,6657,58.599998474121094,0.6412628717114531,0,0.01706484705209732,0.018771370872855186,-0.0853242352604866,-0.07849826663732529,-0.02,-0.026000000000000002,stop_loss,0,1,45,2026-01-01
2026-01-27,2303,76.19999694824219,0.6403760648468465,0,0.044619444757699966,0.04593176022171974,-0.01181094441562891,-0.003936947789043188,0.03,0.024,gap_take_profit,1,0,45,2026-01-01
2026-01-27,3122,26.399999618530273,0.6400486063637957,1,0.01136367954313755,0.09848486632108688,0.01136367954313755,0.09848486632108688,0.03,0.024,take_profit,1,0,45,2026-01-01
2026-01-27,2486,127.5,0.6383541951821207,1,0.0,0.03529411926865578,-0.0470588244497776,0.027450980618596077,-0.02,-0.026000000000000002,ambiguous_stop_loss,1,1,45,2026-01-01
2026-01-27,3189,228.5,0.6353636837282017,1,0.0,0.09190371632575989,-0.0065645514987409115,0.06564551591873169,0.03,0.024,take_profit,1,0,45,2026-01-01
2026-01-27,2363,60.5,0.6351712799373477,0,0.024793388321995735,0.04958677664399147,-0.052892573177814484,-0.03801651671528816,-0.02,-0.026000000000000002,ambiguous_stop_loss,1,1,45,2026-01-01
2026-01-27,1732,30.399999618530273,0.627952272811278,1,0.04934210702776909,0.09868427366018295,0.01973685435950756,0.09868427366018295,0.03,0.024,gap_take_profit,1,0,45,2026-01-01
2026-01-27,9919,17.899999618530273,0.6231851952857329,1,0.09776536375284195,0.09776536375284195,0.09217875450849533,0.09776536375284195,0.03,0.024,gap_take_profit,1,0,45,2026-01-01
2026-01-27,4171,22.649999618530273,0.6187346447456673,1,0.0066224997863173485,0.055187638849020004,-0.03090502694249153,0.008830055594444275,-0.02,-0.026000000000000002,ambiguous_stop_loss,1,1,45,2026-01-01
2026-01-27,8096,58.400001525878906,0.6176605856462849,1,0.04623282328248024,0.09931498765945435,0.013698616996407509,0.09931498765945435,0.03,0.024,gap_take_profit,1,0,45,2026-01-01
2026-01-27,8227,160.0,0.6160758987706213,0,0.02187499962747097,0.02187499962747097,-0.03437500074505806,-0.02812499925494194,-0.02,-0.026000000000000002,stop_loss,0,1,45,2026-01-01
2026-01-27,2419,34.150001525878906,0.615836201745353,0,0.03074668161571026,0.05124450847506523,-0.05856515094637871,-0.05270872637629509,0.03,0.024,gap_take_profit,1,1,45,2026-01-01
2026-01-27,3290,47.54999923706055,0.6138501816779004,1,0.005257623735815287,0.031545743346214294,-0.02839113585650921,0.009463738650083542,-0.02,-0.026000000000000002,ambiguous_stop_loss,1,1,45,2026-01-01
2026-01-27,3163,424.5,0.6133395907481509,1,0.016489988192915916,0.0989399328827858,0.01295641902834177,0.0989399328827858,0.03,0.024,take_profit,1,0,45,2026-01-01
2026-01-28,6291,222.5,0.6163489991005775,1,0.06516853719949722,0.09887640178203583,0.03595505654811859,0.09887640178203583,0.03,0.024,gap_take_profit,1,0,45,2026-01-01
2026-01-28,6202,52.900001525878906,0.5982437567279083,0,-0.015122930519282818,-0.01134219765663147,-0.08317583054304123,-0.07466919720172882,-0.02,-0.026000000000000002,stop_loss,0,1,45,2026-01-01
2026-01-28,1325,35.79999923706055,0.5957401337176211,0,0.013966481201350689,0.013966481201350689,-0.09916198998689651,-0.09916198998689651,-0.02,-0.026000000000000002,stop_loss,0,1,45,2026-01-01
2026-01-28,6552,30.149999618530273,0.5953494582487051,1,0.01990051008760929,0.08623550087213516,0.009950286708772182,0.05472635477781296,0.03,0.024,take_profit,1,0,45,2026-01-01
2026-01-28,6683,532.0,0.5953369312290797,0,0.015037594363093376,0.043233081698417664,-0.016917293891310692,-0.015037594363093376,0.03,0.024,take_profit,1,0,45,2026-01-01
2026-01-28,3149,60.20000076293945,0.5913838146180997,0,0.016611294820904732,0.036544863134622574,-0.08803985267877579,-0.08803985267877579,-0.02,-0.026000000000000002,ambiguous_stop_loss,1,1,45,2026-01-01
2026-01-28,1503,246.0,0.590754029357121,0,0.004065040498971939,0.024390242993831635,-0.05081300809979439,-0.018292682245373726,-0.02,-0.026000000000000002,stop_loss,0,1,45,2026-01-01
2026-01-28,5471,40.150001525878906,0.5906063119662743,0,0.006226649973541498,0.007471960969269276,-0.06475721299648285,-0.06226649880409241,-0.02,-0.026000000000000002,stop_loss,0,1,45,2026-01-01
2026-01-28,3081,900.0,0.5894607619992479,1,0.06444444507360458,0.10000000149011612,0.05000000074505806,0.10000000149011612,0.03,0.024,gap_take_profit,1,0,45,2026-01-01
2026-01-28,6207,62.20000076293945,0.5816292679988005,0,0.011254031211137772,0.01607717014849186,-0.09967846423387527,-0.09807077795267105,-0.02,-0.026000000000000002,stop_loss,0,1,45,2026-01-01
2026-01-28,2337,83.80000305175781,0.5815764671277927,1,0.0668257549405098,0.0990452915430069,0.020286358892917633,0.0990452915430069,0.03,0.024,gap_take_profit,1,0,45,2026-01-01
2026-01-28,8096,64.19999694824219,0.5794520997457959,1,0.029595041647553444,0.09968850016593933,0.021806878969073296,0.08099696040153503,0.03,0.024,take_profit,1,0,45,2026-01-01
2026-01-28,2344,127.0,0.5778672595962633,1,0.04724409431219101,0.07086614519357681,-0.023622047156095505,0.023622047156095505,0.03,0.024,gap_take_profit,1,1,45,2026-01-01
2026-01-28,4919,66.30000305175781,0.5767442004233788,0,0.04374047741293907,0.05279034376144409,-0.08597291260957718,-0.08446458727121353,0.03,0.024,gap_take_profit,1,1,45,2026-01-01
2026-01-28,6588,55.900001525878906,0.5705814854327724,1,0.06618956476449966,0.09838997572660446,0.06618956476449966,0.09838997572660446,0.03,0.024,gap_take_profit,1,0,45,2026-01-01
2026-01-28,6739,836.0,0.566630126079782,1,0.09808612614870071,0.09808612614870071,0.04066985473036766,0.0717703327536583,0.03,0.024,gap_take_profit,1,0,45,2026-01-01
2026-01-28,4977,138.0,0.5661162080152209,0,0.021739130839705467,0.047101449221372604,-0.018115941435098648,-0.010869565419852734,0.03,0.024,take_profit,1,0,45,2026-01-01
2026-01-28,3623,29.399999618530273,0.5658144449455151,0,0.0,0.0,-0.07312923669815063,-0.07312923669815063,-0.02,-0.026000000000000002,stop_loss,0,1,45,2026-01-01
2026-01-28,1732,33.400001525878906,0.5640293006528141,0,-0.013473075814545155,-0.011976093053817749,-0.09880242496728897,-0.09880242496728897,-0.02,-0.026000000000000002,stop_loss,0,1,45,2026-01-01
2026-01-28,4979,322.0,0.5635030454973214,1,0.02484472095966339,0.05279503017663956,-0.03105590119957924,0.038819875568151474,-0.02,-0.026000000000000002,ambiguous_stop_loss,1,1,45,2026-01-01
2026-01-29,3081,990.0,0.598162271213445,1,-0.0181818176060915,0.010101010091602802,-0.031313132494688034,0.010101010091602802,-0.02,-0.026000000000000002,stop_loss,0,1,45,2026-01-01
2026-01-29,6291,244.5,0.598162271213445,0,-0.002044989727437496,-0.002044989727437496,-0.08588957041501999,-0.03271983563899994,-0.02,-0.026000000000000002,stop_loss,0,1,45,2026-01-01
2026-01-29,2337,92.0999984741211,0.5927176543743149,1,0.019544007256627083,0.03691641241312027,-0.017372405156493187,0.007600483950227499,0.03,0.024,take_profit,1,0,45,2026-01-01
2026-01-29,6442,1725.0,0.5857602258650668,1,0.017391303554177284,0.06956521421670914,-0.011594203300774097,0.03478260710835457,0.03,0.024,take_profit,1,0,45,2026-01-01
2026-01-29,6588,61.400001525878906,0.5837848245569884,1,0.04234525188803673,0.0993485078215599,-0.024429967626929283,0.0993485078215599,0.03,0.024,gap_take_profit,1,1,45,2026-01-01
2026-01-29,2014,18.75,0.5781961736065466,1,0.055999960750341415,0.09866669028997421,0.0,0.0533333346247673,0.03,0.024,gap_take_profit,1,0,45,2026-01-01
2026-01-29,3594,40.349998474121094,0.5717768996714147,1,0.0,0.05328380689024925,-0.021065637469291687,0.02850065939128399,-0.02,-0.026000000000000002,ambiguous_stop_loss,1,1,45,2026-01-01
2026-01-29,2233,264.5,0.5708940944617193,1,0.009451796300709248,0.09829867631196976,-0.02457466907799244,0.09451796114444733,-0.02,-0.026000000000000002,ambiguous_stop_loss,1,1,45,2026-01-01
2026-01-29,6426,111.5,0.5704498845293207,1,0.022421523928642273,0.09865470975637436,0.013452914543449879,0.09865470975637436,0.03,0.024,take_profit,1,0,45,2026-01-01
2026-01-29,2028,20.450000762939453,0.5657605790293163,0,-0.041564811021089554,0.07090459018945694,-0.09535455703735352,-0.017114931717514992,-0.041564811021089554,-0.04756481102108955,gap_stop,1,1,45,2026-01-01
2026-01-29,6706,127.0,0.5654552117647333,0,0.007874015718698502,0.011811023578047752,-0.09055118262767792,-0.07480315119028091,-0.02,-0.026000000000000002,stop_loss,0,1,45,2026-01-01
2026-01-29,3057,19.25,0.5638585696057418,0,-0.028571389615535736,-0.025974025949835777,-0.08571426570415497,-0.05974024161696434,-0.028571389615535736,-0.034571389615535734,gap_stop,0,1,45,2026-01-01
2026-01-29,2061,18.700000762939453,0.5580017152430913,1,0.048128318041563034,0.09893039613962173,0.026737967506051064,0.06684491783380508,0.03,0.024,gap_take_profit,1,0,45,2026-01-01
2026-01-29,5245,28.049999237060547,0.5572648703756155,1,0.014260304160416126,0.0998217910528183,0.014260304160416126,0.0998217910528183,0.03,0.024,take_profit,1,0,45,2026-01-01
2026-01-29,6715,119.5,0.5186728086030288,1,0.0041841003112494946,0.09623430669307709,0.0,0.09623430669307709,0.03,0.024,take_profit,1,0,45,2026-01-01
2026-01-29,3044,387.0,0.5159875657624109,0,-0.007751937955617905,-0.005167958792299032,-0.03875968977808952,-0.032299742102622986,-0.02,-0.026000000000000002,stop_loss,0,1,45,2026-01-01
2026-01-29,2368,692.0,0.5140552566416077,1,0.0014450866729021072,0.024566473439335823,-0.014450866729021072,0.013005780056118965,0.013005780056118965,0.007005780056118965,close,0,0,45,2026-01-01
2026-01-29,3390,22.899999618530273,0.5136554404837282,0,0.0,0.004366829060018063,-0.02620089054107666,-0.010917031206190586,-0.02,-0.026000000000000002,stop_loss,0,1,45,2026-01-01
2026-01-29,3088,83.69999694824219,0.513325420256325,0,0.0,0.0,-0.017921147868037224,-0.01075261551886797,-0.01075261551886797,-0.016752615518867968,close,0,0,45,2026-01-01
2026-01-29,3042,88.30000305175781,0.5094900554557903,0,0.001132485456764698,0.001132485456764698,-0.029445141553878784,-0.021517571061849594,-0.02,-0.026000000000000002,stop_loss,0,1,45,2026-01-01
2026-01-30,5386,94.5999984741211,0.5890626225672814,1,0.051797058433294296,0.09936577081680298,0.02748412825167179,0.09936577081680298,0.03,0.024,gap_take_profit,1,0,45,2026-01-01
2026-01-30,3037,378.5,0.5869019190624708,0,-0.009247027337551117,-0.003963011782616377,-0.06208718568086624,-0.03566710650920868,-0.02,-0.026000000000000002,stop_loss,0,1,45,2026-01-01
2026-01-30,6588,67.5,0.5827434518792491,1,0.011851897463202477,0.09925921261310577,0.0029629177879542112,0.017777731642127037,0.03,0.024,take_profit,1,0,45,2026-01-01
2026-01-30,6426,122.5,0.5823979879670698,1,0.004081632476300001,0.04897959157824516,-0.020408162847161293,0.01224489789456129,-0.02,-0.026000000000000002,ambiguous_stop_loss,1,1,45,2026-01-01
2026-01-30,4958,195.5,0.5774159533559405,0,0.0,0.010230178944766521,-0.09718669950962067,-0.06138107553124428,-0.02,-0.026000000000000002,stop_loss,0,1,45,2026-01-01
2026-01-30,6290,157.0,0.5772162661323759,1,-0.006369426846504211,0.03184713423252106,-0.009554140269756317,0.009554140269756317,0.03,0.024,take_profit,1,0,45,2026-01-01
2026-01-30,3322,15.5,0.5761274275719535,0,-0.016129031777381897,-0.0032258187420666218,-0.032258063554763794,-0.02903224527835846,-0.02,-0.026000000000000002,stop_loss,0,1,45,2026-01-01
2026-01-30,8473,36.75,0.571934589795949,0,0.009523767977952957,0.023129209876060486,-0.00816324446350336,-0.00816324446350336,-0.00816324446350336,-0.014163244463503361,close,0,0,45,2026-01-01
2026-01-30,3515,215.5,0.5709913855303161,1,-0.002320185536518693,0.02552204206585884,-0.013921113684773445,0.013921113684773445,0.013921113684773445,0.007921113684773445,close,0,0,45,2026-01-01
2026-01-30,8422,36.79999923706055,0.5699006275256452,0,-0.01630430668592453,0.014945631846785545,-0.028532588854432106,-0.012228282168507576,-0.02,-0.026000000000000002,stop_loss,0,1,45,2026-01-01
2026-01-30,8096,76.30000305175781,0.5692763245548444,0,0.005242383573204279,0.018348542973399162,-0.0615990087389946,-0.040629174560308456,-0.02,-0.026000000000000002,stop_loss,0,1,45,2026-01-01
2026-01-30,8103,85.5,0.5677227702419421,1,0.009356760419905186,0.04093567281961441,-0.007017525844275951,0.016374286264181137,0.03,0.024,take_profit,1,0,45,2026-01-01
2026-01-30,5263,103.5,0.5669639170113983,1,0.009661835618317127,0.06763284653425217,-0.004830917809158564,0.03381642326712608,0.03,0.024,take_profit,1,0,45,2026-01-01
2026-01-30,6205,51.099998474121094,0.5668478282920729,0,0.013698645867407322,0.03326811641454697,-0.029354209080338478,-0.007827743887901306,-0.02,-0.026000000000000002,ambiguous_stop_loss,1,1,45,2026-01-01
2026-01-30,3511,20.200000762939453,0.566399715780986,0,-0.00990102719515562,-0.00990102719515562,-0.042079225182533264,-0.03465350344777107,-0.02,-0.026000000000000002,stop_loss,0,1,45,2026-01-01
2026-01-30,3229,21.799999237060547,0.5661489876429091,1,0.009174346923828125,0.0917431190609932,-0.013761433772742748,0.05963308364152908,0.03,0.024,take_profit,1,0,45,2026-01-01
2026-01-30,3044,374.5,0.5661092662881976,1,0.01068090833723545,0.06675567477941513,0.006675567477941513,0.0427236333489418,0.03,0.024,take_profit,1,0,45,2026-01-01
2026-01-30,3555,112.0,0.5660922611517266,1,0.0714285746216774,0.0982142835855484,0.0357142873108387,0.0982142835855484,0.03,0.024,gap_take_profit,1,0,45,2026-01-01
2026-01-30,6418,34.79999923706055,0.5642046899765943,0,0.017241446301341057,0.017241446301341057,-0.035919539630413055,-0.03448278084397316,-0.02,-0.026000000000000002,stop_loss,0,1,45,2026-01-01
2026-01-30,5245,30.850000381469727,0.5637692053994003,1,0.02269040048122406,0.09886551648378372,0.02269040048122406,0.09886551648378372,0.03,0.024,take_profit,1,0,45,2026-01-01
2026-02-02,3002,20.75,0.6384499134096903,1,0.0096385907381773,0.04096387326717377,0.0096385907381773,0.03855418041348457,0.03,0.024,take_profit,1,0,46,2026-02-01
2026-02-02,6418,33.599998474121094,0.6384411314876774,1,0.01934528350830078,0.04761911928653717,0.007440476678311825,0.011904807761311531,0.03,0.024,take_profit,1,0,46,2026-02-01
2026-02-02,2468,37.20000076293945,0.6367243945346239,1,0.016128990799188614,0.016128990799188614,0.0,0.0026881310623139143,0.0026881310623139143,-0.003311868937686086,close,0,0,46,2026-02-01
2026-02-02,2241,30.5,0.6356336170766692,1,0.016393441706895828,0.026229484006762505,0.0049180202186107635,0.009836040437221527,0.009836040437221527,0.003836040437221527,close,0,0,46,2026-02-01
2026-02-02,3028,50.599998474121094,0.634085534871244,1,0.0988142341375351,0.0988142341375351,0.0988142341375351,0.0988142341375351,0.03,0.024,gap_take_profit,1,0,46,2026-02-01
2026-02-02,6156,20.25,0.6338265439605003,1,0.01728396862745285,0.02469135820865631,-0.0024690981954336166,0.012345679104328156,0.012345679104328156,0.006345679104328155,close,0,0,46,2026-02-01
2026-02-02,4722,151.0,0.6336550851640008,1,0.026490066200494766,0.05629139021039009,-0.0033112582750618458,0.03642383962869644,0.03,0.024,take_profit,1,0,46,2026-02-01
2026-02-02,2491,17.149999618530273,0.6311571002511247,0,0.020408185198903084,0.029154520481824875,-0.014577260240912437,-0.011661740951240063,-0.011661740951240063,-0.01766174095124006,close,0,0,46,2026-02-01
2026-02-02,1773,139.0,0.6306629924394352,1,0.017985612154006958,0.025179855525493622,0.007194244768470526,0.010791366919875145,0.010791366919875145,0.004791366919875145,close,0,0,46,2026-02-01
2026-02-02,6683,633.0,0.6306621493835667,1,0.09478673338890076,0.0995260700583458,0.0758293867111206,0.0995260700583458,0.03,0.024,gap_take_profit,1,0,46,2026-02-01
2026-02-02,3555,123.0,0.6306621493835667,1,0.08943089097738266,0.09756097197532654,0.008130080997943878,0.016260161995887756,0.03,0.024,gap_take_profit,1,0,46,2026-02-01
2026-02-02,5258,56.0,0.6296533442799473,0,0.008928571827709675,0.014285700395703316,-0.007142884191125631,-0.0035714420955628157,-0.0035714420955628157,-0.009571442095562816,close,0,0,46,2026-02-01
2026-02-02,5245,33.900001525878906,0.6292920653107567,0,0.04572268947958946,0.09144537895917892,-0.02654871717095375,-0.01769918203353882,0.03,0.024,gap_take_profit,1,1,46,2026-02-01
2026-02-02,3537,45.54999923706055,0.6283097398527001,1,0.018660861998796463,0.0208562184125185,0.004390796180814505,0.014270066283643246,0.014270066283643246,0.008270066283643246,close,0,0,46,2026-02-01
2026-02-02,6603,25.100000381469727,0.6280374905647683,1,0.029880477115511894,0.03784855827689171,0.0,0.009960159659385681,0.03,0.024,take_profit,1,0,46,2026-02-01
2026-02-02,6175,45.650001525878906,0.6277795197829525,1,0.02300107851624489,0.024096351116895676,-0.014238806441426277,0.014238722622394562,0.014238722622394562,0.008238722622394562,close,0,0,46,2026-02-01
2026-02-02,6409,861.0,0.6276086237582346,1,0.018583042547106743,0.06736353039741516,0.013937282375991344,0.06736353039741516,0.03,0.024,take_profit,1,0,46,2026-02-01
2026-02-02,1587,44.099998474121094,0.6251398791826301,1,0.02040819823741913,0.0294785276055336,0.0022676256485283375,0.0022676256485283375,0.0022676256485283375,-0.0037323743514716626,close,0,0,46,2026-02-01
2026-02-02,7402,122.0,0.6243814432958794,1,0.02049180306494236,0.032786883413791656,0.0,0.012295082211494446,0.03,0.024,take_profit,1,0,46,2026-02-01
2026-02-02,6531,420.0,0.6238326696994112,1,0.02261904813349247,0.03928571566939354,-0.0059523810632526875,0.02380952425301075,0.03,0.024,take_profit,1,0,46,2026-02-01
2026-02-03,3508,29.200000762939453,0.6051353255138519,1,0.08732873946428299,0.09931498765945435,0.07705479115247726,0.09931498765945435,0.03,0.024,gap_take_profit,1,0,46,2026-02-01
2026-02-03,3028,55.599998474121094,0.5801677189539562,0,-0.09892086684703827,-0.08812946081161499,-0.09892086684703827,-0.09892086684703827,-0.09892086684703827,-0.10492086684703827,gap_stop,0,1,46,2026-02-01
2026-02-03,2367,54.099998474121094,0.5571615666313426,1,0.020332759246230125,0.09981518983840942,0.018484288826584816,0.09981518983840942,0.03,0.024,take_profit,1,0,46,2026-02-01
2026-02-03,6715,140.5,0.5526222335961133,1,0.03202847018837929,0.07473309338092804,-0.014234875328838825,0.06761565804481506,0.03,0.024,gap_take_profit,1,0,46,2026-02-01
2026-02-03,5386,114.0,0.5418696386617016,1,-0.017543859779834747,0.030701754614710808,-0.048245612531900406,0.008771929889917374,-0.02,-0.026000000000000002,ambiguous_stop_loss,1,1,46,2026-02-01
2026-02-03,3491,1280.0,0.5363257307885958,1,0.0,0.09765625,0.0,0.078125,0.03,0.024,take_profit,1,0,46,2026-02-01
2026-02-03,6451,189.5,0.5357674575809661,1,0.03166227042675018,0.09762533009052277,0.007915567606687546,0.09762533009052277,0.03,0.024,gap_take_profit,1,0,46,2026-02-01
2026-02-03,3576,12.300000190734863,0.5337374771337744,1,0.07723575830459595,0.09756095707416534,0.05284549668431282,0.09756095707416534,0.03,0.024,gap_take_profit,1,0,46,2026-02-01
2026-02-03,5475,123.0,0.5328989881774073,1,0.0,0.09756097197532654,0.0,0.09756097197532654,0.03,0.024,take_profit,1,0,46,2026-02-01
2026-02-03,4542,110.5,0.5317229891480709,1,0.031674209982156754,0.09954751282930374,0.031674209982156754,0.09954751282930374,0.03,0.024,gap_take_profit,1,0,46,2026-02-01
2026-02-03,6683,696.0,0.52956837809311,1,-0.008620689623057842,0.0833333358168602,-0.008620689623057842,0.0833333358168602,0.03,0.024,take_profit,1,0,46,2026-02-01
2026-02-03,3081,1095.0,0.5234849871436763,1,-0.00913241971284151,0.03652967885136604,-0.00913241971284151,0.03652967885136604,0.03,0.024,take_profit,1,0,46,2026-02-01
2026-02-03,6515,4465.0,0.519935510090117,1,0.007838745601475239,0.05263157933950424,0.002239641733467579,0.020156774669885635,0.03,0.024,take_profit,1,0,46,2026-02-01
2026-02-03,1809,26.399999618530273,0.5196951497193328,0,-0.02462119795382023,0.03787878900766373,-0.03787878900766373,-0.018939394503831863,-0.02462119795382023,-0.030621197953820227,gap_stop,1,1,46,2026-02-01
2026-02-03,6510,3775.0,0.5177530917581785,1,0.0013245033333078027,0.05960264801979065,0.0013245033333078027,0.05960264801979065,0.03,0.024,take_profit,1,0,46,2026-02-01
2026-02-03,2413,44.54999923706055,0.5177150429253699,1,0.07407405972480774,0.0953984335064888,0.059483762830495834,0.08641980588436127,0.03,0.024,gap_take_profit,1,0,46,2026-02-01
2026-02-03,3308,22.350000381469727,0.5168001096181956,1,0.07382548600435257,0.0984339490532875,0.06711409240961075,0.0984339490532875,0.03,0.024,gap_take_profit,1,0,46,2026-02-01
2026-02-03,7734,1300.0,0.5160625957560476,1,0.003846153849735856,0.06923077255487442,0.003846153849735856,0.01923076994717121,0.03,0.024,take_profit,1,0,46,2026-02-01
2026-02-03,3533,1605.0,0.5133199988004107,1,0.006230529397726059,0.05607476457953453,-0.012461058795452118,0.04049844294786453,0.03,0.024,take_profit,1,0,46,2026-02-01
2026-02-03,1802,49.400001525878906,0.5130613600643141,1,0.04251008853316307,0.07894732058048248,0.018218576908111572,0.07489871978759766,0.03,0.024,gap_take_profit,1,0,46,2026-02-01
2026-02-04,2367,59.5,0.4977009047617001,0,0.021848727017641068,0.04705880954861641,-0.042016807943582535,-0.03193279728293419,-0.02,-0.026000000000000002,ambiguous_stop_loss,1,1,46,2026-02-01
2026-02-04,3508,32.099998474121094,0.489015823621091,1,0.05919008329510689,0.09968850016593933,0.05607486516237259,0.09968850016593933,0.03,0.024,gap_take_profit,1,0,46,2026-02-01
2026-02-04,4542,121.5,0.4870800040174125,1,0.004115226212888956,0.09465020895004272,-0.016460904851555824,0.06995885074138641,0.03,0.024,take_profit,1,0,46,2026-02-01
2026-02-04,4991,265.5,0.48651874819058394,1,0.009416195563971996,0.09981167316436768,0.009416195563971996,0.09981167316436768,0.03,0.024,take_profit,1,0,46,2026-02-01
2026-02-04,2485,45.25,0.47855658233972975,1,0.02430935762822628,0.09392265230417252,0.017679540440440178,0.017679540440440178,0.03,0.024,take_profit,1,0,46,2026-02-01
2026-02-04,3693,423.5,0.47811507687404625,1,0.0023612750228494406,0.05430932715535164,-0.012987012974917889,0.02243211306631565,0.03,0.024,take_profit,1,0,46,2026-02-01
2026-02-04,6830,207.0,0.47449825429684306,1,0.03140096738934517,0.09903381764888763,0.019323671236634254,0.09903381764888763,0.03,0.024,gap_take_profit,1,0,46,2026-02-01
2026-02-04,2355,43.75,0.4710906829890586,0,0.009142892435193062,0.017142856493592262,-0.09257140755653381,-0.08342860639095306,-0.02,-0.026000000000000002,stop_loss,0,1,46,2026-02-01
2026-02-04,3189,270.5,0.46654277395386656,0,0.00554528646171093,0.014787430875003338,-0.046210721135139465,-0.025878002867102623,-0.02,-0.026000000000000002,stop_loss,0,1,46,2026-02-01
2026-02-04,3138,198.0,0.4642863240350687,0,0.007575757801532745,0.05808080732822418,-0.0833333358168602,-0.07070706784725189,-0.02,-0.026000000000000002,ambiguous_stop_loss,1,1,46,2026-02-01
2026-02-04,6588,72.5999984741211,0.4553043160407397,0,-0.0454544834792614,0.04407719895243645,-0.0454544834792614,-0.022038547322154045,-0.0454544834792614,-0.0514544834792614,gap_stop,1,1,46,2026-02-01
2026-02-04,4958,199.0,0.4540464831133797,0,-0.0025125627871602774,0.02512562833726406,-0.05025125667452812,-0.04522613063454628,-0.02,-0.026000000000000002,stop_loss,0,1,46,2026-02-01
2026-02-04,7728,897.0,0.4538207662885034,0,0.014492753893136978,0.07580824941396713,-0.07469341903924942,-0.05797101557254791,-0.02,-0.026000000000000002,ambiguous_stop_loss,1,1,46,2026-02-01
2026-02-04,6244,26.950000762939453,0.45325423343085885,1,0.03525042161345482,0.09833022207021713,0.020408134907484055,0.09833022207021713,0.03,0.024,gap_take_profit,1,0,46,2026-02-01
2026-02-04,5475,135.0,0.45066118090294494,0,-0.02222222276031971,0.08148147910833359,-0.040740739554166794,-0.02222222276031971,-0.02222222276031971,-0.028222222760319708,gap_stop,1,1,46,2026-02-01
2026-02-04,6861,68.69999694824219,0.44574632769190053,1,0.023289754986763,0.09898112714290619,0.023289754986763,0.09024752676486969,0.03,0.024,take_profit,1,0,46,2026-02-01
2026-02-04,8289,27.25,0.44505399280205743,1,0.0458715595304966,0.0844036415219307,0.01651378907263279,0.06422018259763718,0.03,0.024,gap_take_profit,1,0,46,2026-02-01
2026-02-04,3576,13.5,0.444856746428617,1,0.09259258955717087,0.10000003129243851,0.08518515527248383,0.10000003129243851,0.03,0.024,gap_take_profit,1,0,46,2026-02-01
2026-02-04,2383,2040.0,0.44378583828056745,0,-0.029411764815449715,-0.0024509804788976908,-0.06617647409439087,-0.04411764815449715,-0.029411764815449715,-0.03541176481544971,gap_stop,0,1,46,2026-02-01
2026-02-04,4960,14.550000190734863,0.4435106958902416,1,0.09965634346008301,0.09965634346008301,0.013745691627264023,0.017182130366563797,0.03,0.024,gap_take_profit,1,0,46,2026-02-01
2026-02-05,3576,14.850000381469727,0.4099593275406865,1,0.0471380315721035,0.08080799877643585,-0.043771080672740936,0.07070701569318771,0.03,0.024,gap_take_profit,1,1,46,2026-02-01
2026-02-05,6152,15.949999809265137,0.3958286974069682,1,0.0815047174692154,0.09404394775629044,0.021943537518382072,0.07523509860038757,0.03,0.024,gap_take_profit,1,0,46,2026-02-01
2026-02-05,6706,127.0,0.3762464804650806,0,-0.011811023578047752,-0.011811023578047752,-0.09842519462108612,-0.09842519462108612,-0.02,-0.026000000000000002,stop_loss,0,1,46,2026-02-01
2026-02-05,6244,29.600000381469727,0.37015745214364393,0,-0.02027028240263462,-0.02027028240263462,-0.099662184715271,-0.099662184715271,-0.02027028240263462,-0.02627028240263462,gap_stop,0,1,46,2026-02-01
2026-02-05,4991,292.0,0.3686915337196792,0,-0.04623287543654442,-0.0445205494761467,-0.09931506961584091,-0.09931506961584091,-0.04623287543654442,-0.05223287543654442,gap_stop,0,1,46,2026-02-01
2026-02-05,6830,227.5,0.35738739403814845,0,-0.013186813332140446,-0.002197802299633622,-0.09890110045671463,-0.09890110045671463,-0.02,-0.026000000000000002,stop_loss,0,1,46,2026-02-01
2026-02-05,3234,66.5999984741211,0.3490728798916488,0,-0.012011943385004997,-0.012011943385004997,-0.09909907728433609,-0.028528552502393723,-0.02,-0.026000000000000002,stop_loss,0,1,46,2026-02-01
2026-02-05,2483,21.149999618530273,0.34030345340497137,0,-0.009456210769712925,-0.007092180661857128,-0.07092198729515076,-0.05437350645661354,-0.02,-0.026000000000000002,stop_loss,0,1,46,2026-02-01
2026-02-05,4949,51.5,0.34012206997719135,0,-0.019417475908994675,-0.011650456115603447,-0.10000003129243851,-0.10000003129243851,-0.02,-0.026000000000000002,stop_loss,0,1,46,2026-02-01
2026-02-05,8210,1085.0,0.33982154485544747,0,-0.04608295112848282,-0.032258063554763794,-0.09953916817903519,-0.09953916817903519,-0.04608295112848282,-0.05208295112848282,gap_stop,0,1,46,2026-02-01
2026-02-05,3066,15.949999809265137,0.33865885270429386,0,0.018808789551258087,0.04388713464140892,-0.059561118483543396,-0.059561118483543396,-0.02,-0.026000000000000002,ambiguous_stop_loss,1,1,46,2026-02-01
2026-02-05,3122,27.0,0.3314606693299303,0,0.0018518236465752125,0.0018518236465752125,-0.06851853430271149,-0.06666664034128189,-0.02,-0.026000000000000002,stop_loss,0,1,46,2026-02-01
2026-02-05,6461,21.850000381469727,0.328482389731225,1,0.09839814901351929,0.09839814901351929,0.020594913512468338,0.07322656363248825,0.03,0.024,gap_take_profit,1,0,46,2026-02-01
2026-02-05,3508,35.29999923706055,0.32554605877152964,0,0.0495750717818737,0.07648727297782898,-0.08356942981481552,-0.00849856249988079,0.03,0.024,gap_take_profit,1,1,46,2026-02-01
2026-02-05,3499,18.350000381469727,0.3214513570606657,0,0.0,0.029972709715366364,-0.0626702755689621,-0.02452320232987404,-0.02,-0.026000000000000002,stop_loss,0,1,46,2026-02-01
2026-02-05,2486,142.0,0.31779970236224075,0,-0.0422535203397274,-0.014084506779909134,-0.09859155118465424,-0.0422535203397274,-0.0422535203397274,-0.0482535203397274,gap_stop,0,1,46,2026-02-01
2026-02-05,6672,105.5,0.31090863379019335,0,-0.014218009077012539,-0.004739336669445038,-0.09194310009479523,-0.054028406739234924,-0.02,-0.026000000000000002,stop_loss,0,1,46,2026-02-01
2026-02-05,3230,34.25,0.3108502639194662,0,0.049635060131549835,0.0656934306025505,-0.042335789650678635,-0.021897809579968452,0.03,0.024,gap_take_profit,1,1,46,2026-02-01
2026-02-05,2406,32.650001525878906,0.29750205554317044,0,0.021439416334033012,0.02450227178633213,-0.09954063594341278,-0.09954063594341278,-0.02,-0.026000000000000002,stop_loss,0,1,46,2026-02-01
2026-02-05,6949,648.0,0.2920728804759229,1,0.0,0.04783950746059418,0.0,0.04783950746059418,0.03,0.024,take_profit,1,0,46,2026-02-01
2026-02-06,6257,120.5,0.5886534309749852,1,0.0456431545317173,0.06639004498720169,0.029045643284916878,0.04979253187775612,0.03,0.024,gap_take_profit,1,0,46,2026-02-01
2026-02-06,4939,32.25,0.57977863251696,0,0.041860416531562805,0.05116283893585205,0.0,0.0,0.03,0.024,gap_take_profit,1,0,46,2026-02-01
2026-02-06,3354,23.049999237060547,0.5796302094766188,1,0.021691974252462387,0.028199633583426476,0.006507658399641514,0.013015234842896461,0.013015234842896461,0.007015234842896461,close,0,0,46,2026-02-01
2026-02-06,6155,45.29999923706055,0.5790741353657873,1,0.0860927477478981,0.0860927477478981,0.015452555380761623,0.03311258181929588,0.03,0.024,gap_take_profit,1,0,46,2026-02-01
2026-02-06,3376,198.5,0.5784726400042016,1,0.032745592296123505,0.032745592296123505,0.002518891589716077,0.002518891589716077,0.03,0.024,gap_take_profit,1,0,46,2026-02-01
2026-02-06,2468,36.349998474121094,0.5773619090672297,1,0.005502084270119667,0.012379663996398449,-0.0013754948740825057,0.004126589745283127,0.004126589745283127,-0.0018734102547168733,close,0,0,46,2026-02-01
2026-02-06,2466,53.099998474121094,0.5769241244117638,1,0.08474576473236084,0.08474576473236084,0.030131870880723,0.05461396649479866,0.03,0.024,gap_take_profit,1,0,46,2026-02-01
2026-02-06,4989,46.0,0.575624639831785,0,0.043478261679410934,0.043478261679410934,-0.010869565419852734,-0.007608662359416485,0.03,0.024,gap_take_profit,1,0,46,2026-02-01
2026-02-06,5381,25.149999618530273,0.57505269838224,0,0.02385687455534935,0.03180919215083122,-0.005964199546724558,-0.003976158332079649,0.03,0.024,take_profit,1,0,46,2026-02-01
2026-02-06,8110,58.900001525878906,0.5739520761336909,1,0.06791171431541443,0.07470284402370453,0.023769060149788857,0.04414258897304535,0.03,0.024,gap_take_profit,1,0,46,2026-02-01
2026-02-06,5222,131.0,0.5700264470465655,0,0.015267175622284412,0.022900763899087906,0.0,0.0,0.0,-0.006,close,0,0,46,2026-02-01
2026-02-06,8422,34.70000076293945,0.5698296597526181,0,0.005763710476458073,0.01008641067892313,-0.06340059638023376,-0.06195969507098198,-0.02,-0.026000000000000002,stop_loss,0,1,46,2026-02-01
2026-02-06,2375,81.0999984741211,0.5697447956196111,1,0.032059166580438614,0.039457518607378006,0.011097429320216179,0.02342788688838482,0.03,0.024,gap_take_profit,1,0,46,2026-02-01
2026-02-06,6840,62.5,0.5694119950162628,0,0.009599975310266018,0.01759997569024563,-0.03999999910593033,-0.030400024726986885,-0.02,-0.026000000000000002,stop_loss,0,1,46,2026-02-01
2026-02-06,2049,219.5,0.5692570255152954,1,0.04328018054366112,0.0751708447933197,0.04328018054366112,0.0728929415345192,0.03,0.024,gap_take_profit,1,0,46,2026-02-01
2026-02-06,7402,118.5,0.5692388431849339,1,0.016877636313438416,0.025316456332802773,-0.008438818156719208,0.004219409078359604,0.004219409078359604,-0.0017805909216403962,close,0,0,46,2026-02-01
2026-02-06,3706,75.5999984741211,0.568400720048751,1,0.01984127052128315,0.029100589454174042,0.011904782615602016,0.018518539145588875,0.018518539145588875,0.012518539145588875,close,0,0,46,2026-02-01
2026-02-06,6931,53.79999923706055,0.5674884778845123,0,0.01858736015856266,0.01858736015856266,-0.011152388527989388,-0.011152388527989388,-0.011152388527989388,-0.017152388527989386,close,0,0,46,2026-02-01
2026-02-06,2228,94.0,0.567435834372361,1,0.005319148767739534,0.01595744676887989,0.005319148767739534,0.009574484080076218,0.009574484080076218,0.0035744840800762175,close,0,0,46,2026-02-01
2026-02-06,5328,24.0,0.5667537142887892,0,0.0625,0.07083336263895035,-0.014583349227905273,-0.002083301544189453,0.03,0.024,gap_take_profit,1,0,46,2026-02-01
2026-02-09,4973,45.900001525878906,0.7331051048552436,0,0.034858353435993195,0.034858353435993195,-0.06100224331021309,-0.043572984635829926,0.03,0.024,gap_take_profit,1,1,46,2026-02-01
2026-02-09,6148,34.5,0.7112643531645905,0,-0.011594247072935104,0.017391260713338852,-0.011594247072935104,-0.005797123536467552,-0.005797123536467552,-0.011797123536467552,close,0,0,46,2026-02-01
2026-02-09,2468,36.5,0.7100737038988246,0,0.008219157345592976,0.021917786449193954,0.0,0.0,0.0,-0.006,close,0,0,46,2026-02-01
2026-02-09,6741,64.0999984741211,0.7078075034272698,1,0.009360350668430328,0.02964121103286743,0.0015600386541336775,0.020280858501791954,0.020280858501791954,0.014280858501791954,close,0,0,46,2026-02-01
2026-02-09,6125,64.19999694824219,0.7061344195199503,0,0.004672945011407137,0.009345890022814274,-0.014018656685948372,-0.007788103073835373,-0.007788103073835373,-0.013788103073835373,close,0,0,46,2026-02-01
2026-02-09,6175,44.900001525878906,0.7055463086153609,0,0.002227137330919504,0.011135856620967388,-0.008908719755709171,-0.0011136536486446857,-0.0011136536486446857,-0.007113653648644686,close,0,0,46,2026-02-01
2026-02-09,9958,124.0,0.7029905093883984,1,0.004032257944345474,0.02822580561041832,0.0,0.024193547666072845,0.024193547666072845,0.018193547666072847,close,0,0,46,2026-02-01
2026-02-09,3379,44.25,0.7020827118388389,0,0.027118660509586334,0.027118660509586334,-0.01581922546029091,-0.009039582684636116,-0.009039582684636116,-0.015039582684636116,close,0,0,46,2026-02-01
2026-02-09,3628,63.599998474121094,0.7020698363086673,0,0.003144666086882353,0.003144666086882353,-0.014150907285511494,-0.009433938190340996,-0.009433938190340996,-0.015433938190340996,close,0,0,46,2026-02-01
2026-02-09,5536,619.0,0.7007388093087001,0,0.01453957986086607,0.019386107102036476,-0.011308562010526657,-0.0016155089251697063,-0.0016155089251697063,-0.0076155089251697065,close,0,0,46,2026-02-01
2026-02-09,6214,109.0,0.7007335952225733,1,0.013761468231678009,0.03211009129881859,0.00917431153357029,0.027522936463356018,0.03,0.024,take_profit,1,0,46,2026-02-01
2026-02-09,3530,61.900001525878906,0.7005663257391873,1,0.001615484245121479,0.004846514202654362,-0.006462059915065765,0.004846514202654362,0.004846514202654362,-0.0011534857973456384,close,0,0,46,2026-02-01
2026-02-09,3057,15.949999809265137,0.7002198752067171,1,-0.006269556470215321,0.021943537518382072,-0.006269556470215321,0.015674041584134102,0.015674041584134102,0.009674041584134102,close,0,0,46,2026-02-01
2026-02-09,1608,33.0,0.6997951310394294,1,0.025757528841495514,0.040909044444561005,0.01818177103996277,0.03030303120613098,0.03,0.024,take_profit,1,0,46,2026-02-01
2026-02-09,6188,99.30000305175781,0.6985712826260854,1,0.01711980812251568,0.022155053913593292,0.0,0.01208456140011549,0.01208456140011549,0.00608456140011549,close,0,0,46,2026-02-01
2026-02-09,3665,1255.0,0.6985370105475703,1,0.0717131495475769,0.09960159659385681,0.0717131495475769,0.09960159659385681,0.03,0.024,gap_take_profit,1,0,46,2026-02-01
2026-02-09,1504,80.0999984741211,0.698103042128633,0,0.003745356574654579,0.01747817173600197,-0.011235974729061127,-0.00998745858669281,-0.00998745858669281,-0.01598745858669281,close,0,0,46,2026-02-01
2026-02-09,6163,52.20000076293945,0.6974854661455758,1,0.009578543715178967,0.011494223028421402,-0.030651384964585304,0.005747111514210701,-0.02,-0.026000000000000002,stop_loss,0,1,46,2026-02-01
2026-02-09,3059,37.79999923706055,0.6972908342106157,1,0.006613756529986858,0.010582051239907742,-0.003968193661421537,0.0013227311428636312,0.0013227311428636312,-0.004677268857136369,close,0,0,46,2026-02-01
2026-02-09,6609,39.04999923706055,0.6969692281699096,1,0.010243317112326622,0.010243317112326622,-0.006402048747986555,0.006402048747986555,0.006402048747986555,0.000402048747986555,close,0,0,46,2026-02-01
2026-02-10,6588,84.19999694824219,0.7057669563591966,1,0.06888365000486374,0.09976249188184738,0.024940691888332367,0.09976249188184738,0.03,0.024,gap_take_profit,1,0,46,2026-02-01
2026-02-10,3028,46.20000076293945,0.6739891828592313,1,0.0,0.07683981209993362,-0.041125573217868805,0.03787878900766373,-0.02,-0.026000000000000002,ambiguous_stop_loss,1,1,46,2026-02-01
2026-02-10,6716,66.5999984741211,0.6671177878019262,1,0.09459464251995087,0.09909907728433609,0.07357359677553177,0.09909907728433609,0.03,0.024,gap_take_profit,1,0,46,2026-02-01
2026-02-10,2413,43.650001525878906,0.6621480520562646,0,-0.0034364608582109213,0.010309208184480667,-0.06872852146625519,-0.04925547540187836,-0.02,-0.026000000000000002,stop_loss,0,1,46,2026-02-01
2026-02-10,6202,53.70000076293945,0.6616428261249933,1,0.03165736794471741,0.08379887789487839,-0.020484212785959244,0.05214151367545128,0.03,0.024,gap_take_profit,1,1,46,2026-02-01
2026-02-10,6903,276.0,0.6608985285152916,0,0.010869565419852734,0.0416666679084301,-0.05253623053431511,0.0,-0.02,-0.026000000000000002,ambiguous_stop_loss,1,1,46,2026-02-01
2026-02-10,2455,190.0,0.6593598585285436,0,0.021052632480859756,0.021052632480859756,-0.06578947603702545,-0.05263157933950424,-0.02,-0.026000000000000002,stop_loss,0,1,46,2026-02-01
2026-02-10,2363,54.400001525878906,0.6577588604012047,1,0.0,0.02757352776825428,-0.025735320523381233,0.011029383167624474,-0.02,-0.026000000000000002,stop_loss,0,1,46,2026-02-01
2026-02-10,3532,151.0,0.6576703376636218,0,-0.029801324009895325,-0.01986755058169365,-0.05960264801979065,-0.01986755058169365,-0.029801324009895325,-0.03580132400989532,gap_stop,0,1,46,2026-02-01
2026-02-10,3665,1380.0,0.6572493903509928,0,0.007246376946568489,0.05797101557254791,-0.018115941435098648,-0.010869565419852734,0.03,0.024,take_profit,1,0,46,2026-02-01
2026-02-10,3073,32.54999923706055,0.6556689650057127,0,0.032258041203022,0.032258041203022,-0.05837172642350197,-0.05529951676726341,0.03,0.024,gap_take_profit,1,1,46,2026-02-01
2026-02-10,3219,68.80000305175781,0.6531950555339965,0,0.0029069322627037764,0.058139532804489136,-0.007267441600561142,-0.007267441600561142,0.03,0.024,take_profit,1,0,46,2026-02-01
2026-02-10,2460,25.0,0.6522478855472919,1,0.008000030182301998,0.06599998474121094,-0.031999967992305756,0.054000016301870346,-0.02,-0.026000000000000002,ambiguous_stop_loss,1,1,46,2026-02-01
2026-02-10,8045,82.5,0.6514489589839156,0,0.04727274551987648,0.09818179905414581,-0.0012121027102693915,-0.0012121027102693915,0.03,0.024,gap_take_profit,1,0,46,2026-02-01
2026-02-10,6291,251.5,0.6488975221274169,1,0.033797215670347214,0.09940357506275177,-0.005964214913547039,0.09940357506275177,0.03,0.024,gap_take_profit,1,0,46,2026-02-01
2026-02-10,5243,82.5999984741211,0.6417203447681229,0,0.001210635295137763,0.010895902290940285,-0.021791713312268257,-0.001210635295137763,-0.02,-0.026000000000000002,stop_loss,0,1,46,2026-02-01
2026-02-10,2538,10.449999809265137,0.6374449515013665,1,0.0,0.009569414891302586,0.0,0.004784707445651293,0.004784707445651293,-0.0012152925543487073,close,0,0,46,2026-02-01
2026-02-10,3545,51.900001525878906,0.6370493537952412,0,0.0019267528550699353,0.0019267528550699353,-0.019267821684479713,-0.015414316207170486,-0.015414316207170486,-0.021414316207170485,close,0,0,46,2026-02-01
2026-02-10,6547,35.900001525878906,0.6354156200060334,0,-0.0013928426196798682,0.004178209230303764,-0.011142103001475334,-0.0027855790685862303,-0.0027855790685862303,-0.00878557906858623,close,0,0,46,2026-02-01
2026-02-10,1802,42.79999923706055,0.6322208199180465,1,0.007009327877312899,0.09929906576871872,0.007009327877312899,0.09929906576871872,0.03,0.024,take_profit,1,0,46,2026-02-01
2026-02-11,4523,31.350000381469727,0.6085031542981357,1,0.09888358414173126,0.09888358414173126,0.09888358414173126,0.09888358414173126,0.03,0.024,gap_take_profit,1,0,46,2026-02-01
2026-02-11,6716,73.19999694824219,0.5893018172490324,1,0.06967221945524216,0.09972681850194931,0.04918041452765465,0.09972681850194931,0.03,0.024,gap_take_profit,1,0,46,2026-02-01
2026-02-11,6588,92.5999984741211,0.5765267319645172,1,0.07991362363100052,0.09611232578754425,0.07991362363100052,0.09611232578754425,0.03,0.024,gap_take_profit,1,0,46,2026-02-01
2026-02-11,6683,790.0,0.5691121598870725,1,0.039240505546331406,0.050632912665605545,-0.025316456332802773,0.048101264983415604,0.03,0.024,gap_take_profit,1,1,46,2026-02-01
2026-02-11,6291,276.5,0.5633044125397779,1,0.06871609389781952,0.0994575023651123,0.012658228166401386,0.01989150047302246,0.03,0.024,gap_take_profit,1,0,46,2026-02-01
2026-02-11,6509,37.70000076293945,0.5555648289629304,1,0.06100793555378914,0.07559677213430405,0.029177676886320114,0.06498675793409348,0.03,0.024,gap_take_profit,1,0,46,2026-02-01
2026-02-11,2337,98.5,0.5501456997955876,1,0.07614213228225708,0.0964467003941536,0.04568528011441231,0.05076142027974129,0.03,0.024,gap_take_profit,1,0,46,2026-02-01
2026-02-11,6861,78.4000015258789,0.5491013896388405,1,0.09438776969909668,0.0994897335767746,0.09438776969909668,0.0994897335767746,0.03,0.024,gap_take_profit,1,0,46,2026-02-01
2026-02-11,3529,1985.0,0.5474871141188125,1,0.09823677688837051,0.09823677688837051,0.09823677688837051,0.09823677688837051,0.03,0.024,gap_take_profit,1,0,46,2026-02-01
2026-02-11,8103,109.5,0.5453192606422079,0,-0.013698630034923553,-0.013698630034923553,-0.09954339265823364,-0.09954339265823364,-0.02,-0.026000000000000002,stop_loss,0,1,46,2026-02-01
2026-02-11,3581,72.19999694824219,0.5436583150714238,0,-0.05540166422724724,-0.0332409143447876,-0.0997229516506195,-0.08864257484674454,-0.05540166422724724,-0.06140166422724724,gap_stop,0,1,46,2026-02-01
2026-02-11,4908,79.19999694824219,0.5435848193150912,1,0.018939394503831863,0.09848488867282867,-0.011363559402525425,0.05429296940565109,0.03,0.024,take_profit,1,0,46,2026-02-01
2026-02-11,1529,24.950000762939453,0.5414384395091977,0,0.0,0.01603204756975174,-0.026052163913846016,-0.01402807142585516,-0.02,-0.026000000000000002,stop_loss,0,1,46,2026-02-01
2026-02-11,1815,96.5999984741211,0.540031475044925,1,0.035196702927351,0.09730850905179977,0.02691509760916233,0.09730850905179977,0.03,0.024,gap_take_profit,1,0,46,2026-02-01
2026-02-11,4989,50.20000076293945,0.5383281179537183,1,0.09561751037836075,0.09960158914327621,0.08964142948389053,0.09960158914327621,0.03,0.024,gap_take_profit,1,0,46,2026-02-01
2026-02-11,5386,159.5,0.5326694637904664,1,0.06583072245121002,0.09717868268489838,0.06583072245121002,0.09717868268489838,0.03,0.024,gap_take_profit,1,0,46,2026-02-01
2026-02-11,1802,47.04999923706055,0.5078480512975629,1,0.0446334183216095,0.09883106499910355,0.03081829473376274,0.09883106499910355,0.03,0.024,gap_take_profit,1,0,46,2026-02-01
2026-02-11,3555,121.0,0.4856989627561827,0,0.0,0.024793388321995735,-0.028925620019435883,-0.028925620019435883,-0.02,-0.026000000000000002,stop_loss,0,1,46,2026-02-01
2026-02-11,5475,163.0,0.48322393897566673,1,0.09815950691699982,0.09815950691699982,0.07361963391304016,0.09815950691699982,0.03,0.024,gap_take_profit,1,0,46,2026-02-01
2026-02-11,6150,57.599998474121094,0.46160729148927226,1,0.012152791023254395,0.05902780592441559,-0.0017360846977680922,0.05034724995493889,0.03,0.024,take_profit,1,0,46,2026-02-01
2026-02-23,6861,86.19999694824219,0.5901211677031846,1,0.0719258114695549,0.09976805746555328,0.04408356547355652,0.09976805746555328,0.03,0.024,gap_take_profit,1,0,46,2026-02-01
2026-02-23,2489,29.799999237060547,0.5829745047735126,1,0.09899331629276276,0.09899331629276276,0.09899331629276276,0.09899331629276276,0.03,0.024,gap_take_profit,1,0,46,2026-02-01
2026-02-23,4523,34.45000076293945,0.5732102219841979,0,0.03918718174099922,0.04063853994011879,-0.018867967650294304,-0.014513787813484669,0.03,0.024,gap_take_profit,1,0,46,2026-02-01
2026-02-23,3163,647.0,0.5697987619873812,1,0.0,0.09891808032989502,0.0,0.09891808032989502,0.03,0.024,take_profit,1,0,46,2026-02-01
2026-02-23,4534,23.899999618530273,0.5524885697445117,1,0.09832637757062912,0.09832637757062912,0.09832637757062912,0.09832637757062912,0.03,0.024,gap_take_profit,1,0,46,2026-02-01
2026-02-23,3529,2180.0,0.5455677892789935,1,0.08715596050024033,0.09633027762174606,0.027522936463356018,0.09403669834136963,0.03,0.024,gap_take_profit,1,0,46,2026-02-01
2026-02-23,3105,270.5,0.5339972410687756,1,0.014787430875003338,0.09981516003608704,0.012939001433551311,0.09981516003608704,0.03,0.024,take_profit,1,0,46,2026-02-01
2026-02-23,6202,62.099998474121094,0.5319784087494361,1,-0.017713341861963272,0.05797098949551582,-0.025764871388673782,0.011272153817117214,-0.02,-0.026000000000000002,ambiguous_stop_loss,1,1,46,2026-02-01
2026-02-23,2515,17.350000381469727,0.5318843037531319,1,0.0374639555811882,0.0749279111623764,0.023054732009768486,0.05475497618317604,0.03,0.024,gap_take_profit,1,0,46,2026-02-01
2026-02-23,5475,179.0,0.5317514906360239,1,0.005586592014878988,0.09776536375284195,0.0,0.09776536375284195,0.03,0.024,take_profit,1,0,46,2026-02-01
2026-02-23,6716,80.5,0.5290942212802155,1,0.009937926195561886,0.09937888383865356,0.004968963097780943,0.09937888383865356,0.03,0.024,take_profit,1,0,46,2026-02-01
2026-02-23,3576,16.649999618530273,0.5273093994430464,1,0.04804811626672745,0.09909907728433609,0.02102104388177395,0.09909907728433609,0.03,0.024,gap_take_profit,1,0,46,2026-02-01
2026-02-23,6588,101.5,0.5230142313119628,1,0.04433497413992882,0.09852216392755508,0.04433497413992882,0.09852216392755508,0.03,0.024,gap_take_profit,1,0,46,2026-02-01
2026-02-23,5386,175.0,0.5170679931615699,1,0.09714286029338837,0.10000000149011612,0.0771428570151329,0.10000000149011612,0.03,0.024,gap_take_profit,1,0,46,2026-02-01
2026-02-23,2103,17.850000381469727,0.5168922760407884,1,0.09803921729326248,0.09803921729326248,0.08123242855072021,0.09803921729326248,0.03,0.024,gap_take_profit,1,0,46,2026-02-01
2026-02-23,4989,55.20000076293945,0.5161785053534571,1,0.05072462186217308,0.09963767975568771,0.04710141941905022,0.09963767975568771,0.03,0.024,gap_take_profit,1,0,46,2026-02-01
2026-02-23,2108,26.399999618530273,0.5096578236206728,1,0.009469697251915932,0.04924246668815613,0.001893982756882906,0.03598487749695778,0.03,0.024,take_profit,1,0,46,2026-02-01
2026-02-23,2313,205.0,0.507912354963799,1,0.019512195140123367,0.10000000149011612,0.0,0.10000000149011612,0.03,0.024,take_profit,1,0,46,2026-02-01
2026-02-23,6217,70.5,0.5061845870470741,1,0.022695014253258705,0.09929078072309494,0.022695014253258705,0.09929078072309494,0.03,0.024,take_profit,1,0,46,2026-02-01
2026-02-23,1560,467.5,0.5061210822943517,1,-0.005347593687474728,0.0780748650431633,-0.03422459959983826,0.06524064391851425,-0.02,-0.026000000000000002,ambiguous_stop_loss,1,1,46,2026-02-01
2026-02-24,2489,32.75,0.6005778676449064,1,0.09923664480447769,0.09923664480447769,0.09923664480447769,0.09923664480447769,0.03,0.024,gap_take_profit,1,0,46,2026-02-01
2026-02-24,4534,26.25,0.6004503435451355,1,0.09904763102531433,0.09904763102531433,0.09904763102531433,0.09904763102531433,0.03,0.024,gap_take_profit,1,0,46,2026-02-01
2026-02-24,5386,192.5,0.5701555258547321,1,0.09870129823684692,0.09870129823684692,0.07792207598686218,0.09870129823684692,0.03,0.024,gap_take_profit,1,0,46,2026-02-01
2026-02-24,6715,166.0,0.5676974121192135,1,0.024096384644508362,0.07228915393352509,0.0150602413341403,0.05722891539335251,0.03,0.024,take_profit,1,0,46,2026-02-01
2026-02-24,3234,86.9000015258789,0.5627299055571985,1,0.013808940537273884,0.09321057051420212,-0.017261220142245293,0.07710007578134537,0.03,0.024,take_profit,1,0,46,2026-02-01
2026-02-24,6861,94.80000305175781,0.5605337348642383,1,0.0021096724085509777,0.0970463752746582,0.0021096724085509777,0.0970463752746582,0.03,0.024,take_profit,1,0,46,2026-02-01
2026-02-24,3576,18.299999237060547,0.5596760273601321,1,0.0928962230682373,0.09836072474718094,0.08196721971035004,0.09836072474718094,0.03,0.024,gap_take_profit,1,0,46,2026-02-01
2026-02-24,6187,467.5,0.5591676507086039,1,0.04278074949979782,0.07593582570552826,0.010695187374949455,0.06524064391851425,0.03,0.024,gap_take_profit,1,0,46,2026-02-01
2026-02-24,3163,711.0,0.5589249213287343,1,0.04500703141093254,0.09985934942960739,-0.008438818156719208,0.09985934942960739,0.03,0.024,gap_take_profit,1,0,46,2026-02-01
2026-02-24,4577,71.5999984741211,0.5545925773677887,1,0.04189944267272949,0.09916198998689651,0.04189944267272949,0.09916198998689651,0.03,0.024,gap_take_profit,1,0,46,2026-02-01
2026-02-24,3675,177.0,0.5536774355260273,1,0.028248587623238564,0.08192090690135956,0.008474576286971569,0.03954802080988884,0.03,0.024,take_profit,1,0,46,2026-02-01
2026-02-24,2460,29.0,0.552136830429998,0,0.01896549016237259,0.027586180716753006,-0.027586180716753006,-0.017241379246115685,-0.02,-0.026000000000000002,stop_loss,0,1,46,2026-02-01
2026-02-24,2338,40.70000076293945,0.551047298049447,1,0.09950857609510422,0.09950857609510422,0.09950857609510422,0.09950857609510422,0.03,0.024,gap_take_profit,1,0,46,2026-02-01
2026-02-24,6217,77.5,0.5497466559699932,1,0.09935479611158371,0.09935479611158371,0.09935479611158371,0.09935479611158371,0.03,0.024,gap_take_profit,1,0,46,2026-02-01
2026-02-24,4979,393.0,0.5464175091892814,1,0.04325699806213379,0.07379134744405746,-0.0025445292703807354,0.030534351244568825,0.03,0.024,gap_take_profit,1,0,46,2026-02-01
2026-02-24,4919,72.9000015258789,0.546127765544906,0,0.048010971397161484,0.08367624878883362,-0.03292183205485344,-0.030178388580679893,0.03,0.024,gap_take_profit,1,1,46,2026-02-01
2026-02-24,4927,40.25,0.5436230750846027,1,0.07577637583017349,0.09937888383865356,0.06086958572268486,0.09937888383865356,0.03,0.024,gap_take_profit,1,0,46,2026-02-01
2026-02-24,1711,27.799999237060547,0.5433030415543875,0,0.044964030385017395,0.05035976693034172,-0.07194244861602783,-0.035971224308013916,0.03,0.024,gap_take_profit,1,1,46,2026-02-01
2026-02-24,6213,133.5,0.5424228393798722,1,0.02996254712343216,0.09737827628850937,-0.033707864582538605,0.09737827628850937,-0.02,-0.026000000000000002,ambiguous_stop_loss,1,1,46,2026-02-01
2026-02-24,2723,72.5999984741211,0.5423517449925734,0,-0.001377389533445239,-0.001377389533445239,-0.015151494182646275,-0.008264441974461079,-0.008264441974461079,-0.014264441974461079,close,0,0,46,2026-02-01
2026-02-25,4534,28.850000381469727,0.6312575586350468,1,0.06412479281425476,0.06412479281425476,-0.025996534153819084,0.022530315443873405,0.03,0.024,gap_take_profit,1,1,46,2026-02-01
2026-02-25,8183,37.599998474121094,0.617223792995514,1,0.06382983177900314,0.09973404556512833,0.0518617257475853,0.08111710846424103,0.03,0.024,gap_take_profit,1,0,46,2026-02-01
2026-02-25,7751,1105.0,0.6071225675918642,1,0.09954751282930374,0.09954751282930374,0.06787330657243729,0.09954751282930374,0.03,0.024,gap_take_profit,1,0,46,2026-02-01
2026-02-25,2338,44.75,0.602966866915008,1,0.0681564062833786,0.09944135695695877,0.0681564062833786,0.09944135695695877,0.03,0.024,gap_take_profit,1,0,46,2026-02-01
2026-02-25,6217,85.19999694824219,0.6027551938360416,1,0.09976526349782944,0.09976526349782944,0.09976526349782944,0.09976526349782944,0.03,0.024,gap_take_profit,1,0,46,2026-02-01
2026-02-25,3576,20.100000381469727,0.6020950553093567,1,0.07213924825191498,0.09950248897075653,-0.019900478422641754,0.09950248897075653,0.03,0.024,gap_take_profit,1,0,46,2026-02-01
2026-02-25,2489,36.0,0.5982902646064938,1,0.0694444477558136,0.09999995678663254,0.0486111119389534,0.09999995678663254,0.03,0.024,gap_take_profit,1,0,46,2026-02-01
2026-02-25,5386,211.5,0.5803953685056635,1,-0.06619385629892349,0.016548464074730873,-0.07801418751478195,0.01182033121585846,-0.06619385629892349,-0.0721938562989235,gap_stop,0,1,46,2026-02-01
2026-02-25,5864,26.600000381469727,0.5724354824016495,1,0.0075187538750469685,0.03571424260735512,-0.01315790880471468,0.03195489943027496,0.03,0.024,take_profit,1,0,46,2026-02-01
2026-02-25,2387,43.29999923706055,0.5716030801292131,1,0.015011582523584366,0.030023077502846718,-0.005773672368377447,0.009237910620868206,0.03,0.024,take_profit,1,0,46,2026-02-01
2026-02-25,4577,78.69999694824219,0.5671815459082459,1,0.01651846431195736,0.09911058843135834,-0.08894536644220352,0.09783995896577835,-0.02,-0.026000000000000002,ambiguous_stop_loss,1,1,46,2026-02-01
2026-02-25,3163,782.0,0.5657878605493937,0,-0.026854220777750015,0.09846547245979309,-0.026854220777750015,-0.007672634441405535,-0.026854220777750015,-0.032854220777750014,gap_stop,1,1,46,2026-02-01
2026-02-25,7734,1660.0,0.562408106770321,1,0.01807228848338127,0.09939759224653244,0.0150602413341403,0.09939759224653244,0.03,0.024,take_profit,1,0,46,2026-02-01
2026-02-25,4927,44.25,0.5612521493136977,1,0.005649717524647713,0.09943506121635437,0.005649717524647713,0.06779661029577255,0.03,0.024,take_profit,1,0,46,2026-02-01
2026-02-25,6830,259.5,0.5591898868966048,1,0.07514450699090958,0.09826589375734329,0.05587668716907501,0.09826589375734329,0.03,0.024,gap_take_profit,1,0,46,2026-02-01
2026-02-25,8046,553.0,0.5565822742749456,1,-0.009041591547429562,0.03435804694890976,-0.037974681705236435,0.0036166366189718246,-0.02,-0.026000000000000002,ambiguous_stop_loss,1,1,46,2026-02-01
2026-02-25,4722,207.0,0.5541220393594652,1,0.03140096738934517,0.07971014827489853,-0.02415458858013153,0.04830917716026306,0.03,0.024,gap_take_profit,1,1,46,2026-02-01
2026-02-25,3054,34.5,0.5538475900794048,1,0.10000002384185791,0.10000002384185791,0.10000002384185791,0.10000002384185791,0.03,0.024,gap_take_profit,1,0,46,2026-02-01
2026-02-25,1326,49.20000076293945,0.5522898734139151,1,0.0,0.05691055208444595,-0.014227657578885555,0.03658534958958626,0.03,0.024,take_profit,1,0,46,2026-02-01
2026-02-25,6727,212.5,0.5501290377870406,0,0.08235294371843338,0.08235294371843338,-0.04470588266849518,-0.016470588743686676,0.03,0.024,gap_take_profit,1,1,46,2026-02-01
2026-02-26,3054,37.95000076293945,0.6353677784586034,1,0.0988142266869545,0.0988142266869545,0.0988142266869545,0.0988142266869545,0.03,0.024,gap_take_profit,1,0,46,2026-02-01
2026-02-26,5291,53.400001525878906,0.6232973016488539,1,0.013108557090163231,0.0992509201169014,0.011235926300287247,0.0992509201169014,0.03,0.024,take_profit,1,0,46,2026-02-01
2026-02-26,2360,1380.0,0.6025688923667851,1,0.028985507786273956,0.09782608598470688,0.0036231884732842445,0.09782608598470688,0.03,0.024,take_profit,1,0,46,2026-02-01
2026-02-26,6217,93.69999694824219,0.599001825612308,1,0.09925296902656555,0.09925296902656555,0.05336179584264755,0.09925296902656555,0.03,0.024,gap_take_profit,1,0,46,2026-02-01
2026-02-26,6461,23.899999618530273,0.5760693118736109,1,0.0,0.09832637757062912,-0.04184100404381752,0.04811713844537735,-0.02,-0.026000000000000002,ambiguous_stop_loss,1,1,46,2026-02-01
2026-02-26,6861,114.0,0.5696635812423949,1,0.09649122506380081,0.09649122506380081,0.09649122506380081,0.09649122506380081,0.03,0.024,gap_take_profit,1,0,46,2026-02-01
2026-02-26,1466,19.950000762939453,0.567829412929558,0,0.03258143365383148,0.05263153836131096,-0.01754387840628624,-0.01754387840628624,0.03,0.024,gap_take_profit,1,0,46,2026-02-01
2026-02-26,7712,109.0,0.5599138614411509,0,0.04128440469503403,0.06880734115839005,-0.05045871436595917,-0.04128440469503403,0.03,0.024,gap_take_profit,1,1,46,2026-02-01
2026-02-26,6187,547.0,0.5564096016527892,1,-0.06581352651119232,0.0859232172369957,-0.06946983188390732,0.03290676325559616,-0.06581352651119232,-0.07181352651119233,gap_stop,1,1,46,2026-02-01
2026-02-26,3092,32.150001525878906,0.5557302010749129,1,0.08864691853523254,0.0995333343744278,0.057542718946933746,0.0995333343744278,0.03,0.024,gap_take_profit,1,0,46,2026-02-01
2026-02-26,6830,285.0,0.5542105777440679,1,-0.007017544005066156,0.10000000149011612,-0.014035088010132313,0.10000000149011612,0.03,0.024,take_profit,1,0,46,2026-02-01
2026-02-26,6691,683.0,0.554192618832891,0,-0.014641288667917252,0.032210834324359894,-0.023426061496138573,-0.008784772828221321,-0.02,-0.026000000000000002,ambiguous_stop_loss,1,1,46,2026-02-01
2026-02-26,3030,223.5,0.5532960287201043,1,-0.020134227350354195,0.09843400120735168,-0.022371364757418633,0.09843400120735168,-0.020134227350354195,-0.026134227350354193,gap_stop,1,1,46,2026-02-01
2026-02-26,2467,321.0,0.5514140406027411,1,-0.031152648851275444,0.09968847036361694,-0.032710280269384384,0.09968847036361694,-0.031152648851275444,-0.03715264885127544,gap_stop,1,1,46,2026-02-01
2026-02-26,3576,22.100000381469727,0.5513328843401204,1,-0.027149338275194168,0.09954746067523956,-0.049773771315813065,0.09954746067523956,-0.027149338275194168,-0.033149338275194166,gap_stop,1,1,46,2026-02-01
2026-02-26,8289,35.25,0.5455021754349201,1,-0.004255362320691347,0.09929078072309494,-0.038297828286886215,0.09929078072309494,-0.02,-0.026000000000000002,ambiguous_stop_loss,1,1,46,2026-02-01
2026-02-26,3693,454.0,0.5442204889726938,1,0.018722467124462128,0.05726872384548187,-0.0022026430815458298,0.008810572326183319,0.03,0.024,take_profit,1,0,46,2026-02-01
2026-02-26,6903,315.5,0.5439154894995277,0,-0.04278922453522682,-0.015847859904170036,-0.07131537050008774,-0.061806656420230865,-0.04278922453522682,-0.04878922453522682,gap_stop,0,1,46,2026-02-01
2026-02-26,8048,61.900001525878906,0.5437818454679124,1,-0.01615508832037449,0.09854601323604584,-0.022617148235440254,0.06946680694818497,-0.02,-0.026000000000000002,ambiguous_stop_loss,1,1,46,2026-02-01
2026-02-26,2338,49.20000076293945,0.5410255326920953,1,0.020325202494859695,0.09959344565868378,0.0060975453816354275,0.09959344565868378,0.03,0.024,take_profit,1,0,46,2026-02-01
2026-03-02,2605,37.099998474121094,0.6757435357942128,1,0.05256066843867302,0.08355801552534103,-0.026954179629683495,0.020215634256601334,0.03,0.024,gap_take_profit,1,1,47,2026-03-01
2026-03-02,3054,41.70000076293945,0.6606033733579867,0,0.09952032566070557,0.09952032566070557,-0.09952041506767273,-0.09472423791885376,0.03,0.024,gap_take_profit,1,1,47,2026-03-01
2026-03-02,9955,36.95000076293945,0.6415689062930716,0,0.054127197712659836,0.07307174056768417,-0.016238221898674965,-0.01488495897501707,0.03,0.024,gap_take_profit,1,0,47,2026-03-01
2026-03-02,2616,14.949999809265137,0.6287532119765227,1,0.0969899520277977,0.0969899520277977,0.0969899520277977,0.0969899520277977,0.03,0.024,gap_take_profit,1,0,47,2026-03-01
2026-03-02,6217,103.0,0.6179696623593254,0,-0.02427184395492077,-0.014563106931746006,-0.10000003129243851,-0.03883495181798935,-0.02427184395492077,-0.030271843954920767,gap_stop,0,1,47,2026-03-01
2026-03-02,3030,245.5,0.61193685558892,0,0.018329938873648643,0.06517311930656433,-0.05702647566795349,-0.03665987774729729,-0.02,-0.026000000000000002,ambiguous_stop_loss,1,1,47,2026-03-01
2026-03-02,3563,627.0,0.61193685558892,0,0.003189792623743415,0.03189792484045029,-0.06220095604658127,-0.02551834098994732,-0.02,-0.026000000000000002,ambiguous_stop_loss,1,1,47,2026-03-01
2026-03-02,5291,58.70000076293945,0.61193685558892,0,0.022146495059132576,0.061328765004873276,-0.08006815612316132,-0.06643954664468765,-0.02,-0.026000000000000002,ambiguous_stop_loss,1,1,47,2026-03-01
2026-03-02,2338,54.099998474121094,0.6110590393420205,0,0.07578562945127487,0.09796679019927979,-0.029574833810329437,-0.0036968013737350702,0.03,0.024,gap_take_profit,1,1,47,2026-03-01
2026-03-02,6789,376.0,0.6108154665203518,0,0.018617020919919014,0.019946807995438576,-0.09973404556512833,-0.026595745235681534,-0.02,-0.026000000000000002,stop_loss,0,1,47,2026-03-01
2026-03-02,4577,95.0,0.6085598456100859,0,-0.033684179186820984,0.018947400152683258,-0.08421052992343903,-0.05263157933950424,-0.033684179186820984,-0.03968417918682098,gap_stop,0,1,47,2026-03-01
2026-03-02,6220,36.900001525878906,0.6074349582138944,1,0.08401079475879669,0.09891591966152191,0.020325202494859695,0.09078586101531982,0.03,0.024,gap_take_profit,1,0,47,2026-03-01
2026-03-02,6877,105.5,0.6074349582138944,1,0.0995260700583458,0.0995260700583458,0.0995260700583458,0.0995260700583458,0.03,0.024,gap_take_profit,1,0,47,2026-03-01
2026-03-02,2467,353.0,0.6032104207338963,1,0.036827195435762405,0.0991501435637474,0.03399433568120003,0.0991501435637474,0.03,0.024,gap_take_profit,1,0,47,2026-03-01
2026-03-02,2367,70.9000015258789,0.602347919171642,1,0.04372353106737137,0.09026800096035004,-0.040902700275182724,0.021156558766961098,0.03,0.024,gap_take_profit,1,1,47,2026-03-01
2026-03-02,3576,24.299999237060547,0.6013749808230933,1,0.0946502536535263,0.09876549988985062,0.0699588805437088,0.09876549988985062,0.03,0.024,gap_take_profit,1,0,47,2026-03-01
2026-03-02,6861,125.0,0.5982702067949597,1,0.10000000149011612,0.10000000149011612,-0.03999999910593033,0.10000000149011612,0.03,0.024,gap_take_profit,1,1,47,2026-03-01
2026-03-02,6443,49.599998474121094,0.5979786744941914,1,0.06854841858148575,0.09274198114871979,-0.04838705062866211,0.001008126069791615,0.03,0.024,gap_take_profit,1,1,47,2026-03-01
2026-03-02,2455,239.0,0.596515396758494,1,0.06694560497999191,0.09623430669307709,-0.0020920501556247473,0.052301254123449326,0.03,0.024,gap_take_profit,1,0,47,2026-03-01
2026-03-02,6152,20.049999237060547,0.5936453082635049,1,0.07481297105550766,0.09975063055753708,0.05985041335225105,0.09975063055753708,0.03,0.024,gap_take_profit,1,0,47,2026-03-01
2026-03-03,3701,71.0999984741211,0.5118879523442343,0,-0.014064697548747063,0.047819994390010834,-0.0998593345284462,-0.0998593345284462,-0.02,-0.026000000000000002,ambiguous_stop_loss,1,1,47,2026-03-01
2026-03-03,6141,14.949999809265137,0.49281192078972047,1,0.0969899520277977,0.0969899520277977,0.0969899520277977,0.0969899520277977,0.03,0.024,gap_take_profit,1,0,47,2026-03-01
2026-03-03,6877,116.0,0.4895293824134553,0,-0.01293103490024805,-0.004310344811528921,-0.09913793206214905,-0.017241379246115685,-0.02,-0.026000000000000002,stop_loss,0,1,47,2026-03-01
2026-03-03,3049,12.5,0.4615595092160167,0,0.06800003349781036,0.06800003349781036,-0.10000000149011612,-0.015999983996152878,0.03,0.024,gap_take_profit,1,1,47,2026-03-01
2026-03-03,2616,16.399999618530273,0.4574233850984234,1,0.09756100177764893,0.09756100177764893,0.09756100177764893,0.09756100177764893,0.03,0.024,gap_take_profit,1,0,47,2026-03-01
2026-03-03,2467,388.0,0.4364060508707926,0,-0.036082472652196884,-0.011597937904298306,-0.09536082297563553,-0.059278350323438644,-0.036082472652196884,-0.04208247265219688,gap_stop,0,1,47,2026-03-01
2026-03-03,2609,66.0,0.4302988322948264,0,0.043939415365457535,0.059090930968523026,-0.043939415365457535,-0.03636366128921509,0.03,0.024,gap_take_profit,1,1,47,2026-03-01
2026-03-03,2485,54.400001525878906,0.4299517762350433,0,-0.007352969143539667,-0.00551476189866662,-0.0992647334933281,-0.084558866918087,-0.02,-0.026000000000000002,stop_loss,0,1,47,2026-03-01
2026-03-03,3615,35.54999923706055,0.42988559016611605,0,-0.0014064483111724257,0.03234884887933731,-0.09704643487930298,-0.0815751850605011,-0.02,-0.026000000000000002,ambiguous_stop_loss,1,1,47,2026-03-01
2026-03-03,3450,334.0,0.4257343976738589,0,-0.02994011901319027,-0.013473053462803364,-0.09880239516496658,-0.09880239516496658,-0.02994011901319027,-0.03594011901319027,gap_stop,0,1,47,2026-03-01
2026-03-03,1310,9.979999542236328,0.42104867946870084,0,0.07214432209730148,0.07214432209730148,-0.043086107820272446,-0.03607211261987686,0.03,0.024,gap_take_profit,1,1,47,2026-03-01
2026-03-03,2613,27.75,0.4189898538678815,0,0.061261288821697235,0.0810810774564743,-0.07567568868398666,-0.059459444135427475,0.03,0.024,gap_take_profit,1,1,47,2026-03-01
2026-03-03,3498,60.5,0.4186050439101786,1,0.024793388321995735,0.07438016682863235,-0.05123964324593544,0.041322313249111176,-0.02,-0.026000000000000002,ambiguous_stop_loss,1,1,47,2026-03-01
2026-03-03,4908,105.0,0.41625802205832335,0,-0.02380952425301075,-0.014285714365541935,-0.10000000149011612,-0.05333331972360611,-0.02380952425301075,-0.029809524253010748,gap_stop,0,1,47,2026-03-01
2026-03-03,6456,57.70000076293945,0.4162229545343895,0,-0.022530315443873405,0.003466217778623104,-0.0987868383526802,-0.0987868383526802,-0.022530315443873405,-0.028530315443873404,gap_stop,0,1,47,2026-03-01
2026-03-03,6861,137.5,0.4145406424146082,1,-0.072727270424366,0.07636363804340363,-0.0981818214058876,0.05090909078717232,-0.072727270424366,-0.078727270424366,gap_stop,1,1,47,2026-03-01
2026-03-03,3576,26.700000762939453,0.41388510971817455,0,-0.02434462495148182,-0.02434462495148182,-0.09925098717212677,-0.09925098717212677,-0.02434462495148182,-0.030344624951481818,gap_stop,0,1,47,2026-03-01
2026-03-03,6530,83.0999984741211,0.4052555131264119,0,-0.007220198400318623,0.0,-0.09987960755825043,-0.09987960755825043,-0.02,-0.026000000000000002,stop_loss,0,1,47,2026-03-01
2026-03-03,6152,22.049999237060547,0.4045761143113686,0,0.0022676256485283375,0.006802790332585573,-0.09977319091558456,-0.09977319091558456,-0.02,-0.026000000000000002,stop_loss,0,1,47,2026-03-01
2026-03-03,5011,14.550000190734863,0.39837006385673424,1,0.07216496020555496,0.09965634346008301,0.06529208272695541,0.09965634346008301,0.03,0.024,gap_take_profit,1,0,47,2026-03-01
2026-03-04,5515,31.850000381469727,0.7584900951720495,1,0.00470956414937973,0.029827279970049858,0.00470956414937973,0.029827279970049858,0.029827279970049858,0.02382727997004986,close,0,0,47,2026-03-01
2026-03-04,1587,38.849998474121094,0.7558171629437042,1,0.02831408753991127,0.04375806450843811,0.02059209905564785,0.029601069167256355,0.03,0.024,take_profit,1,0,47,2026-03-01
2026-03-04,2493,98.80000305175781,0.7558118419588025,1,0.032388631254434586,0.0576922744512558,0.027327902615070343,0.03744935989379883,0.03,0.024,gap_take_profit,1,0,47,2026-03-01
2026-03-04,5439,262.0,0.7553768474277891,1,0.038167938590049744,0.08206106722354889,0.02671755664050579,0.04770992323756218,0.03,0.024,gap_take_profit,1,0,47,2026-03-01
2026-03-04,6781,1020.0,0.7553146005092941,1,0.053921569138765335,0.06862745434045792,0.014705882407724857,0.014705882407724857,0.03,0.024,gap_take_profit,1,0,47,2026-03-01
2026-03-04,3312,33.099998474121094,0.7552015860151133,1,0.042296119034290314,0.042296119034290314,0.012084638699889183,0.022658610716462135,0.03,0.024,gap_take_profit,1,0,47,2026-03-01
2026-03-04,1504,70.80000305175781,0.7550287925856844,1,0.028248585760593414,0.040960364043712616,0.011299369856715202,0.031073402613401413,0.03,0.024,take_profit,1,0,47,2026-03-01
2026-03-04,8110,52.5,0.7528489392115943,1,0.0647619366645813,0.08761902153491974,0.02285715751349926,0.07619047909975052,0.03,0.024,gap_take_profit,1,0,47,2026-03-01
2026-03-04,8042,51.900001525878906,0.7522523416524751,1,0.040462397038936615,0.07129088044166565,0.02312132716178894,0.05780346691608429,0.03,0.024,gap_take_profit,1,0,47,2026-03-01
2026-03-04,2468,33.0,0.7520726529555186,1,0.01666664332151413,0.025757528841495514,0.012121258303523064,0.013636386953294277,0.013636386953294277,0.007636386953294277,close,0,0,47,2026-03-01
2026-03-04,4939,31.850000381469727,0.7516682515118659,1,0.036106739193201065,0.061224453151226044,0.02197798527777195,0.02354782074689865,0.03,0.024,gap_take_profit,1,0,47,2026-03-01
2026-03-04,2495,28.75,0.7515839315919192,1,0.03826088458299637,0.06782611459493637,0.033043503761291504,0.053913015872240067,0.03,0.024,gap_take_profit,1,0,47,2026-03-01
2026-03-04,1522,40.900001525878906,0.7506106710572502,1,0.003667425597086549,0.03789728879928589,0.003667425597086549,0.03545224666595459,0.03,0.024,take_profit,1,0,47,2026-03-01
2026-03-04,6155,45.599998474121094,0.7503686004062763,1,0.051535140722990036,0.06469300389289856,0.015350894071161747,0.027412282302975655,0.03,0.024,gap_take_profit,1,0,47,2026-03-01
2026-03-04,2723,66.5999984741211,0.7500403611871604,1,0.007507507689297199,0.03753753751516342,0.007507507689297199,0.02102104388177395,0.03,0.024,take_profit,1,0,47,2026-03-01
2026-03-04,2374,70.0,0.7499078616492234,1,0.04285714402794838,0.048571448773145676,0.022857120260596275,0.04000004380941391,0.03,0.024,gap_take_profit,1,0,47,2026-03-01
2026-03-04,1540,21.899999618530273,0.7494441429063257,1,0.01826482266187668,0.029680348932743073,0.006849297787994146,0.025114208459854126,0.025114208459854126,0.019114208459854128,close,0,0,47,2026-03-01
2026-03-04,1325,27.200000762939453,0.7492631019805779,1,0.0036764144897460938,0.022058766335248947,0.0036764144897460938,0.005514691583812237,0.005514691583812237,-0.00048530841618776334,close,0,0,47,2026-03-01
2026-03-04,3048,34.29999923706055,0.7491443388985181,1,0.03498544543981552,0.055393632501363754,0.02478140778839588,0.04956270381808281,0.03,0.024,gap_take_profit,1,0,47,2026-03-01
2026-03-04,6282,44.45000076293945,0.7490202302649004,1,0.048368901014328,0.06636671721935272,0.02362203039228916,0.05624296888709068,0.03,0.024,gap_take_profit,1,0,47,2026-03-01
2026-03-05,2616,19.799999237060547,0.5828315245249944,1,0.09848488867282867,0.09848488867282867,0.09848488867282867,0.09848488867282867,0.03,0.024,gap_take_profit,1,0,47,2026-03-01
2026-03-05,6141,18.0,0.550556964196077,0,0.02777777798473835,0.02777777798473835,-0.07777775824069977,-0.0027777354698628187,-0.02,-0.026000000000000002,stop_loss,0,1,47,2026-03-01
2026-03-05,5386,236.5,0.5477719515513737,1,0.09936574846506119,0.09936574846506119,0.09936574846506119,0.09936574846506119,0.03,0.024,gap_take_profit,1,0,47,2026-03-01
2026-03-05,6465,36.150001525878906,0.5333457931386303,1,-0.001383210183121264,0.07330560684204102,-0.006915628910064697,0.0027662094216793776,0.03,0.024,take_profit,1,0,47,2026-03-01
2026-03-05,6683,825.0,0.5247669443460498,1,0.02666666731238365,0.09939394146203995,0.02666666731238365,0.09939394146203995,0.03,0.024,take_profit,1,0,47,2026-03-01
2026-03-05,5864,25.200000762939453,0.49908527057275137,1,0.0,0.01785709708929062,-0.025793710723519325,0.001984096597880125,-0.02,-0.026000000000000002,stop_loss,0,1,47,2026-03-01
2026-03-05,2408,257.5,0.49068792993053867,0,0.00582524249330163,0.017475727945566177,-0.09708737581968307,-0.09514562785625458,-0.02,-0.026000000000000002,stop_loss,0,1,47,2026-03-01
2026-03-05,3211,321.0,0.4797776883935656,1,0.010903426446020603,0.06542056053876877,-0.010903426446020603,0.0031152646988630295,0.03,0.024,take_profit,1,0,47,2026-03-01
2026-03-05,2467,400.0,0.4779516577554129,0,-0.019999999552965164,-0.017500000074505806,-0.057500001043081284,-0.017500000074505806,-0.02,-0.026000000000000002,stop_loss,0,1,47,2026-03-01
2026-03-05,4749,966.0,0.4772848852203858,1,0.021739130839705467,0.06625258922576904,0.00828157365322113,0.050724636763334274,0.03,0.024,take_profit,1,0,47,2026-03-01
2026-03-05,9918,50.79999923706055,0.47509631518693834,1,0.07283466309309006,0.09842519462108612,0.05118114873766899,0.09842519462108612,0.03,0.024,gap_take_profit,1,0,47,2026-03-01
2026-03-05,6830,361.5,0.4743440557932538,1,0.05394190922379494,0.09958506375551224,0.05394190922379494,0.09958506375551224,0.03,0.024,gap_take_profit,1,0,47,2026-03-01
2026-03-05,6715,193.5,0.47037185290262556,1,0.09819121658802032,0.09819121658802032,0.09819121658802032,0.09819121658802032,0.03,0.024,gap_take_profit,1,0,47,2026-03-01
2026-03-05,2404,1100.0,0.4697815693007043,0,0.0,0.027272727340459824,-0.00909090880304575,0.0,0.0,-0.006,close,0,0,47,2026-03-01
2026-03-05,6532,59.5,0.4689963157347063,1,-0.011764719150960445,0.016806723549962044,-0.018487369641661644,0.016806723549962044,0.016806723549962044,0.010806723549962044,close,0,0,47,2026-03-01
2026-03-05,6788,342.0,0.4677336192071423,0,-0.010233918204903603,0.019005848094820976,-0.035087719559669495,-0.02923976629972458,-0.02,-0.026000000000000002,stop_loss,0,1,47,2026-03-01
2026-03-05,3380,35.400001525878906,0.4676477057431277,0,0.008474553935229778,0.018361516296863556,-0.028248585760593414,-0.014124292880296707,-0.02,-0.026000000000000002,stop_loss,0,1,47,2026-03-01
2026-03-05,2395,342.5,0.4664157742783693,1,0.018978102132678032,0.09927007555961609,0.005839415825903416,0.09489051252603531,0.03,0.024,take_profit,1,0,47,2026-03-01
2026-03-05,5328,27.399999618530273,0.4659255077388835,0,0.0,0.014598526060581207,-0.036496352404356,-0.029197052121162415,-0.02,-0.026000000000000002,stop_loss,0,1,47,2026-03-01
2026-03-05,6640,815.0,0.4656820908986744,1,0.0,0.09570552408695221,-0.02699386514723301,0.093251533806324,-0.02,-0.026000000000000002,ambiguous_stop_loss,1,1,47,2026-03-01
2026-03-06,2616,21.75,0.6139449061508464,1,0.0988505557179451,0.0988505557179451,0.0988505557179451,0.0988505557179451,0.03,0.024,gap_take_profit,1,0,47,2026-03-01
2026-03-06,6715,212.5,0.6127493590473378,1,-0.07999999821186066,0.09882353246212006,-0.07999999821186066,0.09882353246212006,-0.07999999821186066,-0.08599999821186066,gap_stop,1,1,47,2026-03-01
2026-03-06,5386,260.0,0.5859945955431847,1,-0.007692307699471712,0.10000000149011612,-0.007692307699471712,0.10000000149011612,0.03,0.024,take_profit,1,0,47,2026-03-01
2026-03-06,2543,78.4000015258789,0.5306849263938724,0,-0.089285708963871,0.0408162884414196,-0.0931122824549675,-0.07525511831045151,-0.089285708963871,-0.09528570896387101,gap_stop,1,1,47,2026-03-01
2026-03-06,1582,90.5,0.5242070345549159,0,-0.09392265230417252,-0.0441988967359066,-0.09392265230417252,-0.049723755568265915,-0.09392265230417252,-0.09992265230417252,gap_stop,0,1,47,2026-03-01
2026-03-06,6679,244.5,0.5210592170168905,0,-0.09815950691699982,-0.06339468061923981,-0.09815950691699982,-0.07157464325428009,-0.09815950691699982,-0.10415950691699982,gap_stop,0,1,47,2026-03-01
2026-03-06,4577,93.5,0.520166818378587,0,-0.0994652733206749,-0.0994652733206749,-0.0994652733206749,-0.0994652733206749,-0.0994652733206749,-0.1054652733206749,gap_stop,0,1,47,2026-03-01
2026-03-06,6456,62.70000076293945,0.5185061138298318,0,-0.09888358414173126,-0.0717703327536583,-0.09888358414173126,-0.09888358414173126,-0.09888358414173126,-0.10488358414173127,gap_stop,0,1,47,2026-03-01
2026-03-06,3054,45.0,0.5153091505358155,1,0.10000000149011612,0.10000000149011612,0.056666649878025055,0.10000000149011612,0.03,0.024,gap_take_profit,1,0,47,2026-03-01
2026-03-06,9931,46.650001525878906,0.5120579623365897,1,0.0996784046292305,0.0996784046292305,0.08467303216457367,0.0996784046292305,0.03,0.024,gap_take_profit,1,0,47,2026-03-01
2026-03-06,1529,27.049999237060547,0.5103998108265856,0,0.0,0.09426991641521454,-0.0757855549454689,-0.033271707594394684,-0.02,-0.026000000000000002,ambiguous_stop_loss,1,1,47,2026-03-01
2026-03-06,9918,55.79999923706055,0.5100002229679667,1,0.09856630861759186,0.09856630861759186,0.09856630861759186,0.09856630861759186,0.03,0.024,gap_take_profit,1,0,47,2026-03-01
2026-03-06,2103,21.0,0.5085637488211621,1,0.028571447357535362,0.08095242083072662,-0.045238129794597626,0.011904762126505375,-0.02,-0.026000000000000002,ambiguous_stop_loss,1,1,47,2026-03-01
2026-03-06,3093,31.200000762939453,0.5077214271805841,1,0.012820499949157238,0.08974356204271317,0.012820499949157238,0.08974356204271317,0.03,0.024,take_profit,1,0,47,2026-03-01
2026-03-06,6830,397.5,0.5072501852173463,0,-0.07169811427593231,0.03396226465702057,-0.07672955840826035,-0.02767295576632023,-0.07169811427593231,-0.07769811427593232,gap_stop,1,1,47,2026-03-01
2026-03-06,2485,56.20000076293945,0.505726990554097,0,-0.06405697762966156,-0.035587187856435776,-0.09964416921138763,-0.0854092389345169,-0.06405697762966156,-0.07005697762966157,gap_stop,0,1,47,2026-03-01
2026-03-06,4764,144.0,0.5056033078665081,0,-0.0972222238779068,-0.0972222238779068,-0.0972222238779068,-0.0972222238779068,-0.0972222238779068,-0.1032222238779068,gap_stop,0,1,47,2026-03-01
2026-03-06,8047,50.79999923706055,0.5046363001976454,1,-0.04822836071252823,0.08464565873146057,-0.05216531082987785,0.08267717808485031,-0.04822836071252823,-0.05422836071252823,gap_stop,1,1,47,2026-03-01
2026-03-06,3535,148.5,0.5039904268689512,0,-0.07744107395410538,-0.010101010091602802,-0.09427609294652939,-0.010101010091602802,-0.07744107395410538,-0.08344107395410538,gap_stop,0,1,47,2026-03-01
2026-03-06,1309,13.949999809265137,0.502125523655184,1,0.09677422046661377,0.09677422046661377,0.014336904510855675,0.09677422046661377,0.03,0.024,gap_take_profit,1,0,47,2026-03-01
2026-03-09,2616,23.899999618530273,0.6966569656369236,0,-0.008368153125047684,-0.008368153125047684,-0.09832637757062912,-0.09832637757062912,-0.02,-0.026000000000000002,stop_loss,0,1,47,2026-03-01
2026-03-09,9918,61.29999923706055,0.694088026228017,0,-0.09951058030128479,-0.09951058030128479,-0.09951058030128479,-0.09951058030128479,-0.09951058030128479,-0.1055105803012848,gap_stop,0,1,47,2026-03-01
2026-03-09,1587,37.5,0.6818580559343872,1,0.017333373427391052,0.0533333346247673,0.014666646718978882,0.022666625678539276,0.03,0.024,take_profit,1,0,47,2026-03-01
2026-03-09,8089,23.25,0.6774145483555045,1,0.015053779818117619,0.030107559636235237,-0.0064515965059399605,0.019354872405529022,0.03,0.024,take_profit,1,0,47,2026-03-01
2026-03-09,6923,85.80000305175781,0.676405542409962,1,0.0023309667594730854,0.02913752757012844,0.0023309667594730854,0.019813483580946922,0.019813483580946922,0.013813483580946922,close,0,0,47,2026-03-01
2026-03-09,6130,34.20000076293945,0.6730380930977315,0,-0.09941525012254715,-0.06578946858644485,-0.09941525012254715,-0.07894738763570786,-0.09941525012254715,-0.10541525012254715,gap_stop,0,1,47,2026-03-01
2026-03-09,6552,25.350000381469727,0.6724389684137225,1,0.005917144473642111,0.03944773226976395,0.005917144473642111,0.017751432955265045,0.03,0.024,take_profit,1,0,47,2026-03-01
2026-03-09,5314,72.80000305175781,0.6702959646230915,1,0.03708786889910698,0.08516479283571243,0.016483474522829056,0.02884613163769245,0.03,0.024,gap_take_profit,1,0,47,2026-03-01
2026-03-09,6840,55.5,0.6698186970783417,1,0.019819792360067368,0.036036036908626556,-0.009009009227156639,0.036036036908626556,0.03,0.024,take_profit,1,0,47,2026-03-01
2026-03-09,5278,26.0,0.6681026348617668,0,0.0076923370361328125,0.01538460049778223,-0.06923074275255203,-0.0076923370361328125,-0.02,-0.026000000000000002,stop_loss,0,1,47,2026-03-01
2026-03-09,3027,21.149999618530273,0.6679708516966086,1,0.028368812054395676,0.03309696167707443,0.0023641204461455345,0.021276632323861122,0.03,0.024,take_profit,1,0,47,2026-03-01
2026-03-09,4157,11.25,0.660849929550018,0,0.017777761444449425,0.039999984204769135,-0.004444461315870285,-0.004444461315870285,0.03,0.024,take_profit,1,0,47,2026-03-01
2026-03-09,3625,16.100000381469727,0.660726130740858,1,0.07763975113630295,0.07763975113630295,0.015527949668467045,0.043478187173604965,0.03,0.024,gap_take_profit,1,0,47,2026-03-01
2026-03-09,6485,76.0,0.6581483323709943,1,0.02894732914865017,0.05263157933950424,0.022368380799889565,0.04736839979887009,0.03,0.024,take_profit,1,0,47,2026-03-01
2026-03-09,4746,50.5,0.6555868450806953,1,0.009900989942252636,0.03366338089108467,0.005940578877925873,0.02376239188015461,0.03,0.024,take_profit,1,0,47,2026-03-01
2026-03-09,1795,253.5,0.6549921113831773,1,0.033530570566654205,0.033530570566654205,0.00788954645395279,0.019723866134881973,0.03,0.024,gap_take_profit,1,0,47,2026-03-01
2026-03-09,8038,38.29999923706055,0.6532076717195395,1,0.05483034625649452,0.09268927574157715,0.03655356541275978,0.07963444292545319,0.03,0.024,gap_take_profit,1,0,47,2026-03-01
2026-03-09,6517,55.400001525878906,0.6528907059011055,1,0.02346568927168846,0.028880838304758072,0.005415148567408323,0.02346568927168846,0.02346568927168846,0.017465689271688463,close,0,0,47,2026-03-01
2026-03-09,2462,22.299999237060547,0.6525134948176019,1,0.004484322387725115,0.02017940767109394,0.004484322387725115,0.011210762895643711,0.011210762895643711,0.005210762895643711,close,0,0,47,2026-03-01
2026-03-09,8033,136.5,0.6496829750454693,1,0.014652014710009098,0.018315019086003304,-0.018315019086003304,0.0036630036775022745,0.0036630036775022745,-0.0023369963224977256,close,0,0,47,2026-03-01
2026-03-10,3663,60.0,0.6610738095471222,1,0.09333331137895584,0.10000000149011612,0.07333336025476456,0.10000000149011612,0.03,0.024,gap_take_profit,1,0,47,2026-03-01
2026-03-10,5386,314.5,0.6490977547363836,1,0.09856915473937988,0.09856915473937988,-0.0015898251440376043,0.014308426529169083,0.03,0.024,gap_take_profit,1,0,47,2026-03-01
2026-03-10,2243,12.699999809265137,0.6455930069462347,1,0.09842519462108612,0.09842519462108612,0.09842519462108612,0.09842519462108612,0.03,0.024,gap_take_profit,1,0,47,2026-03-01
2026-03-10,5484,36.599998474121094,0.6309105623477587,1,0.09972681850194931,0.09972681850194931,0.09699462354183197,0.09972681850194931,0.03,0.024,gap_take_profit,1,0,47,2026-03-01
2026-03-10,3054,54.400001525878906,0.6220061358114124,1,0.09926465898752213,0.09926465898752213,0.09926465898752213,0.09926465898752213,0.03,0.024,gap_take_profit,1,0,47,2026-03-01
2026-03-10,3498,60.900001525878906,0.6126645787149444,1,0.09852216392755508,0.09852216392755508,0.09688015282154083,0.09852216392755508,0.03,0.024,gap_take_profit,1,0,47,2026-03-01
2026-03-10,4303,55.599998474121094,0.6035293400059084,1,0.010791408829391003,0.05215830355882645,-0.0017985337181016803,0.03956836089491844,0.03,0.024,take_profit,1,0,47,2026-03-01
2026-03-10,6715,256.5,0.6032048241304532,1,0.09941520541906357,0.09941520541906357,0.09941520541906357,0.09941520541906357,0.03,0.024,gap_take_profit,1,0,47,2026-03-01
2026-03-10,6861,149.0,0.5923081501803773,1,0.09731543809175491,0.09731543809175491,0.08053690940141678,0.09731543809175491,0.03,0.024,gap_take_profit,1,0,47,2026-03-01
2026-03-10,3645,75.5,0.5870068915754798,1,0.05298013240098953,0.09933774918317795,0.022516515105962753,0.0980132669210434,0.03,0.024,gap_take_profit,1,0,47,2026-03-01
2026-03-10,6213,126.5,0.5868775779691943,1,0.023715414106845856,0.09090909361839294,0.01976284570991993,0.05533596873283386,0.03,0.024,take_profit,1,0,47,2026-03-01
2026-03-10,5289,905.0,0.5863958745190415,1,0.07734806835651398,0.09944751113653183,0.076243095099926,0.09944751113653183,0.03,0.024,gap_take_profit,1,0,47,2026-03-01
2026-03-10,6223,2990.0,0.5855181878445684,1,0.046822741627693176,0.09866220504045486,0.046822741627693176,0.09866220504045486,0.03,0.024,gap_take_profit,1,0,47,2026-03-01
2026-03-10,3045,106.5,0.5807332865777135,0,0.004694835748523474,0.009389671497046947,-0.004694835748523474,-0.004694835748523474,-0.004694835748523474,-0.010694835748523474,close,0,0,47,2026-03-01
2026-03-10,4956,24.600000381469727,0.5794807122785709,1,0.016260147094726562,0.09552846848964691,0.016260147094726562,0.05081300809979439,0.03,0.024,take_profit,1,0,47,2026-03-01
2026-03-10,2608,31.350000381469727,0.5778084622347207,1,0.0015948719810694456,0.009569353424012661,0.0,0.003189804730936885,0.003189804730936885,-0.0028101952690631152,close,0,0,47,2026-03-01
2026-03-10,2412,135.0,0.5773595567327292,1,0.007407407276332378,0.014814814552664757,0.0,0.003703703638166189,0.003703703638166189,-0.002296296361833811,close,0,0,47,2026-03-01
2026-03-10,4973,50.599998474121094,0.5769951787521534,1,0.0988142341375351,0.0988142341375351,0.09683797508478165,0.0988142341375351,0.03,0.024,gap_take_profit,1,0,47,2026-03-01
2026-03-10,6683,986.0,0.5763450174006524,1,0.09533468633890152,0.09533468633890152,0.09533468633890152,0.09533468633890152,0.03,0.024,gap_take_profit,1,0,47,2026-03-01
2026-03-10,4904,90.9000015258789,0.5739910914445859,1,0.001100093242712319,0.009901006706058979,0.0,0.007700736168771982,0.007700736168771982,0.001700736168771982,close,0,0,47,2026-03-01
2026-03-11,2243,13.949999809265137,0.7149491060211542,1,0.09677422046661377,0.09677422046661377,0.09677422046661377,0.09677422046661377,0.03,0.024,gap_take_profit,1,0,47,2026-03-01
2026-03-11,6715,282.0,0.710695642208517,1,0.07446808367967606,0.09929078072309494,0.03546099364757538,0.07801418751478195,0.03,0.024,gap_take_profit,1,0,47,2026-03-01
2026-03-11,4513,17.600000381469727,0.7063998395986754,1,0.07954543083906174,0.09943181276321411,0.05113634094595909,0.09943181276321411,0.03,0.024,gap_take_profit,1,0,47,2026-03-01
2026-03-11,5484,40.25,0.7018049696912203,1,0.038509298115968704,0.06832297891378403,0.003726745955646038,0.01614910550415516,0.03,0.024,gap_take_profit,1,0,47,2026-03-01
2026-03-11,6419,78.30000305175781,0.7016748736910596,1,0.09961679577827454,0.09961679577827454,0.09961679577827454,0.09961679577827454,0.03,0.024,gap_take_profit,1,0,47,2026-03-01
2026-03-11,3054,59.79999923706055,0.697613054038949,1,0.07692311704158783,0.09866216778755188,0.04682273045182228,0.09866216778755188,0.03,0.024,gap_take_profit,1,0,47,2026-03-01
2026-03-11,3498,66.9000015258789,0.6962325868696012,1,0.04035869613289833,0.09865467995405197,0.04035869613289833,0.09865467995405197,0.03,0.024,gap_take_profit,1,0,47,2026-03-01
2026-03-11,6712,144.0,0.6724675374565843,0,0.0,0.0,-0.02777777798473835,-0.013888888992369175,-0.02,-0.026000000000000002,stop_loss,0,1,47,2026-03-01
2026-03-11,1586,23.25,0.6717468325515978,0,0.0064515965059399605,0.0064515965059399605,-0.012903193011879921,-0.0021505048498511314,-0.0021505048498511314,-0.008150504849851132,close,0,0,47,2026-03-01
2026-03-11,5289,995.0,0.6717196114474105,1,0.02010050229728222,0.07035175710916519,0.003015075344592333,0.035175878554582596,0.03,0.024,take_profit,1,0,47,2026-03-01
2026-03-11,3163,770.0,0.671422749439433,1,0.10000000149011612,0.10000000149011612,0.05974026024341583,0.09220778942108154,0.03,0.024,gap_take_profit,1,0,47,2026-03-01
2026-03-11,6143,99.0,0.6703579098791043,1,0.0,0.02525252476334572,-0.004040419589728117,0.01515151560306549,0.01515151560306549,0.00915151560306549,close,0,0,47,2026-03-01
2026-03-11,6284,75.30000305175781,0.6698686753438677,0,-0.006640105973929167,-0.003984103910624981,-0.03452863171696663,-0.026560423895716667,-0.02,-0.026000000000000002,stop_loss,0,1,47,2026-03-01
2026-03-11,6187,586.0,0.6675100622233661,1,0.09726962447166443,0.09726962447166443,0.02389078587293625,0.06484641879796982,0.03,0.024,gap_take_profit,1,0,47,2026-03-01
2026-03-11,8489,21.75,0.6672144412449851,1,0.01149425283074379,0.0988505557179451,0.01149425283074379,0.0988505557179451,0.03,0.024,take_profit,1,0,47,2026-03-01
2026-03-11,3321,15.899999618530273,0.6654590383957479,0,0.0,0.01886799745261669,-0.012578604742884636,-0.012578604742884636,-0.012578604742884636,-0.018578604742884634,close,0,0,47,2026-03-01
2026-03-11,4128,17.299999237060547,0.6652547787533101,0,0.00578036904335022,0.00578036904335022,-0.020231125876307487,-0.017340997233986855,-0.02,-0.026000000000000002,stop_loss,0,1,47,2026-03-01
2026-03-11,3055,60.0,0.6644584840827242,0,0.0,0.011666679754853249,-0.02000001259148121,-0.018333308398723602,-0.02,-0.026000000000000002,stop_loss,0,1,47,2026-03-01
2026-03-11,4162,59.5,0.6639369058637032,0,0.0,0.0,-0.03193279728293419,-0.028571441769599915,-0.02,-0.026000000000000002,stop_loss,0,1,47,2026-03-01
2026-03-11,1201,14.100000381469727,0.6628080837170961,1,-0.00709222536534071,0.0035460451617836952,-0.00709222536534071,0.0035460451617836952,0.0035460451617836952,-0.002453954838216305,close,0,0,47,2026-03-01
2026-03-12,6419,86.0999984741211,0.4952165930780909,0,0.041811831295490265,0.042973339557647705,-0.07084783166646957,-0.06852498650550842,0.03,0.024,gap_take_profit,1,1,47,2026-03-01
2026-03-12,2243,15.300000190734863,0.47847553907921325,1,0.09803915023803711,0.09803915023803711,-0.01960785500705242,0.01960785500705242,0.03,0.024,gap_take_profit,1,0,47,2026-03-01
2026-03-12,3167,355.0,0.4662507367114583,1,0.03661971911787987,0.10000000149011612,0.002816901309415698,0.10000000149011612,0.03,0.024,gap_take_profit,1,0,47,2026-03-01
2026-03-12,6683,1185.0,0.44573535665187203,0,0.02109704725444317,0.09282700717449188,-0.06751054525375366,-0.04641350358724594,-0.02,-0.026000000000000002,ambiguous_stop_loss,1,1,47,2026-03-01
2026-03-12,6291,320.5,0.4438514910555367,1,0.03588143363595009,0.09828393161296844,0.007800311781466007,0.06240249425172806,0.03,0.024,gap_take_profit,1,0,47,2026-03-01
2026-03-12,3555,147.5,0.4397632054307707,1,0.09830508381128311,0.09830508381128311,0.09152542054653168,0.09830508381128311,0.03,0.024,gap_take_profit,1,0,47,2026-03-01
2026-03-12,4960,21.149999618530273,0.43579687465395167,1,0.06855795532464981,0.09929080307483673,0.0591016560792923,0.09929080307483673,0.03,0.024,gap_take_profit,1,0,47,2026-03-01
2026-03-12,6217,124.0,0.4347745185384604,1,0.04032257944345474,0.09677419066429138,0.04032257944345474,0.09677419066429138,0.03,0.024,gap_take_profit,1,0,47,2026-03-01
2026-03-12,4949,62.20000076293945,0.4347444935818187,1,0.0016076924512162805,0.09967846423387527,0.0,0.09967846423387527,0.03,0.024,take_profit,1,0,47,2026-03-01
2026-03-12,2426,30.899999618530273,0.4311386574186078,1,0.06634307652711868,0.09870553761720657,0.01941748894751072,0.09546922147274017,0.03,0.024,gap_take_profit,1,0,47,2026-03-01
2026-03-12,3040,44.400001525878906,0.430822722739175,1,0.06418915092945099,0.0990990474820137,0.027026956900954247,0.09346841275691986,0.03,0.024,gap_take_profit,1,0,47,2026-03-01
2026-03-12,3054,65.69999694824219,0.4266642909485392,1,-0.010654443874955177,0.09893455356359482,-0.0456620454788208,0.09893455356359482,-0.02,-0.026000000000000002,ambiguous_stop_loss,1,1,47,2026-03-01
2026-03-12,3093,36.900001525878906,0.42580366719225016,1,0.056910526007413864,0.09891591966152191,0.04065040498971939,0.09891591966152191,0.03,0.024,gap_take_profit,1,0,47,2026-03-01
2026-03-12,5515,36.099998474121094,0.42513437489403705,0,-0.018005477264523506,0.008310333825647831,-0.020775623619556427,-0.011080269701778889,-0.02,-0.026000000000000002,stop_loss,0,1,47,2026-03-01
2026-03-12,4973,61.099998474121094,0.42307668437997664,1,-0.018003249540925026,0.0998363122344017,-0.022913219407200813,0.0998363122344017,-0.02,-0.026000000000000002,ambiguous_stop_loss,1,1,47,2026-03-01
2026-03-12,7712,117.0,0.4213067521766376,1,0.03418803587555885,0.09829059988260269,-0.004273504484444857,0.09829059988260269,0.03,0.024,gap_take_profit,1,0,47,2026-03-01
2026-03-12,3714,43.650001525878906,0.4213067521766376,0,0.01947304606437683,0.0320732556283474,-0.030927887186408043,-0.020618591457605362,-0.02,-0.026000000000000002,ambiguous_stop_loss,1,1,47,2026-03-01
2026-03-12,3498,73.5,0.4208614162139195,0,0.0,0.05170072242617607,-0.020408162847161293,-0.009523767977952957,-0.02,-0.026000000000000002,ambiguous_stop_loss,1,1,47,2026-03-01
2026-03-12,6223,3610.0,0.4196649577820896,0,-0.002770083025097847,0.0069252075627446175,-0.024930747225880623,-0.016620498150587082,-0.02,-0.026000000000000002,stop_loss,0,1,47,2026-03-01
2026-03-12,8039,128.0,0.4186952113773188,0,-0.01953125,0.09375,-0.046875,0.0,-0.02,-0.026000000000000002,ambiguous_stop_loss,1,1,47,2026-03-01
2026-03-13,3555,162.0,0.6963252520392407,1,0.04938271641731262,0.09876543283462524,0.04938271641731262,0.09876543283462524,0.03,0.024,gap_take_profit,1,0,47,2026-03-01
2026-03-13,8926,46.099998474121094,0.6669713340422678,1,0.0,0.0336226262152195,0.0,0.026030385866761208,0.03,0.024,take_profit,1,0,47,2026-03-01
2026-03-13,4960,23.25,0.6654952707354067,1,0.09892469644546509,0.09892469644546509,0.09892469644546509,0.09892469644546509,0.03,0.024,gap_take_profit,1,0,47,2026-03-01
2026-03-13,1402,27.299999237060547,0.6596127057352109,0,0.009157509543001652,0.009157509543001652,-0.007325965445488691,0.0,0.0,-0.006,close,0,0,47,2026-03-01
2026-03-13,6727,261.0,0.656845244817536,1,0.07471264153718948,0.09961685538291931,0.04214559495449066,0.09961685538291931,0.03,0.024,gap_take_profit,1,0,47,2026-03-01
2026-03-13,5014,10.5,0.6556196680179573,0,0.0,0.009523846209049225,-0.004761923104524612,0.0,0.0,-0.006,close,0,0,47,2026-03-01
2026-03-13,8261,111.0,0.6539587794640727,1,0.036036036908626556,0.04954954981803894,-0.027027027681469917,0.013513513840734959,0.03,0.024,gap_take_profit,1,1,47,2026-03-01
2026-03-13,3167,390.5,0.6531608866261991,0,-0.06145966798067093,-0.02688860520720482,-0.09987195581197739,-0.06017925590276718,-0.06145966798067093,-0.06745966798067093,gap_stop,0,1,47,2026-03-01
2026-03-13,2881,88.0999984741211,0.6529546968892959,1,0.011350737884640694,0.017026107758283615,0.003405255964025855,0.007945568300783634,0.007945568300783634,0.001945568300783634,close,0,0,47,2026-03-01
2026-03-13,9904,29.5,0.6489665950192713,0,-0.0033898435067385435,-0.0033898435067385435,-0.015254262834787369,-0.011864420026540756,-0.011864420026540756,-0.017864420026540755,close,0,0,47,2026-03-01
2026-03-13,5880,23.0,0.648155063737095,1,0.0065217227675020695,0.008695685304701328,0.0,0.0021738798823207617,0.0021738798823207617,-0.0038261201176792384,close,0,0,47,2026-03-01
2026-03-13,1905,11.5,0.6480642738456438,1,0.004347842652350664,0.01739128865301609,0.0,0.004347842652350664,0.004347842652350664,-0.001652157347649336,close,0,0,47,2026-03-01
2026-03-13,6141,20.0,0.64793406010797,1,0.09499998390674591,0.10000000149011612,0.09499998390674591,0.10000000149011612,0.03,0.024,gap_take_profit,1,0,47,2026-03-01
2026-03-13,1735,23.75,0.6473052777367422,1,0.09894738346338272,0.09894738346338272,0.09894738346338272,0.09894738346338272,0.03,0.024,gap_take_profit,1,0,47,2026-03-01
2026-03-13,8046,515.0,0.6451150947932571,1,0.05242718383669853,0.09902912378311157,-0.013592232950031757,0.09902912378311157,0.03,0.024,gap_take_profit,1,0,47,2026-03-01
2026-03-13,1907,23.899999618530273,0.6444450656098826,1,0.012552348896861076,0.02092050202190876,0.0,0.012552348896861076,0.012552348896861076,0.006552348896861076,close,0,0,47,2026-03-01
2026-03-13,2616,17.549999237060547,0.6440645298717992,1,0.002849068259820342,0.034188058227300644,0.002849068259820342,0.01709408313035965,0.03,0.024,take_profit,1,0,47,2026-03-01
2026-03-13,2838,19.950000762939453,0.6426345637881763,1,0.005012454465031624,0.010025004856288433,-0.0025063229259103537,0.010025004856288433,0.010025004856288433,0.004025004856288433,close,0,0,47,2026-03-01
2026-03-13,2371,31.799999237060547,0.642067050003646,0,0.0,0.011006361804902554,-0.01886787638068199,-0.014150907285511494,-0.014150907285511494,-0.020150907285511492,close,0,0,47,2026-03-01
2026-03-13,1434,16.450000762939453,0.6406341302408473,1,0.006078934296965599,0.01823703572154045,0.0030394671484827995,0.006078934296965599,0.006078934296965599,7.893429696559894e-05,close,0,0,47,2026-03-01
2026-03-16,2314,18.399999618530273,0.7145354256364834,1,0.09782615303993225,0.09782615303993225,0.09782615303993225,0.09782615303993225,0.03,0.024,gap_take_profit,1,0,47,2026-03-01
2026-03-16,7714,132.0,0.6926717031890683,1,0.034090910106897354,0.049242425709962845,0.022727273404598236,0.03030303120613098,0.03,0.024,gap_take_profit,1,0,47,2026-03-01
2026-03-16,6589,56.900001525878906,0.6923325604777615,1,0.005272394046187401,0.017574692144989967,0.0017574423691257834,0.008787346072494984,0.008787346072494984,0.0027873460724949835,close,0,0,47,2026-03-01
2026-03-16,6838,25.399999618530273,0.6920105116519009,1,0.009842519648373127,0.01574801653623581,0.0,0.003937022760510445,0.003937022760510445,-0.0020629772394895555,close,0,0,47,2026-03-01
2026-03-16,6431,23.0,0.687628598642624,0,0.0,0.03478257730603218,-0.023913010954856873,-0.023913010954856873,-0.02,-0.026000000000000002,ambiguous_stop_loss,1,1,47,2026-03-01
2026-03-16,4561,33.75,0.6871979997148807,1,0.007407407276332378,0.017777731642127037,0.0,0.004444489721208811,0.004444489721208811,-0.0015555102787911893,close,0,0,47,2026-03-01
2026-03-16,9902,14.800000190734863,0.6870195372258032,1,0.0033783912658691406,0.023648610338568687,0.0033783912658691406,0.010135109536349773,0.010135109536349773,0.004135109536349773,close,0,0,47,2026-03-01
2026-03-16,1786,65.4000015258789,0.686143915432565,1,0.003058057278394699,0.010703316889703274,-0.0015290286391973495,0.006116230972111225,0.006116230972111225,0.000116230972111225,close,0,0,47,2026-03-01
2026-03-16,6712,140.5,0.6860077023184802,1,0.010676156729459763,0.021352313458919525,0.0035587188322097063,0.010676156729459763,0.010676156729459763,0.0046761567294597624,close,0,0,47,2026-03-01
2026-03-16,4545,31.399999618530273,0.6806458317752346,1,0.028662407770752907,0.028662407770752907,0.009554176591336727,0.014331234619021416,0.014331234619021416,0.008331234619021416,close,0,0,47,2026-03-01
2026-03-16,4716,14.149999618530273,0.6804337222210675,1,0.014134329743683338,0.09540639072656631,0.010600747540593147,0.04593643918633461,0.03,0.024,take_profit,1,0,47,2026-03-01
2026-03-16,1434,16.549999237060547,0.679739772463913,1,-0.0030211021658033133,0.012084638699889183,-0.0030211021658033133,0.003021217416971922,0.003021217416971922,-0.002978782583028078,close,0,0,47,2026-03-01
2026-03-16,1735,26.100000381469727,0.6759107364783695,1,0.0996168702840805,0.0996168702840805,0.0996168702840805,0.0996168702840805,0.03,0.024,gap_take_profit,1,0,47,2026-03-01
2026-03-16,4729,20.5,0.6751092958266312,1,0.00731705455109477,0.024390242993831635,0.00731705455109477,0.017073189839720726,0.017073189839720726,0.011073189839720726,close,0,0,47,2026-03-01
2026-03-16,5381,25.100000381469727,0.673726579472253,1,0.0059760804288089275,0.03585655614733696,0.0059760804288089275,0.02191231958568096,0.03,0.024,take_profit,1,0,47,2026-03-01
2026-03-16,4523,30.350000381469727,0.6719513214645162,1,0.013179559260606766,0.04283358156681061,0.013179559260606766,0.024711696431040764,0.03,0.024,take_profit,1,0,47,2026-03-01
2026-03-16,3321,15.300000190734863,0.6715976056676337,1,0.0,0.02287578023970127,-0.013071882538497448,0.01960785500705242,0.01960785500705242,0.013607855007052421,close,0,0,47,2026-03-01
2026-03-16,1540,22.299999237060547,0.6707747501553183,1,0.013452966697514057,0.01793728955090046,0.006726526189595461,0.01793728955090046,0.01793728955090046,0.01193728955090046,close,0,0,47,2026-03-01
2026-03-16,6226,11.050000190734863,0.6695653036646965,1,0.09954746067523956,0.09954746067523956,0.09954746067523956,0.09954746067523956,0.03,0.024,gap_take_profit,1,0,47,2026-03-01
2026-03-16,8071,16.600000381469727,0.6682736084295069,1,0.0030120022129267454,0.036144599318504333,0.0030120022129267454,0.015060240402817726,0.03,0.024,take_profit,1,0,47,2026-03-01
2026-03-17,6499,111.5,0.7604551511209914,1,0.09865470975637436,0.09865470975637436,0.06726457178592682,0.09865470975637436,0.03,0.024,gap_take_profit,1,0,47,2026-03-01
2026-03-17,6226,12.149999618530273,0.7590345138764371,1,0.09876549988985062,0.09876549988985062,0.09876549988985062,0.09876549988985062,0.03,0.024,gap_take_profit,1,0,47,2026-03-01
2026-03-17,1735,28.700000762939453,0.7571071749813942,1,0.0696864128112793,0.09930308163166046,0.0104529345408082,0.09581881016492844,0.03,0.024,gap_take_profit,1,0,47,2026-03-01
2026-03-17,2243,18.850000381469727,0.7553725807309097,1,0.09814325720071793,0.09814325720071793,0.03448273614048958,0.0875331312417984,0.03,0.024,gap_take_profit,1,0,47,2026-03-01
2026-03-17,3437,23.399999618530273,0.7391530834515531,0,0.047008562833070755,0.047008562833070755,-0.04487176239490509,-0.03846152126789093,0.03,0.024,gap_take_profit,1,1,47,2026-03-01
2026-03-17,6141,24.200000762939453,0.7349932475699892,1,0.09917353838682175,0.09917353838682175,0.0,0.07438012957572937,0.03,0.024,gap_take_profit,1,0,47,2026-03-01
2026-03-17,3054,87.30000305175781,0.7228368063441526,1,0.0,0.09965632110834122,0.0,0.034364260733127594,0.03,0.024,take_profit,1,0,47,2026-03-01
2026-03-17,1785,90.5999984741211,0.7206420776991257,1,0.09933774918317795,0.09933774918317795,0.06291396170854568,0.09933774918317795,0.03,0.024,gap_take_profit,1,0,47,2026-03-01
2026-03-17,5289,1165.0,0.7173563003769498,1,0.09871244430541992,0.09871244430541992,0.09871244430541992,0.09871244430541992,0.03,0.024,gap_take_profit,1,0,47,2026-03-01
2026-03-17,3073,29.100000381469727,0.7082729430767776,1,0.013745691627264023,0.02920963428914547,0.0017181867733597755,0.0017181867733597755,0.0017181867733597755,-0.004281813226640225,close,0,0,47,2026-03-01
2026-03-17,2537,10.050000190734863,0.7079118906459347,0,0.0,0.009950191713869572,-0.004975143354386091,0.0,0.0,-0.006,close,0,0,47,2026-03-01
2026-03-17,4563,43.54999923706055,0.7064627915695504,1,0.016073497012257576,0.016073497012257576,0.0034443519543856382,0.006888616364449263,0.006888616364449263,0.0008886163644492625,close,0,0,47,2026-03-01
2026-03-17,4973,81.19999694824219,0.7058480215418449,1,0.09975377470254898,0.09975377470254898,0.09975377470254898,0.09975377470254898,0.03,0.024,gap_take_profit,1,0,47,2026-03-01
2026-03-17,4939,31.950000762939453,0.7033059245882618,0,0.023474177345633507,0.023474177345633507,-0.01721443235874176,-0.0015649809502065182,-0.0015649809502065182,-0.007564980950206518,close,0,0,47,2026-03-01
2026-03-17,4157,11.199999809265137,0.7032418703668705,1,0.013392908498644829,0.0223214291036129,0.008928605355322361,0.0223214291036129,0.0223214291036129,0.0163214291036129,close,0,0,47,2026-03-01
2026-03-17,6451,260.5,0.7025650291811327,1,0.011516314931213856,0.09788867831230164,-0.07293666154146194,0.07101727277040482,-0.02,-0.026000000000000002,ambiguous_stop_loss,1,1,47,2026-03-01
2026-03-17,2231,81.19999694824219,0.7021088375080587,1,0.017241397872567177,0.02709365263581276,-0.007389144040644169,0.022167526185512543,0.022167526185512543,0.016167526185512544,close,0,0,47,2026-03-01
2026-03-17,6431,22.450000762939453,0.700937577274292,0,0.002227137330919504,0.00668149720877409,-0.04677065089344978,0.0,-0.02,-0.026000000000000002,stop_loss,0,1,47,2026-03-01
2026-03-17,6533,186.0,0.6999233615431077,1,0.005376344081014395,0.018817204982042313,0.0026881720405071974,0.005376344081014395,0.005376344081014395,-0.0006236559189856054,close,0,0,47,2026-03-01
2026-03-17,6669,3965.0,0.6998072037821182,0,0.005044136196374893,0.017654476687312126,-0.03783101961016655,-0.03530895337462425,-0.02,-0.026000000000000002,stop_loss,0,1,47,2026-03-01
2026-03-18,6226,13.350000381469727,0.6425562455466327,1,0.04119844362139702,0.0973782166838646,0.0,0.0973782166838646,0.03,0.024,gap_take_profit,1,0,47,2026-03-01
2026-03-18,5386,417.0,0.6423057089171931,1,-0.06714628636837006,0.06714628636837006,-0.06714628636837006,0.057553958147764206,-0.06714628636837006,-0.07314628636837006,gap_stop,1,1,47,2026-03-01
2026-03-18,6547,41.0,0.6363516915703077,1,0.09999996423721313,0.09999996423721313,0.09999996423721313,0.09999996423721313,0.03,0.024,gap_take_profit,1,0,47,2026-03-01
2026-03-18,6465,40.849998474121094,0.6292382129040185,1,0.08690338581800461,0.09914328157901764,0.06487151980400085,0.09914328157901764,0.03,0.024,gap_take_profit,1,0,47,2026-03-01
2026-03-18,6217,167.0,0.6170305080814499,1,0.08083832263946533,0.09880239516496658,0.053892213851213455,0.09880239516496658,0.03,0.024,gap_take_profit,1,0,47,2026-03-01
2026-03-18,4973,89.30000305175781,0.6163613790939488,1,0.08734597265720367,0.09966398030519485,0.006718907505273819,0.09966398030519485,0.03,0.024,gap_take_profit,1,0,47,2026-03-01
2026-03-18,3555,204.5,0.6157929046044336,1,0.02200488932430744,0.09779950976371765,0.02200488932430744,0.09779950976371765,0.03,0.024,take_profit,1,0,47,2026-03-01
2026-03-18,3260,477.5,0.611922549776034,1,0.01884816773235798,0.09947644174098969,0.01884816773235798,0.09947644174098969,0.03,0.024,take_profit,1,0,47,2026-03-01
2026-03-18,8155,245.0,0.6037784431281182,1,0.10000000149011612,0.10000000149011612,0.08367346972227097,0.10000000149011612,0.03,0.024,gap_take_profit,1,0,47,2026-03-01
2026-03-18,5289,1280.0,0.6036335158772704,1,-0.01171875,0.09375,-0.02734375,0.04296875,-0.02,-0.026000000000000002,ambiguous_stop_loss,1,1,47,2026-03-01
2026-03-18,3176,32.75,0.5931445732731738,1,0.07633587718009949,0.09770994633436203,0.038167938590049744,0.06870228797197342,0.03,0.024,gap_take_profit,1,0,47,2026-03-01
2026-03-18,6499,122.5,0.5721227986793168,0,0.020408162847161293,0.09387755393981934,-0.03265305981040001,-0.03265305981040001,-0.02,-0.026000000000000002,ambiguous_stop_loss,1,1,47,2026-03-01
2026-03-18,5351,84.80000305175781,0.5662701886670021,0,-0.027122676372528076,0.036556582897901535,-0.05188680812716484,-0.0058962260372936726,-0.027122676372528076,-0.033122676372528075,gap_stop,1,1,47,2026-03-01
2026-03-18,8240,59.599998474121094,0.5656228530537626,0,0.057047005742788315,0.060402724891901016,-0.023489894345402718,0.0,0.03,0.024,gap_take_profit,1,1,47,2026-03-01
2026-03-18,6147,71.9000015258789,0.5644628843990049,0,-0.00278170476667583,0.020862307399511337,-0.026425611227750778,-0.011126606725156307,-0.02,-0.026000000000000002,stop_loss,0,1,47,2026-03-01
2026-03-18,2399,30.799999237060547,0.5610339362319672,1,0.017857180908322334,0.09902594983577728,-0.0032467038836330175,0.09902594983577728,0.03,0.024,take_profit,1,0,47,2026-03-01
2026-03-18,3508,47.599998474121094,0.5598527511168558,1,0.011554686352610588,0.09873951226472855,-0.023109212517738342,0.09873951226472855,-0.02,-0.026000000000000002,ambiguous_stop_loss,1,1,47,2026-03-01
2026-03-18,3093,50.0,0.5574720667082108,1,-0.000999984797090292,0.10000000149011612,-0.000999984797090292,0.0780000314116478,0.03,0.024,take_profit,1,0,47,2026-03-01
2026-03-18,2451,313.5,0.5558409096239637,0,-0.020733652636408806,-0.0015948963118717074,-0.05263157933950424,-0.014354066923260689,-0.020733652636408806,-0.026733652636408804,gap_stop,0,1,47,2026-03-01
2026-03-18,6129,17.600000381469727,0.5552426800125143,0,0.011363571509718895,0.03124995529651642,-0.045454610139131546,-0.03693179413676262,-0.02,-0.026000000000000002,ambiguous_stop_loss,1,1,47,2026-03-01
2026-03-19,6547,45.099998474121094,0.7532335025720561,1,0.09977827221155167,0.09977827221155167,0.09977827221155167,0.09977827221155167,0.03,0.024,gap_take_profit,1,0,47,2026-03-01
2026-03-19,1809,32.5,0.7299128230192046,0,0.10000000149011612,0.10000000149011612,-0.00923074595630169,-0.0015384380239993334,0.03,0.024,gap_take_profit,1,0,47,2026-03-01
2026-03-19,3057,18.299999237060547,0.7238002856822182,1,0.09836072474718094,0.09836072474718094,0.010929004289209843,0.03825141116976738,0.03,0.024,gap_take_profit,1,0,47,2026-03-01
2026-03-19,6919,105.0,0.7186381073868593,0,0.009523809887468815,0.03809523954987526,-0.03809523954987526,-0.03333333507180214,-0.02,-0.026000000000000002,ambiguous_stop_loss,1,1,47,2026-03-01
2026-03-19,1587,35.5,0.7158712970832959,0,0.014084506779909134,0.023943619802594185,-0.0028168584685772657,0.0,0.0,-0.006,close,0,0,47,2026-03-01
2026-03-19,9914,67.0999984741211,0.7130447005545639,1,-0.0014902902767062187,0.025335390120744705,-0.0029805805534124374,0.014903130009770393,0.014903130009770393,0.008903130009770393,close,0,0,47,2026-03-01
2026-03-19,3511,18.700000762939453,0.7128931665183024,1,0.0,0.026737967506051064,0.0,0.024064108729362488,0.024064108729362488,0.01806410872936249,close,0,0,47,2026-03-01
2026-03-19,1316,12.649999618530273,0.7126686792241317,1,0.027668016031384468,0.03952569141983986,0.003952584229409695,0.003952584229409695,0.03,0.024,take_profit,1,0,47,2026-03-01
2026-03-19,3229,17.75,0.7110278144601757,1,0.0028168584685772657,0.09859155118465424,-0.0028168584685772657,0.09859155118465424,0.03,0.024,take_profit,1,0,47,2026-03-01
2026-03-19,9910,79.9000015258789,0.7104303238094973,1,-0.0037547315005213022,0.01877346634864807,-0.007509367540478706,0.017521921545267105,0.017521921545267105,0.011521921545267105,close,0,0,47,2026-03-01
2026-03-19,1736,126.0,0.7090248538155838,0,-0.007936508394777775,0.007936508394777775,-0.02777777798473835,-0.02380952425301075,-0.02,-0.026000000000000002,stop_loss,0,1,47,2026-03-01
2026-03-19,6923,82.0999984741211,0.7088598285569065,0,-0.004872126039117575,0.0024361093528568745,-0.021924426779150963,-0.007308142259716988,-0.02,-0.026000000000000002,stop_loss,0,1,47,2026-03-01
2026-03-19,9802,80.69999694824219,0.7086480229537786,1,-0.002478277077898383,0.008674158714711666,-0.019826499745249748,0.001239233068190515,0.001239233068190515,-0.004760766931809485,close,0,0,47,2026-03-01
2026-03-19,1712,43.75,0.7078983090616604,1,0.012571411207318306,0.025142822414636612,0.003428606316447258,0.01828569732606411,0.01828569732606411,0.01228569732606411,close,0,0,47,2026-03-01
2026-03-19,6431,21.600000381469727,0.7074739586891153,1,0.004629647359251976,0.046296294778585434,-0.004629647359251976,0.01388885360211134,0.03,0.024,take_profit,1,0,47,2026-03-01
2026-03-19,9904,28.600000381469727,0.707234243960012,0,0.0,0.005244741681963205,-0.010489550419151783,0.0,0.0,-0.006,close,0,0,47,2026-03-01
2026-03-19,4536,153.5,0.7058544186737752,0,-0.0032573288772255182,0.0,-0.009771986864507198,-0.009771986864507198,-0.009771986864507198,-0.015771986864507197,close,0,0,47,2026-03-01
2026-03-19,5521,13.75,0.7055362722444526,0,0.0036363773979246616,0.0036363773979246616,-0.09090909361839294,0.0,-0.02,-0.026000000000000002,stop_loss,0,1,47,2026-03-01
2026-03-19,1616,24.25,0.7048824740356574,0,0.0,0.008247453719377518,-0.012371102347970009,-0.012371102347970009,-0.012371102347970009,-0.018371102347970007,close,0,0,47,2026-03-01
2026-03-19,6873,96.4000015258789,0.7037829705241876,1,0.008298707194626331,0.06846471130847931,0.008298707194626331,0.026970937848091125,0.03,0.024,take_profit,1,0,47,2026-03-01
2026-03-20,6547,49.599998474121094,0.5401834099053345,1,0.0,0.09879035502672195,-0.002016098238527775,0.09879035502672195,0.03,0.024,take_profit,1,0,47,2026-03-01
2026-03-20,3135,157.0,0.5102201085984858,0,-0.06687898188829422,-0.02229299396276474,-0.08598726242780685,-0.06687898188829422,-0.06687898188829422,-0.07287898188829423,gap_stop,0,1,47,2026-03-01
2026-03-20,2399,37.20000076293945,0.4923767821097157,0,-0.05107530951499939,-0.032258085906505585,-0.08064515888690948,-0.07795702666044235,-0.05107530951499939,-0.05707530951499939,gap_stop,0,1,47,2026-03-01
2026-03-20,6584,502.0,0.4904991738244941,1,-0.09960159659385681,0.043824702501297,-0.09960159659385681,0.0219123512506485,-0.09960159659385681,-0.10560159659385682,gap_stop,1,1,47,2026-03-01
2026-03-20,2323,13.100000381469727,0.48242647955263085,0,-0.007633616682142019,-0.007633616682142019,-0.09923665225505829,-0.08778630197048187,-0.02,-0.026000000000000002,stop_loss,0,1,47,2026-03-01
2026-03-20,2349,15.800000190734863,0.4810660816839421,0,0.0,0.0,-0.09810127317905426,-0.09810127317905426,-0.02,-0.026000000000000002,stop_loss,0,1,47,2026-03-01
2026-03-20,3587,229.5,0.48082869518437465,1,0.0631808266043663,0.09803921729326248,0.03267974033951759,0.06971677392721176,0.03,0.024,gap_take_profit,1,0,47,2026-03-01
2026-03-20,6532,76.5999984741211,0.4753900999247376,0,0.07441259175539017,0.09660576283931732,-0.040469955652952194,-0.03916449099779129,0.03,0.024,gap_take_profit,1,1,47,2026-03-01
2026-03-20,6187,819.0,0.471858948141188,1,-0.03418803587555885,0.09768009930849075,-0.045177046209573746,0.013431013561785221,-0.03418803587555885,-0.04018803587555885,gap_stop,1,1,47,2026-03-01
2026-03-20,8215,26.850000381469727,0.46776997709711315,0,-0.011173226870596409,0.0242085512727499,-0.09683427959680557,-0.09683427959680557,-0.02,-0.026000000000000002,stop_loss,0,1,47,2026-03-01
2026-03-20,3071,28.649999618530273,0.4637012171044209,1,0.00872600357979536,0.09947645664215088,-0.022687595337629318,0.04188484326004982,-0.02,-0.026000000000000002,ambiguous_stop_loss,1,1,47,2026-03-01
2026-03-20,6515,7930.0,0.46191744754566516,0,-0.019546028226614,0.06557376682758331,-0.03026481717824936,-0.005674653220921755,-0.02,-0.026000000000000002,ambiguous_stop_loss,1,1,47,2026-03-01
2026-03-20,4919,109.0,0.4607470906950209,0,-0.03211009129881859,0.0229357797652483,-0.07798165082931519,-0.06422018259763718,-0.03211009129881859,-0.03811009129881859,gap_stop,0,1,47,2026-03-01
2026-03-20,3023,270.0,0.45896393794446716,1,-0.009259259328246117,0.02777777798473835,-0.012962962500751019,0.014814814552664757,0.014814814552664757,0.008814814552664757,close,0,0,47,2026-03-01
2026-03-20,6438,173.0,0.45412023079937286,0,-0.017341040074825287,0.05202312022447586,-0.0202312134206295,-0.017341040074825287,-0.02,-0.026000000000000002,ambiguous_stop_loss,1,1,47,2026-03-01
2026-03-20,4577,98.30000305175781,0.45349064235479125,0,0.0,0.042726315557956696,-0.05289933457970619,-0.04883014038205147,-0.02,-0.026000000000000002,ambiguous_stop_loss,1,1,47,2026-03-01
2026-03-20,2388,55.29999923706055,0.4530014476797706,1,-0.016274822875857353,0.09222427755594254,-0.05786620080471039,0.01446653250604868,-0.02,-0.026000000000000002,ambiguous_stop_loss,1,1,47,2026-03-01
2026-03-20,6588,109.5,0.45175160941903947,0,-0.04109589010477066,0.09132420271635056,-0.04109589010477066,-0.02283105067908764,-0.04109589010477066,-0.04709589010477066,gap_stop,1,1,47,2026-03-01
2026-03-20,6530,88.69999694824219,0.4507872799281784,1,0.01240142248570919,0.09921085834503174,0.0033822215627878904,0.09921085834503174,0.03,0.024,take_profit,1,0,47,2026-03-01
2026-03-20,4991,427.0,0.4505379565946228,0,-0.03395784646272659,0.04918032884597778,-0.09836065769195557,-0.09836065769195557,-0.03395784646272659,-0.03995784646272659,gap_stop,1,1,47,2026-03-01
2026-03-23,2025,12.75,0.7292808979367194,0,0.05490194633603096,0.05490194633603096,-0.09803921729326248,-0.0627451166510582,0.03,0.024,gap_take_profit,1,1,47,2026-03-01
2026-03-23,4583,626.0,0.709851575922141,1,0.05431310087442398,0.05431310087442398,-0.01277955248951912,0.01916932873427868,0.03,0.024,gap_take_profit,1,0,47,2026-03-01
2026-03-23,1216,69.5,0.708349532255041,1,0.0,0.014388489536941051,-0.005755417514592409,0.008633071556687355,0.008633071556687355,0.002633071556687355,close,0,0,47,2026-03-01
2026-03-23,9955,31.049999237060547,0.7000727946775369,0,0.014492778107523918,0.025764932855963707,-0.014492717571556568,-0.004830905701965094,-0.004830905701965094,-0.010830905701965094,close,0,0,47,2026-03-01
2026-03-23,5269,1160.0,0.7000231180498657,0,0.0258620698004961,0.0258620698004961,-0.017241379246115685,-0.004310344811528921,-0.004310344811528921,-0.010310344811528921,close,0,0,47,2026-03-01
2026-03-23,6005,27.200000762939453,0.6996762378835291,1,0.01286759041249752,0.016544075682759285,-0.0036764845717698336,0.01286759041249752,0.01286759041249752,0.00686759041249752,close,0,0,47,2026-03-01
2026-03-23,3530,57.70000076293945,0.699349502635474,0,0.019064098596572876,0.027729609981179237,-0.012131729163229465,-0.006932435557246208,-0.006932435557246208,-0.012932435557246208,close,0,0,47,2026-03-01
2026-03-23,1504,64.80000305175781,0.6979237419198202,0,0.018518470227718353,0.018518470227718353,-0.018518587574362755,-0.003086490323767066,-0.003086490323767066,-0.009086490323767066,close,0,0,47,2026-03-01
2026-03-23,2915,46.79999923706055,0.6976590106720839,0,0.010683760978281498,0.012820562347769737,-0.017094001173973083,-0.0032050793524831533,-0.0032050793524831533,-0.009205079352483153,close,0,0,47,2026-03-01
2026-03-23,6446,614.0,0.6975556158528837,1,0.027687296271324158,0.032573290169239044,0.0016286644386127591,0.009771986864507198,0.03,0.024,take_profit,1,0,47,2026-03-01
2026-03-23,4763,44.29999923706055,0.6972052004892534,0,0.013544069603085518,0.018058674409985542,-0.011286681517958641,-0.011286681517958641,-0.011286681517958641,-0.01728668151795864,close,0,0,47,2026-03-01
2026-03-23,5880,22.549999237060547,0.6969867697823678,1,0.011086475104093552,0.026607556268572807,0.008869213983416557,0.01552108209580183,0.01552108209580183,0.00952108209580183,close,0,0,47,2026-03-01
2026-03-23,1605,30.149999618530273,0.6961515788651033,1,0.029850734397768974,0.03482590988278389,-0.009950223378837109,0.004975111689418554,0.03,0.024,take_profit,1,0,47,2026-03-01
2026-03-23,4714,14.300000190734863,0.6961257027566002,0,0.02447548322379589,0.02797200158238411,-0.013986000791192055,-0.003496516728773713,-0.003496516728773713,-0.009496516728773713,close,0,0,47,2026-03-01
2026-03-23,2331,22.399999618530273,0.6959652829973225,0,0.029017841443419456,0.029017841443419456,-0.024553537368774414,-0.0022321087308228016,-0.02,-0.026000000000000002,stop_loss,0,1,47,2026-03-01
2026-03-23,6411,74.5999984741211,0.6956022841352707,1,0.029490679502487183,0.0348525270819664,-0.001340462127700448,0.009383440017700195,0.03,0.024,take_profit,1,0,47,2026-03-01
2026-03-23,6869,91.5,0.6944690657072041,0,0.017486322671175003,0.017486322671175003,-0.020765043795108795,-0.008743202313780785,-0.02,-0.026000000000000002,stop_loss,0,1,47,2026-03-01
2026-03-23,1402,25.899999618530273,0.6944399318132032,1,0.009652509354054928,0.009652509354054928,-0.007721963804215193,0.007722037378698587,0.007722037378698587,0.0017220373786985873,close,0,0,47,2026-03-01
2026-03-23,6753,128.0,0.6938225116780347,0,0.015625,0.015625,-0.02734375,-0.015625,-0.02,-0.026000000000000002,stop_loss,0,1,47,2026-03-01
2026-03-23,1522,32.349998474121094,0.6937054978070546,0,0.017001640051603317,0.026275187730789185,-0.009273546747863293,-0.004636714700609446,-0.004636714700609446,-0.010636714700609446,close,0,0,47,2026-03-01
